Beacon Rssi
1 -79
1 -82
1 -78
1 -82
1 -73
1 -84
1 -80
1 -80
1 -79
1 -81
1 -83
1 -77
1 -80
1 -83
1 -78
1 -79
1 -83
1 -80
2 -82
2 -80
2 -79
2 -76
2 -74
2 -82
2 -82
2 -79
2 -77
2 -75
2 -72
2 -72
2 -72
2 -80
2 -72
2 -78
2 -82
2 -82
2 -82
2 -80
2 -83
2 -69
2 -76
2 -83
2 -79
2 -80
2 -80
2 -79
2 -77
2 -76
3 -81
3 -78
3 -80
3 -82
3 -80
3 -79
3 -78
3 -73
3 -78
3 -81
3 -81
3 -81
3 -79
3 -80
3 -79
3 -79
3 -79
3 -80
3 -79
3 -78
3 -83
3 -82
3 -82
3 -82
3 -80
4 -83
4 -84
4 -83
4 -84
4 -84
4 -84
4 -86
5 -75
5 -75
5 -75
5 -75
5 -76
5 -76
5 -75
5 -72
5 -72
5 -72
5 -71
5 -71
5 -71
5 -71
5 -70
5 -70
5 -71
5 -72
5 -72
5 -74
5 -78
5 -78
5 -72
5 -75
5 -74
5 -78
5 -75
5 -70
5 -70
5 -78
5 -70
5 -70
5 -72
5 -71
5 -70
5 -70
5 -70
5 -70
5 -70
5 -70
5 -71
5 -70
5 -70
5 -72
5 -84
5 -74
5 -73
5 -72
5 -72
5 -72
5 -72
5 -72
5 -73
5 -74
5 -74
5 -73
5 -72
5 -69
5 -69
5 -73
5 -74
5 -75
5 -75
6 -83
6 -82
6 -86
6 -83
6 -84
6 -83
6 -80
7 -78
7 -79
7 -79
7 -78
7 -79
7 -76
7 -81
7 -82
7 -82
7 -76
7 -79
7 -82
7 -83
7 -70
7 -76
7 -73
7 -74
7 -76
7 -76
7 -76
7 -84
7 -85
7 -84
7 -84
7 -81
7 -83
7 -83
8 -83
8 -84
9 -82
9 -83
9 -63
9 -84
12 -74
12 -75
12 -74
12 -73
12 -73
12 -74
12 -74
12 -74
12 -74
12 -72
12 -76
12 -59
12 -79
12 -76
12 -82
12 -73
12 -72
12 -74
12 -76
12 -84
12 -84
12 -81
12 -77
12 -78
12 -79
12 -70
12 -69
12 -69
12 -76
12 -77
12 -80
12 -80
12 -79
12 -79
12 -78
12 -79
12 -80
12 -79
12 -79
12 -78
12 -82
12 -75
12 -74
12 -72
12 -75
12 -73
12 -74
12 -75
12 -75
12 -72
12 -75
12 -74
12 -75
12 -75
12 -75
12 -74
12 -74
12 -74
12 -75
12 -74
13 -82
13 -82
13 -84
13 -85
13 -84
13 -85
13 -82
13 -82
13 -84
13 -83
13 -84
13 -83
14 -85
15 -83
15 -79
15 -79
15 -79
15 -80
15 -83
15 -82
15 -82
15 -73
15 -81
15 -79
15 -78
15 -81
15 -80
15 -79
15 -78
15 -79
15 -80
15 -79
15 -80
15 -79
15 -79
16 -77
16 -78
16 -80
16 -80
16 -75
16 -76
16 -76
16 -78
16 -77
16 -73
16 -75
16 -76
16 -82
16 -77
16 -77
16 -77
16 -68
16 -79
16 -79
16 -78
16 -76
16 -77
16 -78
16 -76
16 -76
16 -77
16 -79
16 -73
16 -78
16 -76
17 -77
17 -76
17 -74
17 -76
17 -74
17 -75
17 -75
17 -73
17 -75
17 -75
17 -75
17 -76
17 -78
17 -76
17 -76
17 -76
17 -75
17 -74
17 -73
17 -73
17 -73
17 -73
17 -74
17 -74
17 -74
17 -74
17 -73
17 -74
17 -72
18 -83
18 -81
18 -78
18 -70
18 -76
18 -79
18 -78
18 -75
18 -77
18 -78
18 -79
18 -81
18 -80
18 -80
18 -83
18 -85
18 -81
18 -76
18 -80
18 -83
18 -81
18 -81
19 -70
19 -70
19 -70
19 -71
19 -70
19 -70
19 -71
19 -71
19 -71
19 -74
19 -71
19 -70
19 -68
19 -69
19 -61
19 -70
19 -69
19 -69
19 -68
19 -71
19 -72
19 -75
19 -78
19 -76
19 -74
19 -72
19 -70
19 -70
19 -66
19 -66
19 -64
19 -65
19 -68
19 -69
19 -70
19 -70
19 -70
19 -70
19 -70
19 -69
19 -70
19 -70
19 -69
19 -69
19 -70
19 -74
19 -70
19 -71
19 -70
19 -70
19 -69
19 -70
19 -70
19 -70
19 -70
19 -69
19 -69
19 -69
19 -70
19 -70
19 -68
19 -71
19 -71
19 -71
19 -70
19 -70
19 -70
19 -71
19 -72
19 -71
19 -70
19 -70
20 -69
20 -70
20 -71
20 -72
20 -69
20 -70
20 -68
20 -71
20 -72
20 -73
20 -76
20 -76
20 -72
20 -72
20 -73
20 -70
20 -70
20 -71
20 -72
20 -73
20 -69
20 -72
20 -76
20 -77
20 -70
20 -76
20 -75
20 -76
20 -75
20 -74
21 -72
21 -71
21 -72
21 -72
21 -73
21 -72
21 -68
21 -74
21 -71
21 -70
21 -70
21 -69
21 -68
21 -68
21 -69
21 -74
21 -70
21 -71
21 -71
21 -70
21 -70
21 -70
21 -70
21 -71
21 -74
21 -77
21 -73
21 -72
21 -69
21 -70
21 -72
21 -74
21 -73
21 -72
21 -72
21 -72
21 -71
22 -83
22 -81
22 -81
22 -81
22 -78
22 -77
22 -76
22 -74
22 -73
22 -73
22 -73
22 -73
22 -74
22 -73
22 -74
22 -76
22 -84
22 -81
22 -77
22 -78
22 -79
22 -79
22 -80
22 -79
22 -78
22 -78
22 -78
22 -76
22 -79
22 -77
22 -76
22 -78
22 -80
22 -80
22 -79
22 -78
22 -77
22 -76
22 -77
22 -78
22 -79
22 -76
22 -79
22 -79
22 -78
22 -78
22 -78
23 -85
23 -83
23 -83
23 -84
23 -82
23 -81
23 -73
23 -76
23 -78
23 -74
23 -73
23 -79
23 -83
23 -86
23 -82
23 -80
23 -79
23 -79
23 -77
23 -77
23 -68
23 -77
23 -78
23 -78
23 -77
23 -78
23 -80
23 -81
23 -84
23 -82
23 -82
23 -81
23 -78
23 -81
23 -82
23 -80
24 -72
24 -70
24 -76
24 -75
24 -68
24 -65
24 -64
24 -66
24 -70
24 -70
24 -65
24 -64
24 -67
24 -67
24 -60
24 -68
24 -66
24 -66
24 -67
24 -66
24 -67
24 -66
24 -72
24 -70
24 -68
24 -68
24 -72
24 -72
24 -69
24 -69
24 -70
24 -70
24 -69
24 -70
25 -84
25 -84
25 -77
25 -76
25 -76
25 -76
25 -73
25 -82
25 -85
25 -83
25 -78
25 -82
25 -84
26 -64
26 -54
26 -64
26 -64
26 -64
26 -65
26 -68
26 -66
26 -66
26 -62
26 -62
26 -61
26 -66
26 -64
26 -66
26 -66
26 -66
26 -66
26 -66
26 -64
26 -64
26 -64
26 -67
26 -65
26 -64
26 -64
26 -64
26 -64
26 -65
26 -64
26 -64
27 -72
27 -71
27 -70
27 -71
27 -72
27 -71
27 -71
27 -76
27 -76
27 -82
27 -80
27 -79
27 -81
27 -77
27 -83
27 -73
27 -73
27 -72
27 -72
27 -73
27 -72
27 -72
27 -73
27 -75
27 -73
27 -75
27 -73
27 -73
27 -72
27 -72
27 -74
27 -74
27 -74
27 -75
28 -75
28 -71
28 -72
28 -75
28 -76
28 -78
28 -78
28 -76
28 -83
28 -82
28 -80
28 -81
28 -81
28 -86
29 -78
29 -78
29 -79
29 -78
29 -78
29 -58
29 -78
29 -77
29 -71
29 -79
29 -70
29 -75
29 -75
29 -75
29 -73
29 -72
29 -73
29 -73
29 -74
29 -74
29 -74
29 -75
29 -75
29 -78
29 -83
29 -76
29 -74
29 -73
29 -74
29 -75
29 -76
29 -76
29 -76
29 -76
29 -76
29 -76
29 -76
29 -75
29 -73
29 -74
29 -73
29 -75
29 -60
29 -76
29 -74
29 -75
29 -76
29 -75
29 -76
29 -76
29 -76
29 -76
29 -76
29 -76
29 -76
29 -75
29 -75
29 -73
29 -75
29 -75
30 -81
30 -82
30 -81
30 -79
30 -81
30 -81
30 -77
30 -76
30 -77
30 -77
30 -80
30 -76
30 -80
30 -83
30 -83
30 -82
30 -78
30 -76
30 -77
30 -77
30 -76
30 -77
30 -76
30 -75
30 -76
31 -78
31 -76
31 -78
31 -75
31 -74
31 -75
31 -62
31 -74
31 -74
31 -74
31 -73
31 -74
31 -76
31 -72
31 -71
31 -66
31 -74
31 -73
31 -66
31 -72
31 -71
31 -72
31 -73
31 -70
31 -73
31 -72
31 -71
32 -84
32 -83
32 -82
32 -83
32 -80
32 -85
37 -85
37 -87
37 -84
37 -82
37 -83
37 -75
37 -70
38 -77
38 -83
38 -78
38 -81
38 -81
38 -82
38 -83
38 -82
38 -83
38 -80
38 -78
38 -81
38 -82
38 -82
38 -80
38 -80
38 -81
38 -80
38 -82
39 -82
39 -72
39 -82
39 -82
39 -80
39 -84
39 -79
39 -84
39 -83
39 -84
39 -84
39 -82
39 -80
39 -79
39 -80
39 -81
39 -81
39 -80
39 -80
40 -76
40 -78
40 -76
40 -77
40 -79
40 -78
40 -79
40 -83
40 -80
40 -81
40 -78
40 -83
40 -80
40 -76
40 -74
40 -72
40 -72
40 -73
40 -75
40 -78
40 -77
40 -78
40 -86
40 -70
40 -71
40 -82
40 -86
40 -84
40 -83
40 -83
40 -83
40 -80
40 -84
40 -82
40 -81
40 -83
40 -82
40 -86
40 -76
40 -83
41 -78
41 -78
41 -78
41 -77
41 -75
41 -73
41 -72
41 -72
41 -73
41 -60
41 -71
41 -76
41 -74
41 -77
41 -71
41 -72
41 -72
41 -72
41 -72
41 -70
41 -74
41 -74
41 -73
41 -74
41 -75
41 -73
41 -73
41 -75
42 -79
42 -79
42 -77
42 -82
42 -78
42 -79
42 -78
42 -79
42 -79
42 -76
42 -77
42 -77
42 -80
42 -71
42 -75
42 -78
42 -76
42 -76
42 -76
42 -76
42 -76
42 -79
42 -83
43 -73
43 -74
43 -75
43 -76
43 -74
43 -72
43 -74
43 -77
43 -77
43 -80
43 -83
43 -86
43 -82
43 -81
43 -77
43 -78
43 -76
43 -77
43 -77
43 -76
43 -72
43 -74
43 -70
43 -72
43 -75
43 -74
43 -74
43 -73
43 -73
43 -73
43 -74
43 -72
44 -68
44 -67
44 -68
44 -70
44 -73
44 -83
44 -70
44 -84
44 -70
44 -72
44 -76
44 -74
44 -72
44 -73
44 -79
44 -70
44 -70
44 -70
44 -70
44 -70
44 -71
44 -72
44 -59
44 -71
44 -69
44 -69
45 -66
45 -64
45 -65
45 -68
45 -68
45 -69
45 -68
45 -66
45 -69
45 -70
45 -70
45 -69
45 -67
45 -64
45 -65
45 -67
45 -68
45 -67
45 -67
45 -67
45 -67
45 -68
45 -70
45 -70
45 -67
45 -66
45 -70
45 -70
45 -70
45 -70
45 -70
45 -71
45 -70
46 -64
46 -67
46 -65
46 -66
46 -64
46 -64
46 -64
46 -61
46 -60
46 -60
46 -58
46 -58
46 -60
46 -60
46 -60
46 -64
46 -64
46 -64
46 -64
46 -64
46 -66
46 -66
46 -61
46 -64
46 -63
46 -64
46 -63
46 -63
46 -64
46 -63
46 -63
46 -63
46 -63
46 -64
46 -63
47 -66
47 -69
47 -69
47 -67
47 -64
47 -64
47 -68
47 -68
47 -69
47 -72
47 -70
47 -68
47 -68
47 -68
47 -82
47 -66
47 -72
47 -74
47 -74
47 -77
47 -76
47 -62
47 -65
47 -64
47 -64
47 -64
47 -64
47 -64
47 -64
47 -64
47 -64
47 -64
47 -63
47 -62
48 -81
48 -81
48 -71
48 -80
48 -80
48 -71
48 -81
48 -81
48 -81
48 -82
48 -83
48 -83
48 -78
48 -75
48 -73
48 -72
48 -72
48 -72
48 -74
48 -74
48 -74
48 -78
48 -78
48 -84
48 -84
48 -78
48 -78
48 -78
48 -80
48 -78
48 -77
48 -78
48 -78
48 -78
48 -78
48 -81
48 -81
48 -76
48 -78
48 -78
48 -76
48 -68
48 -78
48 -79
48 -79
48 -80
48 -79
48 -76
48 -75
48 -78
48 -75
48 -78
48 -79
48 -78
48 -77
48 -76
48 -74
49 -57
49 -58
49 -57
49 -57
49 -58
49 -59
49 -56
49 -57
49 -55
49 -56
49 -56
49 -56
49 -56
49 -56
49 -55
49 -61
49 -56
49 -57
49 -57
49 -58
49 -57
49 -57
49 -60
49 -58
49 -58
49 -58
49 -58
49 -58
49 -58
49 -58
49 -58
49 -58
49 -58
49 -58
49 -58
49 -58
50 -60
50 -64
50 -64
50 -59
50 -61
50 -60
50 -55
50 -52
50 -52
50 -51
50 -53
50 -54
50 -53
50 -54
50 -52
50 -58
50 -54
50 -52
50 -52
50 -53
50 -54
50 -54
50 -55
50 -59
50 -60
50 -57
50 -58
50 -59
50 -58
50 -58
50 -61
50 -60
50 -60
50 -58
50 -59
51 -76
51 -76
51 -75
51 -75
51 -76
51 -76
51 -76
51 -76
51 -77
51 -77
51 -78
51 -76
51 -78
51 -78
51 -78
51 -77
51 -78
51 -75
51 -83
51 -84
51 -82
51 -82
51 -81
51 -84
51 -72
51 -72
51 -76
51 -80
51 -82
51 -81
51 -74
51 -78
51 -79
51 -79
51 -78
51 -79
51 -80
51 -81
51 -78
51 -75
51 -78
51 -79
51 -79
51 -78
51 -78
51 -77
51 -78
51 -78
51 -67
51 -77
51 -77
51 -78
51 -78
51 -78
51 -79
51 -80
51 -80
51 -79
52 -64
52 -64
52 -64
52 -64
52 -66
52 -65
52 -66
52 -67
52 -65
52 -67
52 -68
52 -70
52 -69
52 -70
52 -65
52 -67
52 -65
52 -64
52 -64
52 -64
52 -64
52 -68
52 -52
52 -66
52 -68
52 -67
52 -67
52 -65
52 -65
52 -66
52 -68
52 -64
53 -70
53 -71
53 -70
53 -70
53 -68
53 -68
53 -69
53 -70
53 -70
53 -70
53 -71
53 -71
53 -69
53 -70
53 -71
53 -68
53 -68
53 -68
53 -68
53 -68
53 -66
53 -66
53 -68
53 -66
53 -66
53 -67
53 -66
53 -67
53 -67
53 -67
54 -76
54 -75
54 -77
54 -78
54 -74
54 -74
54 -78
54 -80
54 -78
54 -78
54 -80
54 -78
54 -75
54 -74
54 -74
54 -73
54 -73
54 -72
54 -73
54 -76
54 -76
54 -75
54 -76
54 -76
54 -74
54 -74
54 -74
54 -74
54 -73
54 -72
54 -73
55 -57
55 -56
55 -56
55 -58
55 -58
55 -58
55 -56
55 -57
55 -61
55 -62
55 -66
55 -67
55 -66
55 -66
55 -64
55 -61
55 -58
55 -60
55 -61
55 -60
55 -60
55 -60
55 -60
55 -60
55 -61
55 -67
55 -64
55 -62
55 -60
55 -60
55 -60
55 -62
55 -60
55 -60
55 -60
55 -60
55 -62
55 -61
56 -80
56 -80
56 -81
56 -79
56 -75
56 -79
56 -79
56 -78
56 -78
56 -81
56 -81
56 -80
56 -84
56 -81
56 -79
56 -80
56 -81
56 -81
56 -84
56 -83
57 -80
57 -82
57 -81
57 -77
57 -78
57 -78
57 -78
57 -78
57 -82
57 -80
57 -78
57 -79
57 -80
57 -81
57 -80
57 -80
57 -79
57 -78
57 -69
57 -76
57 -76
57 -76
57 -76
57 -76
57 -76
57 -75
57 -76
57 -76
58 -75
58 -77
58 -76
58 -73
58 -76
58 -76
58 -79
58 -80
58 -81
58 -81
58 -78
58 -78
58 -80
58 -75
58 -76
58 -76
58 -76
58 -76
58 -76
58 -73
58 -75
58 -76
58 -75
58 -75
58 -74
58 -75
58 -74
58 -72
58 -73
58 -72
58 -74
60 -85
60 -84
60 -82
60 -82
60 -81
60 -81
60 -81
60 -82
60 -83
60 -81
60 -82
60 -83
60 -82
60 -82
60 -73
60 -81
60 -84
