Beacon Rssi
1 -85
1 -85
1 -86
1 -87
1 -83
1 -85
2 -81
2 -83
2 -83
2 -83
2 -82
2 -82
2 -82
2 -78
2 -82
2 -66
2 -83
2 -81
2 -81
2 -72
2 -72
2 -79
2 -81
2 -78
2 -76
2 -76
2 -76
2 -77
2 -76
2 -81
2 -79
2 -77
2 -83
2 -80
2 -81
2 -76
2 -78
2 -77
2 -78
2 -65
2 -78
2 -79
2 -78
2 -81
2 -78
2 -65
2 -77
2 -76
2 -79
3 -82
3 -79
3 -75
3 -79
3 -80
3 -80
3 -79
3 -81
3 -81
3 -81
3 -82
3 -81
3 -78
3 -82
3 -83
3 -78
3 -84
3 -79
3 -82
3 -83
3 -83
3 -84
3 -75
3 -83
3 -79
3 -79
3 -80
3 -81
3 -79
3 -82
3 -84
3 -83
3 -82
3 -81
3 -82
3 -82
3 -81
3 -75
3 -72
3 -80
3 -80
3 -82
4 -83
4 -82
4 -81
4 -79
4 -78
4 -80
4 -80
4 -80
4 -80
4 -83
4 -82
4 -72
4 -81
4 -83
4 -75
4 -79
4 -78
4 -84
4 -82
4 -81
4 -80
4 -79
4 -83
4 -83
4 -83
4 -59
4 -74
4 -75
4 -76
4 -80
5 -86
5 -80
5 -81
5 -82
5 -79
5 -78
5 -76
5 -81
5 -83
5 -81
5 -78
5 -80
5 -80
5 -79
5 -79
5 -79
5 -81
5 -81
5 -79
5 -80
5 -84
5 -78
5 -84
5 -80
5 -82
5 -75
5 -81
5 -76
5 -76
5 -76
5 -76
5 -76
5 -75
5 -74
5 -74
5 -74
5 -74
5 -75
5 -76
5 -77
5 -76
5 -75
5 -75
5 -75
5 -76
5 -76
5 -75
5 -79
5 -78
5 -78
5 -79
5 -78
5 -81
5 -81
5 -79
5 -80
5 -78
5 -78
5 -78
5 -81
5 -81
6 -82
6 -84
6 -79
6 -79
6 -80
6 -83
6 -81
6 -80
6 -79
6 -84
6 -83
6 -84
6 -82
6 -80
6 -79
6 -78
6 -78
6 -78
6 -80
6 -81
6 -83
6 -79
6 -74
6 -74
6 -73
6 -74
6 -75
6 -74
6 -74
6 -74
6 -75
6 -74
6 -68
6 -76
6 -73
6 -74
6 -78
6 -78
6 -76
6 -76
6 -76
6 -74
6 -75
6 -75
6 -75
6 -76
6 -76
6 -75
6 -71
6 -76
6 -75
6 -75
6 -76
7 -81
7 -80
7 -80
7 -78
7 -78
7 -78
7 -78
7 -79
7 -79
7 -79
7 -78
7 -78
7 -76
7 -76
7 -56
7 -76
7 -76
7 -75
7 -73
7 -75
7 -75
7 -77
7 -76
7 -77
7 -78
7 -77
7 -78
7 -78
7 -77
7 -76
7 -80
7 -81
7 -80
7 -78
7 -82
7 -79
7 -83
7 -78
7 -78
7 -78
7 -60
7 -77
7 -79
7 -83
7 -82
7 -79
7 -78
7 -84
7 -85
7 -83
7 -81
7 -81
7 -83
7 -85
8 -84
8 -80
8 -78
8 -80
8 -79
8 -80
8 -81
8 -72
8 -81
8 -62
8 -77
8 -65
8 -71
8 -72
8 -71
8 -72
8 -73
8 -74
8 -76
8 -76
8 -73
8 -75
8 -75
8 -79
8 -79
8 -77
8 -75
8 -79
8 -73
8 -77
8 -78
8 -78
8 -83
8 -76
8 -78
8 -80
8 -79
8 -83
8 -84
8 -77
8 -75
8 -73
8 -72
8 -75
8 -78
8 -76
8 -76
8 -76
8 -76
8 -74
8 -73
8 -73
8 -75
8 -75
8 -60
8 -76
8 -76
8 -67
8 -85
8 -72
8 -86
8 -82
8 -71
9 -80
9 -86
9 -84
9 -81
9 -84
9 -79
9 -78
9 -81
9 -81
9 -81
9 -80
9 -85
9 -82
9 -80
9 -83
9 -82
9 -83
9 -82
9 -83
9 -84
9 -84
9 -80
10 -80
10 -80
10 -82
10 -82
10 -82
10 -81
10 -83
10 -78
10 -81
10 -58
10 -70
10 -78
10 -72
10 -78
10 -78
10 -81
10 -86
10 -81
10 -81
10 -79
10 -78
10 -78
10 -80
10 -76
10 -77
10 -76
10 -77
10 -78
10 -79
10 -77
10 -76
10 -75
10 -76
10 -71
10 -83
10 -59
10 -79
10 -80
10 -80
10 -83
10 -81
10 -79
10 -78
10 -76
10 -76
10 -76
10 -76
10 -76
10 -74
10 -75
10 -76
10 -74
10 -74
11 -82
11 -82
11 -83
11 -84
11 -86
11 -82
11 -80
11 -59
11 -77
11 -77
11 -78
11 -78
11 -78
11 -80
11 -80
11 -79
11 -79
11 -78
11 -78
11 -80
11 -80
11 -79
11 -80
11 -79
11 -82
11 -83
11 -85
11 -79
11 -77
11 -79
11 -78
11 -81
11 -81
11 -76
11 -78
11 -77
11 -76
11 -75
11 -75
11 -77
11 -78
11 -76
11 -82
11 -81
11 -81
11 -84
11 -83
11 -83
12 -80
12 -82
12 -83
12 -81
12 -80
12 -80
12 -81
12 -80
12 -78
12 -81
12 -82
12 -82
12 -54
12 -80
12 -82
12 -83
12 -82
12 -83
12 -81
12 -83
12 -80
12 -80
12 -87
12 -83
12 -81
12 -82
13 -85
13 -76
13 -78
13 -77
13 -81
13 -83
13 -84
13 -82
13 -79
13 -78
13 -78
13 -79
13 -80
13 -83
13 -71
13 -84
13 -81
13 -77
13 -79
13 -81
13 -83
14 -78
14 -81
14 -83
14 -83
14 -78
14 -83
14 -81
14 -81
14 -80
14 -78
14 -76
14 -81
14 -82
14 -82
14 -78
14 -78
14 -78
14 -78
14 -82
14 -76
14 -78
14 -81
14 -81
14 -81
14 -83
14 -76
14 -83
14 -79
14 -78
14 -76
14 -77
14 -76
14 -76
14 -76
14 -76
14 -76
14 -76
14 -76
14 -77
14 -77
14 -76
14 -76
14 -82
14 -81
14 -80
14 -76
14 -76
14 -76
14 -72
14 -74
14 -75
14 -76
15 -70
15 -70
15 -70
15 -70
15 -71
15 -72
15 -71
15 -72
15 -70
15 -71
15 -71
15 -70
15 -70
15 -72
15 -70
15 -78
15 -72
15 -70
15 -71
15 -74
15 -74
15 -72
15 -75
15 -74
15 -74
15 -74
15 -69
15 -74
15 -68
15 -75
15 -75
15 -74
15 -72
15 -72
15 -72
15 -72
15 -74
15 -75
15 -74
15 -74
15 -75
15 -75
15 -74
15 -74
15 -76
15 -77
15 -76
15 -76
15 -78
15 -76
15 -72
15 -72
15 -72
15 -72
15 -72
15 -72
15 -72
15 -73
15 -73
15 -72
15 -72
15 -72
15 -72
15 -72
15 -72
15 -72
15 -72
15 -71
15 -71
15 -72
15 -77
15 -76
15 -75
15 -75
15 -75
15 -76
15 -70
15 -70
15 -71
15 -70
15 -70
16 -72
16 -72
16 -72
16 -72
16 -71
16 -72
16 -73
16 -72
16 -72
16 -72
16 -73
16 -74
16 -78
16 -72
16 -66
16 -66
16 -66
16 -65
16 -67
16 -53
16 -66
16 -67
16 -71
16 -67
16 -69
16 -68
16 -68
16 -70
16 -71
16 -71
16 -69
16 -68
16 -67
16 -67
16 -68
16 -68
16 -69
16 -68
16 -70
16 -65
16 -70
16 -68
16 -67
16 -68
16 -70
16 -68
16 -68
16 -64
16 -70
16 -68
16 -68
16 -66
16 -67
16 -58
16 -67
16 -67
16 -66
16 -66
16 -66
16 -66
16 -67
16 -66
16 -67
16 -66
16 -66
16 -67
16 -67
16 -69
16 -70
16 -70
16 -71
16 -71
16 -69
16 -68
16 -66
16 -69
16 -66
16 -68
16 -70
16 -70
17 -74
17 -73
17 -74
17 -76
17 -78
17 -77
17 -77
17 -81
17 -78
17 -78
17 -76
17 -75
17 -75
17 -73
17 -76
17 -77
17 -72
17 -72
17 -79
17 -76
17 -76
17 -81
17 -83
17 -83
17 -78
17 -75
17 -75
17 -79
17 -71
17 -70
17 -70
17 -69
17 -68
17 -79
17 -81
17 -76
17 -77
17 -73
17 -73
17 -72
17 -57
17 -73
17 -74
17 -75
17 -74
17 -75
17 -74
17 -75
17 -75
17 -73
17 -81
17 -85
17 -70
17 -69
17 -69
17 -72
17 -72
17 -71
17 -70
17 -69
18 -81
18 -76
18 -76
18 -76
18 -74
18 -72
18 -74
18 -76
18 -74
18 -76
18 -77
18 -76
18 -78
18 -67
18 -66
18 -72
18 -66
18 -69
18 -66
18 -68
18 -70
18 -70
18 -71
18 -69
18 -70
18 -70
18 -72
18 -75
18 -71
18 -67
18 -71
18 -73
18 -74
18 -73
18 -64
18 -67
18 -70
18 -65
18 -65
18 -70
18 -76
18 -68
18 -66
18 -65
18 -66
18 -70
18 -76
18 -75
18 -70
18 -70
18 -70
18 -61
18 -67
18 -66
18 -67
18 -68
18 -70
18 -70
18 -68
18 -69
18 -70
18 -76
18 -72
18 -73
18 -73
18 -75
18 -70
18 -68
18 -67
18 -67
18 -68
18 -70
19 -61
19 -62
19 -62
19 -62
19 -62
19 -62
19 -62
19 -62
19 -61
19 -61
19 -61
19 -60
19 -61
19 -64
19 -64
19 -67
19 -65
19 -63
19 -66
19 -63
19 -61
19 -61
19 -66
19 -67
19 -65
19 -64
19 -63
19 -62
19 -67
19 -62
19 -62
19 -64
19 -64
19 -64
19 -64
19 -64
19 -64
19 -63
19 -63
19 -63
19 -64
19 -66
19 -63
19 -63
19 -63
19 -63
19 -62
19 -62
19 -62
19 -62
19 -61
19 -60
19 -60
19 -61
19 -63
19 -60
19 -57
19 -61
19 -61
19 -60
19 -60
19 -60
19 -60
19 -62
19 -63
19 -62
19 -61
19 -60
19 -60
19 -61
19 -61
19 -62
19 -62
19 -61
19 -61
19 -62
19 -62
19 -64
19 -66
19 -66
19 -70
19 -69
19 -65
19 -64
20 -70
20 -69
20 -70
20 -67
20 -66
20 -67
20 -67
20 -66
20 -64
20 -66
20 -66
20 -67
20 -67
20 -67
20 -69
20 -69
20 -70
20 -82
20 -79
20 -72
20 -70
20 -70
20 -75
20 -76
20 -77
20 -76
20 -75
20 -70
20 -67
20 -64
20 -65
20 -68
20 -72
20 -73
20 -72
20 -74
20 -75
20 -73
20 -58
20 -80
20 -76
20 -69
20 -63
20 -67
20 -67
20 -68
20 -67
20 -64
20 -66
20 -68
20 -68
20 -68
20 -68
20 -66
20 -66
20 -65
20 -64
20 -64
20 -66
20 -67
20 -67
20 -67
20 -68
20 -67
20 -66
20 -65
20 -64
20 -64
20 -66
20 -68
20 -68
20 -67
20 -69
20 -70
20 -69
20 -64
20 -70
20 -69
20 -68
20 -78
20 -68
20 -70
20 -67
20 -68
20 -68
20 -70
20 -74
21 -64
21 -61
21 -61
21 -63
21 -64
21 -64
21 -64
21 -65
21 -64
21 -64
21 -63
21 -63
21 -64
21 -64
21 -59
21 -63
21 -66
21 -67
21 -66
21 -62
21 -63
21 -60
21 -61
21 -62
21 -62
21 -64
21 -61
21 -67
21 -67
21 -65
21 -64
21 -63
21 -63
21 -62
21 -61
21 -61
21 -61
21 -62
21 -63
21 -64
21 -64
21 -63
21 -63
21 -63
21 -63
21 -66
21 -71
21 -67
21 -64
21 -65
21 -64
21 -68
21 -66
21 -61
21 -63
21 -64
21 -64
21 -63
21 -64
21 -64
21 -64
21 -63
21 -62
21 -61
21 -61
21 -61
21 -61
21 -61
21 -61
21 -61
21 -63
21 -62
21 -62
21 -62
21 -62
21 -60
21 -63
21 -63
21 -64
21 -64
21 -64
21 -65
21 -60
21 -75
21 -74
21 -67
21 -63
21 -62
21 -61
21 -61
22 -84
22 -78
22 -84
22 -82
22 -73
22 -82
22 -83
22 -78
22 -79
22 -78
22 -78
22 -79
22 -72
22 -72
22 -73
22 -74
22 -76
22 -78
22 -76
22 -76
22 -74
22 -71
22 -71
22 -72
22 -76
22 -76
22 -75
22 -75
22 -76
22 -77
22 -76
22 -75
22 -70
22 -70
22 -70
22 -70
22 -80
22 -83
22 -80
22 -82
22 -76
22 -76
22 -75
22 -57
22 -78
22 -80
22 -82
22 -78
22 -76
22 -76
22 -78
22 -79
22 -81
22 -76
22 -81
22 -82
22 -75
22 -72
22 -75
22 -77
23 -72
23 -71
23 -73
23 -74
23 -72
23 -73
23 -73
23 -72
23 -72
23 -72
23 -73
23 -75
23 -71
23 -70
23 -69
23 -71
23 -75
23 -73
23 -76
23 -76
23 -77
23 -79
23 -82
23 -76
23 -78
23 -80
23 -76
23 -76
23 -78
23 -78
23 -80
23 -77
23 -80
23 -74
23 -75
23 -76
23 -68
23 -76
23 -72
23 -72
23 -70
23 -72
23 -74
23 -62
23 -78
23 -75
23 -74
23 -72
23 -72
23 -72
23 -72
23 -74
23 -74
23 -74
23 -72
23 -73
23 -74
23 -73
23 -73
23 -71
23 -75
23 -74
23 -73
23 -74
23 -70
23 -80
23 -75
23 -72
23 -71
23 -69
23 -70
24 -80
24 -79
24 -78
24 -73
24 -73
24 -75
24 -75
24 -76
24 -76
24 -77
24 -76
24 -78
24 -77
24 -80
24 -83
24 -73
24 -79
24 -84
24 -82
24 -82
24 -83
24 -79
24 -82
24 -78
24 -81
24 -78
24 -78
24 -80
24 -80
24 -80
24 -85
24 -82
24 -60
25 -77
25 -76
25 -76
25 -76
25 -76
25 -75
25 -76
25 -76
25 -76
25 -76
25 -75
25 -76
25 -79
25 -79
25 -76
25 -76
25 -75
25 -81
25 -79
25 -76
25 -76
25 -75
25 -72
25 -72
25 -76
25 -78
25 -80
25 -80
25 -80
25 -77
25 -80
25 -79
25 -74
25 -72
25 -73
25 -58
25 -75
25 -76
25 -75
25 -74
25 -73
25 -73
25 -74
25 -72
25 -72
25 -72
25 -72
25 -73
25 -73
25 -61
25 -72
25 -73
25 -74
25 -75
25 -74
25 -75
25 -75
25 -72
25 -73
25 -73
25 -74
26 -75
26 -75
26 -76
26 -76
26 -76
26 -76
26 -76
26 -76
26 -76
26 -76
26 -75
26 -75
26 -75
26 -83
26 -77
26 -76
26 -75
26 -72
26 -76
26 -76
26 -75
26 -76
26 -76
26 -74
26 -73
26 -72
26 -72
26 -72
26 -73
26 -73
26 -73
26 -74
26 -74
26 -78
26 -78
26 -76
26 -77
26 -76
26 -81
26 -75
26 -76
26 -78
26 -76
26 -78
26 -79
26 -78
26 -72
26 -75
26 -75
26 -72
26 -72
26 -75
26 -72
26 -71
26 -62
26 -73
26 -59
26 -75
26 -75
26 -75
26 -73
26 -80
26 -81
26 -83
26 -84
26 -76
26 -52
26 -76
26 -74
26 -74
26 -74
27 -68
27 -68
27 -69
27 -69
27 -69
27 -68
27 -68
27 -68
27 -68
27 -68
27 -67
27 -67
27 -68
27 -67
27 -67
27 -68
27 -67
27 -72
27 -83
27 -79
27 -75
27 -54
27 -73
27 -75
27 -75
27 -71
27 -75
27 -72
27 -75
27 -78
27 -80
27 -84
27 -76
27 -77
27 -74
27 -78
27 -78
27 -75
27 -75
27 -76
27 -75
27 -81
27 -83
27 -76
27 -54
27 -82
27 -82
27 -81
27 -79
27 -57
27 -79
27 -80
27 -80
27 -75
27 -73
27 -72
27 -74
27 -80
28 -80
28 -77
28 -76
28 -77
28 -77
28 -76
28 -77
28 -78
28 -80
28 -79
28 -73
28 -76
28 -76
28 -75
28 -72
28 -71
28 -70
28 -77
28 -75
28 -76
28 -75
28 -76
28 -76
28 -83
28 -76
28 -76
28 -69
28 -69
28 -74
28 -71
28 -72
28 -77
28 -76
28 -82
28 -84
28 -80
28 -83
28 -83
28 -83
28 -84
28 -84
28 -84
28 -78
28 -80
28 -80
28 -77
28 -78
28 -79
28 -81
28 -79
28 -78
28 -78
28 -76
29 -63
29 -63
29 -63
29 -64
29 -64
29 -64
29 -63
29 -64
29 -63
29 -63
29 -64
29 -63
29 -63
29 -63
29 -63
29 -63
29 -70
29 -72
29 -68
29 -66
29 -66
29 -65
29 -63
29 -62
29 -62
29 -65
29 -68
29 -66
29 -66
29 -64
29 -63
29 -63
29 -62
29 -62
29 -62
29 -64
29 -68
29 -64
29 -64
29 -65
29 -66
29 -65
29 -64
29 -65
29 -64
29 -63
29 -64
29 -64
29 -65
29 -64
29 -64
29 -65
29 -68
29 -66
29 -65
29 -63
29 -64
29 -64
29 -58
29 -67
29 -69
29 -70
29 -54
29 -68
29 -68
29 -67
29 -66
29 -64
29 -65
29 -66
29 -66
29 -67
29 -67
29 -66
29 -67
29 -69
29 -69
29 -69
29 -69
29 -69
29 -70
29 -67
29 -64
29 -64
29 -64
29 -64
29 -65
29 -65
29 -65
29 -76
30 -77
30 -72
30 -70
30 -72
30 -72
30 -71
30 -70
30 -70
30 -71
30 -71
30 -72
30 -73
30 -65
30 -71
30 -70
30 -72
30 -77
30 -72
30 -75
30 -76
30 -79
30 -75
30 -72
30 -78
30 -71
30 -72
30 -77
30 -70
30 -76
30 -72
30 -72
30 -73
30 -71
30 -70
30 -70
30 -79
30 -77
30 -75
30 -74
30 -70
30 -75
30 -77
30 -75
30 -76
30 -75
30 -75
30 -78
30 -76
30 -78
30 -79
30 -77
30 -77
30 -78
30 -76
30 -79
30 -79
30 -80
30 -79
30 -52
30 -79
30 -78
30 -80
30 -81
30 -79
30 -82
30 -82
30 -82
30 -67
30 -67
30 -76
31 -72
31 -70
31 -71
31 -71
31 -70
31 -71
31 -71
31 -72
31 -72
31 -72
31 -73
31 -73
31 -72
31 -73
31 -72
31 -72
31 -70
31 -70
31 -70
31 -70
31 -70
31 -71
31 -72
31 -74
31 -73
31 -70
31 -68
31 -70
31 -72
31 -73
31 -80
31 -76
31 -74
31 -72
31 -73
31 -73
31 -70
31 -70
31 -72
31 -74
31 -78
31 -74
31 -74
31 -72
31 -74
31 -77
31 -52
31 -77
31 -78
31 -69
31 -73
31 -72
31 -82
31 -71
31 -67
31 -67
31 -71
31 -72
31 -57
31 -75
31 -61
31 -70
31 -70
31 -70
31 -72
31 -74
31 -75
31 -74
31 -72
31 -75
31 -75
31 -72
31 -65
31 -67
31 -66
31 -66
31 -65
31 -77
31 -67
32 -74
32 -75
32 -76
32 -81
32 -82
32 -82
32 -79
32 -80
32 -81
32 -77
32 -81
32 -84
32 -78
32 -75
32 -80
32 -83
32 -80
32 -77
32 -78
32 -79
32 -70
32 -79
32 -76
32 -78
32 -76
32 -51
32 -51
32 -75
32 -76
32 -79
32 -81
32 -78
32 -76
32 -54
32 -80
32 -56
32 -80
32 -79
32 -79
32 -81
32 -78
32 -78
32 -76
32 -78
32 -76
32 -74
32 -76
32 -60
32 -61
32 -77
32 -64
32 -75
32 -75
33 -78
33 -78
33 -78
33 -79
33 -79
33 -79
33 -78
33 -78
33 -78
33 -78
33 -78
33 -78
33 -78
33 -83
33 -82
33 -69
33 -80
33 -81
33 -78
33 -78
33 -78
33 -80
33 -81
33 -83
33 -80
33 -80
33 -84
33 -82
33 -80
33 -82
33 -82
33 -81
33 -84
33 -82
34 -79
34 -79
34 -77
34 -76
34 -76
34 -74
34 -76
34 -76
34 -76
34 -77
34 -76
34 -78
34 -78
34 -77
34 -76
34 -78
34 -78
34 -80
34 -81
34 -78
34 -76
34 -74
34 -80
34 -76
34 -78
34 -78
34 -77
34 -75
34 -80
34 -81
34 -77
34 -76
34 -79
34 -78
34 -78
34 -79
34 -78
34 -78
34 -79
34 -77
34 -76
34 -76
34 -74
34 -76
34 -77
34 -77
34 -76
34 -76
34 -76
34 -78
34 -78
34 -67
34 -81
34 -83
34 -85
34 -82
34 -79
34 -81
34 -80
34 -81
35 -77
35 -79
35 -79
35 -77
35 -78
35 -62
35 -79
35 -78
35 -77
35 -76
35 -60
35 -78
35 -78
35 -80
35 -65
35 -81
35 -81
35 -82
35 -80
35 -81
35 -84
35 -82
35 -80
35 -81
35 -66
35 -79
35 -82
35 -82
35 -81
35 -80
35 -80
35 -81
35 -80
35 -82
35 -81
35 -80
35 -80
35 -80
35 -80
35 -80
35 -82
35 -83
35 -83
35 -84
35 -81
35 -80
35 -83
35 -68
35 -78
35 -76
35 -77
36 -84
36 -84
36 -82
36 -82
36 -82
36 -82
36 -83
36 -83
36 -83
36 -81
36 -80
36 -80
36 -82
36 -78
36 -78
36 -80
36 -81
36 -55
36 -68
36 -81
36 -83
36 -58
36 -81
36 -81
36 -64
36 -83
36 -85
36 -81
36 -82
36 -82
37 -78
37 -78
37 -76
37 -78
37 -78
37 -78
37 -82
37 -81
37 -79
37 -80
37 -79
37 -78
37 -78
37 -72
37 -74
37 -76
37 -80
37 -75
37 -76
37 -75
37 -75
37 -76
37 -72
37 -73
37 -75
37 -73
37 -76
37 -78
37 -80
37 -77
37 -76
37 -76
37 -77
37 -77
37 -77
37 -73
37 -73
37 -73
37 -74
37 -76
37 -71
37 -71
37 -70
37 -71
37 -72
37 -72
37 -70
37 -51
37 -70
37 -70
37 -70
37 -74
37 -75
37 -74
37 -70
37 -52
37 -70
37 -71
37 -72
37 -72
37 -73
37 -69
37 -72
37 -72
37 -72
37 -72
37 -72
37 -72
37 -70
37 -70
37 -71
37 -70
37 -71
37 -71
37 -71
37 -72
37 -69
37 -72
37 -70
37 -70
37 -72
38 -80
38 -78
38 -75
38 -74
38 -75
38 -76
38 -76
38 -73
38 -75
38 -78
38 -78
38 -72
38 -72
38 -70
38 -67
38 -69
38 -68
38 -69
38 -70
38 -69
38 -71
38 -72
38 -72
38 -70
38 -70
38 -69
38 -77
38 -72
38 -72
38 -70
38 -66
38 -71
38 -71
38 -71
38 -70
38 -73
38 -74
38 -70
38 -70
38 -71
38 -75
38 -71
38 -70
38 -70
38 -70
38 -69
38 -69
38 -70
38 -70
38 -58
38 -69
38 -69
38 -69
38 -69
38 -70
38 -70
38 -70
38 -70
38 -70
38 -72
38 -72
38 -72
38 -72
38 -71
38 -72
38 -74
38 -77
38 -86
39 -76
39 -71
39 -74
39 -76
39 -73
39 -76
39 -76
39 -76
39 -72
39 -72
39 -72
39 -75
39 -76
39 -76
39 -74
39 -73
39 -70
39 -70
39 -71
39 -70
39 -70
39 -70
39 -70
39 -71
39 -76
39 -69
39 -72
39 -72
39 -70
39 -70
39 -75
39 -70
39 -70
39 -69
39 -69
39 -72
39 -70
39 -70
39 -72
39 -73
39 -76
39 -78
39 -76
39 -79
39 -81
39 -72
39 -78
39 -76
39 -70
39 -70
39 -69
39 -70
39 -70
39 -70
39 -70
39 -69
39 -70
39 -70
39 -69
39 -70
39 -70
39 -70
39 -70
39 -70
39 -72
39 -76
39 -76
39 -78
39 -78
39 -56
39 -76
39 -72
39 -70
39 -70
39 -70
39 -71
40 -66
40 -66
40 -67
40 -67
40 -66
40 -67
40 -68
40 -67
40 -68
40 -68
40 -67
40 -67
40 -67
40 -67
40 -68
40 -70
40 -68
40 -67
40 -67
40 -68
40 -66
40 -66
40 -66
40 -66
40 -67
40 -67
40 -67
40 -67
40 -68
40 -67
40 -67
40 -66
40 -67
40 -68
40 -69
40 -69
40 -70
40 -70
40 -70
40 -72
40 -72
40 -72
40 -72
40 -70
40 -70
40 -72
40 -69
40 -67
40 -67
40 -67
40 -67
40 -67
40 -66
40 -66
40 -58
40 -67
40 -66
40 -66
40 -67
40 -66
40 -67
40 -67
40 -67
40 -66
40 -70
40 -72
40 -72
40 -72
40 -73
40 -70
40 -69
40 -62
40 -71
40 -70
40 -70
40 -70
40 -70
40 -73
41 -64
41 -64
41 -63
41 -64
41 -64
41 -64
41 -63
41 -64
41 -65
41 -64
41 -65
41 -64
41 -64
41 -64
41 -64
41 -63
41 -64
41 -66
41 -70
41 -64
41 -66
41 -66
41 -66
41 -66
41 -64
41 -65
41 -67
41 -67
41 -66
41 -66
41 -66
41 -70
41 -65
41 -64
41 -66
41 -66
41 -67
41 -74
41 -67
41 -73
41 -70
41 -60
41 -68
41 -69
41 -69
41 -69
41 -68
41 -70
41 -72
41 -72
41 -69
41 -71
41 -68
41 -66
41 -66
41 -58
41 -72
41 -75
41 -72
41 -72
41 -72
41 -73
41 -70
41 -70
41 -70
41 -70
41 -69
41 -70
41 -76
41 -74
41 -74
41 -75
41 -64
41 -73
41 -70
41 -62
41 -62
41 -65
41 -68
41 -70
41 -70
41 -76
41 -74
42 -73
42 -70
42 -70
42 -68
42 -68
42 -69
42 -66
42 -67
42 -66
42 -66
42 -68
42 -66
42 -67
42 -71
42 -72
42 -65
42 -71
42 -69
42 -69
42 -68
42 -68
42 -78
42 -73
42 -72
42 -72
42 -70
42 -75
42 -68
42 -66
42 -70
42 -74
42 -74
42 -76
42 -75
42 -69
42 -68
42 -67
42 -58
42 -58
42 -58
42 -58
42 -58
42 -57
42 -58
42 -60
42 -62
42 -61
42 -60
42 -58
42 -58
42 -60
42 -60
42 -62
42 -66
42 -58
42 -62
42 -61
42 -60
42 -60
42 -60
42 -60
42 -61
42 -60
42 -60
42 -60
42 -61
42 -61
42 -60
42 -60
42 -60
42 -60
42 -70
42 -66
42 -73
42 -75
42 -75
42 -74
43 -65
43 -68
43 -70
43 -72
43 -73
43 -72
43 -70
43 -71
43 -69
43 -70
43 -70
43 -70
43 -69
43 -68
43 -68
43 -70
43 -70
43 -61
43 -75
43 -73
43 -73
43 -72
43 -65
43 -64
43 -64
43 -75
43 -74
43 -73
43 -76
43 -70
43 -76
43 -75
43 -73
43 -73
43 -74
43 -76
43 -74
43 -70
43 -70
43 -76
43 -78
43 -74
43 -72
43 -76
43 -73
43 -78
43 -77
43 -80
43 -75
43 -80
43 -78
43 -80
43 -77
43 -80
43 -83
43 -81
43 -68
43 -68
43 -68
43 -64
43 -67
43 -72
43 -71
43 -71
43 -73
43 -71
44 -58
44 -60
44 -60
44 -58
44 -58
44 -58
44 -58
44 -57
44 -58
44 -58
44 -58
44 -60
44 -58
44 -59
44 -61
44 -61
44 -63
44 -63
44 -63
44 -64
44 -65
44 -64
44 -63
44 -64
44 -63
44 -58
44 -59
44 -60
44 -59
44 -61
44 -62
44 -62
44 -61
44 -60
44 -61
44 -60
44 -60
44 -61
44 -61
44 -60
44 -61
44 -61
44 -60
44 -59
44 -60
44 -62
44 -61
44 -60
44 -60
44 -60
44 -62
44 -63
44 -63
44 -67
44 -64
44 -63
44 -64
44 -64
44 -67
44 -75
44 -71
44 -64
44 -76
44 -76
44 -74
44 -71
44 -65
44 -64
44 -66
44 -68
44 -70
44 -66
44 -67
44 -64
44 -64
44 -64
44 -64
44 -64
44 -65
44 -61
44 -59
44 -61
44 -62
44 -62
44 -61
44 -60
44 -60
44 -62
44 -60
45 -70
45 -72
45 -75
45 -77
45 -76
45 -74
45 -78
45 -78
45 -71
45 -74
45 -75
45 -76
45 -77
45 -75
45 -72
45 -70
45 -69
45 -67
45 -67
45 -67
45 -81
45 -77
45 -66
45 -69
45 -69
45 -69
45 -70
45 -72
45 -73
45 -78
45 -73
45 -72
45 -70
45 -69
45 -70
45 -70
45 -66
45 -65
45 -65
45 -65
45 -64
45 -76
45 -70
45 -78
45 -72
45 -69
45 -72
45 -70
45 -72
45 -72
45 -69
45 -69
45 -67
45 -67
45 -67
45 -68
45 -67
45 -67
45 -70
45 -75
45 -73
45 -70
45 -69
45 -68
45 -69
45 -69
45 -69
45 -69
45 -69
45 -66
45 -69
45 -67
45 -67
45 -69
45 -64
45 -63
45 -62
45 -62
45 -63
46 -69
46 -71
46 -72
46 -73
46 -73
46 -74
46 -72
46 -70
46 -72
46 -71
46 -70
46 -70
46 -74
46 -76
46 -74
46 -70
46 -73
46 -75
46 -73
46 -72
46 -70
46 -70
46 -71
46 -70
46 -73
46 -72
46 -72
46 -71
46 -68
46 -67
46 -67
46 -69
46 -69
46 -70
46 -70
46 -72
46 -71
46 -72
46 -72
46 -72
46 -78
46 -68
46 -69
46 -69
46 -67
46 -69
46 -69
46 -69
46 -66
46 -66
46 -67
46 -70
46 -71
46 -64
46 -74
46 -67
46 -67
46 -66
46 -68
46 -69
46 -70
46 -72
46 -55
46 -72
46 -69
46 -68
46 -69
46 -69
46 -69
46 -68
46 -66
46 -66
46 -66
46 -64
46 -69
46 -68
46 -70
47 -72
47 -70
47 -70
47 -70
47 -70
47 -70
47 -69
47 -70
47 -70
47 -69
47 -69
47 -70
47 -70
47 -70
47 -59
47 -71
47 -72
47 -71
47 -78
47 -76
47 -72
47 -70
47 -69
47 -68
47 -69
47 -69
47 -69
47 -70
47 -70
47 -70
47 -71
47 -72
47 -73
47 -73
47 -74
47 -73
47 -70
47 -70
47 -70
47 -71
47 -71
47 -71
47 -72
47 -73
47 -72
47 -73
47 -73
47 -72
47 -73
47 -73
47 -73
47 -72
47 -72
47 -72
47 -73
47 -73
47 -73
47 -73
47 -73
47 -74
47 -72
47 -74
47 -72
47 -73
47 -77
47 -76
47 -75
47 -74
47 -73
47 -64
47 -75
47 -76
47 -72
48 -73
48 -72
48 -72
48 -76
48 -76
48 -75
48 -75
48 -63
48 -74
48 -74
48 -74
48 -74
48 -76
48 -51
48 -73
48 -70
48 -70
48 -70
48 -72
48 -72
48 -72
48 -72
48 -75
48 -69
48 -70
48 -72
48 -72
48 -79
48 -81
48 -82
48 -76
48 -75
48 -76
48 -78
48 -71
48 -77
48 -72
48 -72
48 -71
48 -76
48 -70
48 -78
48 -72
48 -76
48 -75
48 -78
48 -78
48 -76
48 -75
48 -73
48 -76
48 -82
48 -84
48 -82
48 -76
48 -75
48 -75
48 -74
48 -75
48 -74
48 -72
48 -68
48 -70
48 -72
48 -74
48 -72
49 -81
49 -78
49 -77
49 -77
49 -77
49 -76
49 -76
49 -78
49 -77
49 -78
49 -77
49 -76
49 -76
49 -76
49 -68
49 -78
49 -76
49 -75
49 -76
49 -74
49 -74
49 -70
49 -72
49 -73
49 -73
49 -72
49 -75
49 -62
49 -75
49 -74
49 -75
49 -74
49 -73
49 -65
49 -76
49 -75
49 -74
49 -75
49 -71
49 -81
49 -80
49 -75
49 -80
49 -78
49 -77
49 -82
49 -80
49 -80
49 -83
49 -73
49 -76
49 -75
49 -76
49 -76
50 -73
50 -74
50 -72
50 -72
50 -70
50 -72
50 -72
50 -72
50 -72
50 -72
50 -73
50 -74
50 -73
50 -74
50 -72
50 -70
50 -73
50 -79
50 -77
50 -80
50 -81
50 -76
50 -71
50 -72
50 -73
50 -66
50 -76
50 -76
50 -75
50 -76
50 -75
50 -73
50 -72
50 -72
50 -75
50 -73
50 -66
50 -70
50 -68
50 -79
50 -85
50 -81
50 -79
50 -78
50 -81
50 -80
50 -76
50 -79
50 -42
50 -61
50 -82
50 -78
50 -84
50 -82
50 -81
50 -78
50 -79
50 -73
50 -76
50 -73
50 -72
50 -73
51 -67
51 -68
51 -68
51 -70
51 -70
51 -68
51 -68
51 -68
51 -69
51 -68
51 -67
51 -66
51 -66
51 -66
51 -66
51 -66
51 -69
51 -70
51 -61
51 -71
51 -69
51 -65
51 -64
51 -64
51 -66
51 -66
51 -66
51 -73
51 -74
51 -73
51 -71
51 -70
51 -69
51 -70
51 -68
51 -69
51 -72
51 -73
51 -72
51 -70
51 -66
51 -66
51 -66
51 -69
51 -69
51 -70
51 -72
51 -71
51 -70
51 -80
51 -74
51 -74
51 -69
51 -78
51 -75
51 -72
51 -71
51 -70
51 -69
51 -69
51 -71
51 -66
51 -74
51 -75
51 -76
51 -72
51 -71
51 -72
51 -73
51 -70
51 -65
51 -72
51 -76
51 -73
51 -64
51 -64
51 -64
51 -64
51 -66
51 -66
51 -67
52 -65
52 -65
52 -66
52 -66
52 -66
52 -68
52 -68
52 -70
52 -72
52 -72
52 -71
52 -69
52 -70
52 -68
52 -63
52 -73
52 -77
52 -67
52 -72
52 -72
52 -70
52 -71
52 -69
52 -64
52 -70
52 -71
52 -67
52 -66
52 -66
52 -67
52 -64
52 -63
52 -64
52 -66
52 -69
52 -72
52 -67
52 -67
52 -70
52 -67
52 -59
52 -60
52 -66
52 -59
52 -59
52 -64
52 -62
52 -62
52 -62
52 -57
52 -64
52 -58
52 -60
52 -57
52 -57
52 -62
52 -63
52 -64
52 -63
52 -52
52 -62
52 -61
52 -61
52 -61
52 -61
52 -62
52 -62
52 -61
52 -62
52 -61
52 -64
52 -67
52 -62
52 -61
52 -62
52 -63
53 -54
53 -56
53 -57
53 -58
53 -58
53 -57
53 -57
53 -58
53 -58
53 -58
53 -58
53 -58
53 -57
53 -57
53 -56
53 -58
53 -62
53 -66
53 -60
53 -62
53 -60
53 -61
53 -59
53 -58
53 -58
53 -58
53 -58
53 -61
53 -61
53 -59
53 -57
53 -56
53 -57
53 -55
53 -54
53 -54
53 -55
53 -57
53 -58
53 -59
53 -60
53 -58
53 -58
53 -61
53 -70
53 -59
53 -58
53 -58
53 -58
53 -58
53 -58
53 -58
53 -58
53 -59
53 -58
53 -58
53 -60
53 -57
53 -58
53 -59
53 -58
53 -60
53 -60
53 -59
53 -58
53 -58
53 -59
53 -58
53 -58
53 -58
53 -58
53 -58
53 -58
53 -58
53 -60
53 -58
53 -58
53 -58
53 -58
53 -57
53 -55
53 -55
53 -56
53 -56
53 -55
53 -54
53 -54
53 -54
53 -56
54 -58
54 -58
54 -57
54 -56
54 -55
54 -54
54 -55
54 -56
54 -56
54 -56
54 -56
54 -54
54 -55
54 -56
54 -55
54 -57
54 -54
54 -52
54 -56
54 -58
54 -62
54 -60
54 -62
54 -67
54 -58
54 -70
54 -58
54 -60
54 -55
54 -58
54 -62
54 -62
54 -70
54 -66
54 -63
54 -66
54 -61
54 -59
54 -58
54 -56
54 -56
54 -56
54 -55
54 -52
54 -76
54 -60
54 -63
54 -58
54 -60
54 -59
54 -62
54 -61
54 -61
54 -64
54 -60
54 -60
54 -69
54 -67
54 -60
54 -52
54 -58
54 -60
54 -60
54 -62
54 -65
54 -68
54 -59
54 -55
54 -61
54 -60
54 -60
54 -60
54 -61
54 -60
54 -63
54 -63
54 -64
54 -58
54 -64
54 -57
54 -58
54 -55
54 -57
54 -58
54 -75
54 -64
54 -62
55 -52
55 -52
55 -52
55 -52
55 -50
55 -48
55 -59
55 -49
55 -50
55 -50
55 -50
55 -50
55 -50
55 -51
55 -50
55 -49
55 -49
55 -50
55 -48
55 -46
55 -49
55 -50
55 -50
55 -50
55 -49
55 -51
55 -59
55 -61
55 -50
55 -50
55 -49
55 -50
55 -49
55 -48
55 -54
55 -49
55 -51
55 -51
55 -49
55 -49
55 -65
55 -62
55 -60
55 -59
55 -58
55 -57
55 -59
55 -66
55 -64
55 -63
55 -63
55 -63
55 -57
55 -51
55 -51
55 -54
55 -56
55 -58
55 -58
55 -57
55 -55
55 -56
55 -57
55 -58
55 -57
55 -55
55 -56
55 -56
55 -56
55 -55
55 -58
55 -59
55 -59
55 -58
55 -60
55 -60
55 -48
55 -51
55 -52
55 -54
55 -52
55 -53
56 -68
56 -67
56 -68
56 -70
56 -73
56 -71
56 -73
56 -73
56 -70
56 -71
56 -70
56 -69
56 -69
56 -66
56 -70
56 -70
56 -68
56 -64
56 -64
56 -65
56 -68
56 -65
56 -66
56 -68
56 -68
56 -58
56 -70
56 -70
56 -72
56 -75
56 -74
56 -73
56 -73
56 -72
56 -69
56 -67
56 -70
56 -70
56 -70
56 -69
56 -70
56 -74
56 -70
56 -71
56 -72
56 -69
56 -78
56 -78
56 -70
56 -69
56 -66
56 -66
56 -68
56 -70
56 -78
56 -75
56 -72
56 -72
56 -70
56 -66
56 -69
56 -70
56 -70
56 -71
56 -70
56 -72
56 -79
56 -74
56 -79
56 -71
56 -72
56 -78
56 -76
56 -72
56 -75
57 -69
57 -70
57 -70
57 -70
57 -70
57 -70
57 -70
57 -70
57 -70
57 -71
57 -72
57 -71
57 -70
57 -70
57 -69
57 -70
57 -70
57 -71
57 -77
57 -79
57 -78
57 -80
57 -82
57 -81
57 -75
57 -77
57 -86
57 -81
57 -79
57 -82
57 -84
57 -78
57 -76
57 -78
57 -64
57 -76
57 -73
57 -81
57 -79
57 -54
57 -81
57 -81
57 -75
57 -76
57 -79
57 -78
57 -76
57 -84
57 -78
57 -76
57 -78
57 -82
57 -73
57 -76
57 -82
58 -77
58 -74
58 -74
58 -72
58 -71
58 -70
58 -70
58 -70
58 -72
58 -67
58 -71
58 -73
58 -72
58 -72
58 -72
58 -70
58 -69
58 -67
58 -67
58 -66
58 -68
58 -69
58 -69
58 -69
58 -67
58 -70
58 -70
58 -52
58 -70
58 -69
58 -68
58 -74
58 -70
58 -72
58 -72
58 -72
58 -72
58 -69
58 -78
58 -75
58 -75
58 -74
58 -72
58 -71
58 -71
58 -72
58 -72
58 -71
58 -70
58 -72
58 -73
58 -74
58 -73
58 -72
58 -66
58 -67
58 -66
58 -65
58 -59
58 -68
58 -68
58 -68
58 -67
58 -66
58 -65
58 -65
58 -66
58 -66
58 -62
58 -67
58 -66
58 -66
58 -71
58 -72
58 -72
58 -72
58 -72
58 -72
58 -76
58 -84
58 -62
58 -82
59 -80
59 -81
59 -77
59 -79
59 -82
59 -82
59 -78
59 -77
59 -80
59 -79
59 -80
59 -78
59 -78
59 -81
59 -76
59 -77
59 -75
59 -74
59 -76
59 -51
59 -80
59 -80
59 -79
59 -83
59 -77
59 -81
59 -83
59 -82
59 -84
59 -81
59 -82
59 -82
59 -82
59 -76
59 -77
59 -76
59 -76
59 -78
59 -82
59 -81
59 -80
59 -76
59 -77
59 -78
59 -78
59 -78
59 -78
59 -79
59 -83
59 -83
59 -83
59 -85
60 -74
60 -73
60 -70
60 -72
60 -72
60 -72
60 -72
60 -72
60 -72
60 -72
60 -72
60 -72
60 -72
60 -73
60 -74
60 -74
60 -73
60 -73
60 -75
60 -64
60 -73
60 -74
60 -74
60 -73
60 -73
60 -72
60 -75
60 -73
60 -75
60 -72
60 -71
60 -70
60 -71
60 -72
60 -73
60 -78
60 -75
60 -74
60 -78
60 -78
60 -77
60 -76
60 -73
60 -72
60 -70
60 -71
60 -70
60 -75
60 -70
60 -70
60 -71
60 -70
60 -71
60 -70
60 -70
60 -70
60 -70
60 -70
60 -70
60 -70
60 -70
60 -70
60 -70
60 -70
60 -70
60 -70
60 -70
60 -70
60 -70
60 -70
60 -70
60 -71
60 -71
60 -71
60 -71
60 -71
60 -71
60 -70
60 -74
60 -76
60 -83
