Beacon Rssi
1 -85
1 -88
1 -84
1 -86
1 -85
1 -87
2 -84
2 -82
2 -87
2 -86
2 -86
2 -86
3 -84
3 -84
3 -85
3 -82
3 -83
3 -72
3 -83
3 -82
3 -83
3 -84
3 -85
3 -84
3 -84
3 -83
3 -83
3 -83
3 -73
3 -84
3 -83
3 -84
3 -84
3 -84
3 -84
3 -83
3 -84
3 -84
3 -83
3 -81
3 -82
3 -82
3 -82
3 -79
3 -83
3 -80
3 -83
3 -85
3 -84
3 -84
3 -83
3 -84
3 -83
3 -83
3 -81
3 -81
3 -83
3 -81
3 -80
3 -80
3 -80
3 -80
3 -80
3 -80
3 -80
3 -81
3 -81
3 -81
3 -80
3 -81
3 -81
3 -81
3 -81
3 -82
3 -80
3 -81
3 -81
3 -81
3 -81
3 -81
3 -81
3 -81
3 -81
3 -82
3 -82
3 -82
3 -82
3 -82
3 -81
3 -81
3 -81
3 -82
3 -82
3 -81
3 -81
3 -83
3 -83
3 -83
3 -84
3 -83
3 -84
3 -84
3 -82
3 -82
3 -60
3 -81
3 -80
3 -80
3 -82
3 -83
3 -81
3 -84
3 -86
3 -79
3 -84
3 -83
3 -82
3 -83
3 -79
3 -84
3 -74
3 -85
3 -84
5 -86
5 -83
5 -84
5 -85
5 -83
5 -84
5 -85
5 -83
5 -88
5 -77
5 -84
5 -83
5 -77
5 -84
5 -84
5 -84
5 -84
5 -83
5 -76
5 -73
5 -83
5 -84
5 -84
5 -84
5 -70
6 -84
6 -87
6 -88
6 -85
6 -87
7 -76
7 -80
7 -81
7 -79
7 -78
7 -78
7 -78
7 -78
7 -79
7 -79
7 -76
7 -82
7 -81
7 -82
7 -83
7 -82
7 -81
7 -78
7 -81
7 -81
7 -81
7 -81
7 -82
7 -83
7 -82
7 -82
7 -81
7 -66
7 -83
7 -84
7 -67
7 -83
7 -81
7 -80
7 -79
7 -79
7 -81
7 -84
7 -81
7 -76
7 -80
7 -80
7 -80
7 -79
7 -73
7 -82
7 -81
7 -82
7 -82
7 -82
7 -82
7 -83
7 -83
7 -83
7 -83
7 -82
7 -82
7 -82
7 -82
7 -82
7 -82
7 -82
7 -82
7 -82
7 -83
7 -82
7 -82
7 -81
7 -81
7 -81
7 -81
7 -81
7 -81
7 -81
7 -81
7 -81
7 -81
7 -81
7 -81
7 -81
7 -82
7 -82
7 -81
7 -81
7 -80
7 -81
7 -80
7 -79
7 -81
7 -79
7 -79
7 -80
7 -81
7 -80
7 -79
7 -80
7 -80
7 -81
7 -81
7 -80
7 -80
7 -80
7 -67
7 -77
7 -80
7 -76
7 -79
7 -74
7 -81
7 -80
7 -81
7 -67
7 -81
7 -81
7 -81
7 -80
7 -81
7 -80
7 -80
7 -75
7 -81
7 -80
7 -82
7 -80
7 -81
7 -80
7 -80
7 -80
7 -79
7 -84
7 -85
7 -75
8 -86
8 -87
8 -86
8 -84
8 -84
8 -84
8 -84
8 -69
8 -85
8 -84
8 -86
8 -84
8 -84
8 -84
8 -88
8 -85
8 -83
8 -82
8 -82
8 -82
8 -83
8 -84
8 -79
8 -84
8 -84
8 -83
8 -64
8 -85
8 -83
8 -84
8 -82
8 -84
8 -83
8 -83
8 -83
8 -83
8 -83
8 -84
8 -83
8 -82
8 -83
8 -83
8 -83
8 -83
8 -83
8 -83
8 -84
8 -83
8 -84
9 -81
9 -81
9 -80
9 -80
9 -82
9 -81
9 -78
9 -77
9 -80
9 -80
9 -72
9 -79
9 -79
9 -79
9 -79
9 -78
9 -78
9 -78
9 -78
9 -79
9 -79
9 -79
9 -79
9 -78
9 -78
9 -79
9 -79
9 -79
9 -78
9 -78
9 -77
9 -78
9 -78
9 -78
9 -78
9 -78
9 -78
9 -80
9 -79
9 -81
9 -81
9 -81
9 -76
9 -82
9 -82
9 -81
9 -81
9 -72
9 -80
9 -80
9 -80
9 -80
9 -80
9 -80
9 -80
9 -80
9 -80
9 -80
9 -81
9 -80
9 -81
9 -80
9 -80
9 -80
9 -80
9 -80
9 -80
9 -80
9 -80
9 -79
9 -80
9 -79
9 -79
9 -79
9 -78
9 -79
9 -79
9 -79
9 -78
9 -80
9 -80
9 -80
9 -58
9 -80
9 -80
9 -80
9 -80
9 -80
9 -80
9 -81
9 -79
9 -80
9 -80
9 -80
9 -80
9 -81
9 -80
9 -77
9 -74
9 -81
9 -60
9 -80
9 -80
9 -80
9 -79
9 -80
9 -77
9 -80
9 -79
9 -80
9 -80
9 -80
9 -80
9 -80
9 -80
9 -80
9 -80
9 -79
9 -80
9 -79
9 -80
9 -79
9 -79
9 -81
9 -81
9 -80
9 -81
9 -80
9 -80
9 -81
9 -80
9 -80
9 -79
9 -80
9 -80
9 -80
9 -78
9 -80
9 -68
9 -79
9 -80
9 -79
9 -79
9 -79
9 -80
9 -80
9 -80
9 -60
9 -81
9 -81
9 -80
9 -80
9 -81
9 -82
9 -85
9 -85
9 -84
9 -84
9 -84
9 -82
9 -83
9 -77
9 -83
9 -82
9 -83
9 -82
9 -82
9 -81
9 -82
9 -81
9 -82
9 -81
9 -81
9 -81
9 -81
9 -81
9 -80
9 -80
9 -80
9 -78
9 -78
9 -77
9 -79
9 -78
9 -79
9 -80
9 -80
9 -80
9 -78
9 -79
9 -79
9 -79
9 -78
9 -79
9 -78
9 -79
9 -78
9 -78
9 -79
9 -80
9 -81
9 -81
9 -80
9 -81
9 -80
9 -81
9 -81
9 -80
9 -80
9 -78
9 -80
9 -80
9 -80
9 -79
9 -81
9 -80
9 -79
9 -82
9 -82
9 -79
9 -81
9 -80
9 -80
9 -81
9 -80
9 -80
9 -80
9 -80
9 -80
9 -80
9 -79
9 -80
9 -78
9 -78
9 -79
9 -81
9 -80
9 -79
9 -53
9 -79
9 -80
9 -80
9 -75
9 -82
9 -83
9 -82
9 -83
9 -83
9 -83
9 -83
9 -82
9 -81
9 -82
9 -80
9 -81
9 -81
9 -70
9 -81
9 -80
9 -82
9 -81
9 -80
9 -81
9 -81
9 -80
9 -81
9 -81
9 -81
9 -81
9 -81
9 -76
9 -81
9 -81
9 -81
9 -82
9 -81
9 -82
10 -86
10 -83
10 -83
10 -83
10 -83
10 -83
10 -82
10 -84
10 -84
10 -79
10 -84
10 -87
10 -86
11 -80
11 -83
11 -83
11 -74
11 -84
11 -83
11 -80
11 -84
11 -83
11 -83
11 -83
11 -83
11 -82
11 -78
11 -84
11 -84
11 -69
11 -84
11 -84
11 -84
11 -84
11 -85
11 -86
11 -76
11 -85
11 -84
11 -85
11 -84
12 -85
12 -85
12 -85
12 -64
12 -84
12 -83
12 -83
12 -83
12 -83
12 -70
12 -83
12 -84
12 -84
12 -83
12 -84
12 -65
12 -85
12 -84
12 -84
12 -86
12 -72
13 -83
13 -84
13 -84
13 -84
13 -84
13 -83
13 -84
13 -82
13 -84
13 -70
13 -83
13 -76
13 -79
13 -81
13 -82
13 -82
13 -81
13 -82
13 -81
13 -81
13 -80
13 -80
13 -80
13 -80
13 -80
13 -80
13 -81
13 -79
13 -79
13 -79
13 -80
13 -78
13 -79
13 -79
13 -78
13 -78
13 -79
13 -78
13 -80
13 -79
13 -79
13 -79
13 -79
13 -79
13 -79
13 -80
13 -81
13 -80
13 -81
13 -81
13 -81
13 -81
13 -81
13 -82
13 -60
13 -81
13 -80
13 -80
13 -80
13 -81
13 -80
13 -81
13 -81
13 -81
13 -80
13 -82
13 -82
13 -83
13 -73
13 -82
13 -82
13 -82
13 -83
13 -82
13 -82
13 -84
13 -84
13 -84
13 -82
13 -81
13 -82
13 -82
13 -80
13 -81
13 -81
13 -81
13 -78
13 -81
13 -82
13 -82
13 -83
13 -83
13 -84
13 -82
13 -83
13 -83
13 -84
13 -84
13 -85
13 -85
13 -84
13 -84
13 -85
13 -84
13 -83
13 -84
13 -83
13 -83
13 -83
13 -83
13 -84
13 -83
13 -84
13 -84
13 -83
13 -80
13 -83
13 -82
13 -82
13 -81
13 -82
13 -76
13 -82
13 -81
13 -81
13 -82
13 -82
13 -82
13 -82
13 -83
13 -82
13 -82
13 -81
13 -81
13 -80
13 -81
13 -81
13 -82
13 -82
13 -82
13 -80
13 -83
13 -81
13 -82
13 -81
13 -82
13 -78
13 -82
13 -82
13 -81
13 -83
13 -81
13 -82
13 -84
13 -83
13 -82
13 -81
13 -81
13 -79
13 -80
13 -79
13 -79
13 -80
13 -80
13 -80
13 -81
13 -81
13 -83
13 -83
13 -84
13 -83
13 -83
13 -83
13 -84
13 -83
13 -83
13 -83
13 -83
13 -83
13 -74
13 -83
13 -83
13 -83
13 -83
13 -84
14 -84
14 -84
14 -83
14 -84
14 -84
14 -79
14 -76
14 -84
14 -85
14 -85
14 -86
14 -85
14 -61
14 -85
15 -77
15 -80
15 -78
15 -78
15 -77
15 -78
15 -78
15 -76
15 -76
15 -77
15 -77
15 -75
15 -78
15 -80
15 -80
15 -79
15 -80
15 -80
15 -81
15 -82
15 -82
15 -82
15 -82
15 -80
15 -80
15 -81
15 -80
15 -80
15 -79
15 -79
15 -77
15 -79
15 -79
15 -79
15 -80
15 -78
15 -79
15 -78
15 -78
15 -78
15 -77
15 -78
15 -78
15 -79
15 -78
15 -77
15 -76
15 -76
15 -77
15 -78
15 -78
15 -78
15 -79
15 -78
15 -79
15 -79
15 -79
15 -79
15 -78
15 -78
15 -77
15 -77
15 -77
15 -76
15 -76
15 -77
15 -76
15 -77
15 -77
15 -77
15 -76
15 -76
15 -76
15 -77
15 -76
15 -76
15 -76
15 -75
15 -76
15 -76
15 -76
15 -76
15 -76
15 -76
15 -77
15 -76
15 -76
15 -77
15 -77
15 -77
15 -78
15 -77
15 -58
15 -78
15 -77
15 -77
15 -77
15 -77
15 -77
15 -77
15 -76
15 -77
15 -71
15 -77
15 -77
15 -77
15 -76
15 -76
15 -76
15 -76
15 -76
15 -76
15 -76
15 -75
15 -76
15 -77
15 -77
15 -77
15 -77
15 -78
15 -77
15 -77
15 -78
15 -78
15 -79
15 -78
15 -79
15 -79
15 -79
15 -80
15 -80
15 -79
15 -79
15 -78
15 -79
15 -80
15 -81
15 -80
15 -80
15 -80
15 -80
15 -81
15 -80
15 -79
15 -79
15 -66
15 -73
15 -71
15 -78
15 -79
15 -78
15 -69
15 -78
15 -77
15 -78
15 -78
15 -78
15 -78
15 -76
15 -78
15 -78
15 -78
15 -61
15 -78
15 -78
15 -74
15 -79
15 -78
15 -79
15 -80
15 -74
15 -80
15 -80
15 -80
15 -80
15 -81
15 -80
15 -81
15 -80
15 -79
15 -82
15 -80
15 -78
15 -78
15 -78
15 -78
15 -78
15 -77
15 -77
15 -78
15 -77
15 -72
15 -78
15 -77
15 -78
15 -78
15 -77
15 -77
15 -78
15 -78
15 -78
15 -78
15 -77
15 -78
15 -77
15 -77
15 -67
15 -77
15 -77
15 -78
15 -77
15 -76
15 -76
15 -76
15 -76
15 -76
15 -76
15 -76
15 -76
15 -76
15 -76
15 -76
15 -76
15 -76
15 -76
15 -76
15 -76
15 -76
15 -76
15 -76
15 -76
15 -76
15 -63
15 -76
15 -76
15 -76
15 -76
15 -77
15 -78
15 -76
15 -76
15 -76
15 -76
15 -75
15 -76
15 -76
15 -76
15 -76
15 -76
15 -76
15 -76
15 -76
15 -76
15 -77
15 -78
15 -78
15 -77
15 -77
15 -78
15 -80
15 -79
15 -80
15 -79
15 -80
15 -72
15 -78
15 -79
15 -79
15 -79
15 -77
15 -79
15 -79
15 -80
15 -80
15 -80
15 -78
15 -78
15 -78
15 -77
15 -78
15 -76
15 -77
15 -77
15 -77
15 -78
15 -78
15 -78
15 -76
15 -76
15 -76
15 -76
15 -76
15 -77
15 -77
15 -77
15 -77
15 -76
15 -76
15 -76
15 -76
15 -76
15 -65
15 -78
15 -78
15 -78
15 -62
15 -78
15 -79
15 -79
15 -79
15 -78
15 -78
15 -78
15 -78
15 -78
15 -78
15 -78
15 -78
15 -78
15 -78
15 -77
15 -78
15 -78
15 -78
15 -76
15 -78
15 -78
15 -78
15 -78
15 -77
15 -77
15 -78
15 -77
15 -77
15 -78
15 -78
15 -77
15 -72
15 -77
15 -78
15 -76
15 -77
15 -77
15 -77
15 -78
15 -78
15 -78
15 -78
15 -78
15 -70
15 -78
15 -78
15 -78
15 -79
16 -83
16 -83
16 -81
16 -83
16 -84
16 -84
16 -84
16 -84
16 -82
16 -83
16 -83
16 -82
16 -84
16 -85
16 -84
16 -83
16 -74
16 -83
16 -83
16 -83
16 -85
16 -83
16 -83
16 -82
16 -82
16 -83
16 -84
16 -85
16 -82
16 -82
16 -81
16 -81
16 -80
16 -77
16 -79
16 -79
16 -78
16 -79
16 -79
16 -80
16 -81
16 -81
16 -81
16 -81
16 -81
16 -81
16 -81
16 -81
16 -81
16 -75
16 -82
16 -82
16 -81
16 -83
16 -80
16 -81
16 -81
16 -81
16 -81
16 -81
16 -80
16 -81
16 -81
16 -81
16 -80
16 -81
16 -80
16 -81
16 -81
16 -80
16 -79
16 -76
16 -76
16 -77
16 -77
16 -77
16 -74
16 -79
16 -79
16 -79
16 -81
16 -78
16 -80
16 -81
16 -83
16 -83
16 -81
16 -81
16 -81
16 -80
16 -80
16 -79
16 -80
16 -79
16 -77
16 -79
16 -82
16 -82
16 -81
16 -81
16 -81
16 -78
16 -77
16 -79
16 -78
16 -76
16 -76
16 -77
16 -77
16 -78
16 -76
16 -76
16 -76
16 -76
16 -76
16 -77
16 -57
16 -78
16 -78
16 -78
16 -79
16 -78
16 -78
16 -77
16 -78
16 -78
16 -79
16 -79
16 -79
16 -79
16 -79
16 -80
16 -80
16 -80
16 -80
16 -80
16 -79
16 -80
16 -79
16 -80
16 -80
16 -80
16 -80
16 -78
16 -80
16 -80
16 -80
16 -80
16 -80
16 -81
16 -80
16 -80
16 -80
16 -80
16 -79
16 -79
16 -79
16 -78
16 -78
16 -78
16 -77
16 -77
16 -77
16 -74
16 -77
16 -77
16 -75
17 -76
17 -73
17 -76
17 -70
17 -75
17 -76
17 -73
17 -74
17 -73
17 -72
17 -76
17 -77
17 -80
17 -78
17 -77
17 -66
17 -76
17 -79
17 -81
17 -81
17 -80
17 -80
17 -80
17 -80
17 -79
17 -80
17 -79
17 -79
17 -80
17 -78
17 -79
17 -79
17 -77
17 -79
17 -78
17 -78
17 -76
17 -78
17 -78
17 -77
17 -76
17 -77
17 -76
17 -77
17 -76
17 -76
17 -75
17 -75
17 -76
17 -75
17 -75
17 -75
17 -75
17 -76
17 -76
17 -75
17 -75
17 -75
17 -73
17 -75
17 -75
17 -72
17 -73
17 -52
17 -72
17 -72
17 -72
17 -73
17 -73
17 -74
17 -75
17 -74
17 -74
17 -74
17 -74
17 -74
17 -75
17 -75
17 -75
17 -76
17 -75
17 -76
17 -75
17 -75
17 -75
17 -74
17 -76
17 -75
17 -75
17 -72
17 -67
17 -73
17 -73
17 -73
17 -72
17 -74
17 -71
17 -74
17 -74
17 -74
17 -72
17 -75
17 -75
17 -75
17 -75
17 -76
17 -76
17 -75
17 -76
17 -76
17 -76
17 -76
17 -76
17 -76
17 -76
17 -76
17 -76
17 -76
17 -76
17 -74
17 -76
17 -76
17 -75
17 -76
17 -76
17 -75
17 -75
17 -76
17 -69
17 -76
17 -76
17 -76
17 -66
17 -76
17 -76
17 -76
17 -76
17 -76
17 -76
17 -76
17 -76
17 -75
17 -75
17 -75
17 -75
17 -75
17 -75
17 -74
17 -75
17 -75
17 -76
17 -76
17 -76
17 -76
17 -76
17 -74
17 -76
17 -77
17 -77
17 -77
17 -78
17 -78
17 -78
17 -78
17 -78
17 -77
17 -78
17 -77
17 -78
17 -76
17 -77
17 -77
17 -77
17 -77
17 -77
17 -76
17 -77
17 -74
17 -76
17 -75
17 -66
17 -76
17 -76
17 -76
17 -76
17 -75
17 -75
17 -76
17 -75
17 -75
17 -76
17 -77
17 -76
17 -76
17 -74
17 -75
17 -76
17 -77
17 -78
17 -80
17 -80
17 -79
17 -79
17 -78
17 -78
17 -77
17 -76
17 -76
17 -76
17 -76
17 -76
17 -76
17 -76
17 -76
17 -76
17 -76
17 -76
17 -74
17 -75
17 -75
17 -74
17 -76
17 -75
17 -75
17 -74
17 -74
17 -74
17 -73
17 -73
17 -74
17 -73
17 -73
17 -73
17 -73
17 -73
17 -73
17 -72
17 -72
17 -72
17 -72
17 -72
17 -72
17 -72
17 -72
17 -73
17 -73
17 -72
17 -72
17 -72
17 -73
17 -73
17 -72
17 -70
17 -70
17 -70
17 -70
17 -71
17 -71
17 -69
17 -72
17 -72
17 -72
17 -72
17 -72
17 -70
17 -72
17 -72
17 -71
17 -72
17 -72
17 -72
17 -72
17 -73
17 -73
17 -73
17 -73
17 -74
17 -74
17 -75
17 -74
17 -75
17 -75
17 -75
17 -75
17 -74
17 -74
17 -74
17 -73
17 -73
17 -72
17 -72
17 -72
17 -72
17 -72
17 -72
17 -72
17 -72
17 -72
17 -71
17 -59
17 -72
17 -72
17 -72
17 -71
17 -72
17 -72
17 -72
17 -72
17 -72
17 -72
17 -72
17 -72
17 -72
17 -72
17 -72
17 -72
17 -72
17 -72
17 -72
17 -72
17 -71
17 -71
17 -71
17 -71
17 -71
17 -71
17 -71
17 -72
17 -72
17 -72
17 -72
17 -72
17 -72
17 -72
17 -72
17 -72
17 -72
17 -72
17 -72
17 -72
17 -72
17 -72
17 -72
17 -72
17 -72
17 -72
17 -72
17 -72
17 -72
17 -72
17 -72
17 -72
17 -72
17 -72
17 -72
17 -72
17 -72
17 -72
17 -72
17 -72
17 -72
17 -72
17 -72
17 -72
17 -72
17 -72
17 -72
17 -72
17 -72
17 -72
17 -73
17 -73
17 -73
17 -72
17 -73
17 -73
17 -72
17 -73
17 -72
17 -72
17 -72
17 -72
17 -72
17 -72
17 -72
17 -72
17 -71
17 -71
17 -72
17 -72
18 -80
18 -80
18 -83
18 -83
18 -83
18 -83
18 -80
18 -82
18 -77
18 -78
18 -78
18 -77
18 -78
18 -79
18 -79
18 -79
18 -80
18 -82
18 -83
18 -83
18 -82
18 -84
18 -75
18 -82
18 -79
18 -79
18 -77
18 -76
18 -76
18 -78
18 -79
18 -81
18 -81
18 -80
18 -80
18 -80
18 -81
18 -81
18 -81
18 -80
18 -79
18 -79
18 -79
18 -79
18 -80
18 -80
18 -79
18 -78
18 -78
18 -78
18 -79
18 -78
18 -78
18 -76
18 -78
18 -79
18 -79
18 -79
18 -80
18 -80
18 -80
18 -79
18 -79
18 -79
18 -79
18 -78
18 -78
18 -78
18 -76
18 -78
18 -78
18 -78
18 -78
18 -78
18 -78
18 -79
18 -78
18 -78
18 -78
18 -77
18 -78
18 -78
18 -78
18 -78
18 -72
18 -78
18 -78
18 -78
18 -74
18 -79
18 -80
18 -74
18 -81
18 -82
18 -83
18 -82
18 -82
18 -83
18 -82
18 -74
18 -82
18 -81
18 -81
18 -82
18 -82
18 -82
18 -81
18 -83
18 -83
18 -82
18 -78
18 -81
18 -81
18 -81
18 -81
18 -81
18 -80
18 -82
18 -82
18 -78
18 -75
18 -72
18 -73
18 -71
18 -72
18 -72
18 -72
18 -72
18 -70
18 -72
18 -72
18 -72
18 -72
18 -72
18 -72
18 -72
18 -72
18 -72
18 -72
18 -72
18 -72
18 -72
18 -72
18 -72
18 -72
18 -73
18 -64
18 -73
18 -73
18 -73
18 -73
18 -73
18 -73
18 -73
18 -73
18 -74
18 -74
18 -74
18 -73
18 -73
18 -74
18 -74
18 -74
18 -75
18 -75
18 -75
18 -75
18 -75
18 -76
18 -75
18 -75
18 -74
18 -74
18 -75
18 -75
18 -75
18 -76
18 -76
18 -76
18 -75
18 -74
18 -73
18 -74
18 -74
18 -74
18 -74
18 -74
18 -74
18 -75
18 -75
18 -75
18 -75
18 -75
18 -67
18 -76
18 -76
18 -76
18 -75
18 -74
18 -76
18 -76
18 -76
18 -75
18 -75
18 -76
18 -76
18 -76
18 -76
18 -76
18 -76
18 -77
18 -70
18 -75
18 -75
18 -75
18 -74
18 -76
18 -76
18 -76
18 -76
18 -76
18 -77
18 -76
18 -75
18 -76
18 -78
18 -76
18 -76
18 -76
18 -76
18 -76
18 -76
18 -75
18 -75
18 -73
18 -74
18 -74
18 -75
18 -75
18 -75
18 -75
18 -75
18 -75
18 -74
18 -75
18 -75
18 -74
18 -75
18 -74
18 -74
18 -70
18 -75
18 -76
18 -76
18 -76
18 -76
18 -76
18 -76
18 -76
18 -75
18 -75
18 -75
18 -76
18 -76
18 -76
18 -75
18 -76
18 -75
18 -75
18 -70
18 -76
18 -75
18 -75
18 -75
18 -75
18 -75
18 -75
18 -75
18 -75
18 -76
18 -76
18 -75
18 -72
18 -76
18 -75
18 -76
18 -76
18 -76
18 -76
18 -76
18 -76
18 -76
18 -76
18 -76
18 -75
18 -76
18 -75
18 -76
18 -76
18 -76
18 -76
18 -76
18 -76
18 -76
18 -76
18 -76
18 -76
18 -76
18 -76
18 -76
19 -77
19 -78
19 -78
19 -79
19 -78
19 -79
19 -78
19 -81
19 -82
19 -84
19 -83
19 -81
19 -81
19 -81
19 -82
19 -83
19 -83
19 -82
19 -82
19 -80
19 -78
19 -78
19 -78
19 -78
19 -77
19 -78
19 -78
19 -78
19 -77
19 -78
19 -78
19 -78
19 -81
19 -80
19 -78
19 -80
19 -78
19 -77
19 -75
19 -57
19 -74
19 -75
19 -75
19 -75
19 -75
19 -74
19 -75
19 -75
19 -75
19 -76
19 -75
19 -75
19 -75
19 -74
19 -75
19 -75
19 -75
19 -74
19 -73
19 -73
19 -75
19 -75
19 -67
19 -74
19 -75
19 -75
19 -75
19 -74
19 -76
19 -76
19 -75
19 -75
19 -75
19 -76
19 -76
19 -75
19 -75
19 -75
19 -75
19 -75
19 -75
19 -75
19 -75
19 -75
19 -75
19 -75
19 -75
19 -75
19 -75
19 -75
19 -75
19 -74
19 -74
19 -75
19 -75
19 -75
19 -75
19 -75
19 -75
19 -75
19 -75
19 -76
19 -75
19 -76
19 -76
19 -76
19 -76
19 -75
19 -75
19 -76
19 -76
19 -76
19 -76
19 -75
19 -75
19 -75
19 -74
19 -75
19 -75
19 -75
19 -74
19 -75
19 -75
19 -75
19 -76
19 -75
19 -76
19 -76
19 -76
19 -76
19 -76
19 -76
19 -76
19 -76
19 -76
19 -72
19 -73
19 -76
19 -75
19 -77
19 -76
19 -76
19 -76
19 -76
19 -76
19 -76
19 -76
19 -76
19 -76
19 -75
19 -77
19 -77
19 -77
19 -77
19 -77
19 -77
19 -76
19 -77
19 -76
19 -76
19 -76
19 -76
19 -77
19 -75
19 -76
19 -77
19 -76
19 -77
19 -61
19 -76
19 -76
19 -77
19 -63
19 -76
19 -76
19 -76
19 -76
19 -76
19 -76
19 -75
19 -76
19 -76
19 -76
19 -76
19 -76
19 -76
19 -81
19 -83
19 -85
19 -80
19 -80
19 -72
19 -78
19 -80
19 -80
19 -81
19 -82
19 -83
19 -82
19 -81
19 -81
19 -80
19 -79
19 -80
19 -81
19 -80
19 -80
19 -80
19 -79
19 -78
19 -78
19 -78
19 -78
19 -78
19 -77
19 -77
19 -77
19 -77
19 -78
19 -77
19 -76
19 -57
19 -76
19 -75
19 -75
19 -75
19 -75
19 -75
19 -74
19 -74
19 -74
19 -74
19 -74
19 -74
19 -74
19 -74
19 -74
19 -75
19 -75
19 -74
19 -74
19 -74
19 -74
19 -73
19 -74
19 -74
19 -74
19 -73
19 -74
19 -74
19 -73
19 -73
19 -73
19 -73
19 -74
19 -74
19 -76
19 -76
19 -75
19 -74
19 -74
19 -75
19 -74
19 -75
19 -74
19 -74
19 -73
19 -74
19 -74
19 -75
19 -75
19 -75
19 -75
19 -76
19 -76
19 -76
19 -76
19 -75
19 -74
19 -75
19 -76
19 -75
19 -75
19 -74
19 -73
19 -74
19 -74
19 -73
19 -73
19 -74
19 -74
19 -73
19 -74
19 -73
19 -73
19 -73
19 -72
19 -73
19 -73
19 -67
19 -75
19 -74
19 -75
19 -76
19 -79
19 -81
19 -80
19 -80
19 -79
19 -78
19 -76
19 -76
19 -76
19 -76
19 -75
19 -75
19 -74
19 -74
19 -74
19 -74
19 -73
19 -74
19 -73
19 -73
19 -74
19 -72
19 -73
19 -73
19 -75
19 -72
19 -75
19 -76
19 -76
19 -76
19 -76
19 -76
19 -76
19 -76
19 -75
19 -76
19 -75
19 -72
19 -76
19 -76
19 -76
19 -76
19 -76
19 -76
19 -76
19 -77
19 -76
19 -76
19 -76
19 -76
19 -74
19 -76
19 -76
19 -76
19 -76
19 -76
19 -72
19 -76
19 -76
19 -76
19 -76
19 -76
19 -76
19 -76
19 -76
19 -76
19 -76
19 -74
19 -76
19 -76
19 -76
19 -76
19 -73
19 -76
20 -80
20 -77
20 -78
20 -76
20 -76
20 -80
20 -80
20 -76
20 -75
20 -75
20 -75
20 -75
20 -75
20 -74
20 -74
20 -74
20 -73
20 -73
20 -72
20 -72
20 -71
20 -72
20 -72
20 -72
20 -71
20 -72
20 -72
20 -72
20 -72
20 -72
20 -72
20 -72
20 -73
20 -72
20 -72
20 -73
20 -73
20 -73
20 -73
20 -73
20 -73
20 -73
20 -73
20 -73
20 -74
20 -74
20 -75
20 -75
20 -75
20 -75
20 -75
20 -76
20 -76
20 -75
20 -75
20 -75
20 -73
20 -74
20 -75
20 -75
20 -77
20 -78
20 -77
20 -56
20 -76
20 -76
20 -75
20 -76
20 -76
20 -77
20 -78
20 -80
20 -79
20 -78
20 -77
20 -77
20 -78
20 -78
20 -77
20 -76
20 -78
20 -78
20 -78
20 -79
20 -79
20 -78
20 -78
20 -78
20 -77
20 -78
20 -76
20 -77
20 -76
20 -78
20 -77
20 -77
20 -78
20 -79
20 -80
20 -80
20 -80
20 -78
20 -79
20 -79
20 -79
20 -78
20 -58
20 -78
20 -76
20 -76
20 -75
20 -75
20 -75
20 -76
20 -76
20 -76
20 -76
20 -75
20 -76
20 -76
20 -76
20 -75
20 -76
20 -76
20 -73
20 -76
20 -75
20 -75
20 -75
20 -75
20 -75
20 -73
20 -75
20 -75
20 -75
20 -75
20 -75
20 -75
20 -72
20 -75
20 -75
20 -74
20 -75
20 -75
20 -75
20 -75
20 -75
20 -75
20 -75
20 -76
20 -74
20 -76
20 -76
20 -76
20 -76
20 -76
20 -76
20 -76
20 -76
20 -76
20 -75
20 -75
20 -75
20 -75
20 -74
20 -74
20 -58
20 -75
20 -75
20 -75
20 -75
20 -75
20 -75
20 -75
20 -75
20 -75
20 -75
20 -75
20 -75
20 -76
20 -76
20 -75
20 -76
20 -76
20 -76
20 -77
20 -76
20 -76
20 -76
20 -76
20 -76
20 -74
20 -76
20 -76
20 -76
20 -78
20 -80
20 -79
20 -81
20 -77
20 -79
20 -81
20 -80
20 -81
20 -81
20 -81
20 -80
20 -76
20 -68
20 -80
20 -80
20 -75
20 -80
20 -80
20 -80
20 -80
20 -80
20 -80
20 -80
20 -79
20 -81
20 -81
20 -82
20 -82
20 -81
20 -81
20 -81
20 -81
20 -79
20 -81
20 -80
20 -82
20 -82
20 -80
20 -79
20 -79
20 -76
20 -78
20 -78
20 -78
20 -80
20 -79
20 -79
20 -78
20 -78
20 -78
20 -78
20 -79
20 -71
20 -77
20 -80
20 -80
20 -74
20 -84
20 -83
20 -83
20 -76
20 -54
20 -78
20 -77
20 -79
20 -79
20 -78
20 -78
20 -77
20 -78
20 -78
20 -79
20 -75
20 -73
20 -84
20 -78
20 -78
20 -77
20 -74
20 -76
20 -76
20 -76
20 -70
20 -76
20 -76
20 -76
20 -76
20 -76
20 -76
20 -76
20 -76
20 -77
20 -78
20 -78
20 -78
20 -77
20 -60
20 -78
20 -77
20 -77
20 -77
20 -77
20 -78
20 -78
20 -78
20 -77
20 -78
20 -77
20 -76
20 -77
20 -77
20 -78
20 -78
20 -78
20 -78
20 -78
20 -78
20 -78
20 -78
20 -77
20 -78
20 -78
20 -78
20 -79
20 -79
20 -80
20 -79
20 -79
21 -78
21 -79
21 -83
21 -79
21 -78
21 -79
21 -82
21 -83
21 -81
21 -81
21 -82
21 -80
21 -80
21 -80
21 -81
21 -81
21 -81
21 -83
21 -84
21 -83
21 -80
21 -78
21 -78
21 -78
21 -83
21 -82
21 -79
21 -66
21 -82
21 -79
21 -78
21 -85
21 -86
21 -83
21 -81
21 -80
21 -79
21 -79
21 -78
21 -77
21 -78
21 -76
21 -76
21 -77
21 -77
21 -78
21 -78
21 -78
21 -79
21 -80
21 -82
21 -83
21 -83
21 -81
21 -82
21 -78
21 -82
21 -80
21 -78
21 -78
21 -78
21 -81
21 -82
21 -82
21 -81
21 -81
21 -81
21 -80
21 -81
21 -52
22 -84
22 -65
22 -82
22 -83
22 -83
22 -83
22 -83
22 -85
22 -87
22 -86
22 -84
22 -73
22 -84
22 -83
22 -84
22 -85
22 -84
22 -81
22 -80
22 -80
22 -80
22 -80
22 -81
22 -76
22 -80
22 -81
22 -81
22 -82
22 -83
22 -83
22 -82
22 -81
22 -82
22 -82
22 -82
22 -82
22 -80
22 -59
22 -78
22 -82
22 -83
22 -82
22 -82
22 -83
22 -82
22 -82
22 -82
22 -82
22 -82
22 -82
22 -82
22 -83
22 -82
22 -82
22 -82
22 -82
22 -78
22 -82
22 -82
22 -77
22 -82
22 -82
22 -83
22 -82
22 -82
22 -82
22 -82
22 -82
22 -82
22 -82
22 -80
22 -81
22 -82
22 -82
22 -82
22 -82
22 -82
22 -83
22 -84
22 -84
22 -81
22 -82
22 -81
22 -81
22 -80
22 -79
22 -80
22 -81
22 -81
22 -81
22 -81
22 -81
22 -82
22 -86
22 -84
22 -84
22 -83
22 -80
22 -83
22 -82
22 -81
22 -81
22 -79
22 -82
22 -82
22 -82
22 -83
22 -82
22 -82
22 -82
22 -81
22 -81
22 -82
22 -81
22 -81
22 -82
22 -82
22 -81
22 -81
22 -80
22 -81
22 -80
22 -81
22 -80
22 -80
22 -80
22 -80
22 -81
22 -81
22 -82
22 -81
22 -81
22 -80
22 -80
22 -80
22 -79
22 -80
22 -79
22 -81
22 -80
22 -80
22 -80
22 -81
22 -80
22 -81
22 -80
22 -81
22 -80
22 -81
22 -76
22 -82
22 -82
22 -83
22 -80
22 -79
22 -83
22 -83
22 -82
22 -82
22 -82
22 -81
22 -82
22 -73
22 -83
22 -81
22 -82
22 -83
22 -82
22 -83
22 -83
22 -82
22 -82
22 -82
22 -82
22 -81
22 -83
22 -83
22 -82
22 -82
22 -81
22 -82
22 -82
22 -82
22 -82
22 -82
22 -83
22 -82
22 -82
22 -82
22 -83
22 -82
22 -82
22 -82
22 -83
22 -83
22 -82
22 -82
23 -78
23 -83
23 -83
23 -79
23 -76
23 -75
23 -74
23 -74
23 -79
23 -77
23 -77
23 -77
23 -78
23 -78
23 -78
23 -78
23 -78
23 -78
23 -78
23 -77
23 -78
23 -77
23 -77
23 -78
23 -77
23 -77
23 -70
23 -77
23 -77
23 -78
23 -78
23 -78
23 -78
23 -78
23 -78
23 -77
23 -79
23 -75
23 -80
23 -80
23 -79
23 -79
23 -78
23 -80
23 -80
23 -81
23 -83
23 -82
23 -79
23 -80
23 -78
23 -80
23 -79
23 -78
23 -78
23 -78
23 -79
23 -80
23 -81
23 -81
23 -80
23 -82
23 -82
23 -82
23 -82
23 -82
23 -82
23 -81
23 -81
23 -77
23 -80
23 -80
23 -81
23 -81
23 -80
23 -80
23 -80
23 -80
23 -81
23 -81
23 -82
23 -81
23 -81
23 -82
23 -82
23 -82
23 -81
23 -80
23 -81
23 -79
23 -80
23 -79
23 -78
23 -77
23 -78
23 -78
23 -78
23 -78
23 -78
23 -78
23 -78
23 -78
23 -78
23 -78
23 -78
23 -78
23 -78
23 -78
23 -78
23 -78
23 -78
23 -78
23 -78
23 -78
23 -78
23 -78
23 -78
23 -78
23 -78
23 -76
23 -77
23 -77
23 -77
23 -77
23 -78
23 -77
23 -77
23 -76
23 -73
23 -77
23 -78
23 -78
23 -77
23 -78
23 -77
23 -78
23 -78
23 -77
23 -78
23 -77
23 -76
23 -76
23 -77
23 -77
23 -77
23 -77
23 -76
23 -77
23 -72
23 -77
23 -76
23 -76
23 -77
23 -77
23 -76
23 -77
23 -77
23 -78
23 -78
23 -78
23 -78
23 -79
23 -78
23 -79
23 -78
23 -78
23 -78
23 -81
23 -76
23 -76
23 -76
23 -75
23 -74
23 -75
23 -75
23 -78
23 -78
23 -78
23 -78
23 -79
23 -79
23 -80
23 -78
23 -80
23 -84
23 -84
23 -83
23 -84
23 -81
23 -76
23 -78
23 -82
23 -83
23 -83
23 -84
23 -85
23 -84
23 -85
23 -83
23 -82
23 -83
24 -82
24 -84
24 -83
24 -85
24 -85
24 -84
24 -78
24 -83
24 -83
24 -82
24 -86
24 -84
24 -83
24 -82
24 -82
24 -82
24 -82
24 -78
24 -82
24 -82
24 -79
24 -82
24 -82
24 -82
24 -83
24 -83
24 -83
24 -83
24 -83
24 -83
24 -83
24 -83
24 -81
24 -82
24 -77
24 -82
24 -76
24 -82
24 -82
24 -83
24 -83
24 -83
24 -82
24 -83
24 -83
24 -79
24 -83
24 -83
24 -82
24 -81
24 -78
24 -81
24 -81
24 -81
24 -81
24 -81
24 -82
24 -78
24 -81
24 -82
24 -81
24 -81
24 -66
24 -81
24 -81
24 -81
24 -81
24 -82
24 -77
24 -75
24 -81
24 -81
24 -82
24 -81
24 -81
24 -81
24 -81
24 -81
24 -81
24 -74
24 -82
24 -81
24 -81
24 -83
24 -83
24 -84
24 -83
24 -84
24 -86
24 -83
24 -82
24 -81
24 -81
24 -83
24 -83
24 -83
24 -83
24 -83
24 -84
24 -84
24 -83
24 -84
24 -84
24 -84
24 -84
24 -85
24 -84
24 -84
24 -83
24 -82
24 -86
24 -85
24 -44
24 -87
25 -82
25 -82
25 -81
25 -81
25 -79
25 -78
25 -80
25 -78
25 -78
25 -78
25 -78
25 -79
25 -63
25 -78
25 -78
25 -78
25 -77
25 -78
25 -78
25 -78
25 -78
25 -78
25 -78
25 -78
25 -78
25 -78
25 -63
25 -78
25 -79
25 -79
25 -79
25 -78
25 -79
25 -79
25 -80
25 -80
25 -82
25 -82
25 -82
25 -82
25 -80
25 -82
25 -82
25 -83
25 -80
25 -79
25 -79
25 -78
25 -79
25 -74
25 -79
25 -76
25 -79
25 -79
25 -80
25 -79
25 -79
25 -79
25 -79
25 -77
25 -75
25 -80
25 -80
25 -81
25 -81
25 -80
25 -81
25 -81
25 -81
25 -81
25 -80
25 -80
25 -79
25 -80
25 -79
25 -81
25 -80
25 -81
25 -63
25 -81
25 -80
25 -81
25 -74
25 -77
25 -81
25 -79
25 -78
25 -78
25 -78
25 -78
25 -79
25 -78
25 -74
25 -79
25 -78
25 -79
25 -79
25 -79
25 -78
25 -78
25 -79
25 -78
25 -78
25 -78
25 -78
25 -78
25 -78
25 -77
25 -77
25 -78
25 -76
25 -77
25 -77
25 -78
25 -77
25 -78
25 -77
25 -77
25 -78
25 -78
25 -78
25 -78
25 -78
25 -78
25 -77
25 -78
25 -78
25 -75
25 -78
25 -78
25 -78
25 -78
25 -78
25 -78
25 -78
25 -78
25 -79
25 -78
25 -62
25 -78
25 -77
25 -77
25 -77
25 -78
25 -77
25 -78
25 -78
25 -78
25 -78
25 -78
25 -79
25 -79
25 -78
25 -78
25 -79
25 -79
25 -81
25 -82
25 -84
25 -81
25 -80
25 -83
25 -82
25 -82
25 -82
25 -82
25 -84
25 -82
25 -83
25 -84
25 -85
25 -85
25 -81
25 -84
25 -85
25 -84
25 -84
25 -84
26 -79
26 -79
26 -78
26 -78
26 -78
26 -76
26 -78
26 -78
26 -78
26 -78
26 -77
26 -76
26 -78
26 -78
26 -78
26 -78
26 -78
26 -78
26 -77
26 -78
26 -78
26 -79
26 -79
26 -79
26 -79
26 -79
26 -80
26 -81
26 -81
26 -81
26 -81
26 -81
26 -81
26 -81
26 -80
26 -81
26 -81
26 -79
26 -80
26 -81
26 -80
26 -81
26 -86
26 -83
26 -83
26 -85
26 -83
26 -80
26 -81
26 -80
26 -79
26 -72
26 -79
26 -74
26 -78
26 -76
26 -72
26 -78
26 -77
26 -78
26 -71
26 -78
26 -78
26 -76
26 -77
26 -78
26 -78
26 -77
26 -78
26 -78
26 -77
26 -77
26 -75
26 -78
26 -78
26 -78
26 -78
26 -77
26 -77
26 -77
26 -77
26 -77
26 -76
26 -77
26 -77
26 -77
26 -77
26 -76
26 -76
26 -77
26 -77
26 -77
26 -77
26 -76
26 -78
26 -78
26 -77
26 -78
26 -78
26 -78
26 -78
26 -78
26 -77
26 -78
26 -79
26 -78
26 -78
26 -78
26 -78
26 -78
26 -78
26 -79
26 -79
26 -77
26 -77
26 -80
26 -79
26 -78
26 -78
26 -76
26 -79
26 -79
26 -78
26 -78
26 -78
26 -78
26 -78
26 -79
26 -78
26 -79
26 -77
26 -78
26 -78
26 -78
26 -78
26 -78
26 -78
26 -78
26 -77
26 -78
26 -78
26 -78
26 -79
26 -79
26 -78
26 -78
26 -79
26 -80
26 -79
26 -79
26 -80
26 -79
26 -78
26 -80
26 -79
26 -79
26 -79
26 -80
26 -79
26 -79
26 -79
26 -80
26 -79
26 -80
26 -80
26 -80
26 -79
26 -79
26 -79
26 -78
26 -78
26 -78
26 -78
26 -79
26 -80
26 -82
26 -83
26 -77
26 -77
26 -81
26 -80
26 -81
26 -81
26 -81
26 -81
26 -80
26 -80
26 -77
26 -79
26 -80
26 -81
26 -79
26 -80
26 -80
26 -78
26 -78
26 -78
26 -78
26 -79
26 -78
26 -78
26 -78
26 -78
26 -78
26 -78
26 -77
26 -78
26 -78
26 -77
26 -78
26 -77
26 -78
26 -76
26 -78
26 -78
26 -77
26 -77
26 -77
26 -78
26 -76
26 -78
26 -78
26 -78
26 -78
26 -77
26 -78
26 -78
26 -77
26 -78
26 -77
26 -78
26 -77
26 -78
26 -78
26 -78
26 -77
26 -77
26 -78
26 -78
26 -75
26 -78
26 -78
26 -78
26 -78
26 -77
26 -77
26 -77
26 -77
26 -77
26 -76
26 -77
26 -77
26 -76
26 -78
26 -78
26 -60
26 -78
26 -78
26 -77
26 -78
26 -78
26 -78
26 -79
26 -79
26 -79
26 -78
26 -78
26 -78
26 -78
26 -78
26 -79
26 -79
26 -78
26 -78
26 -78
26 -73
26 -78
26 -80
26 -80
26 -80
26 -79
26 -64
26 -78
26 -78
26 -78
26 -78
26 -78
26 -78
26 -78
26 -78
26 -77
26 -78
26 -78
26 -78
26 -78
26 -78
26 -78
26 -71
26 -78
26 -79
26 -78
26 -78
26 -78
26 -78
26 -79
26 -78
26 -75
26 -80
26 -79
26 -80
26 -80
26 -80
26 -80
26 -80
26 -80
26 -80
26 -80
26 -80
26 -81
26 -81
26 -81
26 -81
26 -79
26 -80
26 -80
26 -79
26 -74
26 -79
26 -80
26 -79
27 -76
27 -79
27 -81
27 -82
27 -83
27 -83
27 -82
27 -82
27 -67
27 -86
27 -85
27 -77
27 -86
27 -84
27 -86
27 -87
27 -83
27 -84
27 -85
27 -85
27 -85
27 -85
27 -84
27 -84
27 -84
27 -84
27 -84
27 -83
27 -83
27 -82
27 -83
27 -83
27 -83
27 -81
27 -82
27 -83
27 -83
27 -70
27 -71
27 -82
27 -80
27 -83
27 -68
27 -80
27 -79
27 -82
27 -75
27 -84
27 -71
27 -84
27 -84
27 -84
27 -80
27 -80
27 -82
27 -80
27 -78
27 -79
27 -79
27 -78
27 -79
27 -79
27 -81
27 -81
27 -81
27 -81
27 -83
27 -79
27 -81
27 -80
27 -73
27 -81
27 -81
27 -81
27 -82
27 -82
27 -82
27 -83
27 -82
27 -82
27 -81
27 -82
27 -82
27 -82
27 -82
27 -82
27 -82
27 -82
27 -83
27 -82
27 -83
27 -82
27 -72
27 -82
27 -82
27 -82
27 -82
27 -82
27 -82
27 -82
27 -82
27 -82
27 -83
27 -83
28 -84
28 -86
28 -82
28 -81
28 -82
28 -82
28 -82
28 -81
28 -81
28 -81
28 -81
28 -84
28 -83
28 -83
28 -84
28 -82
28 -81
28 -81
28 -82
28 -81
28 -85
28 -81
28 -87
28 -85
28 -84
28 -84
28 -83
28 -84
28 -86
28 -83
28 -83
28 -82
28 -84
28 -84
28 -83
28 -77
28 -82
28 -82
28 -82
28 -73
28 -82
28 -82
28 -82
28 -82
28 -82
28 -83
28 -83
28 -80
28 -82
28 -81
28 -83
28 -82
28 -82
28 -77
28 -80
28 -80
28 -80
28 -81
28 -80
28 -81
28 -76
28 -79
28 -80
28 -79
28 -79
28 -80
28 -80
28 -80
28 -81
28 -80
28 -81
28 -81
28 -81
28 -82
28 -73
28 -84
28 -83
28 -78
28 -83
28 -83
28 -82
28 -83
28 -84
28 -82
28 -82
28 -84
28 -83
28 -83
28 -85
28 -85
28 -84
28 -84
28 -84
28 -84
28 -84
28 -83
28 -84
28 -82
29 -80
29 -84
29 -84
29 -85
29 -83
29 -83
29 -84
29 -83
29 -84
29 -84
29 -85
29 -74
29 -84
29 -83
29 -83
29 -83
29 -83
29 -84
29 -79
29 -85
29 -83
29 -84
29 -84
29 -84
29 -76
29 -86
29 -78
29 -83
29 -83
29 -85
29 -83
29 -82
29 -86
29 -83
29 -78
29 -78
29 -76
29 -76
29 -76
29 -76
29 -75
29 -75
29 -76
29 -76
29 -71
29 -78
29 -77
29 -78
29 -78
29 -78
29 -78
29 -78
29 -78
29 -78
29 -78
29 -79
29 -78
29 -78
29 -78
29 -78
29 -79
29 -78
29 -78
29 -78
29 -78
29 -78
29 -78
29 -79
29 -79
29 -79
29 -79
29 -80
29 -81
29 -70
29 -80
29 -80
29 -81
29 -81
29 -83
29 -81
29 -82
29 -83
29 -82
29 -81
29 -83
29 -84
29 -84
29 -84
29 -85
30 -78
30 -79
30 -78
30 -78
30 -79
30 -78
30 -78
30 -79
30 -78
30 -78
30 -79
30 -79
30 -79
30 -80
30 -81
30 -82
30 -82
30 -81
30 -81
30 -68
30 -82
30 -82
30 -81
30 -76
30 -79
30 -80
30 -81
30 -81
30 -82
30 -81
30 -81
30 -80
30 -81
30 -81
30 -76
30 -80
30 -80
30 -80
30 -80
30 -80
30 -82
30 -76
30 -82
30 -84
30 -83
30 -69
30 -59
30 -82
30 -75
30 -78
30 -77
30 -77
30 -76
30 -80
30 -79
30 -76
30 -78
30 -76
30 -77
30 -80
30 -79
30 -78
30 -78
30 -78
30 -78
30 -75
30 -76
30 -76
30 -76
30 -76
30 -76
30 -76
30 -76
30 -76
30 -76
30 -76
30 -78
30 -78
30 -74
30 -78
30 -78
30 -77
30 -79
30 -78
30 -78
30 -78
30 -76
30 -76
30 -76
30 -76
30 -76
30 -76
30 -76
30 -76
30 -76
30 -77
30 -78
30 -73
30 -78
30 -78
30 -78
30 -78
30 -78
30 -78
30 -77
30 -77
30 -78
30 -78
30 -78
30 -78
30 -76
30 -78
30 -78
30 -78
30 -79
30 -79
30 -79
30 -80
30 -81
30 -81
30 -82
30 -82
30 -81
30 -81
30 -82
30 -80
30 -79
30 -79
30 -78
30 -78
30 -78
30 -78
30 -78
30 -78
30 -78
30 -78
30 -78
30 -79
30 -80
30 -81
30 -81
30 -81
30 -81
30 -82
30 -79
30 -77
30 -80
30 -79
30 -80
30 -80
30 -80
30 -81
30 -81
30 -82
30 -83
30 -83
30 -81
30 -81
30 -82
30 -81
30 -80
30 -78
30 -78
30 -78
30 -83
30 -84
30 -81
30 -79
30 -73
30 -78
30 -78
30 -78
30 -79
30 -79
30 -79
30 -79
30 -79
30 -80
30 -80
30 -79
30 -77
30 -78
30 -73
30 -79
30 -78
30 -79
30 -78
30 -78
30 -78
30 -78
30 -77
30 -76
30 -77
30 -77
30 -77
30 -77
30 -77
30 -76
30 -77
30 -76
30 -76
30 -76
30 -76
30 -76
30 -76
30 -76
30 -76
30 -76
30 -76
30 -76
30 -76
30 -76
30 -76
30 -76
30 -76
30 -76
30 -76
30 -77
30 -76
30 -76
30 -76
30 -76
30 -76
30 -76
30 -77
30 -77
30 -76
30 -77
30 -76
30 -77
30 -77
30 -77
30 -77
30 -78
30 -78
30 -78
30 -78
30 -77
30 -77
30 -77
30 -77
30 -77
30 -77
30 -77
30 -77
30 -77
30 -77
30 -78
30 -78
30 -78
30 -78
30 -78
30 -78
30 -78
30 -78
30 -78
30 -77
30 -78
30 -78
30 -78
30 -76
30 -76
30 -76
30 -78
30 -78
30 -77
30 -76
30 -77
30 -77
30 -76
30 -78
30 -77
30 -76
30 -76
30 -76
30 -76
30 -76
30 -76
30 -76
30 -76
30 -77
30 -76
30 -76
30 -77
30 -77
30 -78
30 -77
30 -76
30 -78
30 -77
30 -76
30 -77
30 -76
30 -78
30 -78
30 -74
30 -77
30 -77
30 -77
30 -77
30 -77
30 -76
30 -76
30 -77
30 -77
30 -77
30 -76
30 -76
30 -76
30 -77
30 -77
30 -76
30 -76
30 -76
30 -77
30 -76
30 -77
30 -76
30 -76
30 -76
30 -76
30 -76
30 -77
30 -77
30 -77
30 -78
30 -78
30 -77
30 -77
30 -77
30 -77
30 -76
30 -76
30 -77
30 -76
30 -77
30 -78
30 -78
30 -77
31 -79
31 -78
31 -79
31 -78
31 -79
31 -77
31 -78
31 -76
31 -78
31 -79
31 -80
31 -80
31 -77
31 -77
31 -78
31 -79
31 -78
31 -78
31 -79
31 -79
31 -79
31 -73
31 -80
31 -81
31 -82
31 -74
31 -80
31 -80
31 -80
31 -79
31 -79
31 -79
31 -79
31 -78
31 -78
31 -78
31 -78
31 -78
31 -77
31 -76
31 -73
31 -75
31 -76
31 -76
31 -76
31 -76
31 -76
31 -76
31 -76
31 -76
31 -76
31 -76
31 -75
31 -74
31 -74
31 -75
31 -76
31 -76
31 -76
31 -78
31 -77
31 -77
31 -77
31 -77
31 -76
31 -78
31 -78
31 -79
31 -80
31 -80
31 -73
31 -81
31 -58
31 -81
31 -78
31 -78
31 -78
31 -78
31 -78
31 -78
31 -78
31 -78
31 -78
31 -78
31 -78
31 -77
31 -77
31 -77
31 -77
31 -78
31 -77
31 -76
31 -77
31 -77
31 -78
31 -77
31 -78
31 -78
31 -78
31 -78
31 -79
31 -74
31 -78
31 -78
31 -79
31 -79
31 -78
31 -78
31 -78
31 -78
31 -78
31 -79
31 -80
31 -79
31 -79
31 -80
31 -79
31 -77
31 -80
31 -80
31 -80
31 -81
31 -80
31 -79
31 -80
31 -78
31 -79
31 -79
31 -78
31 -78
31 -78
31 -78
31 -78
31 -78
31 -78
31 -78
31 -80
31 -81
31 -80
31 -82
31 -82
31 -82
31 -82
31 -82
31 -73
31 -81
31 -81
31 -81
31 -80
31 -78
31 -80
31 -79
31 -79
31 -80
31 -80
31 -78
31 -78
31 -77
31 -77
31 -77
31 -78
31 -77
31 -72
31 -74
31 -69
31 -76
31 -79
31 -82
31 -80
31 -79
31 -78
31 -77
31 -77
31 -77
31 -76
31 -75
31 -76
31 -76
31 -76
31 -76
31 -76
31 -75
31 -75
31 -75
31 -75
31 -75
31 -76
31 -76
31 -75
31 -75
31 -75
31 -76
31 -76
31 -76
31 -76
31 -75
31 -74
31 -74
31 -74
31 -74
31 -73
31 -72
31 -73
31 -73
31 -73
31 -74
31 -73
31 -73
31 -72
31 -73
31 -72
31 -72
31 -72
31 -73
31 -73
31 -72
31 -73
31 -73
31 -73
31 -73
31 -73
31 -73
31 -73
31 -72
31 -72
31 -76
31 -76
31 -76
31 -73
31 -73
31 -72
31 -72
31 -71
31 -73
31 -73
31 -73
31 -74
31 -74
31 -74
31 -70
31 -74
31 -73
31 -75
31 -75
31 -75
31 -71
31 -75
31 -76
31 -75
31 -73
31 -73
31 -73
31 -74
31 -74
31 -77
31 -77
31 -77
31 -77
31 -77
31 -76
31 -76
31 -76
31 -76
31 -75
31 -75
31 -75
31 -74
31 -73
31 -73
31 -75
31 -74
31 -73
31 -76
31 -75
31 -75
31 -76
31 -77
31 -76
31 -75
31 -74
31 -74
31 -75
31 -76
31 -76
31 -76
31 -75
31 -75
31 -75
31 -74
31 -74
31 -74
31 -73
31 -74
31 -73
31 -73
31 -73
31 -70
31 -72
31 -72
31 -72
31 -73
31 -74
31 -74
31 -75
31 -74
31 -69
31 -74
31 -74
31 -74
31 -74
31 -74
31 -74
31 -74
31 -74
31 -73
31 -74
31 -74
31 -73
31 -73
31 -73
31 -73
31 -73
31 -74
31 -73
31 -73
31 -73
31 -73
31 -74
31 -72
31 -73
31 -73
31 -73
31 -74
31 -73
31 -73
31 -73
31 -65
31 -73
31 -73
31 -73
31 -74
31 -73
31 -73
31 -73
31 -74
31 -74
31 -74
31 -74
31 -74
31 -74
31 -74
31 -74
31 -73
31 -73
31 -73
31 -73
31 -73
31 -74
31 -73
31 -73
31 -73
31 -73
31 -73
31 -73
31 -73
31 -74
31 -73
32 -76
32 -76
32 -72
32 -76
32 -78
32 -76
32 -78
32 -78
32 -77
32 -76
32 -78
32 -76
32 -76
32 -75
32 -76
32 -76
32 -76
32 -76
32 -78
32 -72
32 -78
32 -78
32 -78
32 -80
32 -80
32 -80
32 -80
32 -81
32 -79
32 -79
32 -80
32 -82
32 -82
32 -74
32 -82
32 -80
32 -80
32 -79
32 -76
32 -77
32 -84
32 -83
32 -83
32 -84
32 -83
32 -85
32 -84
32 -83
32 -84
32 -83
32 -83
32 -81
32 -82
32 -80
32 -81
32 -81
32 -82
32 -82
32 -81
32 -82
32 -83
32 -83
32 -83
32 -84
32 -83
32 -83
32 -77
32 -83
32 -81
32 -80
32 -80
32 -82
32 -82
32 -82
32 -82
32 -82
32 -82
32 -82
32 -78
32 -82
32 -81
32 -81
32 -81
32 -80
32 -80
32 -80
32 -80
32 -81
32 -80
32 -82
32 -81
32 -81
32 -81
32 -82
32 -82
32 -81
32 -81
32 -82
32 -82
32 -82
32 -82
32 -82
32 -82
32 -82
32 -58
32 -83
32 -84
32 -83
32 -78
32 -82
32 -82
32 -82
32 -81
32 -81
32 -83
32 -82
32 -80
32 -81
32 -82
32 -78
32 -83
32 -82
32 -81
32 -84
33 -78
33 -84
33 -87
33 -87
34 -82
34 -80
34 -82
34 -81
34 -82
34 -88
34 -84
34 -85
34 -87
34 -82
34 -84
34 -83
34 -87
34 -79
34 -85
34 -78
34 -75
34 -84
34 -84
34 -84
34 -83
34 -84
34 -85
34 -85
34 -84
34 -84
34 -83
34 -82
34 -81
34 -81
34 -81
34 -81
34 -82
34 -82
34 -81
34 -81
34 -81
34 -82
34 -81
34 -82
34 -82
34 -81
34 -83
34 -83
34 -83
35 -85
35 -86
35 -86
35 -71
35 -86
35 -85
35 -71
35 -76
36 -85
36 -84
36 -75
36 -84
36 -85
36 -87
36 -85
36 -84
36 -84
36 -87
36 -85
36 -84
36 -85
36 -81
36 -85
36 -87
36 -85
36 -84
36 -86
36 -85
36 -86
38 -83
38 -86
38 -84
38 -84
38 -80
38 -84
38 -82
38 -78
38 -75
38 -86
38 -84
38 -81
38 -83
38 -86
38 -84
38 -83
38 -85
38 -76
38 -83
38 -82
38 -79
38 -81
38 -81
38 -84
40 -69
40 -69
40 -69
40 -69
40 -70
40 -69
40 -68
40 -68
40 -68
40 -68
40 -66
40 -66
40 -66
40 -66
40 -67
40 -67
40 -66
40 -69
40 -68
40 -68
40 -67
40 -66
40 -67
40 -68
40 -69
40 -69
40 -68
40 -65
40 -70
40 -70
40 -71
40 -72
40 -73
40 -74
40 -75
40 -74
40 -74
40 -74
40 -74
40 -74
40 -73
40 -74
40 -74
40 -74
40 -75
40 -69
40 -75
40 -74
40 -74
40 -73
40 -72
40 -73
40 -74
40 -73
40 -72
40 -71
40 -72
40 -68
40 -72
40 -72
40 -70
40 -70
40 -70
40 -69
40 -69
40 -69
40 -67
40 -70
40 -70
40 -72
40 -75
40 -77
40 -79
40 -76
40 -76
40 -73
40 -71
40 -70
40 -71
40 -72
40 -72
40 -73
40 -74
40 -75
40 -76
40 -75
40 -73
40 -76
40 -76
40 -76
40 -76
40 -76
40 -76
40 -76
40 -76
40 -77
40 -77
40 -77
40 -77
40 -78
40 -78
40 -78
40 -78
40 -78
40 -78
40 -78
40 -77
40 -76
40 -77
40 -76
40 -76
40 -76
40 -75
40 -74
40 -75
40 -75
40 -74
40 -74
40 -74
40 -74
40 -75
40 -74
40 -73
40 -74
40 -74
40 -74
40 -73
40 -73
40 -74
40 -74
40 -75
40 -76
40 -76
40 -76
40 -76
40 -76
40 -76
40 -75
40 -74
40 -74
40 -74
40 -74
40 -75
40 -75
40 -74
40 -74
40 -74
40 -74
40 -73
40 -74
40 -74
40 -74
40 -74
40 -72
40 -74
40 -74
40 -74
40 -74
40 -74
40 -74
40 -72
40 -72
40 -71
40 -71
40 -71
40 -71
40 -71
40 -72
40 -72
40 -73
40 -72
40 -73
40 -74
40 -74
40 -75
40 -75
40 -76
40 -77
40 -77
40 -78
40 -78
40 -77
40 -78
40 -77
40 -68
40 -76
40 -76
40 -76
40 -76
40 -75
40 -75
40 -75
40 -75
40 -74
40 -74
40 -74
40 -74
40 -74
40 -74
40 -73
40 -72
40 -68
40 -72
40 -72
40 -70
40 -69
40 -67
40 -67
40 -68
40 -69
40 -68
40 -69
40 -70
40 -69
40 -69
40 -69
40 -69
40 -69
40 -69
40 -69
40 -69
40 -69
40 -69
40 -69
40 -69
40 -69
40 -69
40 -69
40 -69
40 -69
40 -69
40 -67
40 -69
40 -69
40 -69
40 -60
40 -69
40 -69
40 -69
40 -70
40 -70
40 -70
40 -70
40 -70
40 -70
40 -70
40 -70
40 -70
40 -70
40 -70
40 -64
40 -70
40 -70
40 -70
40 -70
40 -70
40 -70
40 -70
40 -70
40 -70
40 -70
40 -70
40 -70
40 -71
40 -71
40 -70
40 -70
40 -70
40 -70
40 -71
40 -70
40 -69
40 -69
40 -69
40 -69
40 -69
40 -69
40 -69
40 -69
40 -69
40 -69
40 -68
40 -68
40 -67
40 -70
40 -69
40 -70
40 -69
40 -68
40 -69
40 -70
40 -69
40 -69
40 -69
40 -69
40 -69
40 -70
40 -69
40 -70
40 -69
40 -70
40 -69
40 -69
40 -69
40 -69
40 -69
40 -69
40 -70
40 -70
40 -70
40 -70
40 -70
40 -70
40 -68
40 -68
40 -69
40 -68
40 -69
40 -66
40 -68
40 -69
40 -69
40 -70
40 -70
40 -70
40 -71
40 -71
40 -71
40 -72
40 -72
40 -72
40 -72
40 -71
40 -71
40 -71
40 -70
40 -71
40 -70
40 -70
40 -70
40 -70
40 -69
40 -69
40 -70
40 -70
40 -77
40 -69
40 -69
40 -70
40 -70
40 -70
40 -70
40 -70
40 -70
40 -70
40 -71
40 -71
40 -71
40 -72
40 -72
40 -72
40 -72
40 -72
40 -72
40 -72
40 -72
40 -72
40 -72
40 -72
40 -73
40 -72
40 -62
40 -72
40 -72
40 -73
40 -73
40 -73
40 -73
40 -72
40 -73
40 -72
40 -72
40 -72
40 -72
40 -73
40 -74
40 -74
40 -74
40 -74
40 -74
40 -74
40 -75
40 -75
40 -75
40 -75
40 -75
40 -74
40 -74
40 -75
40 -74
40 -73
40 -72
40 -70
40 -72
40 -72
40 -72
40 -71
40 -72
40 -72
40 -73
40 -72
41 -75
41 -75
41 -75
41 -75
41 -75
41 -75
41 -75
41 -75
41 -72
41 -73
41 -73
41 -72
41 -70
41 -71
41 -72
41 -76
41 -73
41 -76
41 -76
41 -75
41 -76
41 -76
41 -78
41 -78
41 -77
41 -74
41 -78
41 -80
41 -81
41 -82
41 -80
41 -81
41 -82
41 -83
41 -82
41 -81
41 -81
41 -74
41 -72
41 -77
41 -74
41 -78
41 -77
41 -76
41 -76
41 -75
41 -76
41 -75
41 -74
41 -73
41 -73
41 -74
41 -74
41 -74
41 -73
41 -74
41 -73
41 -72
41 -72
41 -74
41 -79
41 -82
41 -85
41 -82
41 -78
41 -78
41 -77
41 -76
41 -77
41 -76
41 -76
41 -76
41 -76
41 -76
41 -77
41 -77
41 -79
41 -82
41 -83
41 -81
41 -80
41 -78
41 -78
41 -78
41 -79
41 -81
41 -82
41 -83
41 -83
41 -82
41 -81
41 -81
41 -82
41 -81
41 -81
41 -81
41 -81
41 -81
41 -81
41 -81
41 -81
41 -81
41 -80
41 -77
41 -79
41 -79
41 -78
41 -79
41 -79
41 -72
41 -80
41 -79
41 -79
41 -80
41 -79
41 -71
41 -78
41 -79
41 -79
41 -79
41 -78
41 -79
41 -82
41 -83
41 -82
41 -81
41 -79
41 -78
41 -78
41 -76
41 -76
41 -76
41 -75
41 -64
41 -74
41 -74
41 -74
41 -74
41 -74
41 -74
41 -74
41 -73
41 -74
41 -74
41 -73
41 -75
41 -76
41 -80
41 -78
41 -78
41 -61
41 -76
41 -76
41 -76
41 -75
41 -76
41 -76
41 -76
41 -76
41 -76
41 -68
41 -76
41 -76
41 -76
41 -74
41 -74
41 -73
41 -74
41 -73
41 -73
41 -74
41 -74
41 -74
41 -74
41 -74
41 -73
41 -72
41 -72
41 -72
41 -72
41 -72
41 -71
41 -71
41 -70
41 -70
41 -70
41 -67
41 -70
41 -70
41 -70
41 -70
41 -68
41 -70
41 -70
41 -70
41 -70
41 -70
41 -71
41 -70
41 -71
41 -70
41 -70
41 -70
41 -70
41 -71
41 -72
41 -71
41 -70
41 -70
41 -71
41 -71
41 -71
41 -71
41 -71
41 -71
41 -71
41 -71
41 -71
41 -72
41 -72
41 -72
41 -71
41 -72
41 -72
41 -72
41 -72
41 -74
41 -72
41 -72
41 -73
41 -72
41 -73
41 -73
41 -73
41 -73
41 -72
41 -72
41 -73
41 -72
41 -72
41 -72
41 -72
41 -72
41 -71
41 -71
41 -72
41 -72
41 -72
41 -72
41 -72
41 -75
41 -74
41 -72
41 -72
41 -72
41 -72
41 -72
41 -72
41 -72
41 -72
41 -72
41 -74
41 -74
41 -73
41 -72
41 -72
41 -72
41 -72
41 -72
41 -72
41 -72
41 -72
41 -71
41 -71
41 -72
41 -71
41 -72
41 -72
41 -72
41 -71
41 -72
41 -72
41 -72
41 -72
41 -72
41 -71
41 -72
41 -71
41 -71
41 -71
41 -71
41 -70
41 -70
41 -70
41 -71
41 -71
41 -71
41 -71
41 -71
41 -71
41 -71
41 -71
41 -71
41 -72
41 -72
41 -71
41 -71
41 -72
41 -72
41 -72
41 -72
41 -72
41 -72
41 -72
41 -72
41 -72
41 -72
41 -72
41 -72
41 -72
41 -72
41 -72
41 -72
41 -72
41 -72
41 -72
41 -72
41 -72
41 -72
41 -72
41 -72
41 -72
41 -72
41 -71
41 -71
41 -70
41 -71
41 -71
41 -71
41 -71
41 -71
41 -71
41 -72
42 -74
42 -74
42 -74
42 -73
42 -72
42 -72
42 -73
42 -74
42 -75
42 -73
42 -72
42 -71
42 -71
42 -72
42 -71
42 -71
42 -70
42 -70
42 -70
42 -72
42 -72
42 -72
42 -72
42 -74
42 -74
42 -74
42 -74
42 -74
42 -75
42 -75
42 -76
42 -75
42 -73
42 -76
42 -76
42 -76
42 -76
42 -76
42 -76
42 -76
42 -74
42 -73
42 -74
42 -73
42 -73
42 -74
42 -73
42 -74
42 -74
42 -75
42 -76
42 -75
42 -75
42 -75
42 -75
42 -75
42 -76
42 -78
42 -76
42 -76
42 -74
42 -73
42 -70
42 -72
42 -71
42 -72
42 -76
42 -80
42 -77
42 -76
42 -76
42 -75
42 -73
42 -71
42 -71
42 -60
42 -70
42 -71
42 -66
42 -71
42 -71
42 -72
42 -73
42 -74
42 -74
42 -73
42 -74
42 -73
42 -74
42 -58
42 -72
42 -80
42 -72
42 -71
42 -71
42 -71
42 -71
42 -72
42 -72
42 -72
42 -71
42 -72
42 -72
42 -72
42 -72
42 -73
42 -72
42 -72
42 -73
42 -73
42 -73
42 -73
42 -72
42 -72
42 -73
42 -73
42 -74
42 -75
42 -75
42 -75
42 -74
42 -74
42 -75
42 -74
42 -74
42 -72
42 -74
42 -73
42 -73
42 -74
42 -74
42 -73
42 -74
42 -73
42 -72
42 -59
42 -73
42 -73
42 -73
42 -73
42 -72
42 -67
42 -72
42 -72
42 -72
42 -72
42 -72
42 -72
42 -72
42 -72
42 -72
42 -72
42 -72
42 -70
42 -73
42 -74
42 -74
42 -75
42 -75
42 -75
42 -75
42 -75
42 -75
42 -74
42 -73
42 -73
42 -73
42 -73
42 -73
42 -73
42 -73
42 -74
42 -73
42 -73
42 -73
42 -74
42 -74
42 -74
42 -73
42 -74
42 -74
42 -74
42 -74
42 -74
42 -74
42 -74
42 -73
42 -73
42 -73
42 -73
42 -72
42 -72
42 -72
42 -72
42 -72
42 -72
42 -72
42 -72
42 -72
42 -73
42 -72
42 -72
42 -72
42 -72
42 -72
42 -72
42 -72
42 -75
42 -74
42 -74
42 -72
42 -72
42 -71
42 -70
42 -71
42 -71
42 -70
42 -69
42 -69
42 -69
42 -70
42 -70
42 -70
42 -70
42 -70
42 -70
42 -72
42 -72
42 -72
42 -72
42 -72
42 -72
42 -72
42 -72
42 -71
42 -71
42 -71
42 -71
42 -71
42 -71
42 -71
42 -58
42 -71
42 -71
42 -71
42 -70
42 -70
42 -70
42 -70
42 -70
42 -70
42 -70
42 -70
42 -70
42 -70
42 -70
42 -70
42 -70
42 -70
42 -70
42 -70
42 -70
42 -70
42 -70
42 -69
42 -70
42 -70
42 -70
42 -70
42 -69
42 -70
42 -71
42 -74
42 -74
42 -70
42 -70
42 -70
42 -70
42 -70
42 -71
42 -70
42 -72
42 -72
42 -72
42 -73
42 -72
42 -73
42 -74
42 -73
42 -74
42 -74
42 -73
42 -73
42 -76
42 -75
42 -74
42 -77
42 -77
42 -75
42 -75
42 -75
42 -74
42 -73
42 -75
42 -74
42 -75
42 -76
42 -76
42 -76
42 -77
42 -78
42 -79
42 -80
42 -78
42 -77
42 -79
42 -79
42 -76
42 -77
42 -75
42 -72
42 -73
42 -72
42 -72
42 -70
42 -70
42 -70
42 -71
42 -70
42 -69
42 -68
42 -68
42 -68
42 -68
42 -68
42 -68
42 -68
42 -68
42 -69
42 -69
42 -70
42 -69
42 -69
42 -69
42 -70
42 -70
42 -70
42 -70
42 -71
42 -70
42 -72
42 -72
42 -72
42 -73
42 -74
42 -74
42 -73
42 -73
42 -74
42 -74
42 -73
42 -71
42 -70
42 -70
42 -70
42 -69
42 -69
42 -69
42 -69
42 -68
42 -68
42 -68
42 -68
42 -68
42 -68
42 -68
42 -68
42 -68
42 -68
42 -68
42 -68
42 -68
42 -68
42 -68
42 -68
42 -68
42 -66
42 -68
42 -68
42 -67
42 -68
42 -68
42 -68
42 -68
42 -67
42 -67
42 -67
42 -68
42 -66
42 -68
42 -68
42 -68
42 -69
42 -70
42 -70
42 -68
42 -70
42 -70
42 -70
42 -71
42 -70
42 -70
42 -70
42 -70
43 -72
43 -72
43 -72
43 -70
43 -70
43 -69
43 -68
43 -70
43 -72
43 -72
43 -68
43 -67
43 -66
43 -68
43 -68
43 -67
43 -67
43 -66
43 -66
43 -66
43 -65
43 -66
43 -65
43 -65
43 -64
43 -64
43 -64
43 -64
43 -64
43 -64
43 -64
43 -64
43 -64
43 -64
43 -64
43 -64
43 -64
43 -64
43 -64
43 -64
43 -64
43 -65
43 -64
43 -65
43 -66
43 -66
43 -66
43 -66
43 -66
43 -66
43 -66
43 -66
43 -66
43 -67
43 -68
43 -67
43 -66
43 -67
43 -69
43 -70
43 -70
43 -69
43 -70
43 -72
43 -72
43 -73
43 -73
43 -74
43 -73
43 -71
43 -73
43 -73
43 -74
43 -75
43 -75
43 -74
43 -72
43 -72
43 -72
43 -72
43 -73
43 -74
43 -74
43 -74
43 -74
43 -74
43 -74
43 -74
43 -75
43 -75
43 -75
43 -75
43 -75
43 -76
43 -76
43 -75
43 -74
43 -73
43 -72
43 -73
43 -73
43 -73
43 -75
43 -76
43 -77
43 -78
43 -78
43 -78
43 -75
43 -76
43 -75
43 -75
43 -75
43 -73
43 -74
43 -73
43 -73
43 -73
43 -73
43 -73
43 -72
43 -70
43 -70
43 -70
43 -70
43 -72
43 -72
43 -72
43 -72
43 -72
43 -71
43 -72
43 -72
43 -72
43 -70
43 -70
43 -70
43 -68
43 -68
43 -69
43 -68
43 -68
43 -68
43 -68
43 -67
43 -67
43 -67
43 -67
43 -67
43 -67
43 -66
43 -66
43 -66
43 -66
43 -66
43 -66
43 -67
43 -67
43 -67
43 -67
43 -67
43 -67
43 -67
43 -68
43 -68
43 -68
43 -67
43 -67
43 -67
43 -67
43 -67
43 -67
43 -67
43 -67
43 -66
43 -67
43 -67
43 -66
43 -67
43 -67
43 -68
43 -68
43 -68
43 -69
43 -69
43 -69
43 -69
43 -69
43 -68
43 -68
43 -67
43 -66
43 -66
43 -66
43 -66
43 -66
43 -66
43 -66
43 -65
43 -65
43 -65
43 -65
43 -66
43 -67
43 -66
43 -66
43 -66
43 -67
43 -68
43 -69
43 -70
43 -72
43 -76
43 -79
43 -78
43 -76
43 -76
43 -77
43 -76
43 -77
43 -76
43 -74
43 -74
43 -74
43 -72
43 -75
43 -75
43 -74
43 -73
43 -74
43 -75
43 -74
43 -75
43 -76
43 -77
43 -78
43 -78
43 -79
43 -78
43 -78
43 -79
43 -81
43 -81
43 -78
43 -72
43 -76
43 -76
43 -76
43 -76
43 -76
43 -76
43 -76
43 -76
43 -74
43 -75
43 -75
43 -75
43 -75
43 -75
43 -74
43 -75
43 -76
43 -75
43 -73
43 -74
43 -74
43 -72
43 -72
43 -74
43 -74
43 -74
43 -74
43 -74
43 -75
43 -75
43 -75
43 -75
43 -74
43 -74
43 -73
43 -73
43 -73
43 -75
43 -77
43 -80
43 -78
43 -75
43 -76
43 -80
43 -76
43 -74
43 -76
43 -77
43 -76
43 -76
43 -76
43 -75
43 -74
43 -76
43 -77
43 -78
43 -78
43 -79
43 -78
43 -78
43 -78
43 -81
43 -82
43 -79
43 -77
43 -76
43 -72
43 -70
43 -71
43 -70
43 -72
43 -73
43 -76
43 -78
43 -77
43 -79
43 -76
43 -76
43 -76
43 -76
43 -76
43 -75
43 -73
43 -72
43 -72
43 -73
43 -73
43 -69
43 -73
43 -76
43 -83
43 -81
43 -79
43 -79
43 -79
43 -79
43 -82
43 -79
43 -79
43 -82
43 -77
43 -79
43 -78
43 -78
43 -78
43 -79
43 -78
43 -78
43 -77
43 -77
43 -76
43 -76
43 -75
43 -77
43 -77
43 -77
43 -78
43 -77
43 -79
43 -79
43 -78
43 -77
43 -76
43 -83
44 -76
44 -77
44 -75
44 -76
44 -76
44 -76
44 -76
44 -76
44 -76
44 -75
44 -76
44 -84
44 -78
44 -82
44 -79
44 -80
44 -80
44 -81
44 -80
44 -79
44 -78
44 -76
44 -75
44 -74
44 -74
44 -73
44 -73
44 -73
44 -72
44 -72
44 -71
44 -70
44 -70
44 -70
44 -72
44 -72
44 -73
44 -73
44 -74
44 -74
44 -76
44 -76
44 -75
44 -75
44 -75
44 -69
44 -73
44 -72
44 -74
44 -75
44 -74
44 -70
44 -71
44 -71
44 -70
44 -66
44 -70
44 -70
44 -57
44 -70
44 -70
44 -70
44 -70
44 -71
44 -72
44 -71
44 -71
44 -70
44 -70
44 -70
44 -70
44 -70
44 -70
44 -70
44 -70
44 -69
44 -69
44 -68
44 -69
44 -69
44 -69
44 -69
44 -68
44 -68
44 -68
44 -68
44 -68
44 -68
44 -68
44 -69
44 -69
44 -69
44 -69
44 -69
44 -69
44 -69
44 -69
44 -68
44 -68
44 -68
44 -68
44 -68
44 -68
44 -68
44 -68
44 -68
44 -68
44 -68
44 -68
44 -69
44 -69
44 -69
44 -69
44 -68
44 -68
44 -69
44 -70
44 -70
44 -70
44 -70
44 -70
44 -70
44 -70
44 -70
44 -70
44 -70
44 -70
44 -70
44 -70
44 -70
44 -70
44 -70
44 -70
44 -70
44 -70
44 -70
44 -71
44 -72
44 -71
44 -72
44 -72
44 -72
44 -71
44 -72
44 -72
44 -72
44 -73
44 -73
44 -73
44 -73
44 -73
44 -73
44 -73
44 -73
44 -72
44 -72
44 -72
44 -72
44 -72
44 -72
44 -72
44 -72
44 -72
44 -70
44 -72
44 -72
44 -72
44 -72
44 -73
44 -73
44 -73
44 -73
44 -73
44 -72
44 -72
44 -72
44 -73
44 -73
44 -72
44 -72
44 -72
44 -72
44 -72
44 -72
44 -72
44 -72
44 -72
44 -72
44 -72
44 -73
44 -73
44 -74
44 -74
44 -74
44 -74
44 -75
44 -75
44 -75
44 -75
44 -75
44 -75
44 -75
44 -75
44 -75
44 -75
44 -76
44 -75
44 -75
44 -74
44 -72
44 -72
44 -73
44 -76
44 -75
44 -74
44 -73
44 -71
44 -70
44 -70
44 -69
44 -76
44 -77
44 -76
44 -75
44 -75
44 -73
44 -74
44 -73
44 -73
44 -74
44 -74
44 -75
44 -76
44 -78
44 -78
44 -79
44 -79
44 -73
44 -78
44 -77
44 -78
44 -78
44 -82
44 -77
44 -76
44 -77
44 -77
44 -75
44 -78
44 -78
44 -78
44 -78
44 -77
44 -78
44 -78
44 -78
44 -77
44 -76
44 -74
44 -74
44 -74
44 -74
44 -73
44 -72
44 -72
44 -72
44 -72
44 -73
44 -73
44 -72
44 -70
44 -70
44 -70
44 -70
44 -70
44 -70
44 -71
44 -70
44 -70
44 -70
44 -71
44 -72
44 -72
44 -72
44 -73
44 -74
44 -74
44 -71
44 -72
44 -72
44 -68
44 -72
44 -70
44 -72
44 -72
44 -72
44 -71
44 -70
44 -71
44 -71
44 -71
44 -71
44 -71
44 -71
44 -72
44 -72
44 -72
44 -69
44 -71
44 -70
44 -70
44 -69
44 -69
44 -70
44 -70
44 -70
44 -72
44 -72
44 -69
44 -73
44 -75
44 -75
44 -74
44 -73
44 -72
44 -70
44 -70
44 -69
44 -71
44 -70
44 -70
44 -70
44 -70
44 -70
44 -70
44 -70
44 -72
44 -75
44 -74
44 -74
44 -75
44 -75
44 -74
44 -72
44 -74
44 -73
44 -72
44 -72
44 -72
44 -72
44 -72
44 -72
44 -73
44 -74
44 -74
44 -74
44 -74
44 -74
44 -74
44 -73
44 -73
44 -73
44 -73
44 -74
44 -74
44 -74
44 -74
44 -74
44 -74
44 -73
44 -73
44 -73
44 -73
44 -73
44 -73
44 -73
44 -73
44 -73
44 -73
44 -73
44 -73
44 -73
44 -62
44 -73
44 -74
44 -73
44 -73
44 -74
44 -72
44 -74
44 -73
44 -73
44 -48
44 -73
44 -73
44 -73
44 -72
44 -72
44 -72
44 -72
44 -72
44 -72
44 -72
44 -72
44 -72
44 -72
44 -72
44 -72
44 -72
44 -72
44 -72
44 -72
44 -72
44 -72
44 -71
44 -70
46 -79
46 -81
46 -79
46 -78
46 -77
46 -79
46 -80
46 -80
46 -80
46 -79
46 -77
46 -76
46 -76
46 -76
46 -75
46 -75
46 -74
46 -75
46 -75
46 -76
46 -76
46 -76
46 -75
46 -75
46 -76
46 -74
46 -68
46 -74
46 -75
46 -75
46 -75
46 -74
46 -74
46 -74
46 -74
46 -73
46 -74
46 -74
46 -75
46 -76
46 -75
46 -76
46 -76
46 -78
46 -80
46 -81
46 -82
46 -82
46 -78
46 -74
46 -74
46 -75
46 -75
46 -78
46 -73
46 -76
46 -76
46 -77
46 -78
46 -77
46 -77
46 -77
46 -76
46 -76
46 -76
46 -72
46 -72
46 -76
46 -76
46 -76
46 -76
46 -76
46 -75
46 -75
46 -73
46 -76
46 -76
46 -67
46 -75
46 -76
46 -76
46 -76
46 -76
46 -76
46 -74
46 -76
46 -76
46 -76
46 -74
46 -72
46 -76
46 -76
46 -76
46 -76
46 -76
46 -76
46 -76
46 -76
46 -76
46 -75
46 -76
46 -76
46 -75
46 -75
46 -75
46 -75
46 -75
46 -76
46 -76
46 -71
46 -75
46 -75
46 -75
46 -76
46 -76
46 -75
46 -75
46 -75
46 -75
46 -75
46 -75
46 -76
46 -76
46 -76
46 -77
46 -76
46 -76
46 -77
46 -75
46 -77
46 -77
46 -77
46 -77
46 -76
46 -77
46 -76
46 -76
46 -76
46 -76
46 -77
46 -76
46 -77
46 -77
46 -77
46 -75
46 -77
46 -76
46 -76
46 -77
46 -77
46 -77
46 -78
46 -77
46 -77
46 -77
46 -76
46 -76
46 -76
46 -76
46 -77
46 -77
46 -78
46 -77
46 -78
46 -77
46 -78
46 -78
46 -78
46 -78
46 -78
46 -79
46 -79
46 -79
46 -80
46 -79
46 -80
46 -80
46 -79
46 -79
46 -66
46 -82
46 -81
46 -81
46 -78
46 -77
46 -77
46 -77
46 -77
46 -78
46 -78
46 -78
46 -78
46 -79
46 -81
46 -81
46 -83
46 -83
46 -83
46 -81
46 -69
46 -78
46 -78
46 -78
46 -78
46 -77
46 -77
46 -79
46 -78
46 -78
46 -78
46 -78
46 -78
46 -78
46 -78
46 -78
46 -78
46 -78
46 -78
46 -78
46 -78
46 -78
46 -78
46 -78
46 -78
46 -78
46 -78
46 -78
46 -78
46 -77
46 -78
46 -78
46 -78
46 -77
46 -76
46 -76
46 -76
46 -76
46 -77
46 -80
46 -80
46 -79
46 -80
46 -82
46 -81
46 -80
46 -80
46 -80
46 -80
46 -84
46 -85
46 -80
46 -81
46 -82
46 -80
46 -79
46 -80
46 -80
46 -79
46 -79
46 -80
46 -78
46 -80
46 -80
46 -82
46 -80
46 -78
46 -80
46 -81
46 -83
46 -81
46 -80
46 -78
46 -78
46 -79
46 -80
46 -77
46 -82
46 -82
46 -79
46 -79
46 -79
46 -80
46 -80
46 -81
46 -84
46 -79
46 -79
46 -73
46 -79
46 -78
46 -78
46 -78
46 -78
46 -79
46 -79
46 -79
46 -79
46 -79
46 -78
46 -56
46 -78
46 -78
46 -78
46 -79
46 -79
46 -78
46 -79
46 -79
46 -78
46 -79
46 -79
46 -79
46 -78
46 -79
46 -78
46 -78
46 -78
46 -78
46 -78
46 -78
46 -79
46 -79
46 -79
46 -79
46 -79
46 -79
46 -79
46 -79
46 -80
46 -81
46 -80
46 -75
46 -80
46 -80
46 -80
47 -79
47 -79
47 -80
47 -78
47 -80
47 -79
47 -75
47 -78
47 -79
47 -78
47 -78
47 -77
47 -76
47 -76
47 -76
47 -75
47 -75
47 -74
47 -74
47 -74
47 -75
47 -75
47 -75
47 -74
47 -75
47 -75
47 -75
47 -75
47 -76
47 -75
47 -75
47 -75
47 -75
47 -75
47 -74
47 -74
47 -75
47 -75
47 -75
47 -75
47 -74
47 -75
47 -74
47 -75
47 -75
47 -75
47 -76
47 -77
47 -77
47 -77
47 -77
47 -78
47 -75
47 -76
47 -77
47 -76
47 -76
47 -75
47 -74
47 -75
47 -73
47 -74
47 -73
47 -74
47 -72
47 -74
47 -75
47 -75
47 -75
47 -75
47 -75
47 -76
47 -75
47 -75
47 -75
47 -66
47 -75
47 -75
47 -75
47 -75
47 -76
47 -75
47 -75
47 -75
47 -75
47 -76
47 -76
47 -75
47 -58
47 -75
47 -75
47 -75
47 -75
47 -75
47 -75
47 -72
47 -75
47 -75
47 -75
47 -75
47 -76
47 -76
47 -75
47 -75
47 -75
47 -73
47 -74
47 -74
47 -74
47 -74
47 -74
47 -74
47 -74
47 -74
47 -75
47 -74
47 -74
47 -74
47 -74
47 -74
47 -74
47 -74
47 -75
47 -75
47 -75
47 -75
47 -74
47 -75
47 -74
47 -75
47 -75
47 -75
47 -75
47 -75
47 -75
47 -76
47 -76
47 -75
47 -75
47 -76
47 -75
47 -75
47 -75
47 -75
47 -75
47 -76
47 -76
47 -75
47 -74
47 -75
47 -74
47 -68
47 -75
47 -75
47 -76
47 -75
47 -75
47 -75
47 -75
47 -75
47 -76
47 -75
47 -75
47 -75
47 -75
47 -75
47 -75
47 -75
47 -76
47 -75
47 -75
47 -75
47 -76
47 -76
47 -71
47 -76
47 -76
47 -75
47 -76
47 -76
47 -76
47 -68
47 -65
47 -76
47 -75
47 -75
47 -75
47 -70
47 -75
47 -75
47 -75
47 -74
47 -75
47 -76
47 -78
47 -83
47 -79
47 -78
47 -78
47 -78
47 -78
47 -78
47 -78
47 -79
47 -79
47 -80
47 -80
47 -81
47 -81
47 -81
47 -80
47 -80
47 -80
47 -80
47 -80
47 -78
47 -81
47 -81
47 -80
47 -80
47 -81
47 -81
47 -80
47 -64
47 -80
47 -79
47 -79
47 -79
47 -79
47 -79
47 -79
47 -79
47 -80
47 -79
47 -80
47 -80
47 -80
47 -80
47 -79
47 -78
47 -79
47 -78
47 -78
47 -79
47 -82
47 -83
47 -81
47 -80
47 -82
47 -81
47 -83
47 -78
47 -80
47 -79
47 -79
47 -79
47 -79
47 -80
47 -81
47 -80
47 -80
47 -79
47 -79
47 -79
47 -79
47 -80
47 -79
47 -78
47 -79
47 -80
47 -81
47 -80
47 -79
47 -80
47 -79
47 -79
47 -79
47 -79
47 -78
47 -79
47 -79
47 -81
47 -81
47 -82
47 -82
47 -82
47 -82
47 -83
47 -82
47 -82
47 -82
47 -83
47 -83
47 -82
47 -83
47 -83
47 -83
47 -83
47 -82
47 -83
47 -82
47 -79
47 -59
47 -83
47 -80
47 -83
47 -82
48 -82
48 -81
48 -68
48 -81
48 -82
48 -81
48 -79
48 -78
48 -76
48 -78
48 -78
48 -78
48 -79
48 -78
48 -79
48 -79
48 -80
48 -79
48 -80
48 -81
48 -81
48 -83
48 -83
48 -84
48 -84
48 -84
48 -84
48 -83
48 -83
48 -83
48 -83
48 -82
48 -82
48 -82
48 -83
48 -82
48 -83
48 -84
48 -82
48 -81
48 -79
48 -78
48 -78
48 -78
48 -78
48 -78
48 -79
48 -78
48 -77
48 -76
48 -76
48 -76
48 -76
48 -76
48 -76
48 -77
48 -77
48 -76
48 -76
48 -77
48 -76
48 -76
48 -76
48 -76
48 -76
48 -77
48 -77
48 -78
48 -78
48 -78
48 -78
48 -78
48 -78
48 -77
48 -76
48 -76
48 -76
48 -76
48 -76
48 -76
48 -76
48 -76
48 -76
48 -76
48 -77
48 -74
48 -77
48 -78
48 -78
48 -78
48 -78
48 -78
48 -78
48 -76
48 -78
48 -80
48 -81
48 -79
48 -78
48 -78
48 -78
48 -79
48 -81
48 -82
48 -83
48 -83
48 -81
48 -80
48 -78
48 -78
48 -78
48 -80
48 -80
48 -81
48 -81
48 -82
48 -83
48 -83
48 -83
48 -82
48 -82
48 -81
48 -79
48 -79
48 -79
48 -79
48 -79
48 -79
48 -78
48 -78
48 -81
48 -82
48 -82
48 -83
48 -82
48 -80
48 -81
48 -82
48 -80
48 -79
48 -78
48 -76
48 -77
48 -77
48 -78
48 -78
48 -80
48 -80
48 -80
48 -78
48 -78
48 -78
48 -79
48 -76
48 -79
48 -76
48 -78
48 -77
48 -77
48 -76
48 -76
48 -77
48 -77
48 -77
48 -77
48 -77
48 -78
48 -76
48 -77
48 -77
48 -70
48 -76
48 -76
48 -76
48 -76
48 -76
48 -76
48 -76
48 -77
48 -76
48 -77
48 -77
48 -77
48 -77
48 -77
48 -78
48 -78
48 -78
48 -77
48 -78
48 -78
48 -78
48 -78
48 -78
48 -78
48 -78
48 -78
48 -79
48 -78
49 -81
49 -83
49 -84
49 -83
49 -82
49 -83
49 -79
49 -82
49 -78
49 -78
49 -79
49 -82
49 -76
49 -80
49 -80
49 -78
49 -78
49 -80
49 -80
49 -80
49 -81
49 -84
49 -85
49 -83
49 -84
49 -84
49 -78
49 -81
49 -80
49 -79
49 -80
49 -80
49 -80
49 -82
49 -82
49 -83
49 -82
49 -83
49 -82
49 -81
49 -82
49 -83
49 -83
49 -83
49 -82
49 -82
49 -82
49 -83
49 -82
49 -83
49 -83
49 -83
49 -82
49 -83
49 -84
49 -83
49 -82
49 -81
49 -82
49 -81
49 -81
49 -77
49 -76
49 -82
49 -82
49 -82
49 -82
49 -81
49 -82
49 -82
49 -83
49 -83
49 -61
49 -84
49 -84
49 -84
49 -83
49 -83
49 -78
49 -81
49 -80
49 -79
49 -79
49 -80
49 -72
49 -79
49 -79
49 -78
49 -79
49 -78
49 -53
49 -82
49 -84
49 -82
49 -83
49 -82
49 -83
49 -84
49 -80
49 -80
49 -80
49 -80
49 -80
49 -80
49 -81
49 -81
49 -81
49 -82
49 -82
49 -79
49 -81
49 -81
49 -82
49 -82
49 -81
49 -80
49 -79
49 -79
49 -81
49 -81
49 -81
49 -81
49 -79
49 -79
49 -78
49 -78
49 -79
49 -79
49 -78
49 -78
49 -78
49 -80
49 -80
49 -80
49 -80
49 -80
49 -80
49 -80
49 -81
49 -81
49 -81
49 -82
49 -81
49 -81
49 -79
49 -81
49 -82
49 -81
49 -79
49 -59
49 -78
49 -78
49 -78
49 -78
49 -79
49 -79
49 -79
49 -79
49 -78
49 -80
49 -79
49 -80
49 -80
49 -79
49 -81
49 -80
49 -70
49 -80
49 -80
49 -80
49 -80
49 -80
49 -82
49 -80
49 -80
49 -80
49 -80
49 -77
49 -79
49 -80
49 -80
49 -81
49 -81
49 -81
49 -80
49 -79
49 -81
49 -80
49 -84
49 -76
49 -85
49 -84
49 -83
49 -84
49 -84
49 -84
49 -86
49 -85
49 -82
49 -82
49 -83
49 -83
49 -83
49 -81
49 -83
50 -77
50 -78
50 -77
50 -78
50 -79
50 -77
50 -83
50 -83
50 -81
50 -80
50 -81
50 -81
50 -80
50 -78
50 -78
50 -78
50 -78
50 -77
50 -78
50 -78
50 -79
50 -71
50 -80
50 -81
50 -83
50 -82
50 -83
50 -84
50 -68
50 -83
50 -84
50 -82
50 -79
50 -78
50 -77
50 -76
50 -75
50 -75
50 -75
50 -75
50 -75
50 -75
50 -75
50 -76
50 -74
50 -75
50 -71
50 -74
50 -75
50 -75
50 -75
50 -75
50 -71
50 -74
50 -74
50 -74
50 -74
50 -74
50 -74
50 -74
50 -74
50 -74
50 -74
50 -74
50 -74
50 -73
50 -74
50 -74
50 -74
50 -73
50 -75
50 -74
50 -75
50 -74
50 -75
50 -75
50 -74
50 -75
50 -74
50 -74
50 -74
50 -73
50 -74
50 -74
50 -74
50 -74
50 -74
50 -74
50 -74
50 -75
50 -75
50 -72
50 -75
50 -75
50 -75
50 -74
50 -74
50 -74
50 -74
50 -74
50 -74
50 -74
50 -74
50 -74
50 -74
50 -75
50 -75
50 -76
50 -75
50 -75
50 -76
50 -76
50 -75
50 -74
50 -75
50 -75
50 -72
50 -75
50 -75
50 -76
50 -76
50 -76
50 -75
50 -75
50 -75
50 -69
50 -75
50 -75
50 -74
50 -75
50 -75
50 -75
50 -75
50 -75
50 -75
50 -75
50 -75
50 -75
50 -75
50 -75
50 -75
50 -75
50 -75
50 -75
50 -75
50 -75
50 -75
50 -75
50 -74
50 -74
50 -75
50 -75
50 -74
50 -74
50 -74
50 -74
50 -74
50 -74
50 -74
50 -75
50 -75
50 -62
50 -75
50 -74
50 -76
50 -76
50 -77
50 -76
50 -76
50 -76
50 -76
50 -76
50 -76
50 -76
50 -76
50 -72
50 -77
50 -76
50 -79
50 -78
50 -78
50 -81
50 -81
50 -81
50 -80
50 -78
50 -78
50 -78
50 -78
50 -77
50 -78
50 -78
50 -79
50 -78
50 -78
50 -79
50 -79
50 -78
50 -78
50 -78
50 -78
50 -78
50 -78
50 -78
50 -78
50 -71
50 -73
50 -78
50 -78
50 -78
50 -75
50 -78
50 -79
50 -78
50 -74
50 -79
50 -79
50 -79
50 -79
50 -78
50 -78
50 -79
50 -79
50 -79
50 -79
50 -79
50 -81
50 -80
50 -80
50 -81
50 -80
50 -81
50 -73
50 -80
50 -76
50 -80
50 -80
50 -80
50 -79
50 -81
50 -81
50 -82
50 -82
50 -78
50 -79
50 -78
50 -80
50 -76
50 -79
50 -79
50 -79
50 -80
50 -80
50 -80
50 -80
50 -79
50 -80
50 -78
50 -78
50 -78
50 -78
50 -78
50 -78
50 -78
50 -77
50 -77
50 -78
50 -78
50 -80
50 -78
50 -79
50 -80
50 -79
50 -78
50 -78
50 -80
50 -81
50 -80
50 -80
50 -80
50 -80
50 -79
50 -76
50 -78
50 -78
50 -78
50 -78
50 -78
50 -78
50 -77
50 -77
50 -77
50 -76
50 -76
50 -76
50 -71
50 -62
50 -76
50 -71
50 -76
50 -76
50 -76
50 -76
50 -76
50 -76
50 -76
50 -76
50 -76
50 -76
50 -76
50 -76
50 -76
50 -60
50 -74
50 -76
50 -76
50 -76
50 -76
50 -76
50 -76
50 -76
50 -77
50 -77
50 -73
50 -77
50 -77
50 -77
50 -77
50 -77
50 -76
50 -77
50 -77
50 -77
50 -78
50 -77
50 -78
50 -78
50 -78
50 -76
50 -75
50 -77
50 -77
50 -77
50 -77
50 -76
50 -76
50 -76
50 -76
50 -76
50 -76
50 -76
50 -75
50 -75
50 -76
50 -76
50 -76
51 -77
51 -77
51 -77
51 -78
51 -76
51 -75
51 -74
51 -73
51 -75
51 -75
51 -76
51 -76
51 -77
51 -77
51 -76
51 -76
51 -76
51 -76
51 -76
51 -76
51 -75
51 -74
51 -75
51 -75
51 -75
51 -76
51 -75
51 -76
51 -76
51 -75
51 -76
51 -75
51 -75
51 -76
51 -76
51 -76
51 -76
51 -76
51 -76
51 -76
51 -76
51 -76
51 -76
51 -76
51 -76
51 -76
51 -76
51 -76
51 -76
51 -75
51 -75
51 -73
51 -73
51 -72
51 -72
51 -73
51 -74
51 -76
51 -75
51 -73
51 -75
51 -78
51 -78
51 -80
51 -81
51 -81
51 -80
51 -81
51 -76
51 -77
51 -77
51 -77
51 -78
51 -78
51 -78
51 -78
51 -78
51 -78
51 -78
51 -78
51 -78
51 -78
51 -77
51 -78
51 -77
51 -77
51 -78
51 -77
51 -78
51 -76
51 -78
51 -78
51 -79
51 -78
51 -78
51 -78
51 -78
51 -78
51 -77
51 -77
51 -76
51 -77
51 -77
51 -76
51 -76
51 -76
51 -77
51 -76
51 -75
51 -77
51 -76
51 -76
51 -76
51 -77
51 -77
51 -76
51 -77
51 -77
51 -75
51 -76
51 -76
51 -75
51 -76
51 -77
51 -78
51 -77
51 -77
51 -77
51 -77
51 -77
51 -77
51 -77
51 -78
51 -77
51 -78
51 -78
51 -78
51 -78
51 -78
51 -78
51 -78
51 -79
51 -70
51 -80
51 -80
51 -78
51 -79
51 -79
51 -78
51 -78
51 -77
51 -78
51 -77
51 -77
51 -76
51 -77
51 -77
51 -77
51 -77
51 -78
51 -77
51 -79
51 -79
51 -80
51 -78
51 -79
51 -78
51 -79
51 -78
51 -79
51 -80
51 -79
51 -79
51 -79
51 -79
51 -80
51 -80
51 -81
51 -81
51 -81
51 -81
51 -79
51 -79
51 -78
51 -78
51 -76
51 -76
51 -77
51 -74
51 -76
51 -77
51 -84
51 -83
51 -73
51 -82
51 -82
51 -82
51 -80
51 -81
51 -81
51 -81
51 -81
51 -80
51 -80
51 -79
51 -78
51 -78
51 -78
51 -78
51 -77
51 -77
51 -76
51 -77
51 -77
51 -78
51 -78
51 -78
51 -78
51 -78
51 -76
51 -77
51 -78
51 -78
51 -76
51 -76
51 -76
51 -76
51 -76
51 -77
51 -77
51 -77
51 -73
51 -75
51 -76
51 -76
51 -76
51 -77
51 -79
51 -78
51 -78
51 -79
51 -80
51 -79
51 -77
51 -78
51 -78
51 -78
51 -73
51 -78
51 -72
51 -77
51 -77
51 -78
51 -78
51 -79
51 -78
51 -79
51 -79
51 -80
51 -79
51 -80
51 -81
51 -81
51 -82
51 -79
51 -75
51 -76
51 -77
51 -76
51 -76
51 -77
51 -76
51 -77
51 -78
51 -78
51 -78
51 -76
51 -76
51 -76
51 -76
51 -71
51 -76
51 -76
51 -76
51 -76
51 -77
51 -76
51 -76
51 -76
51 -76
51 -76
51 -76
51 -73
51 -76
51 -76
51 -76
51 -76
51 -76
51 -76
51 -76
51 -76
51 -76
51 -76
51 -76
51 -75
51 -76
51 -76
51 -75
51 -75
51 -74
51 -75
51 -75
51 -75
51 -75
51 -75
51 -75
51 -75
51 -75
51 -75
51 -75
51 -75
51 -75
51 -75
51 -75
51 -74
51 -75
51 -74
51 -74
51 -74
51 -73
51 -74
51 -74
51 -73
51 -73
51 -74
51 -74
51 -74
51 -73
51 -73
51 -74
51 -74
51 -74
51 -74
51 -73
51 -73
51 -74
51 -74
51 -74
51 -74
51 -75
51 -75
51 -75
51 -75
51 -74
51 -76
51 -76
51 -75
51 -76
51 -76
51 -76
51 -76
51 -76
51 -73
51 -75
52 -78
52 -80
52 -83
52 -84
52 -84
52 -83
52 -81
52 -79
52 -81
52 -82
52 -80
52 -78
52 -77
52 -78
52 -78
52 -79
52 -80
52 -80
52 -79
52 -78
52 -78
52 -78
52 -77
52 -77
52 -78
52 -78
52 -78
52 -79
52 -78
52 -78
52 -78
52 -78
52 -78
52 -78
52 -79
52 -79
52 -79
52 -79
52 -81
52 -79
52 -79
52 -79
52 -78
52 -78
52 -76
52 -71
52 -75
52 -75
52 -76
52 -80
52 -82
52 -77
52 -81
52 -80
52 -83
52 -81
52 -81
52 -80
52 -82
52 -81
52 -84
52 -86
52 -85
52 -85
52 -84
52 -83
52 -83
52 -83
52 -84
52 -84
52 -80
52 -75
52 -83
52 -80
52 -75
52 -72
52 -70
52 -69
52 -69
52 -69
52 -70
52 -74
52 -72
52 -72
52 -70
52 -70
52 -70
52 -69
52 -68
52 -69
52 -68
52 -68
52 -68
52 -68
52 -68
52 -68
52 -66
52 -69
52 -70
52 -69
52 -70
52 -65
52 -70
52 -66
52 -65
52 -70
52 -70
52 -70
52 -70
52 -70
52 -70
52 -70
52 -70
52 -70
52 -71
52 -71
52 -71
52 -71
52 -71
52 -72
52 -72
52 -72
52 -72
52 -73
52 -73
52 -73
52 -72
52 -72
52 -73
52 -73
52 -74
52 -76
52 -78
52 -77
52 -76
52 -73
52 -73
52 -74
52 -74
52 -76
52 -78
52 -78
52 -79
52 -77
52 -76
52 -76
52 -79
52 -79
52 -77
52 -76
52 -78
52 -79
52 -78
52 -78
52 -79
52 -79
52 -81
52 -80
52 -79
52 -78
52 -77
52 -76
52 -75
52 -74
52 -71
52 -73
52 -72
52 -72
52 -72
52 -72
52 -75
52 -73
52 -76
52 -80
52 -73
52 -79
52 -78
52 -76
52 -74
52 -72
52 -71
52 -70
52 -70
52 -71
52 -71
52 -72
52 -73
52 -73
52 -74
52 -75
52 -76
52 -78
52 -78
52 -78
52 -78
52 -78
52 -79
52 -79
52 -80
52 -80
52 -78
52 -78
52 -76
52 -76
52 -76
52 -76
52 -75
52 -75
52 -76
52 -76
52 -76
52 -77
52 -76
52 -76
52 -76
52 -76
52 -77
52 -78
52 -78
52 -78
52 -78
52 -78
52 -78
52 -78
52 -78
52 -78
52 -78
52 -78
52 -78
52 -78
52 -78
52 -78
52 -78
52 -75
52 -75
52 -76
52 -74
52 -73
52 -75
52 -74
52 -74
52 -74
52 -74
53 -67
53 -67
53 -67
53 -67
53 -67
53 -67
53 -67
53 -69
53 -70
53 -68
53 -67
53 -66
53 -67
53 -67
53 -68
53 -68
53 -69
53 -70
53 -69
53 -69
53 -68
53 -67
53 -66
53 -66
53 -65
53 -65
53 -66
53 -66
53 -66
53 -66
53 -66
53 -67
53 -68
53 -67
53 -67
53 -68
53 -68
53 -68
53 -68
53 -69
53 -68
53 -68
53 -68
53 -68
53 -68
53 -68
53 -68
53 -68
53 -68
53 -67
53 -67
53 -66
53 -67
53 -66
53 -67
53 -68
53 -67
53 -66
53 -66
53 -66
53 -66
53 -66
53 -67
53 -66
53 -66
53 -66
53 -66
53 -66
53 -66
53 -69
53 -69
53 -70
53 -70
53 -69
53 -67
53 -67
53 -67
53 -67
53 -66
53 -66
53 -67
53 -68
53 -68
53 -68
53 -68
53 -68
53 -67
53 -67
53 -68
53 -67
53 -67
53 -67
53 -67
53 -67
53 -68
53 -68
53 -68
53 -68
53 -68
53 -68
53 -67
53 -68
53 -68
53 -67
53 -67
53 -67
53 -67
53 -67
53 -67
53 -67
53 -66
53 -67
53 -67
53 -66
53 -67
53 -67
53 -68
53 -68
53 -68
53 -68
53 -68
53 -68
53 -67
53 -67
53 -67
53 -67
53 -67
53 -67
53 -67
53 -67
53 -67
53 -66
53 -67
53 -67
53 -67
53 -67
53 -67
53 -67
53 -67
53 -67
53 -67
53 -67
53 -67
53 -67
53 -66
53 -67
53 -67
53 -67
53 -66
53 -67
53 -67
53 -66
53 -59
53 -67
53 -67
53 -67
53 -67
53 -67
53 -68
53 -67
53 -68
53 -67
53 -67
53 -68
53 -68
53 -68
53 -68
53 -68
53 -68
53 -68
53 -68
53 -67
53 -67
53 -68
53 -67
53 -67
53 -67
53 -67
53 -66
53 -66
53 -67
53 -66
53 -66
53 -67
53 -67
53 -67
53 -67
53 -67
53 -67
53 -68
53 -68
53 -68
53 -68
53 -69
53 -69
53 -69
53 -69
53 -69
53 -68
53 -68
53 -68
53 -68
53 -68
53 -68
53 -68
53 -68
53 -68
53 -68
53 -68
53 -69
53 -68
53 -68
53 -68
53 -69
53 -69
53 -69
53 -69
53 -70
53 -70
53 -70
53 -70
53 -70
53 -70
53 -69
53 -69
53 -70
53 -69
53 -70
53 -70
53 -69
53 -69
53 -70
53 -70
53 -72
53 -76
53 -75
53 -72
53 -73
53 -75
53 -74
53 -65
53 -75
53 -76
53 -76
53 -76
53 -76
53 -76
53 -76
53 -76
53 -76
53 -75
53 -76
53 -72
53 -74
53 -75
53 -74
53 -74
53 -74
53 -74
53 -74
53 -73
53 -73
53 -73
53 -72
53 -72
53 -71
53 -71
53 -72
53 -72
53 -73
53 -73
53 -73
53 -73
53 -72
53 -72
53 -72
53 -71
53 -70
53 -70
53 -72
53 -71
53 -72
53 -72
53 -71
53 -71
53 -70
53 -70
53 -70
53 -70
53 -70
53 -70
53 -70
53 -71
53 -71
53 -70
53 -70
53 -70
53 -70
53 -70
53 -69
53 -69
53 -69
53 -69
53 -66
53 -68
53 -65
53 -69
53 -70
53 -70
53 -74
53 -72
53 -72
53 -72
53 -72
53 -71
53 -70
53 -70
53 -71
53 -70
53 -69
53 -69
53 -68
53 -69
53 -69
53 -69
53 -69
53 -69
53 -70
53 -70
53 -70
53 -70
53 -70
53 -71
53 -72
53 -72
53 -74
53 -73
53 -69
53 -70
53 -70
53 -72
53 -73
53 -74
53 -75
53 -76
53 -75
53 -73
53 -75
53 -75
53 -75
53 -76
53 -76
53 -76
53 -74
53 -82
53 -60
53 -79
53 -77
53 -76
53 -76
53 -75
53 -73
53 -73
53 -71
53 -72
53 -69
53 -71
53 -71
53 -72
53 -71
53 -72
53 -71
53 -71
53 -71
53 -70
53 -71
53 -71
53 -71
53 -71
53 -72
53 -72
53 -72
53 -72
53 -72
53 -71
53 -71
53 -71
53 -71
53 -71
53 -71
53 -71
53 -71
53 -71
53 -71
53 -70
53 -71
53 -70
53 -70
53 -70
53 -70
53 -70
53 -70
53 -70
53 -70
53 -70
53 -70
53 -70
53 -70
53 -70
53 -70
53 -70
53 -70
53 -70
53 -70
53 -70
53 -70
53 -70
53 -70
53 -70
53 -70
53 -70
53 -70
53 -70
53 -71
53 -71
53 -71
53 -72
53 -72
53 -72
53 -72
53 -72
53 -72
53 -72
53 -72
53 -69
53 -72
55 -64
55 -64
55 -63
55 -63
55 -63
55 -63
55 -63
55 -63
55 -62
55 -63
55 -62
55 -62
55 -62
55 -64
55 -63
55 -63
55 -62
55 -63
55 -62
55 -61
55 -62
55 -61
55 -63
55 -64
55 -66
55 -66
55 -66
55 -65
55 -64
55 -64
55 -64
55 -65
55 -66
55 -68
55 -69
55 -68
55 -69
55 -69
55 -70
55 -70
55 -70
55 -70
55 -71
55 -72
55 -74
55 -75
55 -75
55 -73
55 -71
55 -69
55 -67
55 -67
55 -66
55 -66
55 -65
55 -65
55 -65
55 -66
55 -66
55 -66
55 -66
55 -64
55 -63
55 -62
55 -62
55 -62
55 -62
55 -63
55 -67
55 -67
55 -64
55 -64
55 -64
55 -63
55 -62
55 -60
55 -58
55 -58
55 -58
55 -58
55 -60
55 -61
55 -61
55 -60
55 -60
55 -60
55 -59
55 -59
55 -60
55 -60
55 -61
55 -61
55 -62
55 -62
55 -61
55 -61
55 -60
55 -60
55 -59
55 -58
55 -58
55 -58
55 -58
55 -58
55 -58
55 -58
55 -58
55 -59
55 -59
55 -60
55 -60
55 -60
55 -61
55 -60
55 -60
55 -60
55 -60
55 -60
55 -59
55 -58
55 -58
55 -58
55 -58
55 -58
55 -58
55 -58
55 -58
55 -58
55 -58
55 -58
55 -58
55 -59
55 -59
55 -59
55 -58
55 -58
55 -59
55 -59
55 -58
55 -58
55 -58
55 -58
55 -58
55 -58
55 -58
55 -58
55 -58
55 -59
55 -59
55 -58
55 -58
55 -58
55 -59
55 -58
55 -59
55 -59
55 -59
55 -59
55 -59
55 -59
55 -58
55 -59
55 -59
55 -60
55 -60
55 -60
55 -60
55 -60
55 -60
55 -60
55 -60
55 -60
55 -60
55 -59
55 -59
55 -58
55 -58
55 -58
55 -58
55 -58
55 -58
55 -58
55 -58
55 -58
55 -58
55 -58
55 -58
55 -58
55 -59
55 -59
55 -59
55 -59
55 -59
55 -59
55 -59
55 -59
55 -59
55 -59
55 -59
55 -59
55 -59
55 -58
55 -58
55 -58
55 -58
55 -58
55 -58
55 -58
55 -59
55 -59
55 -59
55 -59
55 -60
55 -60
55 -60
55 -61
55 -61
55 -62
55 -63
55 -63
55 -63
55 -64
55 -64
55 -64
55 -64
55 -64
55 -63
55 -63
55 -64
55 -64
55 -64
55 -64
55 -63
55 -62
55 -63
55 -64
55 -66
55 -70
55 -74
55 -72
55 -76
55 -74
55 -78
55 -79
55 -77
55 -72
55 -70
55 -69
55 -68
55 -68
55 -67
55 -66
55 -66
55 -66
55 -66
55 -65
55 -65
55 -52
55 -65
55 -65
55 -65
55 -66
55 -65
55 -65
55 -65
55 -64
55 -64
55 -64
55 -65
55 -65
55 -65
55 -64
55 -64
55 -64
55 -64
55 -64
55 -64
55 -64
55 -64
55 -64
55 -64
55 -64
55 -64
55 -64
55 -64
55 -65
55 -66
55 -66
55 -66
55 -66
55 -65
55 -64
55 -63
55 -61
55 -60
55 -63
55 -64
55 -64
55 -64
55 -64
55 -64
55 -65
55 -66
55 -66
55 -65
55 -64
55 -64
55 -64
55 -63
55 -63
55 -63
55 -62
55 -62
55 -62
55 -62
55 -63
55 -62
55 -60
55 -60
55 -60
55 -63
55 -61
55 -60
55 -61
55 -63
55 -63
55 -63
55 -63
55 -63
55 -63
55 -63
55 -62
55 -63
55 -64
55 -63
55 -62
55 -62
55 -62
55 -61
55 -61
55 -61
55 -60
55 -60
55 -59
55 -59
55 -59
55 -60
55 -60
55 -59
55 -60
55 -60
55 -60
55 -61
55 -62
55 -64
55 -64
55 -63
55 -63
55 -63
55 -63
55 -64
55 -67
55 -70
55 -76
55 -76
55 -79
55 -82
55 -74
55 -70
55 -72
55 -73
55 -73
55 -69
55 -67
55 -66
55 -66
55 -65
55 -64
55 -63
55 -63
55 -62
55 -63
55 -63
55 -64
55 -64
55 -63
55 -62
55 -62
55 -63
55 -64
55 -66
55 -68
55 -71
55 -71
55 -73
55 -74
55 -74
55 -74
55 -77
55 -79
55 -80
55 -78
55 -79
55 -81
55 -81
55 -83
55 -78
55 -76
55 -76
55 -76
55 -78
55 -78
55 -76
55 -71
55 -76
55 -79
55 -76
55 -73
55 -72
55 -72
55 -73
55 -73
55 -71
55 -69
55 -68
55 -68
55 -60
55 -70
55 -70
55 -69
56 -73
56 -73
56 -74
56 -67
56 -72
56 -72
56 -73
56 -73
56 -73
56 -72
56 -73
56 -73
56 -74
56 -74
56 -73
56 -74
56 -73
56 -72
56 -72
56 -72
56 -72
56 -73
56 -74
56 -74
56 -73
56 -73
56 -73
56 -72
56 -72
56 -72
56 -72
56 -72
56 -72
56 -72
56 -71
56 -72
56 -72
56 -71
56 -72
56 -71
56 -71
56 -72
56 -71
56 -70
56 -71
56 -71
56 -71
56 -70
56 -71
56 -71
56 -71
56 -71
56 -71
56 -70
56 -71
56 -71
56 -70
56 -70
56 -70
56 -70
56 -70
56 -70
56 -70
56 -71
56 -74
56 -76
56 -76
56 -76
56 -78
56 -64
56 -76
56 -76
56 -76
56 -76
56 -78
56 -78
56 -78
56 -78
56 -76
56 -76
56 -70
56 -76
56 -76
56 -74
56 -73
56 -73
56 -73
56 -73
56 -73
56 -73
56 -73
56 -73
56 -74
56 -74
56 -74
56 -74
56 -75
56 -76
56 -76
56 -76
56 -76
56 -76
56 -76
56 -75
56 -75
56 -75
56 -74
56 -74
56 -73
56 -73
56 -73
56 -73
56 -72
56 -72
56 -73
56 -73
56 -73
56 -73
56 -72
56 -72
56 -72
56 -72
56 -72
56 -73
56 -72
56 -72
56 -72
56 -72
56 -72
56 -72
56 -72
56 -72
56 -73
56 -72
56 -72
56 -71
56 -72
56 -72
56 -72
56 -72
56 -72
56 -72
56 -72
56 -59
56 -74
56 -73
56 -73
56 -73
56 -73
56 -73
56 -73
56 -73
56 -74
56 -73
56 -73
56 -73
56 -73
56 -73
56 -58
56 -73
56 -73
56 -72
56 -72
56 -73
56 -73
56 -73
56 -73
56 -73
56 -73
56 -70
56 -73
56 -72
56 -73
56 -73
56 -72
56 -73
56 -73
56 -73
56 -72
56 -73
56 -70
56 -73
56 -73
56 -73
56 -72
56 -73
56 -73
56 -74
56 -75
56 -76
56 -76
56 -76
56 -77
56 -77
56 -77
56 -78
56 -78
56 -76
56 -76
56 -76
56 -76
56 -75
56 -76
56 -80
56 -83
56 -80
56 -77
56 -75
56 -75
56 -72
56 -72
56 -72
56 -74
56 -76
56 -78
56 -78
56 -83
56 -83
56 -83
56 -82
56 -81
56 -80
56 -79
56 -79
56 -80
56 -79
56 -79
56 -78
56 -74
56 -76
56 -76
56 -76
56 -76
56 -76
56 -76
56 -76
56 -76
56 -76
56 -75
56 -75
56 -76
56 -76
56 -76
56 -76
56 -76
56 -76
56 -76
56 -76
56 -75
56 -76
56 -75
56 -74
56 -76
56 -76
56 -76
56 -76
56 -76
56 -75
56 -68
56 -74
56 -73
56 -73
56 -73
56 -73
56 -73
56 -72
56 -72
56 -72
56 -75
56 -76
56 -75
56 -76
56 -76
56 -76
56 -75
56 -75
56 -74
56 -74
56 -74
56 -73
56 -73
56 -72
56 -72
56 -72
56 -72
56 -73
56 -74
56 -75
56 -75
56 -76
56 -73
56 -76
56 -76
56 -77
56 -78
56 -77
56 -78
56 -80
56 -79
56 -71
56 -76
56 -76
56 -75
56 -75
56 -75
56 -76
56 -76
56 -76
56 -76
56 -76
56 -76
56 -75
56 -75
56 -74
56 -75
56 -74
56 -75
56 -74
56 -75
56 -76
56 -76
56 -76
56 -77
56 -76
56 -74
56 -74
56 -73
56 -73
56 -71
56 -71
56 -72
56 -72
56 -72
56 -72
56 -72
56 -73
56 -73
56 -70
56 -72
56 -72
56 -72
56 -73
56 -73
56 -73
56 -73
56 -72
56 -73
56 -73
56 -73
56 -73
56 -72
56 -73
56 -71
56 -72
56 -72
56 -73
56 -72
56 -72
56 -72
56 -72
56 -72
56 -72
56 -72
56 -72
56 -72
56 -72
56 -73
56 -73
56 -72
56 -72
56 -72
56 -72
56 -73
56 -73
56 -73
56 -57
56 -73
56 -73
56 -73
56 -73
56 -73
56 -72
56 -73
56 -73
56 -73
56 -73
56 -73
56 -72
56 -73
56 -72
57 -82
57 -83
57 -82
57 -77
57 -82
57 -81
57 -81
57 -82
57 -82
57 -83
57 -83
57 -84
57 -81
57 -79
57 -80
57 -80
57 -73
57 -81
57 -79
57 -82
57 -81
57 -80
57 -81
57 -79
57 -79
57 -78
57 -78
57 -78
57 -78
57 -78
57 -79
57 -80
57 -78
57 -80
57 -80
57 -79
57 -79
57 -79
57 -78
57 -78
57 -78
57 -78
57 -77
57 -78
57 -78
57 -73
57 -78
57 -77
57 -78
57 -78
57 -79
57 -78
57 -79
57 -78
57 -78
57 -76
57 -78
57 -77
57 -77
57 -78
57 -77
57 -78
57 -78
57 -78
57 -78
57 -75
57 -80
57 -79
57 -79
57 -79
57 -79
57 -79
57 -79
57 -79
57 -79
57 -79
57 -79
57 -78
57 -79
57 -76
57 -79
57 -80
57 -80
57 -81
57 -80
57 -78
57 -80
57 -78
57 -79
57 -80
57 -79
57 -75
57 -79
57 -79
57 -79
57 -79
57 -80
57 -79
57 -80
57 -80
57 -80
57 -80
57 -80
57 -80
57 -79
57 -80
57 -79
57 -79
57 -79
57 -78
57 -78
57 -79
57 -79
57 -79
57 -78
57 -79
57 -80
57 -78
57 -79
57 -79
57 -79
57 -77
57 -77
57 -77
57 -75
57 -77
57 -77
57 -77
57 -78
57 -78
57 -79
57 -80
57 -80
57 -80
57 -81
57 -76
57 -85
57 -84
57 -83
57 -82
57 -83
57 -82
57 -82
57 -83
57 -83
57 -82
57 -83
57 -84
57 -83
57 -83
57 -83
57 -83
57 -83
57 -82
57 -82
57 -82
57 -82
57 -82
57 -82
57 -82
57 -70
57 -83
57 -83
57 -84
57 -83
57 -83
57 -83
57 -83
57 -83
57 -82
57 -83
57 -84
57 -84
57 -83
57 -83
57 -83
57 -73
57 -81
57 -81
57 -80
57 -79
57 -82
57 -83
57 -87
57 -84
57 -79
57 -81
57 -83
57 -83
57 -82
57 -83
57 -81
57 -80
57 -79
57 -80
57 -80
57 -79
57 -81
57 -81
57 -80
57 -80
57 -76
57 -83
57 -83
57 -84
58 -80
58 -82
58 -83
58 -82
58 -80
58 -79
58 -79
58 -72
58 -71
58 -79
58 -71
58 -82
58 -81
58 -78
58 -78
58 -81
58 -85
58 -86
58 -86
58 -84
58 -83
58 -82
58 -81
58 -82
58 -78
58 -78
58 -78
58 -79
58 -80
58 -80
58 -78
58 -76
58 -76
58 -76
58 -78
58 -78
58 -80
58 -81
58 -82
58 -82
58 -81
58 -80
58 -79
58 -78
58 -78
58 -78
58 -78
58 -79
58 -80
58 -80
58 -80
58 -80
58 -78
58 -79
58 -78
58 -78
58 -78
58 -78
58 -78
58 -78
58 -78
58 -78
58 -78
58 -78
58 -78
58 -78
58 -78
58 -78
58 -78
58 -78
58 -78
58 -77
58 -78
58 -79
58 -79
58 -80
58 -79
58 -78
58 -78
58 -78
58 -78
58 -78
58 -78
58 -78
58 -76
58 -77
58 -77
58 -76
58 -77
58 -77
58 -78
58 -78
58 -76
58 -77
58 -78
58 -75
58 -76
58 -76
58 -79
58 -78
58 -78
58 -78
58 -76
58 -78
58 -78
58 -70
58 -78
58 -78
58 -78
58 -75
58 -79
58 -79
58 -80
58 -82
58 -82
58 -82
58 -80
58 -80
58 -79
58 -80
58 -79
58 -79
58 -81
58 -80
58 -81
58 -80
58 -80
58 -81
58 -81
58 -78
58 -81
58 -80
58 -81
58 -81
58 -81
58 -82
58 -82
58 -82
58 -82
58 -72
58 -84
58 -84
58 -84
58 -79
58 -82
58 -78
58 -78
58 -76
58 -76
58 -76
58 -78
58 -76
58 -75
58 -73
58 -75
58 -74
58 -75
58 -75
58 -75
58 -76
58 -76
58 -75
58 -76
58 -76
58 -76
58 -76
58 -76
58 -76
58 -76
58 -76
58 -76
58 -76
58 -76
58 -76
58 -76
58 -76
58 -76
58 -76
58 -76
58 -75
58 -76
58 -76
58 -76
58 -76
58 -76
58 -76
58 -75
58 -74
58 -75
58 -75
58 -76
58 -75
58 -75
58 -75
58 -75
58 -76
58 -76
58 -76
58 -68
58 -76
58 -76
58 -77
58 -76
58 -78
58 -79
58 -80
58 -78
58 -77
58 -76
58 -76
58 -76
58 -76
58 -77
58 -77
58 -77
58 -78
58 -78
58 -78
58 -68
58 -79
58 -78
58 -79
58 -80
58 -80
58 -81
58 -80
58 -80
58 -81
58 -81
58 -80
58 -70
58 -79
58 -79
58 -78
58 -78
58 -77
58 -81
58 -82
58 -79
58 -79
58 -74
58 -78
58 -77
58 -79
58 -78
58 -78
58 -78
58 -78
58 -80
58 -80
58 -80
58 -78
58 -78
58 -78
58 -76
58 -77
58 -79
58 -78
58 -77
58 -75
58 -75
58 -74
58 -75
58 -74
58 -74
58 -75
58 -76
58 -75
58 -76
58 -76
58 -76
58 -77
58 -77
58 -77
58 -76
58 -76
58 -76
58 -77
58 -78
58 -78
58 -78
58 -78
58 -78
58 -77
58 -78
58 -78
58 -78
58 -78
58 -79
58 -79
58 -78
58 -79
58 -78
58 -78
58 -80
58 -80
58 -79
58 -79
58 -78
58 -79
58 -78
58 -76
58 -79
58 -79
58 -78
58 -78
58 -79
58 -79
58 -78
58 -78
58 -79
58 -78
58 -78
58 -79
58 -79
58 -79
58 -79
58 -80
58 -79
58 -79
58 -80
58 -79
58 -79
58 -78
58 -78
58 -78
58 -78
58 -78
58 -78
58 -78
59 -78
59 -76
59 -78
59 -75
59 -80
59 -83
59 -83
59 -81
59 -85
59 -84
59 -85
59 -79
59 -78
59 -80
59 -79
59 -77
59 -81
59 -78
59 -78
59 -77
59 -78
59 -77
59 -76
59 -76
59 -76
59 -76
59 -76
59 -76
59 -76
59 -76
59 -77
59 -78
59 -78
59 -78
59 -77
59 -77
59 -77
59 -77
59 -76
59 -77
59 -77
59 -78
59 -78
59 -78
59 -78
59 -78
59 -78
59 -78
59 -78
59 -78
59 -78
59 -78
59 -78
59 -78
59 -60
59 -77
59 -77
59 -74
59 -77
59 -77
59 -70
59 -78
59 -78
59 -78
59 -79
59 -78
59 -79
59 -79
59 -79
59 -78
59 -78
59 -77
59 -72
59 -76
59 -76
59 -76
59 -76
59 -76
59 -77
59 -77
59 -77
59 -75
59 -76
59 -77
59 -77
59 -77
59 -77
59 -78
59 -78
59 -78
59 -78
59 -78
59 -77
59 -77
59 -77
59 -77
59 -77
59 -76
59 -76
59 -76
59 -76
59 -76
59 -76
59 -76
59 -76
59 -76
59 -76
59 -77
59 -74
59 -77
59 -77
59 -77
59 -77
59 -78
59 -77
59 -77
59 -77
59 -78
59 -76
59 -76
59 -76
59 -76
59 -76
59 -76
59 -73
59 -76
59 -76
59 -76
59 -76
59 -76
59 -76
59 -74
59 -76
59 -77
59 -75
59 -76
59 -76
59 -76
59 -76
59 -76
59 -76
59 -76
59 -76
59 -76
59 -76
59 -76
59 -76
59 -76
59 -76
59 -76
59 -65
59 -76
59 -76
59 -76
59 -76
59 -76
59 -76
59 -76
59 -77
59 -77
59 -76
59 -76
59 -78
59 -80
59 -84
59 -79
59 -83
59 -83
59 -82
59 -84
59 -83
59 -82
59 -80
59 -80
59 -83
59 -82
59 -80
59 -80
59 -82
59 -84
59 -83
59 -80
59 -78
59 -79
59 -77
59 -77
59 -78
59 -78
59 -78
59 -76
59 -78
59 -79
59 -78
59 -79
59 -79
59 -79
59 -80
59 -80
59 -81
59 -83
59 -83
59 -83
59 -83
59 -81
59 -81
59 -80
59 -81
59 -80
59 -78
59 -79
59 -80
59 -82
59 -82
59 -81
59 -82
59 -84
59 -81
59 -84
59 -84
59 -85
59 -84
60 -81
60 -83
60 -83
60 -81
60 -86
60 -86
60 -66
60 -67
60 -85
60 -84
60 -85
60 -83
60 -83
60 -84
60 -84
60 -85
60 -84
60 -84
60 -83
60 -84
60 -84
60 -84
60 -85
60 -84
60 -85
60 -84
60 -84
60 -84
60 -84
60 -84
60 -84
60 -84
60 -87
60 -83
60 -82
60 -82
60 -82
60 -82
60 -83
60 -84
60 -84
60 -84
60 -82
60 -82
60 -81
60 -80
60 -69
60 -79
60 -81
60 -81
60 -81
60 -82
60 -82
60 -82
60 -82
60 -82
60 -81
60 -70
60 -81
60 -77
60 -80
60 -80
60 -80
60 -80
60 -80
60 -80
60 -80
60 -80
60 -80
60 -75
60 -79
60 -80
60 -75
60 -80
60 -79
60 -80
60 -80
60 -80
60 -80
60 -80
60 -80
60 -80
60 -80
60 -80
60 -81
60 -82
60 -73
60 -81
60 -81
60 -81
60 -54
60 -81
60 -81
60 -78
60 -80
60 -79
60 -78
60 -80
60 -81
60 -81
60 -68
60 -81
60 -81
60 -81
60 -81
60 -80
60 -81
60 -80
60 -75
60 -81
60 -80
60 -80
60 -73
60 -82
60 -80
60 -80
60 -82
60 -81
60 -81
60 -81
60 -82
60 -82
60 -82
60 -82
60 -81
60 -84
60 -83
60 -82
60 -82
60 -83
60 -83
60 -82
60 -82
60 -82
60 -83
60 -82
60 -83
60 -81
60 -72
60 -82
60 -83
60 -76
60 -83
60 -83
60 -83
60 -81
60 -82
60 -83
60 -84
60 -83
60 -81
60 -82
60 -83
60 -82
60 -83
