Beacon Rssi
1 -67
1 -67
1 -67
1 -67
1 -67
1 -67
1 -68
1 -68
1 -68
1 -68
1 -68
1 -68
1 -68
1 -68
1 -68
1 -68
1 -68
1 -68
1 -68
1 -69
1 -69
1 -70
1 -69
1 -70
1 -67
1 -66
1 -66
1 -67
1 -67
1 -67
1 -67
1 -68
1 -69
1 -69
1 -68
1 -67
1 -68
1 -68
1 -69
1 -69
1 -69
1 -69
1 -68
1 -68
1 -68
1 -68
1 -67
1 -67
1 -68
1 -68
1 -68
1 -68
1 -68
1 -68
1 -68
1 -68
1 -68
1 -68
1 -68
1 -68
1 -69
1 -68
1 -68
1 -68
1 -68
1 -75
1 -68
1 -68
1 -68
1 -68
1 -68
1 -68
1 -68
1 -68
1 -68
1 -68
1 -68
1 -68
1 -69
1 -69
1 -68
1 -68
1 -69
1 -69
1 -69
1 -68
1 -68
1 -68
1 -68
1 -68
1 -68
1 -68
1 -68
1 -68
1 -68
1 -68
1 -68
1 -68
1 -69
1 -69
1 -69
1 -69
1 -69
1 -69
1 -69
1 -69
1 -69
1 -69
1 -70
1 -69
1 -69
1 -69
1 -69
1 -69
1 -64
1 -68
1 -69
1 -68
1 -68
1 -68
1 -68
1 -67
1 -68
1 -67
1 -67
1 -67
1 -67
1 -68
1 -67
1 -67
1 -67
1 -67
1 -67
1 -66
1 -67
1 -67
1 -67
1 -67
1 -66
1 -67
1 -67
1 -68
1 -68
1 -68
1 -68
1 -69
1 -69
1 -69
1 -69
1 -70
1 -70
1 -70
1 -70
1 -70
1 -69
1 -69
1 -69
1 -69
1 -69
1 -69
1 -69
1 -69
1 -69
1 -69
1 -69
1 -66
1 -68
1 -69
1 -69
1 -69
1 -69
1 -69
1 -69
1 -69
1 -69
1 -69
1 -69
1 -69
1 -69
1 -69
1 -69
1 -68
1 -69
1 -69
1 -68
1 -69
1 -69
1 -67
1 -68
1 -67
1 -67
1 -67
1 -67
1 -67
1 -67
1 -67
1 -66
1 -67
1 -66
1 -66
1 -67
1 -67
1 -67
1 -67
1 -67
1 -67
1 -67
1 -67
1 -67
1 -67
1 -67
1 -67
1 -67
1 -67
1 -67
1 -67
1 -67
1 -67
1 -67
1 -67
1 -67
1 -67
1 -68
1 -68
1 -68
1 -68
1 -68
1 -67
1 -67
1 -68
1 -67
1 -67
1 -67
1 -67
1 -67
1 -67
1 -67
1 -66
1 -67
1 -67
1 -67
1 -67
1 -66
1 -66
1 -66
1 -66
1 -66
1 -66
1 -66
1 -66
1 -66
1 -66
1 -66
1 -66
1 -66
1 -66
1 -66
1 -67
1 -66
1 -66
1 -66
1 -66
1 -66
1 -66
1 -67
1 -66
1 -67
1 -67
1 -67
1 -67
1 -67
1 -67
1 -68
1 -67
1 -66
1 -66
1 -67
1 -66
1 -67
1 -67
1 -67
1 -66
1 -67
1 -67
1 -66
1 -67
1 -67
1 -67
1 -67
1 -68
1 -67
1 -67
1 -76
1 -67
1 -67
1 -67
1 -67
1 -67
1 -67
1 -67
1 -67
1 -67
1 -67
1 -67
1 -66
1 -67
1 -67
1 -67
1 -66
1 -66
1 -66
1 -66
1 -66
1 -66
1 -66
1 -66
1 -66
1 -66
1 -66
1 -66
1 -66
1 -66
1 -66
1 -66
1 -66
1 -66
1 -66
1 -66
1 -66
1 -75
1 -66
1 -66
1 -66
1 -67
1 -66
1 -66
1 -66
1 -66
1 -66
1 -66
1 -66
1 -66
1 -67
1 -66
1 -66
1 -66
1 -66
1 -65
1 -66
1 -66
1 -66
1 -66
1 -66
1 -67
1 -67
1 -67
1 -68
1 -67
1 -67
1 -62
1 -67
1 -67
1 -75
1 -67
1 -67
1 -68
1 -68
1 -68
1 -67
1 -67
1 -67
1 -67
1 -67
1 -67
1 -67
1 -67
1 -67
1 -67
1 -67
1 -67
1 -67
2 -78
2 -77
2 -76
2 -76
2 -76
2 -75
2 -76
2 -75
2 -74
2 -75
2 -75
2 -75
2 -76
2 -76
2 -77
2 -74
2 -69
2 -79
2 -78
2 -76
2 -74
2 -81
2 -81
2 -83
2 -83
2 -81
2 -82
2 -82
2 -79
2 -76
2 -77
2 -76
2 -77
2 -76
2 -76
2 -77
2 -77
2 -77
2 -78
2 -79
2 -78
2 -75
2 -78
2 -78
2 -78
2 -78
2 -79
2 -79
2 -82
2 -81
2 -84
2 -83
2 -81
2 -80
2 -80
2 -82
2 -84
2 -84
2 -84
2 -84
2 -83
2 -83
2 -83
2 -82
2 -82
2 -82
2 -82
2 -82
2 -83
2 -82
2 -83
2 -82
2 -82
2 -76
2 -75
2 -76
2 -76
2 -76
2 -76
2 -76
2 -76
2 -76
2 -74
2 -76
2 -76
2 -76
2 -76
2 -76
2 -77
2 -77
2 -74
3 -79
3 -77
3 -77
3 -76
3 -76
3 -75
3 -78
3 -78
3 -78
3 -76
3 -74
3 -72
3 -73
3 -76
3 -78
3 -78
3 -78
3 -78
3 -77
3 -76
3 -76
3 -76
3 -76
3 -76
3 -75
3 -74
3 -74
3 -74
3 -73
3 -72
3 -72
3 -72
3 -72
3 -71
3 -71
3 -72
3 -72
3 -72
3 -62
3 -71
3 -72
3 -71
3 -71
3 -71
3 -71
3 -71
3 -72
3 -73
3 -73
3 -75
3 -75
3 -75
3 -74
3 -73
3 -74
3 -73
3 -74
3 -74
3 -75
3 -75
3 -75
3 -73
3 -75
3 -75
3 -75
3 -75
3 -74
3 -75
3 -70
3 -75
3 -74
3 -74
3 -75
3 -74
3 -74
3 -75
3 -75
3 -75
3 -74
3 -74
3 -74
3 -74
3 -74
3 -74
3 -73
3 -74
3 -73
3 -73
3 -73
3 -74
3 -74
3 -74
3 -74
3 -74
3 -74
3 -74
3 -74
3 -75
3 -75
3 -75
3 -76
3 -76
3 -77
3 -77
3 -78
3 -78
3 -79
3 -78
3 -78
3 -79
3 -79
3 -79
3 -78
3 -79
3 -78
3 -78
3 -77
3 -77
3 -76
3 -76
3 -76
3 -76
3 -75
3 -74
3 -75
3 -75
3 -74
3 -75
3 -64
3 -75
3 -75
3 -75
3 -75
3 -75
3 -76
3 -76
3 -76
3 -76
3 -76
3 -75
3 -74
3 -74
3 -74
3 -73
3 -74
3 -73
3 -73
3 -73
3 -74
3 -74
3 -74
3 -74
3 -75
3 -75
3 -75
3 -74
3 -75
3 -75
3 -73
3 -75
3 -76
3 -76
3 -76
3 -76
3 -78
3 -78
3 -78
3 -78
3 -78
3 -77
3 -77
3 -77
3 -77
3 -77
3 -77
3 -77
3 -78
3 -73
3 -78
3 -79
3 -79
3 -70
3 -81
3 -81
3 -81
3 -83
3 -84
3 -86
3 -82
3 -76
3 -82
3 -82
3 -81
3 -80
3 -81
3 -80
3 -81
3 -81
3 -82
3 -81
3 -81
3 -81
3 -81
3 -81
3 -82
3 -83
3 -83
3 -83
3 -81
3 -81
3 -79
3 -78
3 -77
3 -77
3 -77
3 -77
3 -77
3 -76
3 -76
3 -76
3 -76
3 -76
3 -76
3 -76
3 -77
3 -76
3 -77
3 -77
3 -77
3 -78
3 -77
3 -77
3 -78
3 -78
3 -78
3 -77
3 -78
3 -79
3 -78
3 -79
3 -79
3 -79
3 -80
3 -80
3 -76
3 -76
3 -77
3 -78
3 -77
3 -79
3 -78
3 -75
4 -72
4 -72
4 -73
4 -74
4 -74
4 -74
4 -75
4 -75
4 -72
4 -75
4 -74
4 -73
4 -72
4 -72
4 -74
4 -73
4 -74
4 -77
4 -76
4 -76
4 -76
4 -74
4 -75
4 -73
4 -72
4 -70
4 -73
4 -73
4 -70
4 -71
4 -72
4 -71
4 -70
4 -70
4 -71
4 -71
4 -71
4 -71
4 -71
4 -70
4 -70
4 -68
4 -70
4 -70
4 -70
4 -69
4 -69
4 -70
4 -70
4 -70
4 -69
4 -69
4 -68
4 -70
4 -69
4 -70
4 -68
4 -70
4 -69
4 -69
4 -70
4 -69
4 -70
4 -70
4 -70
4 -70
4 -70
4 -70
4 -70
4 -70
4 -70
4 -70
4 -66
4 -70
4 -71
4 -71
4 -70
4 -71
4 -71
4 -71
4 -71
4 -70
4 -70
4 -70
4 -70
4 -70
4 -54
4 -69
4 -69
4 -70
4 -69
4 -70
4 -69
4 -69
4 -69
4 -69
4 -69
4 -69
4 -68
4 -68
4 -68
4 -68
4 -68
4 -69
4 -69
4 -69
4 -69
4 -69
4 -70
4 -69
4 -69
4 -69
4 -69
4 -69
4 -69
4 -68
4 -68
4 -68
4 -67
4 -67
4 -67
4 -67
4 -67
4 -67
4 -68
4 -67
4 -68
4 -68
4 -68
4 -68
4 -69
4 -68
4 -69
4 -69
4 -69
4 -69
4 -68
4 -68
4 -69
4 -68
4 -67
4 -67
4 -67
4 -67
4 -67
4 -66
4 -66
4 -67
4 -67
4 -66
4 -67
4 -67
4 -67
4 -67
4 -68
4 -67
4 -67
4 -68
4 -68
4 -68
4 -68
4 -67
4 -67
4 -67
4 -67
4 -66
4 -67
4 -66
4 -66
4 -66
4 -67
4 -67
4 -66
4 -66
4 -66
4 -68
4 -68
4 -69
4 -68
4 -68
4 -68
4 -68
4 -68
4 -69
4 -68
4 -68
4 -68
4 -68
4 -68
4 -67
4 -67
4 -67
4 -67
4 -67
4 -67
4 -67
4 -68
4 -68
4 -68
4 -68
4 -68
4 -68
4 -68
4 -68
4 -68
4 -68
4 -68
4 -68
4 -68
4 -68
4 -68
4 -68
4 -68
4 -55
4 -67
4 -67
4 -67
4 -67
4 -67
4 -68
4 -66
4 -68
4 -68
4 -68
4 -68
4 -69
4 -68
4 -68
4 -69
4 -69
4 -69
4 -69
4 -69
4 -69
4 -69
4 -69
4 -69
4 -68
4 -69
4 -69
4 -69
4 -68
4 -68
4 -68
4 -68
4 -68
4 -68
4 -68
4 -68
4 -68
4 -68
4 -68
4 -68
4 -67
4 -67
4 -67
4 -67
4 -66
4 -67
4 -67
4 -67
4 -67
4 -67
4 -68
4 -68
4 -68
4 -68
4 -68
4 -68
4 -68
4 -68
4 -68
4 -68
4 -68
4 -68
4 -68
4 -68
4 -66
4 -68
4 -68
4 -68
4 -67
4 -68
4 -68
4 -68
4 -68
4 -69
4 -68
4 -69
4 -68
4 -69
4 -68
4 -69
4 -69
4 -69
4 -69
4 -69
4 -69
4 -69
4 -69
4 -68
4 -68
4 -68
4 -68
4 -69
4 -68
4 -68
4 -68
4 -68
4 -68
4 -68
4 -68
4 -68
4 -69
4 -69
4 -69
4 -69
4 -70
4 -69
4 -70
4 -70
4 -70
4 -70
4 -69
4 -69
4 -70
4 -70
4 -70
4 -70
4 -70
4 -71
4 -70
4 -70
4 -70
4 -69
4 -70
4 -71
4 -71
4 -71
4 -70
4 -71
4 -70
4 -72
4 -72
4 -72
4 -71
4 -72
4 -73
4 -74
4 -73
4 -74
4 -74
4 -74
4 -74
4 -73
4 -73
4 -72
4 -72
4 -71
4 -71
4 -71
4 -72
5 -72
5 -72
5 -74
5 -73
5 -74
5 -74
5 -73
5 -72
5 -73
5 -73
5 -74
5 -73
5 -70
5 -72
5 -74
5 -73
5 -79
5 -77
5 -74
5 -75
5 -75
5 -72
5 -69
5 -70
5 -70
5 -70
5 -72
5 -75
5 -76
5 -72
5 -72
5 -74
5 -76
5 -75
5 -73
5 -72
5 -70
5 -69
5 -69
5 -70
5 -70
5 -70
5 -70
5 -70
5 -71
5 -64
5 -72
5 -72
5 -72
5 -72
5 -72
5 -71
5 -71
5 -71
5 -70
5 -72
5 -72
5 -72
5 -71
5 -70
5 -70
5 -70
5 -69
5 -68
5 -68
5 -68
5 -68
5 -67
5 -68
5 -68
5 -68
5 -68
5 -68
5 -68
5 -68
5 -68
5 -68
5 -69
5 -69
5 -70
5 -70
5 -72
5 -72
5 -74
5 -73
5 -78
5 -81
5 -83
5 -82
5 -79
5 -78
5 -77
5 -76
5 -75
5 -75
5 -74
5 -74
5 -73
5 -73
5 -73
5 -73
5 -72
5 -72
5 -73
5 -72
5 -72
5 -72
5 -73
5 -73
5 -73
5 -73
5 -73
5 -74
5 -74
5 -75
5 -76
5 -76
5 -78
5 -81
5 -82
5 -70
5 -80
5 -79
5 -77
5 -77
5 -76
5 -76
5 -76
5 -76
5 -76
5 -76
5 -76
5 -77
5 -76
5 -76
5 -74
5 -77
5 -77
5 -77
5 -78
5 -77
5 -77
5 -77
5 -76
5 -78
5 -78
5 -76
5 -75
5 -75
5 -75
5 -75
5 -74
5 -73
5 -73
5 -73
5 -73
5 -73
5 -73
5 -73
5 -74
5 -75
5 -75
5 -77
5 -78
5 -80
5 -80
5 -80
5 -81
5 -81
5 -81
5 -81
5 -81
5 -82
5 -81
5 -80
5 -81
5 -82
5 -80
5 -78
5 -83
5 -83
5 -81
5 -79
5 -79
5 -80
5 -80
5 -81
5 -81
5 -80
5 -81
5 -82
5 -83
5 -83
5 -79
5 -81
5 -81
5 -80
5 -79
5 -78
5 -78
5 -76
5 -76
5 -76
5 -76
5 -76
5 -76
5 -76
5 -76
5 -76
5 -78
5 -78
5 -78
5 -79
5 -75
5 -81
5 -82
5 -82
5 -82
5 -83
5 -84
5 -78
5 -79
5 -80
5 -80
5 -81
5 -82
5 -81
5 -81
5 -82
5 -81
5 -80
5 -78
5 -78
5 -77
5 -73
5 -78
5 -78
5 -79
5 -80
5 -79
5 -78
5 -80
5 -80
5 -80
5 -78
5 -76
5 -76
5 -72
5 -75
5 -75
5 -75
5 -75
5 -75
5 -76
5 -63
5 -76
5 -76
5 -77
5 -77
5 -77
5 -77
5 -74
5 -76
5 -76
5 -76
5 -76
5 -76
5 -75
5 -75
5 -74
5 -74
5 -72
5 -73
5 -73
5 -73
5 -73
5 -73
5 -73
5 -73
5 -73
5 -72
5 -72
5 -72
5 -72
5 -60
5 -73
5 -76
5 -73
5 -76
5 -76
5 -78
5 -76
5 -72
5 -72
5 -77
5 -71
5 -76
5 -75
5 -76
5 -75
5 -75
5 -74
5 -75
5 -76
5 -76
5 -76
5 -75
5 -75
5 -75
5 -73
5 -76
5 -76
5 -76
6 -78
6 -78
6 -75
6 -76
6 -76
6 -76
6 -76
6 -74
6 -74
6 -73
6 -70
6 -70
6 -70
6 -66
6 -66
6 -67
6 -61
6 -60
6 -62
6 -66
6 -61
6 -65
6 -65
6 -62
6 -64
6 -64
6 -64
6 -66
6 -64
6 -61
6 -62
6 -64
6 -70
6 -70
6 -67
6 -67
6 -66
6 -66
6 -66
6 -66
6 -66
6 -67
6 -69
6 -69
6 -69
6 -68
6 -67
6 -67
6 -66
6 -64
6 -64
6 -66
6 -67
6 -66
6 -64
6 -66
6 -66
6 -65
6 -64
6 -65
6 -63
6 -64
6 -64
6 -64
6 -64
6 -64
6 -64
6 -65
6 -66
6 -66
6 -67
6 -66
6 -65
6 -66
6 -67
6 -68
6 -68
6 -67
6 -67
6 -67
6 -68
6 -67
6 -67
6 -67
6 -75
6 -66
6 -66
6 -66
6 -65
6 -65
6 -65
6 -66
6 -66
6 -67
6 -67
6 -67
6 -67
6 -67
6 -67
6 -67
6 -67
6 -68
6 -68
6 -68
6 -68
6 -68
6 -68
6 -67
6 -68
6 -68
6 -69
6 -69
6 -68
6 -66
6 -66
6 -64
6 -63
6 -63
6 -64
6 -63
6 -62
6 -62
6 -63
6 -62
6 -62
6 -63
6 -64
6 -64
6 -64
6 -64
6 -64
6 -64
6 -64
6 -65
6 -65
6 -73
6 -65
6 -65
6 -64
6 -64
6 -64
6 -64
6 -64
6 -64
6 -64
6 -64
6 -61
6 -65
6 -66
6 -65
6 -73
6 -67
6 -68
6 -67
6 -68
6 -68
6 -67
6 -67
6 -67
6 -66
6 -66
6 -66
6 -68
6 -69
6 -70
6 -69
6 -70
6 -70
6 -66
6 -66
6 -66
6 -67
6 -68
6 -69
6 -72
6 -72
6 -72
6 -76
6 -67
6 -65
6 -64
6 -65
6 -66
6 -66
6 -66
6 -65
6 -66
6 -66
6 -66
6 -66
6 -67
6 -67
6 -68
6 -68
6 -68
6 -68
6 -69
6 -68
6 -68
6 -68
6 -68
6 -68
6 -67
6 -67
6 -67
6 -68
6 -68
6 -67
6 -67
6 -67
6 -66
6 -67
6 -67
6 -67
6 -68
6 -69
6 -69
6 -68
6 -69
6 -68
6 -69
6 -69
6 -70
6 -69
6 -70
6 -70
6 -70
6 -70
6 -70
6 -70
6 -69
6 -69
6 -69
6 -68
6 -69
6 -70
6 -70
6 -68
6 -71
6 -72
6 -71
6 -71
6 -72
6 -72
6 -71
6 -72
6 -72
6 -71
6 -70
6 -70
6 -70
6 -70
6 -70
6 -70
6 -70
6 -70
6 -70
6 -70
6 -70
6 -70
6 -70
6 -72
6 -72
6 -72
6 -73
6 -73
6 -73
6 -72
6 -72
6 -72
6 -72
6 -72
6 -72
6 -70
6 -70
6 -70
6 -70
6 -70
6 -70
6 -70
6 -70
6 -70
6 -70
6 -70
6 -72
6 -71
6 -75
6 -76
6 -76
6 -74
6 -75
6 -73
6 -72
6 -70
6 -70
6 -70
6 -70
6 -70
6 -70
6 -70
6 -60
6 -70
6 -70
6 -70
6 -70
6 -70
6 -68
6 -68
6 -68
6 -67
6 -67
6 -67
6 -67
6 -67
6 -67
6 -67
6 -68
6 -68
6 -69
6 -68
6 -68
6 -69
6 -68
6 -68
6 -69
6 -69
6 -69
6 -69
6 -69
6 -70
6 -69
6 -70
6 -70
6 -70
6 -70
6 -70
6 -70
6 -70
6 -70
6 -66
6 -62
6 -62
6 -64
6 -69
6 -64
6 -61
6 -59
6 -63
6 -66
6 -63
6 -62
6 -66
6 -66
6 -66
6 -66
6 -64
6 -68
6 -70
6 -71
6 -72
6 -73
6 -74
6 -73
6 -72
6 -70
6 -68
6 -67
6 -67
6 -66
6 -64
7 -80
7 -81
7 -81
7 -77
7 -81
7 -82
7 -82
7 -81
7 -82
7 -80
7 -82
7 -82
7 -81
7 -82
7 -83
7 -83
7 -83
7 -82
7 -81
7 -82
7 -83
7 -82
7 -80
7 -82
7 -83
7 -83
7 -73
7 -75
7 -81
7 -82
7 -81
7 -81
7 -83
7 -76
7 -82
7 -83
7 -83
7 -83
7 -83
7 -83
7 -76
7 -83
7 -82
7 -83
7 -84
7 -83
7 -84
7 -84
7 -83
7 -83
7 -83
7 -83
7 -82
7 -70
7 -83
7 -83
7 -82
7 -82
7 -82
7 -83
7 -82
7 -82
7 -82
7 -82
7 -82
7 -82
7 -83
7 -78
7 -82
7 -82
7 -82
7 -82
7 -83
7 -77
7 -82
7 -83
7 -78
7 -83
7 -83
7 -82
7 -69
7 -82
7 -83
7 -82
7 -82
7 -82
7 -82
7 -83
7 -82
7 -82
7 -83
7 -83
7 -82
7 -83
7 -82
7 -77
7 -82
7 -82
7 -81
7 -82
7 -83
7 -84
7 -82
7 -82
7 -81
7 -82
7 -82
7 -81
7 -82
7 -82
7 -73
7 -81
7 -82
7 -83
8 -69
8 -69
8 -69
8 -68
8 -68
8 -68
8 -67
8 -68
8 -67
8 -67
8 -68
8 -67
8 -67
8 -67
8 -66
8 -66
8 -66
8 -66
8 -67
8 -66
8 -66
8 -67
8 -66
8 -66
8 -67
8 -66
8 -66
8 -66
8 -66
8 -66
8 -68
8 -67
8 -68
8 -68
8 -69
8 -70
8 -70
8 -69
8 -69
8 -68
8 -68
8 -68
8 -67
8 -68
8 -68
8 -68
8 -69
8 -69
8 -69
8 -70
8 -70
8 -69
8 -70
8 -69
8 -70
8 -70
8 -70
8 -71
8 -71
8 -72
8 -71
8 -71
8 -71
8 -70
8 -70
8 -70
8 -70
8 -70
8 -70
8 -70
8 -70
8 -70
8 -70
8 -69
8 -69
8 -69
8 -69
8 -69
8 -68
8 -69
8 -69
8 -68
8 -68
8 -68
8 -68
8 -69
8 -68
8 -69
8 -69
8 -70
8 -70
8 -71
8 -70
8 -72
8 -71
8 -72
8 -72
8 -72
8 -72
8 -71
8 -70
8 -70
8 -70
8 -70
8 -70
8 -70
8 -70
8 -71
8 -71
8 -71
8 -71
8 -71
8 -70
8 -71
8 -71
8 -70
8 -71
8 -70
8 -70
8 -70
8 -67
8 -70
8 -70
8 -70
8 -70
8 -69
8 -70
8 -70
8 -70
8 -70
8 -69
8 -70
8 -70
8 -70
8 -70
8 -70
8 -70
8 -70
8 -71
8 -70
8 -72
8 -72
8 -72
8 -72
8 -72
8 -72
8 -72
8 -72
8 -72
8 -74
8 -72
8 -72
8 -72
8 -71
8 -72
8 -72
8 -72
8 -71
8 -71
8 -71
8 -71
8 -70
8 -71
8 -68
8 -70
8 -71
8 -70
8 -70
8 -70
8 -70
8 -70
8 -69
8 -70
8 -70
8 -68
8 -70
8 -70
8 -70
8 -70
8 -71
8 -70
8 -70
8 -70
8 -71
8 -70
8 -70
8 -70
8 -70
8 -70
8 -48
8 -70
8 -70
8 -70
8 -70
8 -70
8 -70
8 -70
8 -70
8 -70
8 -70
8 -66
8 -70
8 -70
8 -70
8 -70
8 -76
8 -70
8 -70
8 -70
8 -70
8 -70
8 -70
8 -70
8 -70
8 -70
8 -70
8 -70
8 -70
8 -70
8 -70
8 -70
8 -70
8 -69
8 -69
8 -69
8 -69
8 -69
8 -69
8 -69
8 -69
8 -69
8 -68
8 -68
8 -69
8 -67
8 -68
8 -68
8 -68
8 -68
8 -68
8 -68
8 -68
8 -68
8 -69
8 -68
8 -68
8 -69
8 -69
8 -68
8 -69
8 -69
8 -68
8 -69
8 -69
8 -69
8 -69
8 -70
8 -69
8 -69
8 -69
8 -70
8 -69
8 -70
8 -69
8 -70
8 -70
8 -70
8 -70
8 -69
8 -70
8 -70
8 -69
8 -69
8 -70
8 -69
8 -69
8 -69
8 -69
8 -69
8 -69
8 -69
8 -69
8 -70
8 -69
8 -69
8 -69
8 -69
8 -69
8 -69
8 -69
8 -69
8 -69
8 -69
8 -69
8 -69
8 -69
8 -69
8 -68
8 -68
8 -69
8 -68
8 -68
8 -68
8 -68
8 -68
8 -67
8 -68
8 -68
8 -67
8 -68
8 -68
8 -69
8 -69
8 -69
8 -69
8 -69
8 -69
8 -69
8 -68
8 -69
8 -69
8 -69
8 -69
8 -76
8 -69
8 -68
8 -68
8 -68
8 -68
8 -65
8 -68
8 -67
8 -68
8 -67
8 -67
8 -67
8 -67
8 -66
8 -66
8 -66
8 -66
8 -66
8 -67
8 -67
8 -68
8 -68
8 -67
8 -66
8 -69
8 -67
8 -66
8 -66
8 -66
8 -66
8 -66
8 -66
8 -66
8 -65
8 -65
8 -66
8 -66
8 -65
8 -66
8 -66
8 -65
8 -66
8 -66
8 -66
8 -66
8 -65
8 -66
8 -65
9 -76
9 -76
9 -76
9 -76
9 -78
9 -78
9 -79
9 -78
9 -79
9 -82
9 -67
9 -77
9 -78
9 -78
9 -77
9 -79
9 -77
9 -80
9 -77
9 -74
9 -72
9 -71
9 -72
9 -72
9 -74
9 -76
9 -77
9 -75
9 -80
9 -78
9 -78
9 -76
9 -75
9 -78
9 -79
9 -77
9 -77
9 -78
9 -79
9 -73
9 -78
9 -78
9 -78
9 -76
9 -76
9 -76
9 -78
9 -80
9 -80
9 -80
9 -81
9 -81
9 -80
9 -80
9 -80
9 -79
9 -78
9 -76
9 -77
9 -77
9 -78
9 -78
9 -77
9 -78
9 -76
9 -76
9 -76
9 -77
9 -78
9 -79
9 -78
9 -78
9 -77
9 -77
9 -77
9 -77
9 -77
9 -77
9 -76
9 -75
9 -74
9 -74
9 -74
9 -75
9 -75
9 -75
9 -75
9 -76
9 -76
9 -76
9 -76
9 -76
9 -77
9 -77
9 -77
9 -78
9 -78
9 -78
9 -76
9 -78
9 -64
9 -78
9 -78
9 -78
9 -78
9 -78
9 -76
9 -77
9 -78
9 -78
9 -78
9 -77
9 -77
9 -75
9 -78
9 -76
9 -77
9 -78
9 -78
9 -78
9 -78
9 -78
9 -79
9 -78
9 -79
9 -78
9 -80
9 -79
9 -74
9 -79
9 -77
9 -77
9 -77
9 -78
9 -76
9 -76
9 -76
9 -75
9 -74
9 -73
9 -74
9 -73
9 -74
9 -75
9 -74
9 -75
9 -76
9 -76
9 -77
9 -77
9 -56
9 -78
9 -78
9 -78
9 -78
9 -78
9 -79
9 -78
9 -78
9 -78
9 -78
9 -78
9 -78
9 -78
9 -78
9 -79
9 -79
9 -79
9 -79
9 -79
9 -79
9 -79
9 -78
9 -79
9 -79
9 -79
9 -79
9 -78
9 -78
9 -78
9 -78
9 -78
9 -78
9 -78
9 -78
9 -78
9 -78
9 -78
9 -78
9 -78
9 -79
9 -80
9 -82
9 -83
9 -84
9 -85
9 -85
9 -83
9 -83
9 -83
9 -82
9 -80
9 -80
9 -80
9 -75
9 -81
9 -79
9 -78
9 -77
9 -77
9 -79
9 -78
9 -78
9 -78
9 -79
9 -79
9 -79
9 -79
9 -79
9 -79
9 -80
9 -80
9 -81
9 -81
9 -81
9 -82
9 -83
9 -86
9 -82
9 -78
9 -79
9 -80
9 -80
9 -83
9 -82
9 -82
10 -72
10 -73
10 -74
10 -74
10 -74
10 -73
10 -73
10 -74
10 -74
10 -74
10 -74
10 -73
10 -72
10 -72
10 -73
10 -75
10 -76
10 -75
10 -74
10 -74
10 -75
10 -74
10 -76
10 -76
10 -75
10 -75
10 -75
10 -75
10 -76
10 -78
10 -77
10 -76
10 -75
10 -76
10 -76
10 -75
10 -74
10 -73
10 -73
10 -76
10 -75
10 -78
10 -78
10 -81
10 -81
10 -82
10 -82
10 -81
10 -80
10 -79
10 -77
10 -77
10 -76
10 -76
10 -74
10 -75
10 -75
10 -75
10 -75
10 -75
10 -75
10 -75
10 -75
10 -76
10 -75
10 -75
10 -75
10 -75
10 -75
10 -75
10 -76
10 -75
10 -75
10 -75
10 -75
10 -75
10 -74
10 -75
10 -75
10 -74
10 -74
10 -74
10 -74
10 -73
10 -74
10 -70
10 -72
10 -73
10 -73
10 -73
10 -72
10 -73
10 -72
10 -73
10 -73
10 -73
10 -73
10 -73
10 -73
10 -73
10 -73
10 -73
10 -73
10 -73
10 -72
10 -72
10 -72
10 -72
10 -72
10 -72
10 -72
10 -72
10 -72
10 -72
10 -72
10 -72
10 -72
10 -72
10 -72
10 -73
10 -72
10 -73
10 -73
10 -73
10 -73
10 -74
10 -73
10 -73
10 -73
10 -74
10 -73
10 -73
10 -73
10 -73
10 -70
10 -74
10 -74
10 -75
10 -75
10 -75
10 -75
10 -76
10 -76
10 -76
10 -76
10 -76
10 -76
10 -76
10 -76
10 -76
10 -76
10 -76
10 -76
10 -76
10 -76
10 -76
10 -76
10 -76
10 -76
10 -77
10 -76
10 -71
10 -71
10 -77
10 -76
10 -76
10 -76
10 -76
10 -76
10 -75
10 -75
10 -74
10 -74
10 -74
10 -74
10 -74
10 -73
10 -73
10 -73
10 -72
10 -72
10 -72
10 -72
10 -72
10 -72
10 -72
10 -72
10 -72
10 -72
10 -72
10 -72
10 -72
10 -72
10 -71
10 -73
10 -73
10 -73
10 -73
10 -73
10 -73
10 -73
10 -73
10 -74
10 -73
10 -74
10 -74
10 -74
10 -74
10 -75
10 -75
10 -75
10 -75
10 -76
10 -75
10 -75
10 -75
10 -75
10 -75
10 -72
10 -75
10 -75
10 -75
10 -75
10 -74
10 -73
10 -71
10 -73
10 -73
10 -73
10 -73
10 -73
10 -73
10 -73
10 -73
10 -73
10 -73
10 -73
10 -73
10 -73
10 -73
10 -73
10 -73
10 -73
10 -73
10 -73
10 -72
10 -73
10 -72
10 -72
10 -72
10 -72
10 -71
10 -73
10 -73
10 -73
10 -73
10 -73
10 -73
10 -72
10 -73
10 -73
10 -74
10 -74
10 -74
10 -75
10 -75
10 -75
10 -75
10 -75
10 -76
10 -76
10 -76
10 -76
10 -76
10 -76
10 -76
10 -68
10 -76
10 -77
10 -76
10 -76
10 -76
10 -76
10 -74
10 -77
10 -76
10 -76
10 -84
10 -76
10 -76
10 -76
10 -76
10 -76
10 -75
10 -76
10 -76
10 -75
10 -75
10 -73
10 -75
10 -75
10 -74
10 -72
10 -71
10 -72
10 -72
10 -75
10 -74
10 -73
10 -72
10 -72
10 -72
10 -73
10 -73
10 -73
10 -73
10 -74
10 -74
10 -74
10 -74
10 -74
10 -74
10 -74
10 -74
10 -73
10 -74
10 -73
10 -74
10 -74
11 -84
11 -81
11 -81
11 -81
11 -81
11 -82
11 -81
11 -83
11 -86
11 -84
11 -82
11 -81
11 -80
11 -81
11 -81
11 -76
11 -81
11 -82
11 -84
11 -84
11 -82
12 -80
12 -80
12 -80
12 -79
12 -79
12 -78
12 -78
12 -76
12 -76
12 -76
12 -76
12 -76
12 -73
12 -73
12 -75
12 -75
12 -76
12 -75
12 -73
12 -75
12 -76
12 -75
12 -75
12 -76
12 -76
12 -76
12 -76
12 -76
12 -77
12 -78
12 -78
12 -72
12 -76
12 -75
12 -76
12 -75
12 -74
12 -75
12 -74
12 -73
12 -74
12 -74
12 -74
12 -74
12 -75
12 -75
12 -75
12 -76
12 -75
12 -76
12 -76
12 -76
12 -76
12 -75
12 -75
12 -74
12 -63
12 -75
12 -74
12 -75
12 -75
12 -74
12 -74
12 -74
12 -74
12 -74
12 -74
12 -73
12 -74
12 -73
12 -73
12 -73
12 -73
12 -73
12 -73
12 -73
12 -73
12 -73
12 -73
12 -74
12 -74
12 -74
12 -74
12 -74
12 -71
12 -75
12 -75
12 -74
12 -74
12 -75
12 -74
12 -75
12 -75
12 -74
12 -75
12 -74
12 -75
12 -74
12 -74
12 -75
12 -74
12 -72
12 -75
12 -74
12 -74
12 -73
12 -74
12 -74
12 -74
12 -74
12 -74
12 -72
12 -74
12 -74
12 -74
12 -73
12 -74
12 -74
12 -74
12 -74
12 -74
12 -74
12 -74
12 -74
12 -75
12 -74
12 -74
12 -74
12 -74
12 -74
12 -74
12 -74
12 -75
12 -74
12 -75
12 -75
12 -74
12 -74
12 -75
12 -75
12 -74
12 -75
12 -75
12 -75
12 -74
12 -74
12 -74
12 -74
12 -74
12 -74
12 -75
12 -75
12 -75
12 -74
12 -74
12 -74
12 -74
12 -74
12 -74
12 -74
12 -71
12 -74
12 -74
12 -74
12 -74
12 -73
12 -74
12 -73
12 -74
12 -73
12 -74
12 -74
12 -74
12 -74
12 -74
12 -73
12 -74
12 -74
12 -74
12 -74
12 -74
12 -73
12 -74
12 -74
12 -73
12 -74
12 -74
12 -74
12 -68
12 -73
12 -74
12 -74
12 -74
12 -74
12 -74
12 -74
12 -73
12 -74
12 -74
12 -74
12 -74
12 -74
12 -75
12 -74
12 -74
12 -74
12 -74
12 -75
12 -75
12 -74
12 -75
12 -75
12 -75
12 -75
12 -76
12 -75
12 -76
12 -60
12 -76
12 -76
12 -76
12 -76
12 -76
12 -75
12 -76
12 -76
12 -76
12 -76
12 -76
12 -76
12 -76
12 -76
12 -76
12 -76
12 -75
12 -75
12 -75
12 -75
12 -75
12 -75
12 -75
12 -75
12 -75
12 -75
12 -74
12 -74
12 -75
12 -75
12 -75
12 -74
12 -74
12 -74
12 -74
12 -74
12 -74
12 -74
12 -74
12 -75
12 -74
12 -75
12 -75
12 -75
12 -71
12 -75
12 -75
12 -75
12 -75
12 -75
12 -76
12 -76
12 -76
12 -74
12 -76
12 -76
12 -76
12 -76
12 -76
12 -76
12 -76
12 -76
12 -75
12 -75
12 -74
12 -75
12 -75
12 -75
12 -75
12 -75
12 -75
12 -72
12 -74
12 -74
12 -74
12 -74
12 -74
12 -74
12 -74
12 -74
12 -74
12 -74
12 -74
12 -73
12 -74
12 -74
12 -74
12 -74
12 -74
12 -74
12 -74
12 -74
12 -74
12 -74
12 -74
12 -74
12 -74
12 -74
12 -74
12 -75
12 -75
12 -74
12 -75
12 -75
12 -75
12 -75
12 -75
12 -75
12 -75
12 -75
12 -75
12 -74
12 -73
12 -74
12 -73
12 -75
12 -75
12 -75
12 -75
12 -76
12 -77
12 -77
12 -77
12 -77
12 -77
12 -78
12 -78
12 -77
12 -76
12 -74
12 -77
12 -77
12 -76
12 -77
12 -74
14 -82
14 -83
14 -82
14 -78
14 -84
14 -84
14 -86
15 -78
15 -76
15 -78
15 -78
15 -78
15 -78
15 -78
15 -78
15 -78
15 -78
15 -78
15 -77
15 -77
15 -77
15 -78
15 -77
15 -77
15 -78
15 -79
15 -80
15 -81
15 -81
15 -80
15 -81
15 -78
15 -80
15 -80
15 -72
15 -78
15 -79
15 -78
15 -77
15 -78
15 -78
15 -78
15 -78
15 -78
15 -77
15 -77
15 -77
15 -77
15 -77
15 -77
15 -77
15 -77
15 -78
15 -78
15 -77
15 -78
15 -78
15 -78
15 -79
15 -78
15 -78
15 -78
15 -77
15 -78
15 -78
15 -78
15 -79
15 -78
15 -78
15 -78
15 -78
15 -78
15 -78
15 -79
15 -72
15 -79
15 -78
15 -79
15 -79
15 -68
15 -79
15 -73
15 -80
15 -79
15 -79
15 -79
15 -77
15 -79
15 -79
15 -78
15 -79
15 -79
15 -79
15 -79
15 -79
15 -79
15 -80
15 -80
15 -81
15 -80
15 -80
15 -80
15 -80
15 -80
15 -80
15 -80
15 -74
15 -81
15 -82
15 -82
15 -81
15 -80
15 -81
15 -81
15 -80
15 -80
15 -81
15 -80
15 -76
15 -80
15 -81
15 -80
15 -79
15 -79
15 -80
15 -79
15 -75
15 -80
15 -80
15 -79
15 -78
15 -79
15 -79
15 -79
15 -79
15 -79
15 -79
15 -79
15 -79
15 -79
15 -79
15 -77
15 -79
15 -79
15 -79
15 -79
15 -79
15 -80
15 -80
15 -79
15 -80
15 -80
15 -80
15 -81
15 -80
15 -79
15 -81
15 -80
15 -80
15 -81
15 -81
15 -81
15 -81
15 -81
15 -81
15 -81
15 -77
15 -81
15 -81
15 -81
15 -81
15 -81
15 -80
15 -80
15 -80
15 -79
15 -80
15 -80
15 -80
15 -76
15 -80
15 -69
15 -80
15 -80
15 -78
15 -79
15 -80
15 -77
15 -80
15 -80
15 -79
15 -80
15 -80
15 -80
15 -79
15 -80
15 -80
15 -80
15 -81
15 -81
15 -80
15 -80
15 -80
15 -81
15 -80
15 -81
15 -80
15 -80
15 -80
15 -80
15 -80
15 -80
15 -80
15 -80
15 -81
15 -81
15 -81
15 -80
15 -81
15 -80
15 -80
15 -80
15 -78
15 -79
15 -79
15 -79
15 -79
15 -79
15 -76
15 -79
15 -80
15 -80
15 -80
15 -80
15 -80
15 -78
15 -79
15 -79
15 -78
15 -80
15 -70
15 -80
15 -80
15 -73
15 -79
15 -80
15 -79
15 -78
15 -79
15 -79
15 -79
15 -80
15 -80
15 -80
15 -79
15 -79
15 -79
15 -78
15 -78
15 -78
15 -77
15 -77
15 -78
15 -78
15 -79
15 -78
15 -79
15 -79
15 -78
15 -77
15 -78
15 -79
15 -74
15 -79
15 -79
15 -79
15 -78
15 -79
15 -79
15 -78
15 -79
16 -79
16 -77
16 -77
16 -78
16 -78
16 -76
16 -77
16 -78
16 -78
16 -77
16 -78
16 -66
16 -78
16 -78
16 -78
16 -78
16 -78
16 -79
16 -77
16 -76
16 -76
16 -73
16 -76
16 -76
16 -79
16 -77
16 -77
16 -76
16 -76
16 -76
16 -76
16 -75
16 -75
16 -76
16 -76
16 -76
16 -76
16 -65
16 -76
16 -73
16 -76
16 -75
16 -75
16 -76
16 -76
16 -75
16 -75
16 -76
16 -75
16 -76
16 -75
16 -75
16 -75
16 -75
16 -76
16 -76
16 -76
16 -76
16 -76
16 -76
16 -76
16 -77
16 -76
16 -77
16 -77
16 -68
16 -68
16 -78
16 -77
16 -77
16 -77
16 -76
16 -76
16 -77
16 -76
16 -76
16 -77
16 -76
16 -76
16 -76
16 -76
16 -75
16 -75
16 -75
16 -75
16 -74
16 -75
16 -75
16 -74
16 -75
16 -75
16 -74
16 -74
16 -74
16 -74
16 -74
16 -74
16 -74
16 -62
16 -75
16 -75
16 -75
16 -75
16 -75
16 -75
16 -75
16 -75
16 -75
16 -76
16 -75
16 -76
16 -76
16 -76
16 -76
16 -76
16 -76
16 -76
16 -64
16 -76
16 -76
16 -76
16 -77
16 -77
16 -77
16 -76
16 -77
16 -78
16 -78
16 -77
16 -78
16 -78
16 -78
16 -78
16 -78
16 -77
16 -77
16 -77
16 -77
16 -76
16 -70
16 -76
16 -76
16 -69
16 -73
16 -68
16 -76
16 -76
16 -76
16 -76
16 -76
16 -72
16 -75
16 -75
16 -74
16 -74
16 -74
16 -74
16 -73
16 -73
16 -73
16 -74
16 -72
16 -74
16 -74
16 -70
16 -75
16 -75
16 -75
16 -76
16 -76
16 -76
16 -76
16 -76
16 -76
16 -76
16 -76
16 -76
16 -76
16 -76
16 -76
16 -76
16 -71
16 -75
16 -76
16 -76
16 -75
16 -77
16 -76
16 -76
16 -77
16 -77
16 -78
16 -78
16 -78
16 -78
16 -78
16 -78
16 -78
16 -78
16 -77
16 -77
16 -78
16 -78
16 -77
16 -78
16 -78
16 -75
16 -78
16 -77
16 -77
16 -78
16 -77
16 -73
16 -78
16 -77
16 -77
16 -77
16 -76
16 -76
16 -77
16 -76
16 -77
16 -77
16 -77
16 -77
16 -77
16 -74
16 -77
16 -77
16 -77
16 -77
16 -77
16 -76
16 -76
16 -78
16 -77
16 -77
16 -77
16 -78
16 -78
16 -78
16 -78
16 -78
16 -78
16 -78
16 -78
16 -78
16 -78
16 -78
16 -78
16 -77
16 -78
16 -78
16 -79
16 -79
16 -79
16 -78
16 -79
16 -79
16 -78
16 -79
16 -77
16 -76
16 -78
16 -78
16 -78
16 -78
16 -78
16 -77
16 -77
16 -76
16 -77
16 -77
16 -77
16 -76
16 -76
16 -76
16 -77
16 -76
16 -76
16 -77
16 -48
16 -77
16 -77
16 -77
16 -78
16 -77
16 -77
16 -76
16 -78
16 -77
16 -77
16 -77
16 -78
16 -78
16 -78
16 -78
16 -78
16 -78
16 -78
16 -77
16 -77
16 -77
16 -77
16 -81
16 -79
16 -78
16 -77
16 -78
16 -78
16 -78
16 -78
16 -78
16 -77
16 -77
16 -77
16 -77
16 -77
16 -78
16 -78
16 -78
16 -78
16 -78
16 -78
16 -78
16 -75
16 -78
16 -80
17 -81
17 -79
17 -78
17 -79
17 -79
17 -79
17 -79
17 -79
17 -77
17 -78
17 -80
17 -73
17 -80
17 -80
17 -80
17 -78
17 -76
17 -76
17 -76
17 -74
17 -76
17 -77
17 -78
17 -78
17 -78
17 -78
17 -78
17 -76
17 -78
17 -78
17 -79
17 -77
17 -80
17 -80
17 -80
17 -80
17 -79
17 -79
17 -80
17 -79
17 -78
17 -78
17 -78
17 -77
17 -78
17 -76
17 -78
17 -78
17 -79
17 -78
17 -78
17 -78
17 -78
17 -79
17 -79
17 -78
17 -78
17 -78
17 -76
17 -77
17 -77
17 -76
17 -76
17 -76
17 -76
17 -76
17 -76
17 -76
17 -76
17 -75
17 -76
17 -73
17 -75
17 -77
17 -77
17 -77
17 -78
17 -77
17 -77
17 -77
17 -77
17 -77
17 -77
17 -77
17 -78
17 -77
17 -76
17 -76
17 -76
17 -76
17 -76
17 -76
17 -76
17 -76
17 -72
17 -76
17 -76
17 -76
17 -75
17 -76
17 -76
17 -76
17 -76
17 -76
17 -76
17 -76
17 -63
17 -76
17 -76
17 -76
17 -75
17 -76
17 -76
17 -76
17 -74
17 -76
17 -76
17 -76
17 -76
17 -76
17 -68
17 -76
17 -76
17 -76
17 -76
17 -76
17 -75
17 -75
17 -75
17 -75
17 -75
17 -75
17 -76
17 -76
17 -76
17 -75
17 -76
17 -76
17 -76
17 -76
17 -76
17 -76
17 -77
17 -78
17 -77
17 -77
17 -76
17 -77
17 -77
17 -77
17 -76
17 -77
17 -76
17 -76
17 -70
17 -77
17 -76
17 -76
17 -77
17 -76
17 -77
17 -76
17 -77
17 -76
17 -76
17 -77
17 -76
17 -76
17 -77
17 -76
17 -67
17 -76
17 -76
17 -76
17 -76
17 -76
17 -76
17 -75
17 -75
17 -76
17 -75
17 -76
17 -75
17 -75
17 -75
17 -76
17 -76
17 -76
17 -76
17 -76
17 -76
17 -76
17 -76
17 -76
17 -76
17 -76
17 -76
17 -76
17 -77
17 -76
17 -76
17 -76
17 -76
17 -76
17 -76
17 -76
17 -76
17 -73
17 -76
17 -76
17 -76
17 -75
17 -75
17 -76
17 -75
17 -75
17 -76
17 -76
17 -76
17 -76
17 -76
17 -76
17 -76
17 -76
17 -75
17 -76
17 -76
17 -76
17 -76
17 -76
17 -76
17 -76
17 -75
17 -76
17 -75
17 -76
17 -73
17 -76
17 -76
17 -76
17 -76
17 -76
17 -76
17 -76
17 -76
17 -76
17 -76
17 -76
17 -76
17 -77
17 -76
17 -76
17 -77
17 -76
17 -77
17 -77
17 -76
17 -76
17 -77
17 -73
17 -77
17 -77
17 -77
17 -77
17 -77
17 -76
17 -77
17 -68
17 -77
17 -77
17 -77
17 -77
17 -77
17 -77
17 -77
17 -77
17 -73
17 -77
17 -77
17 -77
17 -77
17 -76
17 -77
17 -77
17 -78
17 -77
17 -76
17 -77
17 -77
17 -77
17 -78
17 -78
17 -80
17 -80
17 -81
17 -81
17 -82
17 -80
17 -81
17 -81
17 -76
17 -80
17 -81
17 -81
17 -80
17 -81
17 -81
17 -79
18 -76
18 -76
18 -77
18 -77
18 -77
18 -78
18 -77
18 -77
18 -78
18 -68
18 -77
18 -78
18 -78
18 -78
18 -79
18 -78
18 -77
18 -78
18 -77
18 -78
18 -78
18 -79
18 -83
18 -81
18 -80
18 -79
18 -80
18 -80
18 -80
18 -81
18 -81
18 -76
18 -80
18 -81
18 -81
18 -81
18 -82
18 -82
18 -79
18 -82
18 -82
18 -81
18 -78
18 -82
18 -82
18 -82
18 -82
18 -82
18 -82
18 -83
18 -83
18 -83
18 -83
18 -83
18 -84
18 -82
18 -82
18 -65
18 -83
18 -83
18 -83
18 -60
18 -83
18 -84
18 -84
18 -83
18 -83
18 -84
18 -83
18 -84
18 -84
18 -83
18 -83
18 -83
18 -83
18 -83
18 -83
18 -79
18 -83
18 -82
18 -82
18 -83
18 -83
18 -81
18 -82
18 -83
18 -83
18 -83
18 -85
18 -82
18 -78
18 -83
18 -82
18 -82
18 -83
18 -83
18 -70
18 -84
18 -85
18 -84
18 -81
18 -79
18 -78
18 -78
18 -81
18 -82
18 -83
18 -81
18 -83
18 -81
18 -78
18 -82
18 -77
18 -82
18 -82
19 -80
19 -80
19 -83
19 -80
19 -81
19 -82
19 -58
19 -81
19 -82
19 -81
19 -80
19 -81
19 -80
19 -82
19 -82
19 -81
19 -68
19 -83
19 -83
19 -83
19 -83
19 -83
19 -78
19 -82
19 -82
19 -82
19 -81
19 -81
19 -81
19 -67
19 -80
19 -80
19 -81
19 -79
19 -80
19 -79
19 -79
19 -78
19 -80
19 -80
19 -68
19 -81
19 -79
19 -79
19 -75
19 -76
19 -78
19 -70
19 -78
19 -79
19 -78
19 -79
19 -79
19 -81
19 -82
19 -83
19 -84
19 -82
19 -83
19 -82
19 -81
19 -82
19 -82
19 -80
19 -80
19 -79
19 -79
19 -80
19 -82
19 -82
19 -82
19 -83
19 -84
19 -84
19 -84
19 -82
19 -82
19 -81
19 -81
19 -82
19 -82
19 -82
19 -81
19 -76
19 -79
19 -81
19 -82
19 -83
19 -83
19 -84
19 -84
19 -85
19 -82
19 -73
19 -79
19 -80
19 -77
20 -81
20 -80
20 -80
20 -80
20 -80
20 -78
20 -78
20 -79
20 -78
20 -81
20 -78
20 -78
20 -76
20 -76
20 -76
20 -76
20 -77
20 -78
20 -79
20 -78
20 -78
20 -79
20 -80
20 -78
20 -78
20 -78
20 -78
20 -78
20 -77
20 -78
20 -78
20 -79
20 -78
20 -78
20 -78
20 -78
20 -78
20 -78
20 -78
20 -77
20 -77
20 -78
20 -72
20 -78
20 -78
20 -78
20 -78
20 -78
20 -79
20 -79
20 -78
20 -77
20 -76
20 -76
20 -76
20 -75
20 -73
20 -73
20 -73
20 -72
20 -72
20 -72
20 -73
20 -72
20 -73
20 -72
20 -72
20 -72
20 -73
20 -73
20 -73
20 -73
20 -73
20 -73
20 -73
20 -73
20 -73
20 -73
20 -73
20 -73
20 -73
20 -74
20 -75
20 -60
20 -74
20 -75
20 -76
20 -76
20 -76
20 -75
20 -76
20 -76
20 -76
20 -76
20 -76
20 -76
20 -76
20 -75
20 -74
20 -72
20 -74
20 -74
20 -74
20 -74
20 -75
20 -74
20 -75
20 -82
20 -74
20 -74
20 -74
20 -73
20 -74
20 -74
20 -74
20 -74
20 -74
20 -74
20 -74
20 -75
20 -75
20 -75
20 -75
20 -76
20 -75
20 -75
20 -75
20 -75
20 -75
20 -75
20 -74
20 -75
20 -75
20 -75
20 -75
20 -74
20 -74
20 -74
20 -73
20 -74
20 -74
20 -74
20 -74
20 -74
20 -73
20 -75
20 -75
20 -76
20 -74
20 -76
20 -75
20 -76
20 -77
20 -76
20 -77
20 -78
20 -76
20 -76
20 -76
20 -76
20 -76
20 -76
20 -76
20 -76
20 -76
20 -76
20 -76
20 -76
20 -76
20 -76
20 -76
20 -76
20 -76
20 -76
20 -76
20 -76
20 -76
20 -76
20 -77
20 -78
20 -78
20 -78
20 -79
20 -80
20 -79
20 -79
20 -79
20 -80
20 -80
20 -76
20 -79
20 -80
20 -79
20 -79
20 -80
20 -80
20 -80
20 -79
20 -79
20 -79
20 -79
20 -78
20 -78
20 -78
20 -68
20 -78
20 -78
20 -78
20 -78
20 -72
20 -78
20 -78
20 -77
20 -78
20 -78
20 -78
20 -75
20 -78
20 -78
20 -78
20 -78
20 -78
20 -78
20 -80
20 -79
20 -78
20 -78
20 -78
20 -80
20 -80
20 -79
20 -80
20 -80
20 -81
20 -80
20 -81
20 -80
20 -80
20 -81
20 -80
20 -80
20 -80
20 -80
20 -80
20 -80
20 -80
20 -80
20 -80
20 -79
20 -79
20 -79
20 -78
20 -79
20 -76
20 -79
20 -74
20 -79
20 -79
20 -80
20 -80
20 -79
20 -80
20 -80
20 -79
20 -80
20 -79
20 -80
20 -80
20 -79
20 -79
20 -76
20 -79
20 -78
20 -81
20 -81
20 -82
20 -82
20 -82
20 -79
20 -82
20 -82
20 -82
20 -82
20 -83
21 -83
21 -82
21 -80
21 -83
21 -83
21 -81
21 -77
21 -77
21 -77
21 -77
21 -77
21 -77
21 -78
21 -77
21 -77
21 -77
21 -78
21 -77
21 -77
21 -76
21 -76
21 -76
21 -76
21 -76
21 -76
21 -76
21 -76
21 -76
21 -69
21 -76
21 -76
21 -76
21 -76
21 -70
21 -76
21 -76
21 -76
21 -78
21 -77
21 -77
21 -77
21 -74
21 -78
21 -77
21 -77
21 -77
21 -76
21 -76
21 -76
21 -76
21 -76
21 -76
21 -76
21 -76
21 -76
21 -76
21 -76
21 -76
21 -76
21 -77
21 -76
21 -76
21 -76
21 -77
21 -76
21 -76
21 -76
21 -77
21 -77
21 -76
21 -77
21 -73
21 -77
21 -77
21 -78
21 -77
21 -77
21 -72
21 -77
21 -76
21 -77
21 -77
21 -77
21 -77
21 -78
21 -76
21 -77
21 -77
21 -76
21 -76
21 -77
21 -76
21 -76
21 -76
21 -76
21 -76
21 -76
21 -76
21 -72
21 -76
21 -77
21 -77
21 -77
21 -78
21 -75
21 -78
21 -78
21 -78
21 -78
21 -79
21 -79
21 -78
21 -78
21 -79
21 -79
21 -79
21 -79
21 -78
21 -78
21 -78
21 -78
21 -78
21 -78
21 -78
21 -78
21 -78
21 -78
21 -78
21 -78
21 -78
21 -78
21 -78
21 -78
21 -78
21 -76
21 -78
21 -78
21 -78
21 -79
21 -75
21 -79
21 -80
21 -81
21 -72
21 -81
21 -81
21 -81
21 -81
21 -81
21 -82
21 -83
21 -82
21 -83
21 -80
21 -83
21 -84
21 -84
21 -84
21 -83
21 -82
21 -80
21 -79
21 -81
21 -80
21 -79
21 -79
21 -80
21 -80
21 -79
21 -79
21 -79
21 -79
21 -78
21 -79
21 -78
21 -72
21 -79
21 -80
21 -80
21 -80
21 -76
21 -81
21 -80
21 -81
21 -81
21 -79
21 -80
21 -81
21 -71
21 -82
21 -83
21 -82
21 -82
21 -82
21 -85
21 -85
21 -84
21 -82
21 -83
22 -80
22 -81
22 -81
22 -80
22 -80
22 -81
22 -80
22 -80
22 -80
22 -81
22 -87
22 -83
22 -81
22 -81
22 -81
22 -81
22 -80
22 -84
22 -85
22 -84
22 -84
22 -84
22 -83
22 -83
22 -81
22 -81
22 -80
22 -81
22 -81
22 -82
22 -81
22 -82
22 -78
22 -82
22 -82
22 -82
22 -79
22 -70
22 -82
22 -81
22 -81
22 -82
22 -83
22 -84
22 -84
22 -84
22 -82
22 -83
22 -83
22 -83
22 -84
22 -85
22 -84
22 -84
22 -80
22 -80
22 -79
22 -80
22 -79
22 -80
22 -79
22 -79
22 -80
22 -79
22 -80
22 -81
22 -81
22 -81
22 -82
23 -84
23 -86
23 -83
23 -84
23 -84
24 -87
24 -86
24 -85
24 -86
24 -85
24 -85
25 -83
25 -78
25 -77
25 -76
25 -78
25 -79
25 -82
25 -81
25 -80
25 -78
25 -81
25 -82
25 -81
25 -76
25 -82
25 -82
25 -81
25 -79
25 -81
25 -80
25 -81
25 -78
25 -81
25 -81
25 -81
25 -82
25 -82
25 -74
25 -74
25 -80
25 -80
25 -80
25 -80
25 -80
25 -80
25 -80
25 -80
25 -79
25 -78
25 -78
25 -78
25 -79
25 -78
25 -78
25 -77
25 -78
25 -77
25 -78
25 -78
25 -78
25 -78
25 -78
25 -77
25 -78
25 -78
25 -78
25 -78
25 -79
25 -78
25 -78
25 -78
25 -78
25 -78
25 -78
25 -78
25 -78
25 -78
25 -78
25 -78
25 -79
25 -80
25 -80
25 -81
25 -80
25 -76
25 -80
25 -80
25 -78
25 -77
25 -79
25 -80
25 -81
25 -81
25 -81
25 -81
25 -79
25 -79
25 -79
25 -79
25 -78
25 -78
25 -78
25 -78
25 -78
25 -78
25 -78
25 -78
25 -78
25 -79
25 -79
25 -78
25 -78
25 -79
25 -79
25 -79
25 -78
25 -78
25 -78
25 -78
25 -78
25 -78
25 -78
25 -78
25 -78
25 -79
25 -78
25 -79
25 -80
25 -79
25 -81
25 -81
25 -80
25 -80
25 -80
25 -80
25 -80
25 -80
25 -80
25 -80
25 -80
25 -79
25 -79
25 -79
25 -79
25 -80
25 -79
25 -79
25 -79
25 -76
25 -79
25 -78
25 -78
25 -79
25 -78
25 -78
25 -78
25 -71
25 -78
25 -77
25 -77
25 -77
25 -78
25 -78
25 -76
25 -78
25 -79
25 -78
25 -78
25 -77
25 -77
25 -78
25 -78
25 -78
25 -80
25 -78
25 -79
25 -79
25 -79
25 -81
25 -80
25 -80
25 -80
25 -78
25 -78
25 -76
25 -79
25 -78
25 -76
25 -78
25 -78
25 -78
25 -60
25 -78
25 -79
25 -78
25 -76
25 -79
25 -78
25 -79
25 -78
25 -78
25 -78
25 -78
25 -78
25 -78
25 -78
25 -78
25 -77
25 -78
25 -78
25 -78
25 -78
25 -78
25 -78
25 -78
25 -78
25 -79
25 -79
25 -77
25 -80
25 -79
25 -80
25 -80
25 -80
25 -79
25 -80
25 -79
25 -79
25 -79
25 -79
25 -78
25 -78
25 -78
25 -79
25 -79
25 -80
25 -80
25 -80
26 -81
26 -81
26 -83
26 -81
26 -81
26 -81
26 -75
26 -80
26 -80
26 -81
26 -80
26 -81
26 -82
26 -82
26 -84
26 -73
26 -81
26 -81
26 -82
26 -81
26 -82
26 -81
26 -81
26 -84
26 -70
26 -84
26 -78
26 -81
26 -84
26 -85
27 -76
27 -75
27 -75
27 -75
27 -75
27 -75
27 -75
27 -75
27 -72
27 -75
27 -75
27 -75
27 -75
27 -75
27 -76
27 -76
27 -76
27 -77
27 -76
27 -76
27 -75
27 -75
27 -76
27 -76
27 -76
27 -76
27 -76
27 -75
27 -75
27 -76
27 -75
27 -75
27 -75
27 -76
27 -78
27 -76
27 -71
27 -75
27 -75
27 -75
27 -75
27 -74
27 -74
27 -74
27 -73
27 -74
27 -73
27 -73
27 -73
27 -73
27 -73
27 -74
27 -74
27 -73
27 -74
27 -74
27 -73
27 -73
27 -73
27 -64
27 -72
27 -73
27 -72
27 -73
27 -74
27 -74
27 -72
27 -74
27 -74
27 -74
27 -74
27 -75
27 -75
27 -75
27 -75
27 -75
27 -75
27 -74
27 -74
27 -74
27 -74
27 -73
27 -73
27 -73
27 -74
27 -74
27 -74
27 -74
27 -74
27 -75
27 -74
27 -75
27 -75
27 -74
27 -73
27 -74
27 -74
27 -73
27 -73
27 -73
27 -74
27 -73
27 -73
27 -73
27 -73
27 -73
27 -73
27 -73
27 -73
27 -73
27 -74
27 -73
27 -73
27 -73
27 -73
27 -74
27 -74
27 -74
27 -74
27 -73
27 -74
27 -73
27 -73
27 -73
27 -72
27 -74
27 -73
27 -73
27 -74
27 -73
27 -74
27 -74
27 -73
27 -74
27 -74
27 -74
27 -74
27 -74
27 -74
27 -74
27 -74
27 -74
27 -75
27 -74
27 -75
27 -75
27 -74
27 -74
27 -75
27 -75
27 -72
27 -74
27 -75
27 -75
27 -75
27 -74
27 -75
27 -75
27 -74
27 -75
27 -74
27 -75
27 -74
27 -74
27 -74
27 -75
27 -74
27 -73
27 -74
27 -73
27 -73
27 -74
27 -74
27 -74
27 -74
27 -74
27 -74
27 -73
27 -73
27 -72
27 -73
27 -73
27 -73
27 -73
27 -73
27 -73
27 -73
27 -73
27 -73
27 -73
27 -73
27 -73
27 -73
27 -72
27 -72
27 -72
27 -72
27 -72
27 -71
27 -71
27 -73
27 -73
27 -73
27 -73
27 -73
27 -73
27 -73
27 -73
27 -73
27 -74
27 -74
27 -74
27 -74
27 -74
27 -74
27 -74
27 -74
27 -74
27 -75
27 -75
27 -75
27 -57
27 -75
27 -75
27 -76
27 -68
27 -76
27 -76
27 -76
27 -76
27 -76
27 -76
27 -76
27 -76
27 -76
27 -76
27 -76
27 -75
27 -75
27 -75
27 -75
27 -57
27 -74
27 -74
27 -75
27 -74
27 -74
27 -74
27 -74
27 -74
27 -74
27 -74
27 -74
27 -74
27 -74
27 -74
27 -74
27 -73
27 -74
27 -74
27 -72
27 -74
27 -74
27 -74
27 -74
27 -75
27 -75
27 -75
27 -75
27 -75
27 -75
27 -75
27 -75
27 -73
27 -75
27 -75
27 -75
27 -76
27 -76
27 -76
27 -76
27 -75
27 -76
27 -76
27 -76
27 -76
27 -76
27 -76
27 -72
27 -75
27 -75
27 -75
27 -75
27 -76
27 -75
27 -76
27 -75
27 -74
27 -75
27 -73
27 -74
27 -74
27 -74
27 -71
27 -73
27 -62
27 -73
27 -72
27 -73
27 -73
27 -73
27 -72
27 -73
27 -73
27 -72
27 -73
27 -73
27 -74
27 -74
27 -73
27 -74
27 -73
27 -74
27 -74
27 -74
27 -74
27 -74
27 -75
27 -74
27 -75
27 -83
27 -75
27 -75
27 -75
27 -75
27 -63
27 -76
27 -76
27 -75
27 -76
27 -76
27 -76
27 -76
27 -78
27 -80
27 -74
27 -78
27 -65
27 -76
27 -76
27 -76
27 -76
27 -76
27 -77
27 -76
27 -76
27 -76
27 -76
27 -76
27 -76
27 -76
27 -75
27 -76
27 -76
27 -76
27 -76
27 -76
27 -76
28 -82
28 -79
28 -82
28 -85
28 -81
28 -78
28 -78
28 -78
28 -80
28 -79
28 -78
28 -77
28 -76
28 -76
28 -76
28 -76
28 -76
28 -76
28 -77
28 -76
28 -76
28 -75
28 -76
28 -76
28 -75
28 -76
28 -75
28 -75
28 -75
28 -76
28 -76
28 -76
28 -77
28 -78
28 -78
28 -80
28 -81
28 -82
28 -82
28 -73
28 -82
28 -81
28 -82
28 -80
28 -79
28 -78
28 -78
28 -76
28 -76
28 -76
28 -76
28 -76
28 -75
28 -74
28 -73
28 -72
28 -73
28 -71
28 -72
28 -70
28 -72
28 -72
28 -71
28 -71
28 -71
28 -71
28 -67
28 -71
28 -72
28 -72
28 -72
28 -72
28 -72
28 -72
28 -72
28 -72
28 -72
28 -72
28 -73
28 -74
28 -74
28 -74
28 -75
28 -75
28 -76
28 -75
28 -76
28 -76
28 -76
28 -76
28 -76
28 -76
28 -76
28 -76
28 -76
28 -76
28 -76
28 -75
28 -75
28 -62
28 -75
28 -75
28 -75
28 -75
28 -75
28 -76
28 -76
28 -76
28 -76
28 -76
28 -75
28 -76
28 -76
28 -76
28 -76
28 -76
28 -76
28 -76
28 -76
28 -76
28 -75
28 -76
28 -75
28 -75
28 -75
28 -75
28 -74
28 -74
28 -74
28 -73
28 -74
28 -74
28 -74
28 -74
28 -74
28 -73
28 -72
28 -72
28 -71
28 -71
28 -72
28 -72
28 -72
28 -72
28 -72
28 -72
28 -72
28 -72
28 -73
28 -74
28 -74
28 -74
28 -74
28 -75
28 -75
28 -75
28 -76
28 -75
28 -75
28 -76
28 -76
28 -75
28 -74
28 -75
28 -75
28 -75
28 -75
28 -75
28 -75
28 -74
28 -75
28 -75
28 -76
28 -76
28 -76
28 -73
28 -77
28 -78
28 -71
28 -78
28 -80
28 -81
28 -83
28 -83
28 -82
28 -82
28 -82
28 -83
28 -84
28 -83
28 -84
28 -82
28 -82
28 -81
28 -80
28 -78
28 -79
28 -79
28 -78
28 -78
28 -79
28 -78
28 -79
28 -78
28 -78
28 -78
28 -78
28 -80
28 -80
28 -81
28 -81
28 -66
28 -81
28 -82
28 -82
28 -84
28 -83
28 -84
28 -82
28 -80
28 -79
28 -79
28 -79
28 -79
28 -78
28 -78
28 -78
28 -78
28 -80
28 -81
28 -82
28 -81
28 -83
28 -83
28 -83
28 -84
28 -85
28 -84
28 -81
28 -82
28 -83
28 -84
29 -73
29 -73
29 -72
29 -72
29 -72
29 -71
29 -71
29 -72
29 -68
29 -71
29 -70
29 -70
29 -70
29 -70
29 -70
29 -72
29 -76
29 -76
29 -77
29 -72
29 -78
29 -74
29 -72
29 -74
29 -75
29 -75
29 -78
29 -72
29 -76
29 -65
29 -76
29 -75
29 -73
29 -76
29 -76
29 -75
29 -76
29 -76
29 -75
29 -76
29 -76
29 -76
29 -75
29 -75
29 -76
29 -76
29 -75
29 -75
29 -76
29 -76
29 -76
29 -76
29 -76
29 -76
29 -75
29 -75
29 -76
29 -75
29 -76
29 -76
29 -76
29 -76
29 -76
29 -74
29 -74
29 -74
29 -75
29 -74
29 -73
29 -73
29 -73
29 -74
29 -74
29 -74
29 -75
29 -75
29 -74
29 -75
29 -74
29 -74
29 -74
29 -73
29 -72
29 -73
29 -73
29 -73
29 -72
29 -72
29 -71
29 -72
29 -71
29 -72
29 -70
29 -72
29 -72
29 -72
29 -72
29 -72
29 -72
29 -73
29 -72
29 -73
29 -74
29 -74
29 -75
29 -75
29 -75
29 -75
29 -75
29 -75
29 -75
29 -57
29 -74
29 -74
29 -74
29 -74
29 -52
29 -75
29 -75
29 -75
29 -75
29 -75
29 -74
29 -75
29 -76
29 -75
29 -74
29 -74
29 -74
29 -73
29 -74
29 -72
29 -72
29 -72
29 -72
29 -72
29 -68
29 -72
29 -72
29 -72
29 -72
29 -72
29 -72
29 -73
29 -73
29 -74
29 -74
29 -74
29 -74
29 -74
29 -73
29 -73
29 -72
29 -72
29 -72
29 -72
29 -72
29 -72
29 -72
29 -71
29 -72
29 -72
29 -72
29 -72
29 -72
29 -72
29 -73
29 -72
29 -73
29 -71
29 -74
29 -74
29 -75
29 -75
29 -75
29 -74
29 -74
29 -74
29 -75
29 -75
29 -75
29 -75
29 -75
29 -76
29 -76
29 -76
29 -73
29 -75
29 -72
29 -76
29 -76
29 -76
29 -75
29 -76
29 -76
29 -75
29 -76
29 -76
29 -76
29 -75
29 -75
29 -69
29 -72
29 -73
29 -75
29 -75
29 -76
29 -77
29 -76
29 -77
29 -77
29 -77
29 -76
29 -76
29 -77
29 -76
29 -76
29 -76
29 -76
29 -76
29 -77
29 -77
29 -77
29 -77
29 -77
29 -77
29 -77
29 -75
29 -74
29 -72
29 -72
29 -71
29 -71
29 -80
29 -72
29 -73
29 -73
29 -74
29 -74
29 -74
29 -74
29 -73
29 -75
29 -76
29 -75
29 -75
29 -76
29 -76
29 -67
29 -74
29 -74
29 -75
29 -75
29 -74
29 -75
29 -76
29 -74
29 -76
29 -76
29 -75
29 -76
29 -62
29 -76
29 -76
29 -77
29 -78
29 -78
29 -78
29 -76
29 -67
29 -69
29 -76
29 -75
29 -76
29 -76
29 -76
29 -76
29 -76
29 -76
29 -77
29 -77
29 -78
29 -78
29 -78
29 -78
29 -79
29 -81
29 -81
29 -81
29 -81
29 -81
29 -80
29 -82
29 -82
29 -76
29 -72
29 -73
29 -73
29 -72
29 -71
29 -72
29 -71
29 -70
29 -70
29 -69
29 -70
29 -70
29 -70
29 -70
29 -70
29 -70
29 -70
30 -75
30 -75
30 -75
30 -75
30 -75
30 -74
30 -74
30 -74
30 -74
30 -74
30 -74
30 -72
30 -74
30 -74
30 -74
30 -73
30 -76
30 -77
30 -76
30 -76
30 -74
30 -73
30 -72
30 -71
30 -72
30 -75
30 -75
30 -76
30 -74
30 -73
30 -72
30 -82
30 -71
30 -76
30 -76
30 -75
30 -67
30 -76
30 -76
30 -76
30 -77
30 -75
30 -77
30 -76
30 -76
30 -76
30 -76
30 -77
30 -76
30 -76
30 -76
30 -76
30 -76
30 -76
30 -76
30 -76
30 -76
30 -76
30 -74
30 -76
30 -76
30 -76
30 -76
30 -76
30 -76
30 -76
30 -76
30 -76
30 -76
30 -76
30 -75
30 -75
30 -76
30 -75
30 -76
30 -76
30 -76
30 -78
30 -78
30 -78
30 -79
30 -84
30 -82
30 -83
30 -84
30 -84
30 -78
30 -83
30 -69
30 -81
30 -80
30 -80
30 -79
30 -79
30 -67
30 -79
30 -77
30 -75
30 -79
30 -79
30 -79
30 -79
30 -80
30 -79
30 -81
30 -82
30 -82
30 -81
30 -83
30 -84
30 -83
30 -81
30 -79
30 -78
30 -78
30 -77
30 -78
30 -78
30 -78
30 -78
30 -78
30 -78
30 -78
30 -78
30 -79
30 -78
30 -78
30 -77
30 -78
30 -78
30 -78
30 -58
30 -78
30 -78
30 -78
30 -78
30 -78
30 -78
30 -77
30 -77
30 -77
30 -76
30 -77
30 -77
30 -77
30 -76
30 -77
30 -76
30 -76
30 -76
30 -74
30 -76
30 -78
30 -81
30 -76
30 -76
30 -80
30 -74
30 -75
30 -75
30 -75
30 -75
30 -73
30 -72
30 -71
30 -72
30 -72
30 -72
30 -72
30 -72
30 -73
30 -74
30 -75
31 -77
31 -78
31 -78
31 -80
31 -80
31 -80
31 -77
31 -73
31 -77
31 -78
31 -81
31 -80
31 -80
31 -78
31 -76
31 -75
31 -78
31 -79
31 -78
31 -76
31 -76
31 -76
31 -76
31 -81
31 -78
31 -78
31 -76
31 -75
31 -76
31 -70
31 -74
31 -74
31 -75
31 -75
31 -74
31 -75
31 -75
31 -74
31 -74
31 -75
31 -76
31 -75
31 -74
31 -75
31 -75
31 -75
31 -76
31 -76
31 -76
31 -76
31 -77
31 -78
31 -78
31 -79
31 -79
31 -80
31 -81
31 -67
31 -78
31 -78
31 -78
31 -78
31 -76
31 -76
31 -76
31 -76
31 -75
31 -74
31 -73
31 -73
31 -73
31 -73
31 -73
31 -73
31 -73
31 -73
31 -72
31 -72
31 -72
31 -72
31 -72
31 -72
31 -73
31 -73
31 -74
31 -72
31 -72
31 -72
31 -72
31 -72
31 -72
31 -72
31 -72
31 -71
31 -71
31 -71
31 -70
31 -70
31 -70
31 -70
31 -70
31 -70
31 -70
31 -70
31 -70
31 -70
31 -65
31 -69
31 -69
31 -69
31 -70
31 -70
31 -70
31 -70
31 -70
31 -70
31 -70
31 -70
31 -70
31 -70
31 -70
31 -70
31 -70
31 -70
31 -70
31 -70
31 -70
31 -70
31 -70
31 -70
31 -70
31 -70
31 -70
31 -70
31 -70
31 -70
31 -70
31 -70
31 -70
31 -70
31 -70
31 -70
31 -70
31 -70
31 -70
31 -70
31 -70
31 -70
31 -70
31 -70
31 -70
31 -70
31 -70
31 -70
31 -70
31 -70
31 -70
31 -71
31 -70
31 -70
31 -70
31 -70
31 -69
31 -69
31 -69
31 -69
31 -68
31 -68
31 -68
31 -68
31 -68
31 -68
31 -68
31 -68
31 -68
31 -68
31 -68
31 -68
31 -68
31 -69
31 -68
31 -68
31 -69
31 -69
31 -69
31 -69
31 -69
31 -69
31 -69
31 -69
31 -69
31 -69
31 -69
31 -69
31 -69
31 -69
31 -69
31 -69
31 -69
31 -69
31 -69
31 -69
31 -70
31 -70
31 -70
31 -70
31 -70
31 -71
31 -70
31 -71
31 -71
31 -71
31 -72
31 -72
31 -72
31 -72
31 -72
31 -72
31 -72
31 -72
31 -72
31 -72
31 -71
31 -72
31 -72
31 -72
31 -71
31 -71
31 -71
31 -66
31 -70
31 -70
31 -70
31 -70
31 -69
31 -69
31 -70
31 -70
31 -69
31 -69
31 -69
31 -69
31 -69
31 -69
31 -68
31 -68
31 -69
31 -69
31 -69
31 -69
31 -69
31 -69
31 -69
31 -69
31 -70
31 -69
31 -70
31 -70
31 -70
31 -70
31 -70
31 -70
31 -70
31 -70
31 -70
31 -70
31 -69
31 -70
31 -70
31 -70
31 -69
31 -69
31 -69
31 -70
31 -70
31 -70
31 -70
31 -70
31 -70
31 -70
31 -71
31 -70
31 -70
31 -71
31 -72
31 -72
31 -72
31 -72
31 -72
31 -72
31 -72
31 -70
31 -70
31 -70
31 -70
31 -70
31 -70
31 -70
31 -70
31 -70
31 -70
31 -70
31 -70
31 -70
31 -70
31 -71
31 -71
31 -71
31 -72
31 -72
31 -72
31 -72
31 -73
31 -73
31 -73
31 -74
31 -74
31 -74
31 -74
31 -74
31 -74
31 -74
31 -74
31 -74
31 -75
31 -75
31 -74
31 -73
31 -72
31 -70
31 -71
31 -73
31 -72
31 -76
31 -77
31 -75
31 -75
31 -48
31 -76
31 -76
31 -76
31 -77
31 -77
31 -76
31 -75
31 -76
31 -76
31 -78
31 -78
31 -77
31 -76
31 -76
31 -76
31 -76
31 -75
32 -75
32 -75
32 -75
32 -75
32 -75
32 -75
32 -75
32 -75
32 -75
32 -75
32 -75
32 -74
32 -75
32 -75
32 -75
32 -76
32 -75
32 -74
32 -75
32 -75
32 -75
32 -76
32 -78
32 -76
32 -76
32 -76
32 -75
32 -75
32 -75
32 -76
32 -73
32 -74
32 -73
32 -73
32 -74
32 -75
32 -75
32 -75
32 -76
32 -76
32 -77
32 -78
32 -78
32 -79
32 -80
32 -84
32 -82
32 -81
32 -81
32 -81
32 -81
32 -81
32 -81
32 -81
32 -80
32 -80
32 -78
32 -78
32 -78
32 -78
32 -76
32 -76
32 -76
32 -76
32 -76
32 -76
32 -76
32 -76
32 -76
32 -76
32 -76
32 -76
32 -76
32 -76
32 -76
32 -76
32 -76
32 -76
32 -75
32 -76
32 -76
32 -76
32 -76
32 -75
32 -76
32 -76
32 -76
32 -76
32 -76
32 -76
32 -76
32 -76
32 -77
32 -76
32 -78
32 -78
32 -77
32 -77
32 -77
32 -76
32 -77
32 -76
32 -77
32 -78
32 -77
32 -78
32 -78
32 -77
32 -77
32 -78
32 -77
32 -77
32 -77
32 -76
32 -77
32 -77
32 -77
32 -77
32 -77
32 -77
32 -76
32 -77
32 -76
32 -77
32 -75
32 -77
32 -77
32 -76
32 -76
32 -76
32 -76
32 -76
32 -76
32 -76
32 -76
32 -76
32 -76
32 -76
32 -76
32 -74
32 -75
32 -75
32 -73
32 -75
32 -72
32 -76
32 -75
32 -75
32 -74
32 -76
32 -76
32 -76
32 -76
32 -76
32 -76
32 -76
32 -76
32 -76
32 -77
32 -76
32 -77
32 -77
32 -77
32 -76
32 -77
32 -76
32 -77
32 -76
32 -76
32 -76
32 -76
32 -67
32 -76
32 -76
32 -76
32 -76
32 -76
32 -76
32 -77
32 -76
32 -76
32 -75
32 -77
32 -76
32 -76
32 -76
32 -76
32 -76
32 -77
32 -77
32 -76
32 -76
32 -76
32 -76
32 -76
32 -76
32 -77
32 -75
32 -77
32 -74
32 -77
32 -78
32 -77
32 -78
32 -78
32 -78
32 -77
32 -77
32 -74
32 -78
32 -78
32 -78
32 -77
32 -77
32 -76
32 -76
32 -76
32 -76
32 -77
32 -77
32 -76
32 -76
32 -77
32 -77
32 -76
32 -75
32 -76
32 -66
32 -77
32 -77
32 -77
32 -76
32 -76
32 -77
32 -76
32 -77
32 -76
32 -77
32 -77
32 -77
32 -77
32 -76
32 -78
32 -77
32 -77
32 -78
32 -78
32 -78
32 -78
32 -78
32 -79
32 -78
32 -78
32 -78
32 -78
32 -78
32 -78
32 -79
32 -78
32 -78
32 -78
32 -79
32 -79
32 -78
32 -78
32 -78
32 -78
32 -79
32 -79
32 -78
32 -78
32 -78
32 -79
32 -78
32 -78
32 -78
32 -78
32 -77
32 -78
32 -78
32 -78
32 -78
32 -78
32 -78
32 -77
32 -80
32 -79
32 -78
32 -78
32 -76
32 -75
32 -74
32 -78
32 -78
32 -74
32 -76
32 -77
32 -76
32 -76
32 -77
32 -76
32 -76
32 -76
32 -76
32 -75
32 -74
32 -76
32 -76
32 -61
32 -76
32 -76
32 -76
33 -77
33 -78
33 -74
33 -78
33 -78
33 -78
33 -78
33 -79
33 -78
33 -73
33 -73
33 -78
33 -84
33 -81
33 -82
33 -81
33 -81
33 -80
33 -82
33 -81
33 -80
33 -80
33 -80
33 -84
33 -84
33 -84
33 -85
33 -84
33 -83
33 -83
33 -83
33 -82
33 -83
33 -82
33 -82
33 -67
33 -82
33 -82
33 -83
33 -82
33 -83
33 -82
33 -82
33 -82
33 -82
33 -84
33 -84
33 -81
33 -79
33 -79
33 -80
33 -79
33 -80
33 -80
33 -79
33 -81
33 -81
33 -81
33 -81
33 -81
33 -81
33 -81
33 -80
33 -80
33 -80
34 -84
34 -84
34 -85
34 -84
34 -87
34 -85
34 -85
34 -87
34 -87
34 -83
34 -82
34 -82
35 -67
35 -67
35 -72
35 -72
35 -72
35 -72
35 -72
35 -72
35 -72
35 -72
35 -72
35 -73
35 -73
35 -72
35 -72
35 -73
35 -73
35 -74
35 -73
35 -72
35 -72
35 -71
35 -72
35 -72
35 -72
35 -73
35 -74
35 -73
35 -75
35 -75
35 -74
35 -74
35 -73
35 -72
35 -72
35 -72
35 -72
35 -72
35 -73
35 -72
35 -72
35 -72
35 -72
35 -72
35 -70
35 -70
35 -72
35 -72
35 -72
35 -72
35 -72
35 -72
35 -72
35 -72
35 -72
35 -72
35 -72
35 -72
35 -72
35 -72
35 -72
35 -72
35 -72
35 -72
35 -73
35 -72
35 -72
35 -72
35 -73
35 -72
35 -73
35 -72
35 -72
35 -73
35 -58
35 -73
35 -73
35 -73
35 -71
35 -73
35 -68
35 -73
35 -73
35 -74
35 -73
35 -73
35 -72
35 -73
35 -73
35 -73
35 -74
35 -71
35 -73
35 -73
35 -72
35 -73
35 -73
35 -73
35 -72
35 -73
35 -72
35 -72
35 -72
35 -72
35 -72
35 -72
35 -72
35 -72
35 -72
35 -72
35 -72
35 -72
35 -58
35 -72
35 -72
35 -72
35 -72
35 -72
35 -72
35 -72
35 -73
35 -72
35 -73
35 -73
35 -73
35 -72
35 -69
35 -73
35 -73
35 -73
35 -72
35 -73
35 -72
35 -73
35 -72
35 -73
35 -74
35 -73
35 -72
35 -73
35 -73
35 -73
35 -73
35 -72
35 -73
35 -73
35 -72
35 -73
35 -73
35 -73
35 -73
35 -72
35 -72
35 -73
35 -73
35 -72
35 -73
35 -72
35 -72
35 -73
35 -73
35 -72
35 -73
35 -73
35 -73
35 -73
35 -73
35 -73
35 -74
35 -73
35 -73
35 -73
35 -73
35 -73
35 -73
35 -73
35 -72
35 -73
35 -72
35 -73
35 -72
35 -72
35 -72
35 -72
35 -72
35 -72
35 -71
35 -72
35 -72
35 -72
35 -72
35 -72
35 -72
35 -72
35 -72
35 -73
35 -72
35 -73
35 -73
35 -72
35 -73
35 -73
35 -73
35 -73
35 -72
35 -73
35 -72
35 -72
35 -73
35 -73
35 -72
35 -73
35 -73
35 -73
35 -73
35 -72
35 -72
35 -73
35 -72
35 -72
35 -72
35 -72
35 -72
35 -72
35 -72
35 -72
35 -73
35 -72
35 -71
35 -72
35 -72
35 -72
35 -73
35 -72
35 -72
35 -72
35 -72
35 -72
35 -72
35 -72
35 -72
35 -72
35 -72
35 -71
35 -72
35 -72
35 -72
35 -73
35 -70
35 -73
35 -73
35 -72
35 -72
35 -73
35 -72
35 -73
35 -73
35 -73
35 -73
35 -73
35 -73
35 -73
35 -73
35 -73
35 -73
35 -73
35 -73
35 -73
35 -72
35 -73
35 -73
35 -73
35 -64
35 -72
35 -73
35 -73
35 -73
35 -73
35 -73
35 -73
35 -73
35 -73
35 -73
35 -74
35 -73
35 -73
35 -73
35 -73
35 -73
35 -73
35 -74
35 -73
35 -73
35 -73
35 -73
35 -73
35 -72
35 -73
35 -72
35 -73
35 -73
35 -73
35 -72
35 -72
35 -72
35 -73
35 -73
35 -72
35 -73
35 -72
35 -73
35 -73
35 -73
35 -73
35 -73
35 -72
35 -73
35 -73
35 -68
35 -67
35 -73
35 -73
35 -73
35 -73
35 -73
35 -73
35 -73
35 -72
35 -73
35 -73
35 -73
35 -73
35 -73
35 -73
35 -73
35 -73
35 -74
35 -75
35 -72
35 -74
35 -74
35 -74
35 -75
35 -74
35 -68
35 -72
35 -74
35 -74
35 -74
35 -74
35 -74
35 -75
35 -75
36 -77
36 -81
36 -81
36 -80
36 -80
36 -69
36 -68
36 -80
36 -81
36 -80
36 -80
36 -81
36 -82
36 -77
36 -73
36 -82
36 -82
36 -82
36 -83
36 -82
36 -82
36 -81
36 -81
36 -70
36 -81
36 -81
36 -81
36 -75
36 -82
36 -83
36 -82
36 -82
36 -83
36 -81
36 -81
36 -80
36 -80
36 -81
36 -82
36 -82
36 -82
36 -82
36 -82
36 -82
36 -82
36 -83
36 -82
36 -83
36 -83
36 -83
36 -83
36 -84
36 -83
36 -83
36 -82
36 -83
36 -83
36 -82
36 -84
36 -83
36 -83
36 -84
36 -84
36 -84
36 -81
36 -84
36 -85
36 -84
36 -84
36 -84
36 -84
36 -84
36 -83
36 -83
36 -83
36 -83
36 -83
36 -83
36 -82
36 -81
36 -82
36 -83
36 -84
36 -84
36 -83
36 -84
36 -83
36 -77
36 -83
36 -83
36 -84
36 -81
36 -85
36 -87
36 -85
38 -83
38 -85
40 -79
40 -77
40 -77
40 -76
40 -73
40 -81
40 -79
40 -78
40 -78
40 -75
40 -78
40 -78
40 -78
40 -79
40 -78
40 -79
40 -80
40 -80
40 -80
40 -78
40 -79
40 -79
40 -80
40 -80
40 -80
40 -78
40 -79
40 -79
40 -79
40 -79
40 -78
40 -79
40 -79
40 -76
40 -78
40 -77
40 -62
40 -78
40 -62
40 -75
40 -78
40 -78
40 -77
40 -78
40 -78
40 -76
40 -78
40 -78
40 -78
40 -79
40 -79
40 -79
40 -80
40 -79
40 -79
40 -78
40 -79
40 -75
40 -79
40 -79
40 -80
40 -79
40 -80
40 -79
40 -79
40 -78
40 -79
40 -80
40 -81
40 -80
40 -80
40 -81
40 -83
40 -83
40 -84
40 -81
40 -82
40 -81
40 -75
40 -80
40 -80
40 -82
40 -70
40 -82
40 -82
40 -82
40 -82
40 -79
40 -78
40 -80
40 -80
40 -82
40 -83
40 -83
40 -83
40 -82
40 -83
40 -82
40 -81
40 -81
40 -81
40 -81
40 -81
40 -81
40 -81
40 -81
40 -58
40 -81
40 -80
40 -81
40 -80
40 -80
40 -80
40 -81
40 -81
40 -81
40 -82
40 -83
40 -83
40 -74
40 -84
40 -82
40 -83
40 -82
40 -82
40 -81
40 -82
40 -81
40 -80
40 -80
40 -79
40 -80
40 -81
40 -81
40 -82
40 -81
40 -81
40 -82
40 -83
40 -83
40 -83
40 -82
40 -83
40 -81
40 -82
40 -82
40 -81
40 -81
40 -82
40 -80
40 -82
40 -81
40 -81
40 -80
40 -80
40 -79
40 -79
40 -78
40 -80
40 -80
40 -81
40 -80
40 -76
40 -80
40 -78
40 -79
40 -80
40 -80
40 -79
40 -78
40 -79
40 -80
40 -79
40 -80
40 -79
40 -80
40 -79
40 -80
40 -81
40 -79
40 -79
41 -82
41 -82
41 -82
41 -80
41 -84
41 -88
41 -85
41 -83
41 -83
41 -85
42 -82
42 -81
42 -83
42 -84
42 -83
42 -83
42 -83
42 -83
42 -83
42 -82
42 -82
42 -82
42 -83
42 -82
42 -81
42 -76
42 -82
42 -81
42 -82
42 -84
42 -85
42 -83
42 -83
42 -85
43 -83
43 -82
43 -77
43 -82
43 -80
43 -83
43 -83
43 -83
43 -83
43 -82
43 -82
43 -83
43 -79
43 -78
43 -78
43 -78
43 -78
43 -78
43 -77
43 -77
43 -78
43 -78
43 -75
43 -77
43 -77
43 -78
43 -77
43 -77
43 -78
43 -77
43 -78
43 -78
43 -78
43 -78
43 -80
43 -78
43 -79
43 -75
43 -79
43 -78
43 -78
43 -75
43 -78
43 -78
43 -78
43 -78
43 -77
43 -78
43 -73
43 -76
43 -77
43 -77
43 -77
43 -77
43 -77
43 -78
43 -78
43 -78
43 -77
43 -78
43 -77
43 -78
43 -78
43 -78
43 -77
43 -78
43 -77
43 -77
43 -77
43 -77
43 -77
43 -77
43 -73
43 -78
43 -76
43 -77
43 -77
43 -77
43 -76
43 -77
43 -76
43 -77
43 -77
43 -76
43 -76
43 -77
43 -76
43 -76
43 -76
43 -77
43 -77
43 -76
43 -77
43 -77
43 -76
43 -70
43 -77
43 -76
43 -76
43 -73
43 -77
43 -77
43 -78
43 -79
43 -79
43 -79
43 -79
43 -79
43 -78
43 -78
43 -79
43 -78
43 -78
43 -78
43 -78
43 -78
43 -78
43 -78
43 -78
43 -79
43 -79
43 -79
43 -78
43 -78
43 -78
43 -78
43 -78
43 -77
43 -78
43 -78
43 -78
43 -77
43 -77
43 -76
43 -77
43 -76
43 -76
43 -76
43 -76
43 -76
43 -76
43 -76
43 -76
43 -77
43 -75
43 -76
43 -76
43 -77
43 -77
43 -78
43 -78
43 -78
43 -78
43 -78
43 -78
43 -74
43 -78
43 -78
43 -78
43 -74
43 -78
43 -78
43 -62
43 -78
43 -78
43 -78
43 -78
43 -78
43 -78
43 -78
43 -76
43 -76
43 -77
43 -76
43 -76
43 -76
43 -76
43 -76
43 -76
43 -76
43 -75
43 -76
43 -76
43 -76
43 -77
43 -71
43 -76
43 -76
43 -77
43 -77
43 -77
43 -77
43 -77
43 -68
43 -77
43 -77
43 -76
43 -76
43 -77
43 -76
43 -76
43 -77
43 -77
43 -77
43 -78
43 -77
43 -78
43 -78
43 -76
43 -78
43 -79
43 -79
43 -79
43 -78
43 -78
43 -78
43 -78
43 -78
43 -78
43 -79
43 -79
43 -78
43 -78
43 -79
43 -79
43 -79
43 -78
43 -79
43 -80
43 -79
43 -79
43 -80
43 -81
43 -80
43 -80
43 -80
43 -80
43 -80
43 -80
43 -76
43 -76
43 -80
43 -78
43 -78
43 -78
43 -78
43 -78
44 -83
44 -82
44 -80
44 -80
44 -81
44 -80
44 -81
44 -79
44 -74
44 -81
44 -73
44 -82
44 -79
44 -79
44 -79
44 -78
44 -78
44 -78
44 -77
44 -77
44 -77
44 -77
44 -76
44 -77
44 -77
44 -77
44 -77
44 -78
44 -77
44 -78
44 -78
44 -78
44 -78
44 -79
44 -78
44 -79
44 -80
44 -80
44 -80
44 -81
44 -80
44 -80
44 -77
44 -81
44 -80
44 -70
44 -80
44 -80
44 -79
44 -79
44 -79
44 -78
44 -78
44 -79
44 -79
44 -79
44 -80
44 -80
44 -79
44 -79
44 -79
44 -80
44 -79
44 -80
44 -79
44 -80
44 -80
44 -82
44 -80
44 -80
44 -79
44 -79
44 -78
44 -78
44 -78
44 -78
44 -77
44 -76
44 -76
44 -76
44 -76
44 -76
44 -77
44 -77
44 -78
44 -78
44 -78
44 -79
44 -79
44 -79
44 -79
44 -80
44 -79
44 -76
44 -79
44 -79
44 -78
44 -78
44 -78
44 -79
44 -79
44 -79
44 -80
44 -79
44 -79
44 -80
44 -80
44 -81
44 -82
44 -83
44 -83
44 -83
44 -85
44 -85
44 -84
44 -84
44 -78
44 -83
44 -82
44 -83
44 -82
44 -54
44 -76
44 -82
44 -81
44 -81
44 -81
44 -78
44 -81
44 -80
44 -81
44 -82
44 -84
44 -81
44 -81
44 -81
44 -82
44 -78
44 -82
44 -81
44 -82
44 -82
44 -82
44 -82
44 -82
44 -82
44 -83
44 -82
44 -82
44 -84
44 -80
44 -83
44 -82
44 -82
44 -72
44 -82
44 -80
46 -81
46 -82
46 -83
46 -84
46 -84
46 -84
48 -84
48 -84
48 -70
48 -85
48 -85
48 -86
48 -86
48 -84
48 -84
48 -85
48 -84
48 -84
48 -85
48 -84
48 -85
48 -80
48 -83
48 -79
48 -82
48 -83
48 -82
49 -82
49 -82
49 -79
49 -81
49 -82
49 -81
49 -78
49 -76
49 -77
49 -78
49 -76
49 -72
49 -74
49 -76
49 -79
49 -79
49 -79
49 -79
49 -60
49 -84
49 -81
49 -80
49 -80
49 -81
49 -80
49 -80
49 -78
49 -81
49 -74
49 -76
49 -83
49 -82
49 -81
49 -79
49 -79
49 -80
49 -80
49 -80
49 -80
49 -79
49 -79
49 -79
49 -80
49 -79
49 -79
49 -80
49 -85
49 -85
49 -84
49 -83
49 -82
49 -81
49 -75
49 -80
49 -79
49 -80
49 -81
49 -79
49 -79
49 -79
49 -79
49 -78
49 -78
49 -78
49 -78
49 -78
49 -78
49 -79
49 -79
49 -79
49 -79
49 -79
49 -83
49 -83
49 -84
49 -82
49 -82
49 -83
49 -82
49 -82
49 -83
49 -82
49 -82
49 -83
49 -86
49 -87
49 -87
49 -87
49 -84
49 -76
49 -80
49 -80
49 -79
49 -80
49 -79
49 -80
49 -77
49 -78
49 -78
49 -78
49 -77
49 -77
49 -77
49 -77
49 -77
49 -77
49 -77
49 -78
49 -78
49 -72
49 -78
49 -78
49 -78
50 -76
51 -72
51 -72
51 -72
51 -72
51 -73
51 -73
51 -72
51 -73
51 -71
51 -74
51 -74
51 -74
51 -74
51 -73
51 -73
51 -72
51 -76
51 -75
51 -72
51 -74
51 -76
51 -77
51 -76
51 -76
51 -75
51 -76
51 -75
51 -74
51 -73
51 -74
51 -75
51 -74
51 -75
51 -76
51 -76
51 -78
51 -80
51 -79
51 -79
51 -79
51 -79
51 -73
51 -80
51 -81
51 -81
51 -80
51 -81
51 -81
51 -78
51 -78
51 -81
51 -79
51 -79
51 -79
51 -79
51 -79
51 -77
51 -79
51 -80
51 -79
51 -80
51 -79
51 -78
51 -78
51 -79
51 -72
51 -78
51 -78
51 -78
51 -73
51 -79
51 -79
51 -81
51 -80
51 -83
51 -81
51 -82
51 -82
51 -68
51 -84
51 -84
51 -83
51 -67
51 -81
51 -81
51 -80
51 -78
51 -78
51 -80
51 -79
51 -80
51 -73
51 -81
51 -78
51 -82
51 -81
51 -81
51 -81
51 -80
51 -80
51 -81
51 -81
51 -81
51 -81
51 -81
51 -81
51 -81
51 -81
51 -80
51 -80
51 -80
51 -80
51 -79
51 -79
51 -78
51 -78
51 -78
51 -78
51 -78
51 -72
51 -78
51 -78
51 -78
51 -78
51 -78
51 -78
51 -78
51 -78
51 -78
51 -78
51 -78
51 -71
51 -78
51 -78
51 -78
51 -78
51 -78
51 -78
51 -79
51 -79
51 -80
51 -78
51 -79
51 -79
51 -80
51 -80
51 -80
51 -80
51 -79
51 -81
51 -81
51 -77
51 -81
51 -79
51 -64
51 -80
51 -80
51 -79
51 -80
51 -80
51 -78
51 -79
51 -79
51 -79
51 -77
51 -78
51 -77
51 -77
51 -77
51 -77
51 -78
51 -76
51 -79
51 -80
51 -79
51 -79
51 -79
51 -79
51 -79
51 -80
51 -80
51 -80
51 -80
51 -79
51 -79
51 -79
51 -79
51 -78
51 -79
51 -80
51 -80
51 -80
51 -80
51 -80
51 -80
51 -80
51 -80
51 -81
51 -81
51 -80
51 -80
51 -80
51 -80
51 -80
51 -79
51 -79
51 -78
51 -78
51 -78
51 -78
51 -76
51 -75
51 -75
51 -75
51 -75
51 -76
51 -75
51 -75
51 -74
51 -74
51 -76
51 -76
51 -76
51 -76
51 -76
51 -77
51 -78
51 -78
51 -77
51 -77
51 -77
51 -77
51 -69
51 -76
51 -76
51 -76
51 -76
51 -77
51 -76
51 -77
52 -58
52 -79
52 -79
52 -78
52 -78
52 -78
52 -77
52 -74
52 -76
52 -79
52 -78
52 -76
52 -77
52 -76
52 -75
52 -75
52 -76
52 -78
52 -80
52 -78
52 -78
52 -78
52 -77
52 -78
52 -77
52 -77
52 -77
52 -66
52 -76
52 -78
52 -77
52 -77
52 -76
52 -78
52 -76
52 -78
52 -78
52 -77
52 -78
52 -78
52 -77
52 -77
52 -78
52 -77
52 -76
52 -76
52 -76
52 -76
52 -76
52 -76
52 -76
52 -76
52 -67
52 -75
52 -76
52 -76
52 -76
52 -77
52 -76
52 -76
52 -77
52 -76
52 -77
52 -77
52 -77
52 -77
52 -77
52 -77
52 -77
52 -77
52 -77
52 -78
52 -78
52 -78
52 -79
52 -78
52 -77
52 -78
52 -77
52 -77
52 -77
52 -77
52 -75
52 -77
52 -78
52 -77
52 -78
52 -78
52 -78
52 -78
52 -78
52 -70
52 -78
52 -78
52 -78
52 -76
52 -76
52 -76
52 -76
52 -76
52 -75
52 -76
52 -76
52 -75
52 -75
52 -72
52 -76
52 -76
52 -76
52 -76
52 -76
52 -74
52 -76
52 -77
52 -76
52 -76
52 -76
52 -76
52 -76
52 -76
52 -76
52 -76
52 -76
52 -76
52 -76
52 -76
52 -76
52 -76
52 -76
52 -76
52 -76
52 -76
52 -76
52 -76
52 -76
52 -76
52 -75
52 -76
52 -76
52 -76
52 -76
52 -77
52 -76
52 -76
52 -73
52 -77
52 -77
52 -77
52 -76
52 -76
52 -76
52 -76
52 -76
52 -76
52 -76
52 -76
52 -77
52 -77
52 -78
52 -77
52 -76
52 -76
52 -76
52 -76
52 -76
52 -76
52 -76
52 -76
52 -76
52 -75
52 -76
52 -76
52 -76
52 -76
52 -76
52 -76
52 -76
52 -76
52 -76
52 -76
52 -76
52 -76
52 -76
52 -76
52 -76
52 -76
52 -76
52 -76
52 -76
52 -76
52 -76
52 -76
52 -76
52 -76
52 -76
52 -71
52 -76
52 -76
52 -76
52 -76
52 -76
52 -72
52 -76
52 -76
52 -76
52 -76
52 -76
52 -76
52 -76
52 -76
52 -76
52 -76
52 -76
52 -76
52 -75
52 -76
52 -75
52 -75
52 -76
52 -76
52 -76
52 -76
52 -76
52 -62
52 -76
52 -75
52 -76
52 -76
52 -76
52 -76
52 -75
52 -75
52 -75
52 -75
52 -74
52 -75
52 -75
52 -75
52 -75
52 -76
52 -76
52 -76
52 -76
52 -76
52 -76
52 -76
52 -75
52 -76
52 -77
52 -76
52 -76
52 -76
52 -76
52 -76
52 -76
52 -76
52 -76
52 -76
52 -76
52 -76
52 -77
52 -76
52 -76
52 -76
52 -75
52 -76
52 -76
52 -72
52 -76
52 -75
52 -75
52 -76
52 -75
52 -75
52 -75
52 -75
52 -75
52 -75
52 -76
52 -75
52 -75
52 -75
52 -76
52 -75
52 -76
52 -75
52 -76
52 -75
52 -76
52 -76
52 -76
52 -75
52 -76
52 -75
52 -75
52 -75
52 -75
52 -75
52 -75
52 -76
52 -75
52 -76
52 -76
52 -77
52 -82
52 -81
52 -81
52 -76
52 -75
52 -75
52 -60
52 -75
52 -75
52 -74
52 -74
52 -73
52 -73
52 -73
52 -73
52 -73
52 -73
52 -74
52 -73
52 -74
52 -74
52 -75
52 -75
52 -75
52 -75
52 -75
53 -73
53 -73
53 -73
53 -72
53 -72
53 -73
53 -73
53 -73
53 -73
53 -73
53 -72
53 -73
53 -75
53 -76
53 -74
53 -73
53 -76
53 -76
53 -75
53 -76
53 -76
53 -77
53 -77
53 -76
53 -76
53 -75
53 -74
53 -73
53 -72
53 -71
53 -67
53 -70
53 -72
53 -72
53 -72
53 -72
53 -71
53 -73
53 -74
53 -73
53 -73
53 -74
53 -74
53 -66
53 -72
53 -74
53 -74
53 -74
53 -74
53 -75
53 -74
53 -74
53 -74
53 -75
53 -74
53 -74
53 -75
53 -76
53 -75
53 -74
53 -74
53 -74
53 -74
53 -73
53 -74
53 -74
53 -74
53 -74
53 -73
53 -73
53 -74
53 -74
53 -74
53 -74
53 -74
53 -75
53 -74
53 -73
53 -74
53 -73
53 -73
53 -73
53 -73
53 -73
53 -72
53 -72
53 -72
53 -73
53 -74
53 -75
53 -74
53 -74
53 -75
53 -75
53 -75
53 -76
53 -75
53 -76
53 -71
53 -75
53 -72
53 -75
53 -75
53 -76
53 -75
53 -72
53 -76
53 -76
53 -76
53 -75
53 -76
53 -76
53 -76
53 -76
53 -76
53 -76
53 -76
53 -76
53 -76
53 -76
53 -76
53 -76
53 -76
53 -76
53 -76
53 -76
53 -76
53 -72
53 -76
53 -76
53 -76
53 -76
53 -76
53 -76
53 -75
53 -75
53 -75
53 -75
53 -74
53 -75
53 -75
53 -75
53 -76
53 -73
53 -75
53 -75
53 -76
53 -75
53 -75
53 -75
53 -75
53 -75
53 -74
53 -55
53 -74
53 -75
53 -74
53 -74
53 -74
53 -75
53 -75
53 -75
53 -75
53 -74
53 -62
53 -75
53 -75
53 -75
53 -67
53 -75
53 -68
53 -76
53 -76
53 -75
53 -76
53 -76
53 -76
53 -76
53 -76
53 -76
53 -76
53 -76
53 -76
53 -76
53 -76
53 -76
53 -76
53 -76
53 -76
53 -76
53 -76
53 -76
53 -76
53 -76
53 -76
53 -76
53 -75
53 -75
53 -75
53 -75
53 -70
53 -71
53 -74
53 -74
53 -74
53 -75
53 -74
53 -74
53 -74
53 -72
53 -74
53 -72
53 -74
53 -74
53 -73
53 -74
53 -74
53 -69
53 -74
53 -74
53 -74
53 -74
53 -74
53 -74
53 -74
53 -74
53 -74
53 -74
53 -74
53 -75
53 -74
53 -74
53 -75
53 -75
53 -75
53 -74
53 -75
53 -75
53 -75
53 -75
53 -75
53 -75
53 -75
53 -75
53 -75
53 -75
53 -74
53 -74
53 -75
53 -76
53 -75
53 -75
53 -75
53 -75
53 -75
53 -74
53 -75
53 -74
53 -74
53 -74
53 -74
53 -74
53 -74
53 -74
53 -75
53 -74
53 -74
53 -74
53 -74
53 -74
53 -74
53 -74
53 -74
53 -74
53 -74
53 -73
53 -74
53 -74
53 -74
53 -74
53 -75
53 -74
53 -74
53 -74
53 -74
53 -75
53 -62
53 -75
53 -75
53 -75
53 -75
53 -75
53 -75
53 -76
53 -75
53 -75
53 -75
53 -75
53 -75
53 -75
53 -75
53 -75
53 -75
53 -75
53 -75
53 -75
53 -75
53 -74
53 -74
53 -74
53 -74
53 -74
53 -74
53 -74
53 -74
53 -74
53 -74
53 -74
53 -74
53 -74
53 -73
53 -71
53 -77
53 -80
53 -77
53 -76
53 -79
53 -79
53 -78
53 -78
53 -72
53 -78
53 -78
53 -78
53 -78
53 -77
53 -76
53 -75
53 -75
53 -75
53 -75
53 -75
53 -75
53 -76
53 -75
53 -76
53 -76
53 -75
53 -76
55 -78
55 -76
55 -73
55 -75
55 -75
55 -75
55 -74
55 -73
55 -73
55 -74
55 -75
55 -76
55 -76
55 -75
55 -74
55 -73
55 -75
55 -76
55 -79
55 -71
55 -68
55 -70
55 -76
55 -75
55 -74
55 -70
55 -68
55 -70
55 -74
55 -75
55 -76
55 -75
55 -54
55 -73
55 -72
55 -71
55 -71
55 -70
55 -72
55 -72
55 -70
55 -72
55 -72
55 -72
55 -70
55 -70
55 -71
55 -70
55 -70
55 -70
55 -70
55 -70
55 -70
55 -70
55 -70
55 -70
55 -70
55 -70
55 -70
55 -70
55 -70
55 -70
55 -70
55 -70
55 -71
55 -71
55 -71
55 -71
55 -72
55 -72
55 -71
55 -72
55 -72
55 -72
55 -72
55 -72
55 -73
55 -73
55 -73
55 -74
55 -74
55 -75
55 -75
55 -75
55 -75
55 -75
55 -76
55 -76
55 -76
55 -79
55 -81
55 -84
55 -83
55 -80
55 -80
55 -78
55 -76
55 -76
55 -75
55 -75
55 -75
55 -75
55 -75
55 -75
55 -75
55 -75
55 -76
55 -76
55 -77
55 -78
55 -80
55 -81
55 -81
55 -76
55 -80
55 -80
55 -81
55 -82
55 -80
55 -80
55 -79
55 -79
55 -79
55 -79
55 -82
55 -84
55 -83
55 -82
55 -83
55 -81
55 -81
55 -80
55 -78
55 -80
55 -80
55 -80
55 -80
55 -79
55 -80
55 -81
55 -82
55 -82
55 -82
55 -84
55 -78
55 -78
55 -78
55 -78
55 -78
55 -78
55 -78
55 -79
55 -77
55 -78
55 -78
55 -78
55 -75
55 -78
55 -75
55 -78
55 -76
55 -77
55 -77
55 -78
55 -78
55 -77
55 -78
55 -78
55 -78
55 -78
55 -78
55 -78
55 -79
55 -79
55 -78
55 -76
55 -74
55 -76
55 -75
55 -73
55 -72
55 -73
55 -76
55 -78
55 -78
55 -76
55 -75
55 -76
55 -76
55 -81
55 -82
55 -81
55 -72
55 -78
55 -78
55 -76
55 -71
55 -77
55 -75
55 -78
55 -81
55 -82
55 -83
56 -82
56 -81
56 -80
56 -80
56 -79
56 -78
56 -78
56 -79
56 -78
56 -78
56 -81
56 -80
56 -82
56 -79
56 -77
56 -76
56 -79
56 -80
56 -82
56 -82
56 -80
56 -80
56 -80
56 -76
56 -77
56 -76
56 -76
56 -76
56 -67
56 -76
56 -76
56 -76
56 -76
56 -76
56 -76
56 -76
56 -75
56 -75
56 -75
56 -75
56 -75
56 -75
56 -76
56 -75
56 -75
56 -72
56 -74
56 -76
56 -76
56 -76
56 -76
56 -76
56 -77
56 -76
56 -76
56 -77
56 -77
56 -77
56 -68
56 -77
56 -77
56 -78
56 -78
56 -78
56 -78
56 -78
56 -78
56 -78
56 -77
56 -77
56 -77
56 -77
56 -78
56 -77
56 -77
56 -77
56 -77
56 -77
56 -77
56 -78
56 -78
56 -77
56 -68
56 -78
56 -78
56 -78
56 -63
56 -78
56 -76
56 -78
56 -78
56 -76
56 -76
56 -76
56 -77
56 -76
56 -77
56 -76
56 -76
56 -76
56 -76
56 -76
56 -76
56 -76
56 -76
56 -76
56 -71
56 -77
56 -76
56 -77
56 -75
56 -67
56 -78
56 -78
56 -78
56 -78
56 -78
56 -78
56 -78
56 -78
56 -78
56 -77
56 -78
56 -77
56 -77
56 -78
56 -73
56 -78
56 -79
56 -79
56 -79
56 -78
56 -78
56 -80
56 -77
56 -81
56 -82
56 -82
56 -83
56 -60
56 -82
56 -83
56 -83
56 -83
56 -69
56 -81
56 -81
56 -81
56 -81
56 -76
56 -80
56 -80
56 -80
56 -70
56 -80
56 -80
56 -80
56 -80
56 -79
56 -79
56 -80
56 -80
56 -67
56 -82
56 -82
56 -82
56 -82
56 -83
56 -83
56 -82
56 -81
56 -81
56 -80
56 -81
56 -81
56 -81
56 -81
56 -81
56 -82
56 -82
56 -82
56 -77
56 -82
56 -69
56 -83
56 -82
56 -83
56 -83
56 -82
56 -82
56 -74
56 -84
56 -83
56 -80
56 -73
56 -79
56 -80
56 -79
56 -79
56 -82
56 -81
56 -83
56 -83
56 -82
56 -83
56 -76
56 -83
56 -79
56 -81
57 -82
57 -80
57 -79
57 -80
57 -81
57 -83
57 -82
57 -78
57 -78
57 -78
57 -78
57 -78
57 -78
57 -77
57 -78
57 -78
57 -78
57 -79
57 -78
57 -77
57 -77
57 -78
57 -77
57 -77
57 -72
57 -76
57 -77
57 -78
57 -76
57 -77
57 -78
57 -78
57 -78
57 -77
57 -78
57 -78
57 -78
57 -78
57 -78
57 -78
57 -78
57 -78
57 -78
57 -79
57 -79
57 -80
57 -81
57 -81
57 -80
57 -81
57 -80
57 -73
57 -70
57 -78
57 -80
57 -80
57 -80
57 -80
57 -80
57 -80
57 -80
57 -79
57 -79
57 -79
57 -79
57 -72
57 -79
57 -75
57 -78
57 -78
57 -78
57 -78
57 -74
57 -79
57 -78
57 -78
57 -79
57 -79
57 -80
57 -72
57 -80
57 -79
57 -79
57 -79
57 -73
57 -80
57 -72
57 -72
57 -79
57 -79
57 -78
57 -79
57 -77
57 -79
57 -79
57 -79
57 -75
57 -79
57 -79
57 -79
57 -81
57 -80
57 -79
57 -79
57 -79
57 -80
57 -79
57 -78
57 -64
57 -80
57 -79
57 -78
57 -79
57 -80
57 -80
57 -79
57 -79
57 -80
57 -79
57 -79
57 -78
57 -78
57 -78
57 -77
57 -78
57 -74
57 -78
57 -77
57 -76
57 -78
57 -70
57 -79
57 -78
57 -78
57 -78
57 -78
57 -78
57 -78
57 -79
57 -79
57 -79
57 -79
57 -78
57 -78
57 -78
57 -79
57 -77
57 -79
57 -79
57 -78
57 -79
57 -79
57 -79
57 -80
57 -80
57 -80
57 -80
57 -80
57 -80
57 -80
57 -79
57 -79
57 -79
57 -71
57 -78
57 -71
57 -79
57 -78
57 -72
57 -78
57 -78
57 -78
57 -78
57 -78
57 -78
57 -78
57 -78
57 -48
57 -78
57 -77
57 -78
57 -78
57 -78
57 -78
57 -78
57 -78
57 -78
57 -79
57 -66
57 -78
57 -78
57 -78
57 -78
57 -72
57 -78
57 -78
57 -79
57 -79
57 -79
57 -79
57 -73
57 -80
57 -80
57 -79
57 -79
57 -80
57 -79
57 -79
57 -79
57 -72
57 -79
57 -76
57 -78
57 -79
57 -79
57 -80
57 -79
57 -78
57 -78
57 -78
57 -77
57 -70
57 -77
57 -76
57 -77
57 -77
57 -78
57 -74
57 -77
57 -77
57 -78
57 -78
57 -78
57 -77
57 -78
57 -78
57 -78
57 -78
57 -78
57 -78
57 -79
57 -79
57 -79
57 -79
57 -79
57 -80
57 -80
57 -79
57 -79
57 -81
57 -79
57 -79
57 -79
57 -82
57 -82
57 -82
57 -81
57 -81
57 -82
57 -82
57 -81
57 -81
57 -81
57 -81
57 -80
57 -81
58 -83
58 -85
58 -86
58 -86
58 -86
58 -86
58 -86
58 -84
58 -84
58 -84
59 -75
59 -75
59 -75
59 -75
59 -72
59 -76
59 -76
59 -74
59 -76
59 -76
59 -76
59 -76
59 -76
59 -76
59 -77
59 -77
59 -73
59 -72
59 -76
59 -76
59 -76
59 -75
59 -75
59 -75
59 -75
59 -76
59 -77
59 -78
59 -76
59 -75
59 -76
59 -76
59 -76
59 -76
59 -76
59 -75
59 -76
59 -76
59 -77
59 -78
59 -78
59 -78
59 -78
59 -78
59 -78
59 -78
59 -79
59 -79
59 -78
59 -78
59 -78
59 -78
59 -78
59 -78
59 -78
59 -76
59 -78
59 -78
59 -78
59 -79
59 -80
59 -79
59 -78
59 -79
59 -79
59 -79
59 -79
59 -79
59 -79
59 -79
59 -78
59 -78
59 -79
59 -78
59 -78
59 -79
59 -78
59 -78
59 -77
59 -76
59 -76
59 -76
59 -76
59 -76
59 -76
59 -76
59 -76
59 -76
59 -76
59 -76
59 -75
59 -76
59 -76
59 -77
59 -77
59 -74
59 -77
59 -75
59 -76
59 -76
59 -77
59 -77
59 -76
59 -77
59 -76
59 -76
59 -76
59 -76
59 -76
59 -76
59 -76
59 -76
59 -76
59 -77
59 -76
59 -76
59 -76
59 -76
59 -72
59 -76
59 -76
59 -76
59 -76
59 -76
59 -76
59 -76
59 -76
59 -76
59 -76
59 -75
59 -75
59 -76
59 -76
59 -76
59 -76
59 -76
59 -75
59 -76
59 -76
59 -76
59 -76
59 -76
59 -75
59 -76
59 -76
59 -76
59 -61
59 -76
59 -76
59 -76
59 -76
59 -76
59 -77
59 -76
59 -77
59 -76
59 -77
59 -77
59 -76
59 -76
59 -77
59 -77
59 -78
59 -78
59 -78
59 -77
59 -77
59 -75
59 -77
59 -78
59 -78
59 -78
59 -78
59 -77
59 -78
59 -78
59 -77
59 -72
59 -78
59 -77
59 -77
59 -78
59 -77
59 -78
59 -78
59 -78
59 -77
59 -77
59 -77
59 -78
59 -77
59 -78
59 -55
59 -76
59 -76
59 -76
59 -76
59 -76
59 -73
59 -76
59 -76
59 -76
59 -76
59 -76
59 -76
59 -76
59 -76
59 -76
59 -76
59 -76
59 -76
59 -75
59 -76
59 -76
59 -75
59 -76
59 -76
59 -76
59 -76
59 -76
59 -76
59 -76
59 -76
59 -76
59 -76
59 -76
59 -77
59 -77
59 -76
59 -76
59 -77
59 -76
59 -77
59 -76
59 -77
59 -77
59 -76
59 -76
59 -76
59 -76
59 -77
59 -76
59 -76
59 -76
59 -77
59 -76
59 -76
59 -76
59 -76
59 -76
59 -76
59 -76
59 -74
59 -76
59 -76
59 -76
59 -76
59 -76
59 -76
59 -76
59 -76
59 -76
59 -76
59 -75
59 -76
59 -75
59 -76
59 -76
59 -76
59 -76
59 -76
59 -76
59 -76
59 -76
59 -76
59 -76
59 -73
59 -77
59 -77
59 -78
59 -77
59 -78
59 -77
59 -78
59 -78
59 -78
59 -77
59 -78
59 -78
59 -78
59 -77
59 -78
59 -78
59 -78
59 -78
59 -78
59 -78
59 -78
59 -78
59 -77
59 -78
59 -77
59 -77
59 -77
59 -77
59 -76
59 -77
59 -77
59 -77
59 -76
59 -76
59 -76
59 -76
59 -76
59 -76
59 -77
59 -76
59 -76
59 -76
59 -76
59 -75
59 -80
59 -78
59 -78
59 -79
59 -78
59 -78
59 -79
59 -78
59 -77
59 -77
59 -77
59 -78
59 -77
59 -78
59 -79
60 -69
60 -69
60 -69
60 -69
60 -69
60 -69
60 -69
60 -69
60 -69
60 -69
60 -69
60 -69
60 -69
60 -68
60 -66
60 -68
60 -70
60 -70
60 -70
60 -70
60 -69
60 -74
60 -77
60 -70
60 -70
60 -70
60 -70
60 -68
60 -68
60 -69
60 -68
60 -70
60 -73
60 -74
60 -74
60 -78
60 -80
60 -76
60 -81
60 -79
60 -81
60 -80
60 -80
60 -78
60 -76
60 -75
60 -73
60 -72
60 -70
60 -70
60 -69
60 -69
60 -68
60 -69
60 -70
60 -70
60 -70
60 -70
60 -70
60 -70
60 -70
60 -70
60 -70
60 -70
60 -70
60 -70
60 -71
60 -69
60 -70
60 -70
60 -70
60 -70
60 -70
60 -70
60 -70
60 -70
60 -70
60 -65
60 -71
60 -72
60 -72
60 -72
60 -72
60 -72
60 -72
60 -72
60 -72
60 -72
60 -72
60 -72
60 -71
60 -72
60 -70
60 -70
60 -70
60 -70
60 -70
60 -70
60 -70
60 -70
60 -70
60 -70
60 -70
60 -70
60 -70
60 -70
60 -71
60 -71
60 -71
60 -70
60 -71
60 -71
60 -71
60 -71
60 -70
60 -70
60 -70
60 -70
60 -70
60 -69
60 -70
60 -70
60 -71
60 -71
60 -71
60 -71
60 -72
60 -72
60 -72
60 -70
60 -71
60 -72
60 -69
60 -71
60 -71
60 -71
60 -71
60 -71
60 -71
60 -71
60 -70
60 -70
60 -70
60 -70
60 -70
60 -71
60 -72
60 -72
60 -73
60 -72
60 -72
60 -74
60 -74
60 -74
60 -67
60 -74
60 -74
60 -74
60 -74
60 -70
60 -72
60 -72
60 -72
60 -72
60 -72
60 -71
60 -70
60 -70
60 -70
60 -71
60 -70
60 -71
60 -69
60 -71
60 -72
60 -72
60 -72
60 -72
60 -72
60 -72
60 -72
60 -73
60 -73
60 -73
60 -73
60 -73
60 -73
60 -74
60 -75
60 -75
60 -76
60 -76
60 -77
60 -78
60 -73
60 -80
60 -76
60 -80
60 -79
60 -80
60 -79
60 -78
60 -60
60 -78
60 -77
60 -77
60 -76
60 -76
60 -75
60 -76
60 -75
60 -75
60 -74
60 -74
60 -76
60 -76
60 -75
60 -75
60 -76
60 -75
60 -75
60 -75
60 -74
60 -74
60 -74
60 -71
60 -74
60 -74
60 -74
60 -73
60 -74
60 -73
60 -73
60 -74
60 -74
60 -74
60 -74
60 -74
60 -74
60 -75
60 -75
60 -76
60 -74
60 -75
60 -76
60 -76
60 -73
60 -74
60 -77
60 -77
60 -77
60 -78
60 -80
60 -82
60 -80
60 -80
60 -80
60 -77
60 -76
60 -72
60 -72
60 -72
60 -72
60 -74
60 -71
60 -72
60 -71
60 -74
60 -74
60 -74
60 -74
60 -74
60 -75
60 -74
60 -74
60 -72
60 -72
60 -72
60 -72
60 -73
60 -73
60 -73
60 -72
60 -71
60 -70
