Beacon Rssi
1 -86
1 -82
1 -81
1 -87
1 -84
1 -87
1 -87
1 -86
1 -87
1 -86
1 -85
1 -86
1 -86
1 -85
1 -86
1 -85
1 -86
2 -80
2 -81
2 -82
2 -84
2 -82
2 -82
2 -81
2 -82
2 -81
2 -80
2 -80
2 -83
2 -82
2 -82
2 -82
2 -82
2 -81
2 -82
2 -84
2 -83
2 -82
2 -82
2 -83
2 -83
2 -82
2 -82
2 -82
2 -83
2 -82
2 -83
2 -83
2 -82
2 -83
2 -84
2 -83
2 -83
2 -84
2 -83
2 -78
2 -84
2 -77
2 -84
2 -84
2 -84
2 -84
2 -84
2 -84
2 -85
2 -84
2 -84
2 -84
2 -83
2 -85
2 -84
2 -84
2 -85
2 -85
2 -86
2 -84
2 -78
2 -84
2 -85
2 -85
2 -84
2 -83
2 -83
2 -71
2 -84
2 -84
2 -84
2 -84
2 -84
2 -85
2 -84
2 -84
2 -84
2 -84
2 -85
2 -79
2 -58
2 -86
2 -84
2 -84
2 -84
2 -84
2 -84
2 -83
2 -84
2 -83
2 -82
2 -83
2 -83
2 -83
2 -82
2 -81
2 -82
2 -82
2 -84
2 -84
2 -76
2 -84
2 -84
2 -83
2 -83
2 -82
2 -83
2 -79
2 -83
2 -82
2 -82
2 -83
2 -83
2 -83
2 -83
2 -82
2 -82
2 -83
2 -82
2 -83
2 -82
2 -83
2 -78
2 -83
2 -66
2 -81
2 -83
2 -83
2 -84
2 -84
2 -84
2 -84
2 -83
3 -84
3 -81
3 -75
3 -84
3 -84
3 -77
3 -83
3 -77
3 -83
3 -82
3 -75
3 -82
3 -82
3 -82
3 -83
3 -84
3 -85
3 -83
3 -84
3 -84
3 -83
3 -83
3 -83
3 -83
3 -83
3 -78
3 -83
3 -83
3 -84
3 -84
3 -84
3 -84
3 -84
3 -76
3 -83
3 -83
3 -83
3 -83
3 -83
3 -84
3 -83
3 -83
3 -82
3 -83
3 -83
3 -83
3 -83
3 -83
3 -83
3 -83
3 -84
3 -84
3 -83
3 -83
3 -83
3 -83
3 -84
3 -83
3 -76
3 -84
3 -85
3 -82
3 -84
3 -83
3 -83
3 -83
3 -83
3 -75
3 -83
3 -84
3 -84
3 -84
3 -85
3 -85
3 -85
3 -85
3 -84
3 -70
3 -83
3 -83
3 -83
3 -84
3 -84
3 -85
3 -85
3 -85
3 -83
3 -84
3 -84
3 -87
4 -74
4 -83
4 -82
4 -83
4 -59
4 -83
4 -83
4 -83
4 -83
4 -82
4 -82
4 -82
4 -81
4 -81
4 -82
4 -81
4 -78
4 -82
4 -81
4 -82
4 -81
4 -81
4 -81
4 -81
4 -81
4 -81
4 -82
4 -50
4 -81
4 -82
4 -82
4 -82
4 -81
4 -81
4 -81
4 -81
4 -63
4 -81
4 -81
4 -69
4 -81
4 -81
4 -81
4 -81
4 -81
4 -81
4 -81
4 -81
4 -81
4 -81
4 -81
4 -80
4 -70
4 -81
4 -81
4 -81
4 -81
4 -81
4 -81
4 -81
4 -81
4 -81
4 -81
4 -81
4 -81
4 -66
4 -82
4 -81
4 -81
4 -81
4 -81
4 -73
4 -82
4 -82
4 -82
4 -82
4 -81
4 -81
4 -81
4 -68
4 -82
4 -69
4 -81
4 -81
4 -81
4 -81
4 -81
4 -82
4 -82
4 -81
4 -82
4 -82
4 -82
4 -82
4 -82
4 -82
4 -82
4 -82
4 -81
4 -75
4 -82
4 -81
4 -82
4 -82
4 -82
4 -82
4 -64
4 -82
4 -82
4 -82
4 -83
4 -82
4 -83
4 -81
4 -79
4 -83
4 -69
4 -83
4 -83
4 -84
4 -83
4 -83
4 -83
4 -83
4 -84
4 -82
4 -82
4 -82
4 -82
4 -82
4 -80
4 -82
4 -83
4 -83
4 -83
4 -84
4 -83
4 -83
4 -84
4 -67
4 -84
4 -84
4 -85
5 -79
5 -79
5 -80
5 -78
5 -79
5 -80
5 -80
5 -81
5 -81
5 -82
5 -82
5 -69
5 -84
5 -85
5 -83
5 -84
5 -82
5 -83
5 -85
5 -83
5 -84
5 -84
5 -84
5 -84
5 -83
5 -83
5 -84
5 -84
5 -85
5 -84
5 -72
5 -84
5 -84
5 -84
6 -83
6 -83
6 -83
6 -82
6 -81
6 -82
6 -80
6 -81
6 -82
6 -84
6 -85
6 -84
6 -85
6 -87
6 -86
6 -86
6 -84
6 -84
7 -81
7 -82
7 -82
7 -84
7 -83
7 -81
7 -78
7 -77
7 -77
7 -78
7 -81
7 -82
7 -75
7 -85
7 -79
7 -72
7 -83
7 -83
7 -84
7 -83
7 -85
7 -84
7 -84
7 -83
7 -82
7 -83
7 -83
7 -83
7 -83
7 -82
7 -83
7 -82
7 -83
7 -83
7 -84
7 -86
7 -85
7 -85
7 -84
7 -85
7 -75
7 -86
7 -85
7 -84
7 -83
7 -83
7 -83
7 -84
7 -84
7 -84
7 -83
7 -80
7 -80
7 -69
7 -80
7 -81
7 -80
7 -62
7 -79
7 -74
7 -79
7 -78
7 -69
7 -78
7 -78
7 -78
7 -77
7 -78
7 -78
7 -78
7 -79
7 -80
7 -81
7 -76
7 -81
7 -82
7 -82
7 -82
7 -82
7 -81
7 -82
7 -81
7 -80
7 -80
7 -81
7 -81
7 -81
7 -81
7 -81
7 -81
7 -81
7 -81
7 -81
7 -81
7 -81
7 -81
7 -81
7 -82
7 -82
7 -81
7 -78
7 -81
7 -81
7 -81
7 -81
7 -81
7 -81
7 -56
7 -81
7 -79
7 -81
7 -81
7 -81
7 -81
8 -81
8 -80
8 -81
8 -82
8 -82
8 -82
8 -79
8 -78
8 -73
8 -80
8 -78
8 -72
8 -84
8 -84
8 -81
8 -80
8 -80
8 -79
8 -79
8 -80
8 -65
8 -78
8 -78
8 -79
8 -81
8 -82
8 -83
8 -66
8 -85
8 -88
9 -82
9 -80
9 -80
9 -81
9 -83
9 -84
9 -67
9 -84
9 -85
9 -85
9 -84
9 -71
9 -83
9 -81
9 -81
9 -81
9 -83
9 -70
9 -83
9 -82
9 -82
9 -81
9 -81
9 -80
9 -80
9 -80
9 -80
9 -80
9 -80
9 -80
9 -57
9 -80
9 -79
9 -79
9 -79
9 -79
9 -79
9 -78
9 -79
9 -79
9 -79
9 -79
9 -79
9 -80
9 -79
9 -81
9 -81
9 -68
9 -81
9 -81
9 -81
9 -81
9 -81
9 -81
9 -81
9 -81
9 -81
9 -81
9 -81
9 -81
9 -80
9 -81
9 -80
9 -79
9 -69
9 -68
9 -79
9 -79
9 -79
9 -79
9 -79
9 -80
9 -67
9 -79
9 -79
9 -79
9 -79
9 -64
9 -79
9 -79
9 -78
9 -78
9 -78
9 -78
9 -78
9 -77
9 -78
9 -76
9 -78
9 -79
9 -80
9 -80
9 -82
9 -83
9 -82
9 -83
9 -71
9 -81
9 -81
9 -81
9 -81
9 -80
9 -79
9 -80
9 -80
9 -80
9 -79
9 -79
9 -79
9 -76
9 -80
9 -80
9 -80
9 -80
9 -81
9 -81
9 -81
9 -83
9 -83
9 -85
9 -83
9 -84
9 -83
9 -83
9 -82
9 -75
9 -82
9 -82
9 -82
9 -82
9 -82
9 -82
9 -82
9 -81
9 -81
9 -57
9 -85
9 -82
9 -85
9 -84
9 -87
9 -85
9 -85
9 -85
9 -84
9 -83
9 -85
9 -85
10 -84
10 -84
10 -81
10 -82
10 -83
10 -84
10 -83
10 -84
10 -86
10 -85
10 -85
10 -84
10 -84
10 -86
10 -84
10 -86
10 -85
10 -86
10 -86
10 -69
10 -84
10 -84
10 -84
10 -83
10 -83
10 -83
10 -75
10 -83
10 -83
10 -83
10 -83
10 -82
10 -82
10 -83
10 -82
10 -83
10 -82
10 -82
10 -83
10 -72
10 -85
10 -84
10 -84
10 -83
10 -83
10 -82
10 -71
10 -75
10 -75
10 -84
10 -68
10 -84
10 -83
10 -84
10 -84
10 -84
10 -83
10 -83
10 -84
10 -83
10 -83
10 -83
10 -84
10 -84
10 -84
10 -85
10 -84
10 -86
10 -84
10 -86
10 -85
10 -83
10 -85
10 -85
11 -83
11 -80
11 -80
11 -81
11 -81
11 -82
11 -78
11 -84
11 -82
11 -83
11 -84
11 -84
11 -82
11 -82
11 -84
11 -83
11 -83
11 -83
11 -83
12 -85
12 -85
12 -86
12 -85
12 -86
12 -84
12 -86
12 -86
12 -85
12 -86
12 -78
12 -84
12 -85
12 -78
12 -85
12 -85
12 -72
12 -85
12 -85
12 -86
12 -85
12 -84
12 -84
12 -84
12 -81
12 -82
12 -81
12 -82
12 -59
12 -83
12 -84
12 -84
12 -84
12 -84
12 -82
12 -84
12 -84
12 -86
12 -84
12 -84
12 -78
12 -85
12 -86
13 -86
13 -86
13 -83
13 -66
13 -85
13 -85
13 -84
13 -86
13 -85
13 -85
13 -85
13 -84
13 -84
13 -84
13 -83
13 -81
13 -84
13 -84
13 -84
13 -84
13 -84
13 -84
13 -84
13 -85
13 -85
13 -85
13 -85
13 -86
13 -85
13 -85
13 -85
13 -85
13 -85
13 -84
13 -85
13 -84
13 -83
13 -84
13 -78
13 -84
13 -82
13 -85
13 -86
13 -85
13 -83
13 -84
13 -85
13 -86
13 -86
13 -86
13 -84
13 -73
13 -84
13 -84
13 -83
13 -84
13 -83
13 -85
13 -84
13 -82
13 -87
14 -79
14 -80
14 -80
14 -80
14 -80
14 -79
14 -78
14 -78
14 -78
14 -77
14 -78
14 -78
14 -79
14 -80
14 -81
14 -82
14 -82
14 -76
14 -79
14 -84
14 -78
14 -76
14 -64
14 -77
14 -76
14 -76
14 -76
14 -79
14 -79
14 -80
14 -77
14 -78
14 -79
14 -79
14 -78
14 -78
14 -78
14 -78
14 -73
14 -81
14 -81
14 -81
14 -81
14 -81
14 -71
14 -71
14 -82
14 -82
14 -83
14 -83
14 -84
14 -83
14 -82
14 -82
14 -82
14 -83
14 -83
14 -86
14 -70
14 -86
14 -84
14 -84
14 -84
14 -84
14 -84
14 -84
14 -75
14 -83
14 -82
14 -83
14 -83
14 -82
14 -83
14 -83
14 -82
14 -83
14 -84
14 -84
14 -83
14 -83
14 -83
14 -83
14 -74
14 -88
14 -85
14 -85
14 -84
14 -82
14 -85
14 -82
14 -82
14 -81
14 -81
14 -81
14 -81
14 -82
14 -82
14 -82
14 -83
14 -83
14 -84
15 -80
15 -79
15 -78
15 -76
15 -75
15 -77
15 -76
15 -74
15 -75
15 -76
15 -76
15 -76
15 -78
15 -74
15 -76
15 -76
15 -78
15 -80
15 -79
15 -63
15 -76
15 -75
15 -77
15 -79
15 -79
15 -76
15 -69
15 -73
15 -76
15 -76
15 -76
15 -74
15 -78
15 -78
15 -75
15 -76
15 -76
15 -76
15 -76
15 -64
15 -76
15 -76
15 -76
15 -75
15 -75
15 -76
15 -76
15 -70
15 -76
15 -76
15 -71
15 -75
15 -75
15 -75
15 -76
15 -76
15 -76
15 -76
15 -76
15 -76
15 -76
15 -76
15 -76
15 -76
15 -76
15 -76
15 -76
15 -76
15 -76
15 -76
15 -76
15 -67
15 -76
15 -76
15 -76
15 -72
15 -76
15 -77
15 -77
15 -77
15 -77
15 -78
15 -77
15 -76
15 -78
15 -78
15 -49
15 -78
15 -78
15 -78
15 -78
15 -78
15 -71
15 -68
15 -77
15 -78
15 -69
15 -78
15 -78
15 -77
15 -76
15 -76
15 -74
15 -74
15 -65
15 -76
15 -75
15 -76
15 -76
15 -84
15 -76
15 -76
15 -76
15 -76
15 -76
15 -76
15 -77
15 -75
15 -77
15 -78
15 -77
15 -77
15 -77
15 -78
15 -77
15 -77
15 -77
15 -77
15 -76
15 -76
15 -76
15 -76
15 -76
15 -77
15 -77
15 -77
15 -76
15 -77
15 -77
15 -77
15 -78
15 -78
15 -78
15 -77
15 -79
15 -78
15 -62
15 -64
15 -76
15 -76
15 -76
15 -76
15 -76
15 -75
15 -75
15 -75
15 -75
15 -75
15 -75
15 -75
15 -75
15 -75
15 -75
15 -75
15 -75
15 -75
15 -75
15 -75
15 -76
15 -76
15 -76
15 -76
15 -76
15 -76
15 -76
15 -76
15 -76
15 -76
15 -76
15 -76
15 -76
15 -74
15 -73
15 -73
15 -73
15 -72
15 -72
15 -72
15 -72
15 -73
15 -73
15 -73
15 -73
15 -73
15 -73
15 -73
15 -74
15 -74
15 -74
15 -74
15 -74
15 -74
15 -75
15 -74
15 -74
15 -74
15 -74
15 -74
15 -75
15 -75
15 -75
15 -76
15 -75
15 -73
15 -74
15 -74
15 -74
15 -74
15 -74
15 -74
15 -75
15 -75
15 -75
15 -76
15 -75
15 -75
15 -75
15 -75
15 -75
15 -74
15 -74
15 -73
15 -74
15 -74
15 -74
15 -74
15 -75
15 -75
15 -75
15 -75
15 -75
15 -74
15 -75
15 -75
15 -75
15 -75
15 -75
15 -62
15 -75
15 -74
15 -74
15 -75
15 -75
15 -61
15 -75
15 -75
15 -75
15 -75
15 -75
15 -75
15 -75
15 -75
15 -75
15 -75
15 -75
15 -75
15 -75
15 -75
15 -75
15 -75
15 -76
15 -76
15 -73
15 -76
15 -75
15 -76
15 -75
15 -76
15 -76
15 -76
15 -76
15 -76
15 -76
15 -76
15 -76
15 -76
15 -76
15 -76
15 -76
15 -61
15 -76
15 -76
15 -76
15 -76
15 -76
15 -76
15 -76
15 -76
16 -74
16 -67
16 -74
16 -74
16 -74
16 -73
16 -72
16 -71
16 -70
16 -70
16 -71
16 -72
16 -72
16 -73
16 -75
16 -79
16 -72
16 -72
16 -72
16 -71
16 -70
16 -69
16 -67
16 -66
16 -62
16 -64
16 -61
16 -64
16 -64
16 -66
16 -67
16 -70
16 -78
16 -78
16 -80
16 -80
16 -76
16 -73
16 -74
16 -74
16 -75
16 -76
16 -76
16 -75
16 -74
16 -74
16 -74
16 -72
16 -75
16 -74
16 -74
16 -72
16 -71
16 -70
16 -71
16 -70
16 -70
16 -70
16 -70
16 -70
16 -70
16 -70
16 -69
16 -69
16 -69
16 -69
16 -69
16 -69
16 -69
16 -69
16 -69
16 -69
16 -70
16 -70
16 -70
16 -70
16 -70
16 -69
16 -69
16 -69
16 -69
16 -67
16 -68
16 -68
16 -68
16 -68
16 -68
16 -68
16 -68
16 -68
16 -68
16 -68
16 -68
16 -68
16 -67
16 -67
16 -67
16 -67
16 -68
16 -68
16 -68
16 -68
16 -68
16 -69
16 -69
16 -76
16 -69
16 -69
16 -69
16 -69
16 -69
16 -69
16 -69
16 -69
16 -69
16 -69
16 -69
16 -69
16 -70
16 -70
16 -70
16 -69
16 -69
16 -69
16 -69
16 -68
16 -68
16 -68
16 -68
16 -68
16 -68
16 -68
16 -68
16 -68
16 -68
16 -68
16 -68
16 -68
16 -68
16 -68
16 -68
16 -68
16 -68
16 -67
16 -67
16 -67
16 -67
16 -66
16 -66
16 -66
16 -66
16 -66
16 -66
16 -66
16 -67
16 -68
16 -68
16 -69
16 -69
16 -69
16 -69
16 -69
16 -70
16 -69
16 -69
16 -69
16 -69
16 -68
16 -68
16 -68
16 -67
16 -67
16 -67
16 -67
16 -54
16 -67
16 -67
16 -67
16 -67
16 -67
16 -67
16 -67
16 -68
16 -68
16 -68
16 -69
16 -70
16 -71
16 -70
16 -70
16 -71
16 -70
16 -70
16 -70
16 -70
16 -70
16 -70
16 -69
16 -69
16 -68
16 -68
16 -68
16 -68
16 -68
16 -68
16 -68
16 -67
16 -67
16 -67
16 -67
16 -67
16 -66
16 -66
16 -65
16 -65
16 -66
16 -67
16 -67
16 -68
16 -68
16 -69
16 -70
16 -69
16 -67
16 -70
16 -70
16 -70
16 -70
16 -70
16 -69
16 -70
16 -70
16 -70
16 -70
16 -70
16 -70
16 -70
16 -70
16 -70
16 -71
16 -72
16 -72
16 -72
16 -72
16 -72
16 -72
16 -71
16 -71
16 -71
16 -71
16 -70
16 -70
16 -70
16 -69
16 -70
16 -70
16 -70
16 -69
16 -70
16 -70
16 -70
16 -70
16 -70
16 -70
16 -70
16 -64
16 -70
16 -70
16 -65
16 -70
16 -70
16 -70
16 -70
16 -70
16 -70
16 -70
16 -70
16 -70
16 -70
16 -70
16 -70
16 -70
16 -68
16 -70
16 -64
16 -70
16 -70
16 -70
16 -70
16 -70
16 -70
16 -70
16 -70
16 -70
16 -70
16 -70
16 -71
16 -71
16 -71
16 -71
16 -71
16 -71
16 -71
16 -71
16 -71
16 -71
16 -71
16 -71
16 -71
16 -71
16 -70
16 -71
16 -71
17 -73
17 -73
17 -73
17 -74
17 -74
17 -74
17 -73
17 -72
17 -73
17 -73
17 -74
17 -75
17 -74
17 -75
17 -75
17 -75
17 -74
17 -65
17 -74
17 -74
17 -73
17 -73
17 -73
17 -73
17 -73
17 -73
17 -73
17 -70
17 -76
17 -77
17 -80
17 -78
17 -78
17 -76
17 -67
17 -78
17 -76
17 -75
17 -74
17 -74
17 -72
17 -72
17 -74
17 -73
17 -72
17 -70
17 -72
17 -71
17 -71
17 -71
17 -72
17 -72
17 -72
17 -73
17 -74
17 -74
17 -75
17 -74
17 -75
17 -75
17 -75
17 -76
17 -78
17 -78
17 -78
17 -78
17 -79
17 -78
17 -78
17 -78
17 -77
17 -76
17 -76
17 -76
17 -67
17 -76
17 -76
17 -76
17 -70
17 -76
17 -76
17 -77
17 -78
17 -78
17 -76
17 -79
17 -78
17 -68
17 -77
17 -79
17 -79
17 -79
17 -80
17 -80
17 -79
17 -79
17 -79
17 -79
17 -79
17 -79
17 -78
17 -78
17 -78
17 -78
17 -78
17 -79
17 -79
17 -61
17 -80
17 -79
17 -79
17 -79
17 -80
17 -80
17 -79
17 -79
17 -80
17 -68
17 -80
17 -80
17 -80
17 -81
17 -76
17 -80
17 -80
17 -81
17 -82
17 -82
17 -83
17 -82
17 -81
17 -82
17 -82
17 -81
17 -81
17 -80
17 -80
17 -80
17 -81
17 -81
17 -81
17 -81
17 -82
17 -82
17 -81
17 -82
17 -84
17 -82
17 -81
17 -81
17 -83
17 -83
17 -84
17 -83
17 -78
17 -86
17 -85
17 -85
17 -86
17 -83
17 -83
17 -83
17 -83
17 -83
17 -81
17 -83
17 -84
17 -83
17 -85
17 -87
17 -86
17 -79
17 -78
17 -83
17 -76
17 -75
17 -76
17 -80
17 -83
17 -81
17 -82
17 -82
17 -83
17 -83
17 -82
17 -70
17 -83
17 -83
17 -83
17 -83
17 -82
17 -82
17 -83
17 -83
17 -83
17 -83
17 -80
17 -82
17 -82
17 -81
17 -80
17 -81
17 -81
17 -80
17 -79
17 -80
17 -80
17 -80
17 -80
17 -79
17 -78
17 -78
17 -78
17 -79
17 -78
17 -78
17 -78
17 -78
17 -72
17 -78
17 -79
17 -79
17 -79
17 -79
17 -79
17 -79
18 -81
18 -80
18 -77
18 -75
18 -76
18 -76
18 -76
18 -76
18 -76
18 -73
18 -76
18 -76
18 -76
18 -78
18 -78
18 -69
18 -73
18 -72
18 -73
18 -73
18 -75
18 -76
18 -81
18 -80
18 -76
18 -77
18 -82
18 -84
18 -77
18 -76
18 -76
18 -76
18 -76
18 -76
18 -77
18 -77
18 -79
18 -78
18 -76
18 -74
18 -74
18 -74
18 -75
18 -75
18 -73
18 -72
18 -72
18 -72
18 -72
18 -72
18 -72
18 -71
18 -71
18 -72
18 -72
18 -71
18 -71
18 -72
18 -61
18 -72
18 -71
18 -72
18 -72
18 -72
18 -72
18 -72
18 -72
18 -71
18 -71
18 -72
18 -71
18 -70
18 -70
18 -70
18 -70
18 -70
18 -70
18 -70
18 -70
18 -70
18 -70
18 -70
18 -70
18 -70
18 -70
18 -70
18 -69
18 -70
18 -70
18 -69
18 -70
18 -70
18 -70
18 -70
18 -70
18 -71
18 -71
18 -71
18 -72
18 -72
18 -72
18 -72
18 -72
18 -72
18 -71
18 -72
18 -71
18 -70
18 -70
18 -70
18 -69
18 -69
18 -70
18 -69
18 -70
18 -69
18 -69
18 -70
18 -70
18 -70
18 -70
18 -70
18 -70
18 -70
18 -70
18 -70
18 -70
18 -70
18 -69
18 -69
18 -69
18 -69
18 -69
18 -68
18 -68
18 -68
18 -68
18 -67
18 -68
18 -68
18 -69
18 -69
18 -69
18 -70
18 -70
18 -70
18 -70
18 -71
18 -70
18 -70
18 -71
18 -70
18 -70
18 -71
18 -71
18 -70
18 -70
18 -70
18 -70
18 -70
18 -70
18 -70
18 -70
18 -69
18 -69
18 -69
18 -68
18 -70
18 -70
18 -70
18 -70
18 -70
18 -64
18 -70
18 -72
18 -73
18 -77
18 -78
18 -78
18 -78
18 -78
18 -78
18 -77
18 -78
18 -76
18 -76
18 -76
18 -76
18 -75
18 -74
18 -73
18 -73
18 -72
18 -72
18 -72
18 -72
18 -72
18 -72
18 -72
18 -71
18 -71
18 -71
18 -70
18 -70
18 -69
18 -70
18 -72
18 -73
18 -74
18 -75
18 -76
18 -76
18 -79
18 -78
18 -78
18 -78
18 -76
18 -76
18 -76
18 -76
18 -76
18 -75
18 -74
18 -75
18 -75
18 -75
18 -75
18 -69
18 -44
18 -78
18 -77
18 -78
18 -78
18 -79
18 -80
18 -80
18 -79
18 -77
18 -78
18 -78
18 -76
18 -76
18 -76
18 -72
18 -76
18 -69
18 -78
18 -78
18 -77
18 -76
18 -76
18 -77
18 -71
18 -76
18 -76
18 -76
18 -76
18 -70
18 -75
18 -76
18 -62
18 -77
18 -78
18 -78
18 -78
18 -78
18 -79
18 -79
18 -81
18 -81
18 -81
18 -81
18 -82
18 -82
18 -82
18 -82
18 -82
19 -67
19 -67
19 -67
19 -67
19 -67
19 -67
19 -68
19 -68
19 -69
19 -70
19 -70
19 -68
19 -69
19 -67
19 -66
19 -66
19 -66
19 -66
19 -66
19 -66
19 -66
19 -66
19 -68
19 -66
19 -66
19 -65
19 -65
19 -66
19 -66
19 -66
19 -65
19 -66
19 -67
19 -70
19 -70
19 -70
19 -70
19 -70
19 -70
19 -70
19 -71
19 -70
19 -70
19 -69
19 -69
19 -68
19 -68
19 -67
19 -67
19 -67
19 -67
19 -66
19 -66
19 -66
19 -66
19 -67
19 -67
19 -67
19 -67
19 -67
19 -67
19 -67
19 -68
19 -58
19 -67
19 -68
19 -68
19 -68
19 -68
19 -68
19 -69
19 -69
19 -69
19 -68
19 -69
19 -69
19 -69
19 -69
19 -69
19 -69
19 -69
19 -69
19 -69
19 -69
19 -69
19 -69
19 -69
19 -69
19 -69
19 -69
19 -69
19 -70
19 -70
19 -70
19 -70
19 -70
19 -70
19 -69
19 -70
19 -70
19 -70
19 -70
19 -70
19 -70
19 -70
19 -70
19 -70
19 -70
19 -69
19 -69
19 -69
19 -69
19 -66
19 -69
19 -69
19 -68
19 -69
19 -69
19 -69
19 -69
19 -69
19 -66
19 -68
19 -69
19 -70
19 -70
19 -70
19 -70
19 -70
19 -70
19 -70
19 -70
19 -70
19 -70
19 -70
19 -70
19 -70
19 -70
19 -70
19 -70
19 -70
19 -70
19 -70
19 -70
19 -70
19 -70
19 -70
19 -70
19 -70
19 -70
19 -70
19 -68
19 -70
19 -70
19 -70
19 -70
19 -70
19 -70
19 -70
19 -70
19 -70
19 -70
19 -70
19 -70
19 -69
19 -58
19 -69
19 -68
19 -67
19 -68
19 -68
19 -68
19 -68
19 -68
19 -68
19 -68
19 -68
19 -68
19 -68
19 -69
19 -69
19 -69
19 -69
19 -69
19 -69
19 -69
19 -69
19 -69
19 -69
19 -58
19 -69
19 -68
19 -69
19 -69
19 -69
19 -68
19 -69
19 -68
19 -68
19 -67
19 -67
19 -67
19 -67
19 -66
19 -66
19 -67
19 -67
19 -67
19 -67
19 -67
19 -67
19 -68
19 -68
19 -68
19 -68
19 -68
19 -68
19 -68
19 -64
19 -68
19 -68
19 -68
19 -68
19 -68
19 -68
19 -68
19 -68
19 -69
19 -69
19 -66
19 -66
19 -64
19 -66
19 -64
19 -63
19 -65
19 -64
19 -60
19 -64
19 -64
19 -62
19 -64
19 -64
19 -64
19 -64
19 -64
19 -64
19 -64
19 -64
19 -64
19 -64
19 -64
19 -65
19 -64
19 -65
19 -64
19 -65
19 -64
19 -65
19 -64
19 -64
19 -64
19 -64
19 -64
19 -64
19 -64
19 -64
19 -64
19 -64
19 -64
19 -64
19 -64
19 -64
19 -64
19 -64
19 -64
19 -64
19 -64
19 -64
19 -64
19 -64
19 -64
19 -64
19 -64
19 -64
19 -64
19 -63
19 -64
19 -64
19 -64
19 -64
19 -64
19 -64
19 -64
19 -64
19 -64
19 -64
19 -64
19 -64
19 -64
19 -64
19 -64
19 -64
19 -64
19 -64
19 -64
19 -64
19 -64
19 -64
19 -64
19 -64
19 -64
19 -63
19 -64
19 -63
19 -63
19 -64
19 -64
19 -71
19 -64
19 -64
19 -64
19 -64
20 -75
20 -74
20 -74
20 -73
20 -74
20 -75
20 -76
20 -76
20 -79
20 -76
20 -78
20 -81
20 -72
20 -73
20 -74
20 -78
20 -78
20 -72
20 -72
20 -67
20 -73
20 -72
20 -71
20 -72
20 -75
20 -74
20 -73
20 -74
20 -71
20 -71
20 -68
20 -69
20 -70
20 -72
20 -70
20 -70
20 -68
20 -70
20 -70
20 -71
20 -71
20 -72
20 -73
20 -73
20 -73
20 -72
20 -72
20 -73
20 -74
20 -73
20 -73
20 -70
20 -70
20 -69
20 -70
20 -69
20 -69
20 -70
20 -69
20 -70
20 -69
20 -69
20 -65
20 -68
20 -69
20 -69
20 -69
20 -69
20 -69
20 -69
20 -69
20 -69
20 -69
20 -69
20 -68
20 -68
20 -68
20 -69
20 -69
20 -69
20 -69
20 -69
20 -69
20 -68
20 -68
20 -68
20 -68
20 -67
20 -67
20 -68
20 -67
20 -67
20 -67
20 -67
20 -62
20 -66
20 -66
20 -66
20 -66
20 -74
20 -66
20 -66
20 -66
20 -66
20 -66
20 -66
20 -66
20 -64
20 -67
20 -67
20 -67
20 -68
20 -68
20 -68
20 -69
20 -69
20 -67
20 -66
20 -67
20 -68
20 -68
20 -68
20 -68
20 -67
20 -67
20 -67
20 -66
20 -66
20 -66
20 -66
20 -66
20 -65
20 -66
20 -66
20 -66
20 -66
20 -66
20 -66
20 -66
20 -66
20 -65
20 -66
20 -66
20 -66
20 -67
20 -66
20 -67
20 -67
20 -67
20 -67
20 -67
20 -67
20 -67
20 -66
20 -66
20 -66
20 -66
20 -66
20 -66
20 -65
20 -65
20 -65
20 -66
20 -66
20 -66
20 -66
20 -66
20 -66
20 -66
20 -67
20 -67
20 -67
20 -50
20 -67
20 -68
20 -68
20 -67
20 -68
20 -68
20 -68
20 -67
20 -67
20 -67
20 -67
20 -67
20 -67
20 -67
20 -67
20 -67
20 -67
20 -67
20 -67
20 -67
20 -67
20 -68
20 -68
20 -69
20 -69
20 -69
20 -69
20 -69
20 -69
20 -70
20 -70
20 -70
20 -70
20 -70
20 -70
20 -70
20 -70
20 -70
20 -70
20 -70
20 -70
20 -70
20 -70
20 -70
20 -70
20 -70
20 -70
20 -70
20 -70
20 -70
20 -70
20 -70
20 -70
20 -69
20 -69
20 -69
20 -69
20 -70
20 -70
20 -72
20 -72
20 -74
20 -76
20 -76
20 -70
20 -70
20 -70
20 -70
20 -72
20 -71
20 -70
20 -70
20 -69
20 -68
20 -67
20 -66
20 -67
20 -67
20 -66
20 -67
20 -66
20 -66
20 -66
20 -66
20 -67
20 -67
20 -67
20 -65
20 -67
20 -67
20 -68
20 -69
20 -69
20 -70
20 -70
20 -71
20 -71
20 -71
20 -71
20 -70
20 -70
20 -70
20 -70
20 -70
20 -70
20 -70
20 -70
20 -70
20 -70
20 -70
20 -70
20 -70
20 -69
20 -70
20 -70
20 -70
20 -70
20 -70
20 -70
20 -70
20 -70
20 -70
20 -70
20 -70
20 -71
20 -71
20 -72
20 -72
20 -72
20 -72
20 -72
20 -72
20 -72
20 -64
20 -72
20 -72
20 -73
20 -73
20 -72
20 -73
20 -69
20 -73
20 -73
20 -75
20 -76
20 -76
20 -76
20 -76
20 -78
20 -78
20 -65
20 -77
20 -72
20 -77
20 -78
20 -77
21 -64
21 -64
21 -64
21 -64
21 -64
21 -64
21 -64
21 -66
21 -67
21 -67
21 -66
21 -66
21 -70
21 -69
21 -68
21 -67
21 -67
21 -68
21 -67
21 -66
21 -66
21 -66
21 -74
21 -69
21 -67
21 -67
21 -68
21 -70
21 -70
21 -71
21 -71
21 -70
21 -70
21 -70
21 -70
21 -68
21 -68
21 -68
21 -68
21 -68
21 -69
21 -69
21 -68
21 -68
21 -69
21 -70
21 -70
21 -70
21 -70
21 -70
21 -70
21 -72
21 -72
21 -71
21 -71
21 -71
21 -70
21 -71
21 -70
21 -70
21 -70
21 -70
21 -71
21 -72
21 -72
21 -72
21 -72
21 -67
21 -72
21 -72
21 -72
21 -71
21 -71
21 -71
21 -71
21 -70
21 -71
21 -71
21 -71
21 -71
21 -71
21 -72
21 -72
21 -72
21 -72
21 -73
21 -73
21 -73
21 -71
21 -73
21 -73
21 -72
21 -73
21 -74
21 -74
21 -74
21 -74
21 -74
21 -72
21 -73
21 -73
21 -73
21 -73
21 -74
21 -74
21 -73
21 -73
21 -73
21 -72
21 -74
21 -74
21 -74
21 -73
21 -72
21 -74
21 -74
21 -75
21 -75
21 -75
21 -68
21 -74
21 -75
21 -76
21 -76
21 -76
21 -76
21 -76
21 -76
21 -76
21 -75
21 -76
21 -76
21 -76
21 -75
21 -75
21 -74
21 -75
21 -75
21 -75
21 -76
21 -76
21 -76
21 -76
21 -76
21 -76
21 -72
21 -78
21 -67
21 -77
21 -76
21 -76
21 -76
21 -75
21 -75
21 -74
21 -74
21 -73
21 -73
21 -72
21 -73
21 -72
21 -72
21 -72
21 -72
21 -72
21 -72
21 -72
21 -73
21 -73
21 -73
21 -68
21 -73
21 -73
21 -73
21 -73
21 -74
21 -73
21 -73
21 -73
21 -72
21 -74
21 -74
21 -74
21 -74
21 -74
21 -68
21 -74
21 -74
21 -73
21 -73
21 -73
21 -73
21 -73
21 -72
21 -72
21 -72
21 -72
21 -72
21 -72
21 -72
21 -71
21 -72
21 -72
21 -72
21 -72
21 -72
21 -72
21 -72
21 -72
21 -72
21 -78
21 -69
21 -71
21 -71
21 -72
21 -71
21 -70
21 -69
21 -67
21 -66
21 -70
21 -69
21 -67
21 -68
21 -68
21 -68
21 -69
21 -69
21 -70
21 -69
21 -70
21 -71
21 -71
21 -72
21 -71
21 -71
21 -72
21 -71
21 -71
21 -70
21 -70
21 -70
21 -70
21 -70
21 -69
21 -68
21 -68
21 -67
21 -66
21 -66
21 -66
21 -66
21 -66
21 -67
21 -67
21 -67
21 -66
21 -67
21 -67
21 -67
21 -67
21 -67
21 -67
21 -67
21 -67
21 -68
21 -67
21 -68
21 -67
21 -68
21 -68
21 -68
21 -69
21 -69
21 -68
21 -68
21 -67
21 -67
21 -67
21 -68
21 -68
21 -68
21 -67
21 -67
21 -67
21 -67
21 -67
21 -67
21 -67
21 -67
21 -67
21 -67
21 -67
21 -67
21 -66
21 -67
21 -67
21 -66
21 -66
21 -66
21 -66
21 -66
21 -66
21 -66
21 -66
21 -66
21 -65
21 -66
21 -66
21 -66
21 -66
21 -66
21 -67
21 -66
21 -67
21 -67
22 -78
22 -78
22 -78
22 -78
22 -78
22 -77
22 -76
22 -76
22 -75
22 -79
22 -82
22 -82
22 -80
22 -72
22 -69
22 -76
22 -72
22 -82
22 -80
22 -75
22 -81
22 -81
22 -79
22 -79
22 -72
22 -76
22 -75
22 -76
22 -76
22 -76
22 -75
22 -78
22 -77
22 -78
22 -78
22 -78
22 -78
22 -78
22 -79
22 -81
22 -82
22 -81
22 -81
22 -79
22 -79
22 -78
22 -78
22 -78
22 -78
22 -78
22 -79
22 -80
22 -81
22 -81
22 -81
22 -73
22 -79
22 -74
22 -80
22 -79
22 -80
22 -80
22 -80
22 -80
22 -80
22 -80
22 -80
22 -80
22 -81
22 -80
22 -80
22 -80
22 -80
22 -80
22 -79
22 -80
22 -80
22 -80
22 -80
22 -80
22 -80
22 -78
22 -79
22 -80
22 -78
22 -58
22 -80
22 -80
22 -79
22 -80
22 -79
22 -80
22 -80
22 -80
22 -80
22 -79
22 -79
22 -79
22 -79
22 -79
22 -80
22 -80
22 -80
22 -62
22 -80
22 -80
22 -79
22 -80
22 -58
22 -80
22 -79
22 -78
22 -58
22 -79
22 -79
22 -78
22 -79
22 -79
22 -79
22 -69
22 -68
22 -78
22 -80
22 -80
22 -80
22 -80
22 -79
22 -80
22 -75
22 -80
22 -80
22 -80
22 -80
22 -80
22 -79
22 -78
22 -78
22 -78
22 -75
22 -67
22 -67
22 -76
22 -65
22 -77
22 -77
22 -77
22 -76
22 -68
22 -76
22 -76
22 -76
22 -76
22 -76
22 -76
22 -76
22 -76
22 -76
22 -76
22 -77
22 -77
22 -77
22 -76
22 -76
22 -77
22 -75
22 -76
22 -76
22 -76
22 -76
22 -76
22 -69
22 -75
22 -76
22 -75
22 -76
22 -76
22 -75
22 -75
22 -75
22 -75
22 -75
22 -75
22 -75
22 -75
22 -75
22 -76
22 -75
22 -76
22 -76
22 -76
22 -75
22 -76
22 -75
22 -73
22 -76
22 -76
22 -76
22 -76
22 -76
22 -76
22 -76
22 -76
22 -76
22 -75
22 -76
22 -77
22 -77
22 -78
22 -76
22 -78
22 -76
22 -75
22 -77
22 -76
22 -77
22 -77
22 -76
22 -76
22 -76
22 -76
22 -76
22 -76
22 -76
22 -76
22 -75
22 -74
22 -74
22 -74
22 -74
22 -74
22 -74
22 -74
22 -74
22 -73
22 -74
22 -74
22 -74
22 -75
22 -75
22 -70
22 -76
22 -75
22 -76
22 -76
22 -76
22 -76
22 -75
22 -75
22 -76
22 -76
22 -76
22 -74
22 -76
22 -75
22 -75
22 -75
22 -75
22 -75
22 -76
22 -75
22 -75
22 -76
22 -76
22 -76
22 -76
22 -76
22 -76
22 -76
22 -76
22 -76
22 -76
22 -76
22 -76
22 -76
22 -76
22 -76
22 -76
22 -76
22 -76
22 -76
22 -76
22 -76
22 -62
22 -76
22 -76
22 -76
22 -76
22 -76
22 -76
22 -76
22 -76
22 -76
22 -76
22 -77
22 -76
22 -76
22 -76
22 -76
22 -76
23 -75
23 -76
23 -76
23 -76
23 -76
23 -74
23 -74
23 -73
23 -73
23 -76
23 -74
23 -78
23 -81
23 -82
23 -80
23 -79
23 -78
23 -77
23 -76
23 -77
23 -76
23 -75
23 -75
23 -76
23 -78
23 -76
23 -75
23 -75
23 -76
23 -77
23 -79
23 -76
23 -64
23 -75
23 -75
23 -75
23 -75
23 -76
23 -75
23 -75
23 -75
23 -76
23 -76
23 -76
23 -76
23 -76
23 -76
23 -76
23 -77
23 -77
23 -78
23 -78
23 -77
23 -78
23 -78
23 -79
23 -79
23 -81
23 -82
23 -83
23 -84
23 -76
23 -76
23 -84
23 -82
23 -81
23 -80
23 -81
23 -81
23 -83
23 -83
23 -83
23 -75
23 -81
23 -83
23 -84
23 -84
23 -84
23 -83
23 -83
23 -84
23 -83
23 -84
23 -84
23 -83
23 -83
23 -84
23 -83
23 -84
23 -85
23 -62
23 -83
23 -82
23 -83
23 -82
23 -82
23 -82
23 -84
23 -84
23 -83
23 -84
23 -85
23 -85
23 -85
23 -83
23 -81
23 -79
23 -64
23 -78
23 -78
23 -78
23 -79
23 -79
23 -79
23 -80
23 -80
23 -80
23 -80
23 -80
23 -81
23 -82
23 -82
23 -82
23 -82
23 -82
23 -83
23 -82
23 -82
23 -83
23 -83
23 -82
23 -85
23 -84
23 -80
23 -81
23 -79
23 -78
23 -76
23 -72
23 -76
23 -76
23 -76
23 -77
23 -78
23 -65
23 -79
23 -79
23 -80
23 -81
23 -82
23 -61
23 -83
23 -81
23 -80
23 -80
23 -80
23 -79
23 -76
23 -61
23 -76
23 -76
23 -76
23 -76
23 -76
23 -78
23 -78
23 -65
23 -78
23 -79
23 -78
23 -78
23 -78
23 -78
23 -79
23 -79
23 -80
23 -80
23 -79
23 -80
23 -80
23 -81
23 -80
23 -76
23 -78
23 -78
23 -78
23 -78
23 -55
23 -78
23 -78
23 -73
23 -77
23 -78
23 -78
23 -77
23 -78
23 -78
23 -70
23 -77
23 -77
23 -76
23 -76
23 -76
23 -76
23 -76
23 -72
23 -64
23 -74
23 -74
23 -76
23 -76
23 -76
23 -76
23 -76
23 -76
24 -82
24 -80
24 -81
24 -80
24 -81
24 -84
24 -77
24 -83
24 -83
24 -83
24 -83
24 -84
24 -82
24 -85
24 -86
24 -86
24 -84
24 -86
24 -86
24 -78
24 -68
24 -87
24 -85
24 -86
24 -84
24 -82
24 -66
24 -83
24 -84
24 -83
24 -83
24 -84
24 -80
24 -85
24 -84
24 -84
24 -84
24 -62
24 -85
24 -85
24 -86
24 -85
24 -85
24 -70
24 -85
24 -85
24 -84
24 -85
24 -84
24 -85
25 -78
25 -78
25 -79
25 -78
25 -79
25 -79
25 -79
25 -78
25 -78
25 -48
25 -78
25 -82
25 -82
25 -83
25 -82
25 -80
25 -81
25 -82
25 -82
25 -84
25 -75
25 -82
25 -84
25 -84
25 -85
25 -84
25 -84
25 -84
25 -83
25 -83
25 -83
25 -83
25 -82
25 -75
25 -83
25 -82
25 -82
25 -82
25 -83
25 -82
25 -83
25 -82
25 -83
25 -85
25 -84
25 -84
25 -84
25 -83
25 -83
25 -84
25 -83
25 -84
25 -83
25 -83
25 -83
25 -82
25 -82
25 -79
25 -82
25 -82
26 -76
26 -76
26 -76
26 -76
26 -75
26 -75
26 -75
26 -74
26 -75
26 -75
26 -76
26 -77
26 -76
26 -76
26 -78
26 -79
26 -79
26 -79
26 -77
26 -77
26 -78
26 -77
26 -76
26 -76
26 -75
26 -75
26 -74
26 -75
26 -76
26 -76
26 -76
26 -74
26 -75
26 -76
26 -78
26 -83
26 -83
26 -82
26 -79
26 -79
26 -79
26 -78
26 -78
26 -78
26 -78
26 -79
26 -80
26 -80
26 -79
26 -78
26 -78
26 -78
26 -78
26 -78
26 -78
26 -54
26 -73
26 -78
26 -78
26 -74
26 -78
26 -80
26 -80
26 -79
26 -80
26 -80
26 -80
26 -80
26 -80
26 -80
26 -69
26 -80
26 -80
26 -81
26 -81
26 -79
26 -81
26 -81
26 -81
26 -82
26 -82
26 -82
26 -83
26 -83
26 -83
26 -83
26 -85
26 -84
26 -84
26 -83
26 -82
26 -82
26 -82
26 -82
26 -76
26 -79
26 -82
26 -82
26 -83
26 -83
26 -83
26 -70
26 -66
26 -83
26 -83
26 -84
26 -84
26 -84
26 -84
26 -83
26 -83
26 -84
26 -83
26 -83
26 -84
26 -83
26 -82
26 -80
26 -81
26 -81
26 -75
26 -80
26 -80
26 -80
26 -81
26 -80
26 -80
26 -81
26 -81
26 -81
26 -81
26 -81
26 -81
26 -82
26 -57
26 -82
26 -82
26 -82
26 -82
26 -82
26 -81
26 -83
26 -82
26 -82
26 -82
26 -81
26 -81
26 -80
26 -79
26 -80
26 -80
26 -80
26 -81
26 -81
26 -81
26 -80
26 -80
26 -80
26 -80
26 -80
26 -81
26 -81
26 -81
26 -81
26 -81
26 -80
26 -81
26 -81
26 -82
26 -83
26 -80
26 -80
26 -78
26 -78
26 -83
26 -83
26 -82
26 -85
26 -85
26 -85
26 -85
26 -85
26 -84
26 -84
26 -82
26 -83
26 -83
26 -82
26 -82
26 -82
26 -81
26 -81
26 -71
26 -82
26 -82
26 -82
26 -82
26 -82
26 -82
26 -82
26 -83
26 -68
26 -83
26 -83
26 -66
26 -63
26 -83
26 -76
26 -83
26 -82
26 -83
26 -70
26 -82
26 -83
26 -84
26 -83
26 -83
26 -83
26 -83
26 -83
26 -83
26 -82
27 -84
27 -83
27 -82
27 -82
27 -82
27 -82
27 -76
27 -76
27 -77
27 -77
27 -77
27 -78
27 -74
27 -76
27 -78
27 -76
27 -75
27 -75
27 -80
27 -84
27 -82
27 -82
27 -80
27 -76
27 -76
27 -76
27 -76
27 -76
27 -76
27 -77
27 -74
27 -76
27 -76
27 -77
27 -78
27 -71
27 -79
27 -78
27 -77
27 -78
27 -77
27 -76
27 -78
27 -78
27 -78
27 -78
27 -78
27 -78
27 -70
27 -77
27 -76
27 -76
27 -73
27 -76
27 -76
27 -76
27 -76
27 -76
27 -75
27 -77
27 -76
27 -76
27 -71
27 -69
27 -73
27 -75
27 -75
27 -74
27 -74
27 -74
27 -74
27 -74
27 -74
27 -74
27 -75
27 -73
27 -73
27 -73
27 -73
27 -73
27 -73
27 -72
27 -73
27 -73
27 -73
27 -73
27 -73
27 -68
27 -74
27 -73
27 -74
27 -74
27 -74
27 -74
27 -74
27 -75
27 -74
27 -74
27 -74
27 -74
27 -74
27 -74
27 -74
27 -74
27 -73
27 -73
27 -65
27 -73
27 -73
27 -73
27 -73
27 -73
27 -73
27 -73
27 -73
27 -74
27 -74
27 -73
27 -73
27 -73
27 -73
27 -73
27 -67
27 -73
27 -72
27 -72
27 -73
27 -73
27 -73
27 -74
27 -74
27 -74
27 -74
27 -75
27 -75
27 -75
27 -75
27 -76
27 -76
27 -76
27 -77
27 -77
27 -76
27 -76
27 -50
27 -77
27 -77
27 -76
27 -78
27 -77
27 -77
27 -76
27 -77
27 -76
27 -76
27 -76
27 -76
27 -76
27 -76
27 -76
27 -76
27 -76
27 -76
27 -76
27 -76
27 -76
27 -77
27 -78
27 -78
27 -79
27 -81
27 -82
27 -83
27 -82
27 -70
27 -83
27 -73
27 -82
27 -82
27 -82
27 -82
27 -80
27 -81
27 -81
27 -81
27 -80
27 -81
27 -81
27 -81
27 -79
27 -78
27 -76
27 -77
27 -78
27 -81
27 -80
27 -79
27 -79
27 -80
27 -78
27 -78
27 -76
27 -82
27 -82
27 -81
27 -81
27 -67
27 -79
27 -80
27 -80
27 -79
27 -80
27 -80
27 -82
27 -82
27 -82
27 -82
27 -83
27 -83
27 -82
27 -82
27 -81
27 -82
27 -82
27 -82
27 -81
27 -82
27 -82
27 -81
27 -82
27 -83
27 -83
27 -83
27 -83
27 -82
27 -82
27 -82
27 -66
27 -67
27 -82
27 -83
27 -84
27 -84
27 -84
27 -83
28 -73
28 -73
28 -73
28 -83
28 -74
28 -74
28 -70
28 -74
28 -74
28 -74
28 -73
28 -73
28 -69
28 -72
28 -72
28 -74
28 -75
28 -76
28 -76
28 -76
28 -77
28 -78
28 -78
28 -84
28 -75
28 -75
28 -75
28 -76
28 -85
28 -78
28 -77
28 -76
28 -76
28 -76
28 -75
28 -75
28 -75
28 -75
28 -75
28 -75
28 -75
28 -75
28 -76
28 -74
28 -73
28 -76
28 -76
28 -76
28 -76
28 -76
28 -76
28 -76
28 -76
28 -76
28 -76
28 -77
28 -76
28 -76
28 -76
28 -76
28 -76
28 -76
28 -77
28 -78
28 -78
28 -79
28 -80
28 -81
28 -80
28 -79
28 -80
28 -75
28 -79
28 -78
28 -77
28 -78
28 -78
28 -77
28 -78
28 -78
28 -78
28 -77
28 -78
28 -77
28 -77
28 -77
28 -77
28 -77
28 -77
28 -78
28 -77
28 -78
28 -77
28 -77
28 -77
28 -77
28 -69
28 -76
28 -70
28 -76
28 -76
28 -76
28 -76
28 -77
28 -76
28 -77
28 -76
28 -77
28 -78
28 -76
28 -77
28 -78
28 -78
28 -78
28 -78
28 -78
28 -77
28 -77
28 -77
28 -77
28 -77
28 -77
28 -77
28 -77
28 -77
28 -77
28 -77
28 -77
28 -77
28 -78
28 -77
28 -77
28 -77
28 -78
28 -77
28 -77
28 -78
28 -77
28 -77
28 -78
28 -78
28 -78
28 -78
28 -78
28 -77
28 -76
28 -77
28 -66
28 -76
28 -76
28 -76
28 -73
28 -76
28 -76
28 -76
28 -76
28 -76
28 -76
28 -67
28 -76
28 -77
28 -77
28 -78
28 -78
28 -78
28 -78
28 -78
28 -78
28 -78
28 -78
28 -71
28 -78
28 -77
28 -77
28 -78
28 -77
28 -77
28 -78
28 -78
28 -78
28 -78
28 -78
28 -78
28 -78
28 -78
28 -78
28 -78
28 -79
28 -79
28 -80
28 -79
28 -79
28 -69
28 -80
28 -80
28 -80
28 -80
28 -80
28 -77
28 -80
28 -80
28 -79
28 -79
28 -79
28 -79
28 -78
28 -78
28 -78
28 -78
28 -78
28 -78
28 -78
28 -77
28 -77
28 -78
28 -76
28 -73
28 -73
28 -73
28 -74
28 -76
28 -75
28 -74
28 -74
28 -74
28 -75
28 -75
28 -76
28 -75
28 -75
28 -63
28 -74
28 -74
28 -75
28 -74
28 -72
28 -73
28 -74
28 -62
28 -74
28 -73
28 -73
28 -74
28 -73
28 -73
28 -73
28 -73
28 -74
28 -73
28 -74
28 -74
28 -74
28 -72
28 -75
28 -74
28 -74
28 -74
28 -74
28 -74
28 -74
28 -74
28 -74
28 -74
28 -69
28 -74
28 -74
28 -74
28 -74
28 -74
28 -73
28 -73
28 -75
28 -74
28 -75
28 -75
28 -75
28 -75
28 -75
28 -75
28 -74
28 -74
28 -73
28 -75
28 -74
28 -75
28 -73
28 -75
28 -75
28 -73
28 -75
28 -75
28 -74
28 -74
28 -74
28 -73
28 -75
28 -75
28 -75
28 -75
28 -75
28 -75
28 -75
28 -75
28 -75
28 -75
28 -74
28 -75
28 -75
28 -75
28 -75
29 -68
29 -68
29 -68
29 -67
29 -67
29 -67
29 -68
29 -69
29 -71
29 -72
29 -72
29 -70
29 -67
29 -66
29 -66
29 -65
29 -66
29 -67
29 -67
29 -67
29 -67
29 -66
29 -66
29 -66
29 -66
29 -67
29 -70
29 -74
29 -69
29 -66
29 -66
29 -66
29 -68
29 -69
29 -70
29 -69
29 -69
29 -70
29 -70
29 -70
29 -69
29 -66
29 -66
29 -66
29 -66
29 -66
29 -67
29 -66
29 -66
29 -66
29 -66
29 -66
29 -67
29 -67
29 -68
29 -67
29 -67
29 -67
29 -67
29 -59
29 -67
29 -67
29 -67
29 -67
29 -67
29 -67
29 -67
29 -67
29 -65
29 -68
29 -67
29 -67
29 -67
29 -68
29 -68
29 -68
29 -67
29 -68
29 -68
29 -68
29 -68
29 -68
29 -66
29 -68
29 -68
29 -68
29 -68
29 -68
29 -68
29 -68
29 -68
29 -67
29 -67
29 -67
29 -68
29 -66
29 -68
29 -68
29 -68
29 -68
29 -68
29 -68
29 -67
29 -68
29 -68
29 -68
29 -68
29 -68
29 -68
29 -68
29 -68
29 -68
29 -67
29 -68
29 -68
29 -67
29 -68
29 -67
29 -67
29 -67
29 -68
29 -68
29 -68
29 -68
29 -68
29 -68
29 -68
29 -68
29 -68
29 -67
29 -68
29 -68
29 -68
29 -68
29 -66
29 -68
29 -68
29 -68
29 -68
29 -68
29 -68
29 -68
29 -68
29 -68
29 -68
29 -68
29 -68
29 -68
29 -68
29 -68
29 -66
29 -68
29 -68
29 -68
29 -69
29 -68
29 -68
29 -68
29 -69
29 -68
29 -69
29 -68
29 -68
29 -69
29 -69
29 -68
29 -68
29 -68
29 -68
29 -68
29 -68
29 -67
29 -67
29 -67
29 -67
29 -67
29 -66
29 -67
29 -67
29 -67
29 -67
29 -67
29 -67
29 -67
29 -67
29 -67
29 -67
29 -67
29 -67
29 -66
29 -67
29 -68
29 -67
29 -67
29 -67
29 -67
29 -67
29 -67
29 -67
29 -67
29 -67
29 -67
29 -67
29 -67
29 -67
29 -67
29 -67
29 -68
29 -67
29 -68
29 -68
29 -68
29 -68
29 -68
29 -68
29 -68
29 -68
29 -68
29 -68
29 -68
29 -68
29 -67
29 -68
29 -68
29 -68
29 -68
29 -68
29 -68
29 -68
29 -67
29 -67
29 -67
29 -66
29 -66
29 -65
29 -64
29 -65
29 -64
29 -66
29 -66
29 -64
29 -67
29 -67
29 -66
29 -66
29 -66
29 -66
29 -66
29 -65
29 -65
29 -65
29 -65
29 -64
29 -65
29 -65
29 -65
29 -64
29 -65
29 -65
29 -65
29 -65
29 -65
29 -65
29 -64
29 -66
29 -66
29 -66
29 -65
29 -65
29 -66
29 -66
29 -66
29 -66
29 -66
29 -65
29 -65
29 -65
29 -65
29 -65
29 -65
29 -65
29 -65
29 -65
29 -65
29 -65
29 -65
29 -65
29 -65
29 -65
29 -65
29 -62
29 -61
29 -65
29 -65
29 -65
29 -66
29 -66
29 -66
29 -66
29 -65
29 -66
29 -66
29 -66
29 -66
29 -66
29 -66
29 -66
29 -66
29 -66
29 -66
29 -66
29 -66
29 -66
29 -66
29 -66
29 -67
29 -67
29 -67
29 -67
29 -67
29 -67
29 -67
29 -67
29 -67
29 -67
29 -67
29 -67
29 -67
29 -67
29 -67
29 -67
29 -67
29 -68
30 -79
30 -77
30 -78
30 -78
30 -78
30 -80
30 -81
30 -80
30 -81
30 -75
30 -66
30 -84
30 -83
30 -82
30 -79
30 -78
30 -76
30 -76
30 -77
30 -78
30 -79
30 -81
30 -79
30 -81
30 -79
30 -76
30 -73
30 -75
30 -77
30 -76
30 -77
30 -77
30 -77
30 -76
30 -81
30 -73
30 -83
30 -83
30 -82
30 -82
30 -83
30 -82
30 -82
30 -82
30 -82
30 -82
30 -85
30 -82
30 -83
30 -83
30 -83
30 -83
30 -83
30 -84
30 -84
30 -84
30 -83
30 -82
30 -83
30 -83
30 -83
30 -83
30 -83
30 -82
30 -83
30 -84
30 -84
30 -83
30 -59
30 -85
30 -84
30 -83
30 -82
30 -82
30 -66
30 -83
30 -83
30 -85
30 -83
30 -81
30 -79
30 -81
30 -81
30 -80
30 -81
30 -81
30 -81
30 -81
30 -81
30 -81
30 -82
30 -82
30 -82
30 -83
30 -83
30 -83
30 -84
30 -84
30 -84
30 -84
30 -83
30 -81
30 -79
30 -76
30 -79
30 -80
30 -81
30 -82
30 -81
30 -81
30 -79
30 -80
30 -78
30 -78
30 -77
30 -76
30 -76
30 -77
30 -76
30 -76
30 -75
30 -76
30 -76
30 -77
30 -78
30 -78
30 -79
30 -80
30 -80
30 -81
30 -76
30 -81
30 -82
30 -81
30 -81
30 -80
30 -80
30 -79
30 -61
30 -78
30 -78
30 -78
30 -79
30 -79
30 -80
30 -79
30 -80
30 -81
30 -80
30 -80
30 -80
30 -79
30 -79
30 -79
30 -81
30 -78
30 -80
30 -79
30 -80
30 -80
30 -77
30 -80
30 -81
30 -81
30 -82
30 -82
30 -82
30 -82
30 -81
30 -81
30 -80
30 -80
30 -80
30 -79
30 -79
31 -72
31 -72
31 -73
31 -74
31 -74
31 -74
31 -73
31 -73
31 -71
31 -70
31 -72
31 -70
31 -72
31 -74
31 -74
31 -72
31 -72
31 -72
31 -71
31 -72
31 -72
31 -82
31 -76
31 -73
31 -76
31 -83
31 -72
31 -72
31 -76
31 -76
31 -72
31 -72
31 -72
31 -71
31 -72
31 -72
31 -71
31 -71
31 -71
31 -70
31 -71
31 -70
31 -71
31 -71
31 -71
31 -71
31 -71
31 -71
31 -71
31 -71
31 -71
31 -71
31 -70
31 -71
31 -71
31 -71
31 -71
31 -72
31 -71
31 -71
31 -72
31 -72
31 -72
31 -72
31 -72
31 -72
31 -72
31 -73
31 -73
31 -73
31 -73
31 -73
31 -73
31 -73
31 -73
31 -73
31 -72
31 -71
31 -72
31 -72
31 -72
31 -68
31 -72
31 -72
31 -72
31 -72
31 -73
31 -73
31 -73
31 -74
31 -73
31 -74
31 -74
31 -75
31 -75
31 -75
31 -75
31 -75
31 -75
31 -75
31 -75
31 -75
31 -75
31 -75
31 -74
31 -75
31 -74
31 -75
31 -75
31 -74
31 -74
31 -74
31 -74
31 -74
31 -69
31 -75
31 -75
31 -75
31 -75
31 -75
31 -75
31 -76
31 -76
31 -76
31 -76
31 -76
31 -76
31 -77
31 -77
31 -77
31 -77
31 -76
31 -76
31 -76
31 -76
31 -76
31 -76
31 -75
31 -76
31 -76
31 -75
31 -76
31 -76
31 -76
31 -76
31 -76
31 -76
31 -76
31 -76
31 -76
31 -76
31 -77
31 -77
31 -77
31 -78
31 -78
31 -79
31 -78
31 -78
31 -78
31 -77
31 -76
31 -76
31 -75
31 -76
31 -75
31 -83
31 -76
31 -76
31 -76
31 -76
31 -76
31 -76
31 -76
31 -76
31 -76
31 -76
31 -76
31 -76
31 -76
31 -76
31 -76
31 -76
31 -76
31 -76
31 -76
31 -73
31 -76
31 -76
31 -76
31 -76
31 -67
31 -76
31 -76
31 -75
31 -75
31 -75
31 -75
31 -75
31 -75
31 -76
31 -75
31 -76
31 -76
31 -76
31 -76
31 -76
31 -76
31 -76
31 -76
31 -76
31 -76
31 -76
31 -76
31 -76
31 -76
31 -76
31 -75
31 -75
31 -75
31 -75
31 -75
31 -56
31 -75
31 -76
31 -76
31 -76
31 -70
31 -69
31 -72
31 -71
31 -72
31 -72
31 -73
31 -71
31 -70
31 -72
31 -72
31 -72
31 -73
31 -74
31 -75
31 -77
31 -77
31 -78
31 -80
31 -77
31 -79
31 -79
31 -79
31 -77
31 -76
31 -76
31 -76
31 -76
31 -75
31 -74
31 -74
31 -74
31 -74
31 -74
31 -74
31 -75
31 -76
31 -75
31 -76
31 -76
31 -76
31 -76
31 -76
31 -76
31 -77
31 -76
31 -76
31 -76
31 -76
31 -76
31 -77
31 -77
31 -77
31 -78
31 -78
31 -78
31 -78
31 -78
31 -77
31 -76
31 -76
31 -76
31 -76
31 -76
31 -76
31 -76
31 -75
31 -76
31 -76
31 -76
31 -76
31 -76
31 -76
31 -76
31 -76
31 -77
31 -76
31 -76
31 -76
31 -76
31 -76
31 -75
31 -75
31 -75
31 -76
31 -76
31 -76
31 -76
31 -76
31 -76
31 -76
31 -78
31 -78
31 -78
32 -79
32 -79
32 -79
32 -78
32 -81
32 -75
32 -82
32 -82
32 -81
32 -79
32 -80
32 -79
32 -79
32 -79
32 -83
32 -80
32 -80
32 -83
32 -81
32 -79
32 -80
32 -82
32 -84
32 -83
32 -87
32 -78
32 -84
32 -83
32 -84
32 -77
32 -67
32 -83
32 -84
32 -83
32 -82
32 -80
32 -81
32 -82
32 -81
32 -81
32 -81
32 -81
32 -81
32 -81
32 -82
32 -81
32 -81
32 -81
32 -81
32 -81
32 -82
32 -83
32 -84
32 -84
32 -84
32 -83
32 -83
32 -82
32 -82
32 -81
32 -81
32 -81
32 -81
32 -82
32 -81
32 -82
32 -82
32 -82
32 -82
32 -81
32 -81
32 -77
32 -81
32 -80
32 -80
32 -79
32 -78
32 -78
32 -78
32 -77
32 -77
32 -77
32 -77
32 -77
32 -76
32 -77
32 -78
32 -78
32 -78
32 -78
32 -78
32 -78
32 -79
32 -78
32 -79
32 -79
32 -80
32 -80
32 -80
32 -75
32 -84
32 -79
32 -85
32 -80
32 -81
32 -82
32 -83
32 -83
32 -84
32 -84
32 -83
32 -83
32 -82
32 -82
32 -82
32 -62
32 -83
32 -82
32 -82
32 -63
32 -82
32 -84
32 -83
32 -83
32 -84
32 -74
32 -83
32 -83
32 -82
32 -83
32 -83
32 -82
32 -84
32 -83
32 -83
32 -82
32 -83
32 -82
32 -82
32 -83
32 -82
32 -81
32 -75
32 -80
32 -80
32 -79
32 -78
32 -79
32 -79
32 -80
32 -80
32 -81
32 -82
33 -83
33 -82
33 -85
33 -83
33 -82
33 -84
33 -80
33 -86
33 -83
33 -82
33 -82
33 -82
33 -82
33 -82
33 -82
33 -83
33 -83
33 -82
33 -83
33 -82
33 -82
33 -82
33 -81
33 -82
33 -81
33 -81
33 -82
33 -81
33 -81
33 -81
33 -80
33 -82
33 -82
33 -81
33 -81
33 -80
33 -80
33 -79
33 -80
33 -80
33 -80
33 -81
33 -80
33 -82
33 -82
33 -82
33 -82
33 -82
33 -83
33 -83
33 -83
33 -83
33 -83
33 -83
33 -83
33 -83
33 -83
33 -83
33 -83
33 -70
33 -83
33 -83
33 -82
33 -82
33 -73
33 -81
33 -81
33 -81
33 -82
33 -82
33 -82
33 -82
33 -82
33 -83
33 -83
33 -84
33 -84
33 -83
33 -84
33 -84
33 -84
33 -84
33 -84
33 -84
33 -83
33 -84
33 -83
33 -67
33 -84
33 -86
33 -86
33 -85
33 -83
33 -82
33 -83
33 -83
33 -82
33 -80
33 -80
33 -80
33 -81
33 -82
33 -81
33 -81
33 -82
33 -82
33 -83
33 -82
33 -83
33 -84
33 -82
33 -83
33 -83
33 -82
33 -83
33 -84
33 -85
33 -86
33 -87
34 -84
34 -80
34 -77
34 -76
34 -76
34 -69
34 -81
34 -76
34 -74
34 -78
34 -77
34 -78
34 -82
34 -72
34 -83
34 -83
34 -83
34 -73
34 -82
34 -81
34 -80
34 -76
34 -78
34 -79
34 -79
34 -79
34 -79
34 -78
34 -78
34 -78
34 -78
34 -78
34 -77
34 -78
34 -77
34 -77
34 -77
34 -69
34 -78
34 -78
34 -78
34 -78
34 -68
34 -78
34 -78
34 -67
34 -78
34 -78
34 -78
34 -78
34 -78
34 -79
34 -73
34 -79
34 -78
34 -79
34 -79
34 -79
34 -75
34 -79
34 -79
34 -79
34 -78
34 -79
34 -79
34 -80
34 -79
34 -80
34 -79
34 -70
34 -79
34 -78
34 -78
34 -78
34 -79
34 -78
34 -79
34 -79
34 -79
34 -78
34 -78
34 -78
34 -78
34 -78
34 -78
34 -79
34 -79
34 -79
34 -79
34 -79
34 -79
34 -79
34 -80
34 -80
34 -78
34 -72
34 -80
34 -73
34 -79
34 -79
34 -79
34 -79
34 -79
34 -79
34 -72
34 -78
34 -78
34 -78
34 -79
34 -78
34 -79
34 -78
34 -79
34 -78
34 -79
34 -78
34 -80
34 -80
34 -79
34 -80
34 -80
34 -80
34 -81
34 -80
34 -81
34 -81
34 -81
34 -82
34 -81
34 -75
34 -81
34 -79
34 -80
34 -81
34 -78
34 -80
34 -80
34 -80
34 -80
34 -75
34 -67
34 -80
34 -80
34 -80
34 -81
34 -81
34 -80
34 -80
34 -81
34 -81
34 -81
34 -81
34 -81
34 -82
34 -82
34 -82
34 -82
34 -82
34 -82
34 -82
34 -83
34 -62
34 -82
34 -82
34 -82
34 -68
34 -82
34 -82
34 -81
34 -81
34 -82
34 -81
34 -81
34 -79
34 -81
34 -81
34 -81
34 -82
34 -82
34 -82
34 -82
34 -82
34 -82
34 -81
34 -80
34 -81
34 -81
34 -81
34 -80
34 -79
34 -79
34 -81
34 -79
34 -81
34 -81
34 -81
34 -81
34 -81
34 -82
34 -82
34 -82
34 -82
34 -82
34 -82
34 -82
34 -82
34 -82
34 -81
34 -82
34 -82
34 -81
34 -81
34 -81
34 -82
34 -81
34 -82
34 -82
34 -82
34 -82
34 -81
34 -76
34 -82
34 -79
34 -82
34 -82
34 -70
34 -83
34 -82
34 -82
34 -83
34 -83
34 -83
34 -83
34 -83
34 -82
34 -81
34 -79
34 -82
34 -83
35 -79
35 -79
35 -80
35 -78
35 -78
35 -78
35 -79
35 -81
35 -82
35 -81
35 -80
35 -79
35 -78
35 -80
35 -78
35 -77
35 -78
35 -78
35 -78
35 -82
35 -84
35 -82
35 -77
35 -77
35 -78
35 -81
35 -74
35 -83
35 -77
35 -80
35 -79
35 -66
35 -70
35 -76
35 -76
35 -76
35 -76
35 -76
35 -75
35 -77
35 -77
35 -77
35 -78
35 -78
35 -78
35 -78
35 -78
35 -77
35 -77
35 -77
35 -77
35 -77
35 -77
35 -77
35 -77
35 -77
35 -77
35 -77
35 -77
35 -76
35 -77
35 -77
35 -77
35 -77
35 -77
35 -77
35 -77
35 -77
35 -76
35 -77
35 -76
35 -76
35 -77
35 -77
35 -76
35 -65
35 -76
35 -76
35 -77
35 -76
35 -76
35 -77
35 -76
35 -77
35 -77
35 -62
35 -77
35 -76
35 -64
35 -77
35 -76
35 -77
35 -77
35 -76
35 -77
35 -76
35 -76
35 -76
35 -76
35 -77
35 -76
35 -77
35 -76
35 -77
35 -76
35 -76
35 -77
35 -77
35 -77
35 -77
35 -77
35 -76
35 -76
35 -77
35 -77
35 -76
35 -76
35 -77
35 -76
35 -77
35 -76
35 -76
35 -76
35 -76
35 -77
35 -77
35 -76
35 -76
35 -76
35 -76
35 -77
35 -76
35 -76
35 -76
35 -76
35 -76
35 -76
35 -76
35 -76
35 -76
35 -76
35 -76
35 -76
35 -76
35 -76
35 -76
35 -77
35 -76
35 -76
35 -68
35 -76
35 -76
35 -76
35 -76
35 -76
35 -75
35 -76
35 -76
35 -76
35 -76
35 -76
35 -76
35 -76
35 -70
35 -76
35 -76
35 -76
35 -76
35 -76
35 -76
35 -76
35 -76
35 -72
35 -76
35 -76
35 -76
35 -76
35 -76
35 -75
35 -76
35 -76
35 -76
35 -76
35 -76
35 -76
35 -76
35 -76
35 -76
35 -77
35 -77
35 -77
35 -77
35 -77
35 -78
35 -77
35 -77
35 -77
35 -77
35 -77
35 -76
35 -77
35 -76
35 -76
35 -76
35 -75
35 -76
35 -76
35 -76
35 -76
35 -77
35 -75
35 -76
35 -76
35 -76
35 -76
35 -75
35 -78
35 -79
35 -78
35 -78
35 -78
35 -78
35 -78
35 -78
35 -78
35 -78
35 -79
35 -78
35 -77
35 -77
35 -78
35 -78
35 -64
35 -77
35 -77
35 -77
35 -77
35 -76
35 -77
35 -77
35 -78
35 -74
35 -79
35 -78
35 -79
35 -78
35 -78
35 -79
35 -79
35 -78
35 -78
35 -78
35 -77
35 -76
35 -76
35 -77
35 -76
35 -77
35 -78
35 -78
35 -78
35 -77
35 -77
35 -77
35 -77
35 -77
35 -77
35 -77
35 -76
35 -76
35 -77
35 -78
35 -78
35 -77
35 -77
35 -78
35 -76
35 -78
35 -78
35 -78
35 -78
35 -76
35 -78
35 -78
35 -67
35 -79
35 -78
35 -78
35 -78
35 -78
35 -78
35 -78
35 -78
35 -77
35 -78
35 -76
35 -78
35 -74
35 -79
35 -79
35 -79
35 -79
35 -78
35 -79
35 -79
36 -86
36 -83
36 -81
36 -80
36 -81
36 -82
36 -82
36 -82
36 -82
36 -82
36 -82
36 -76
36 -80
36 -78
36 -77
36 -77
36 -77
36 -77
36 -77
36 -77
36 -78
36 -78
36 -78
36 -78
36 -78
36 -77
36 -77
36 -77
36 -77
36 -78
36 -77
36 -70
36 -69
36 -78
36 -78
36 -78
36 -79
36 -79
36 -79
36 -80
36 -80
36 -79
36 -80
36 -80
36 -81
36 -81
36 -80
36 -78
36 -78
36 -78
36 -79
36 -78
36 -79
36 -78
36 -73
36 -78
36 -78
36 -78
36 -77
36 -77
36 -78
36 -78
36 -77
36 -77
36 -77
36 -77
36 -78
36 -78
36 -78
36 -77
36 -78
36 -76
36 -78
36 -77
36 -77
36 -78
36 -77
36 -75
36 -77
36 -77
36 -77
36 -77
36 -77
36 -77
36 -77
36 -76
36 -76
36 -76
36 -77
36 -77
36 -76
36 -77
36 -78
36 -78
36 -78
36 -78
36 -78
36 -78
36 -76
36 -72
36 -78
36 -70
36 -67
36 -78
36 -78
36 -71
36 -77
36 -77
36 -77
36 -76
36 -77
36 -78
36 -78
36 -77
36 -77
36 -76
36 -78
36 -77
36 -77
36 -77
36 -77
36 -77
36 -77
36 -76
36 -76
36 -76
36 -66
36 -76
36 -76
36 -76
36 -76
36 -76
36 -76
36 -77
36 -77
36 -77
36 -78
36 -78
36 -78
36 -78
36 -79
36 -78
36 -79
36 -79
36 -79
36 -79
36 -78
36 -78
36 -76
36 -78
36 -78
36 -78
36 -78
36 -78
36 -78
36 -76
36 -78
36 -78
36 -72
36 -78
36 -77
36 -78
36 -78
36 -78
36 -79
36 -80
36 -81
36 -81
36 -82
36 -81
36 -81
36 -82
36 -82
36 -82
36 -79
36 -80
36 -81
36 -80
36 -80
36 -80
36 -79
36 -80
36 -79
36 -80
36 -77
36 -80
36 -80
36 -79
36 -80
36 -79
36 -79
36 -79
36 -78
36 -77
36 -78
36 -81
36 -67
36 -83
36 -84
36 -84
36 -84
36 -83
36 -85
36 -84
36 -84
36 -84
36 -84
36 -84
36 -83
36 -83
36 -82
36 -84
36 -84
36 -84
36 -83
36 -83
36 -83
36 -84
36 -84
36 -78
36 -84
36 -84
36 -84
36 -84
38 -74
38 -74
38 -75
38 -75
38 -74
38 -74
38 -73
38 -73
38 -74
38 -74
38 -65
38 -74
38 -75
38 -75
38 -77
38 -76
38 -75
38 -71
38 -74
38 -76
38 -78
38 -73
38 -76
38 -74
38 -72
38 -71
38 -72
38 -73
38 -75
38 -80
38 -81
38 -81
38 -68
38 -79
38 -79
38 -77
38 -78
38 -81
38 -83
38 -83
38 -84
38 -84
38 -84
38 -81
38 -80
38 -81
38 -83
38 -80
38 -85
38 -84
38 -84
38 -83
38 -83
38 -82
38 -83
38 -83
38 -83
38 -84
38 -82
38 -82
38 -82
38 -83
38 -83
38 -83
38 -83
38 -82
38 -82
38 -82
38 -81
38 -81
38 -82
38 -82
38 -82
38 -82
38 -83
38 -83
38 -82
38 -82
38 -83
38 -82
38 -82
38 -62
38 -80
38 -81
38 -80
38 -80
38 -79
38 -78
38 -78
38 -79
38 -78
38 -78
38 -78
38 -78
38 -78
38 -79
38 -78
38 -78
38 -79
38 -78
38 -78
38 -78
38 -68
38 -79
38 -78
38 -79
38 -78
38 -78
38 -78
38 -78
38 -78
38 -78
38 -78
38 -77
38 -78
38 -78
38 -78
38 -80
38 -81
38 -81
38 -80
38 -81
38 -81
38 -81
38 -80
38 -76
38 -79
38 -79
38 -79
38 -79
38 -79
38 -70
38 -78
38 -78
38 -78
38 -78
38 -61
38 -78
38 -78
38 -78
38 -78
38 -78
38 -76
38 -74
38 -75
38 -72
38 -77
38 -75
38 -76
38 -76
38 -78
38 -76
38 -75
38 -76
38 -75
38 -75
38 -75
38 -75
38 -68
38 -75
38 -75
38 -75
38 -74
38 -73
38 -73
38 -74
38 -73
38 -73
38 -67
38 -73
38 -73
38 -73
38 -72
38 -72
38 -63
38 -72
38 -72
38 -72
38 -72
38 -72
38 -72
38 -72
38 -72
38 -72
38 -73
38 -73
38 -73
38 -70
38 -72
38 -72
38 -72
38 -72
38 -72
38 -72
38 -57
38 -72
38 -72
38 -73
38 -73
38 -72
38 -73
38 -74
38 -74
38 -73
38 -73
38 -74
38 -74
38 -73
38 -73
38 -73
38 -71
38 -73
38 -73
38 -73
38 -73
38 -73
38 -73
38 -73
38 -73
38 -73
38 -73
38 -73
38 -73
38 -73
38 -73
38 -73
38 -73
38 -73
38 -73
38 -73
38 -73
38 -73
38 -73
38 -73
38 -73
40 -64
40 -64
40 -64
40 -61
40 -65
40 -64
40 -64
40 -63
40 -63
40 -63
40 -63
40 -63
40 -64
40 -64
40 -64
40 -64
40 -64
40 -64
40 -64
40 -64
40 -64
40 -65
40 -66
40 -66
40 -66
40 -66
40 -64
40 -66
40 -66
40 -67
40 -67
40 -66
40 -66
40 -65
40 -66
40 -66
40 -66
40 -62
40 -62
40 -63
40 -64
40 -64
40 -64
40 -65
40 -66
40 -66
40 -66
40 -66
40 -66
40 -67
40 -67
40 -61
40 -67
40 -67
40 -67
40 -68
40 -67
40 -68
40 -67
40 -67
40 -67
40 -68
40 -67
40 -67
40 -67
40 -66
40 -67
40 -66
40 -66
40 -66
40 -67
40 -67
40 -67
40 -67
40 -67
40 -67
40 -67
40 -67
40 -66
40 -66
40 -67
40 -66
40 -66
40 -67
40 -67
40 -67
40 -68
40 -66
40 -68
40 -68
40 -68
40 -68
40 -68
40 -68
40 -68
40 -68
40 -68
40 -68
40 -68
40 -68
40 -64
40 -68
40 -67
40 -67
40 -67
40 -67
40 -67
40 -67
40 -67
40 -67
40 -67
40 -67
40 -67
40 -67
40 -67
40 -67
40 -67
40 -66
40 -67
40 -66
40 -67
40 -67
40 -67
40 -67
40 -67
40 -67
40 -67
40 -67
40 -67
40 -66
40 -66
40 -66
40 -66
40 -67
40 -66
40 -67
40 -66
40 -67
40 -67
40 -67
40 -67
40 -67
40 -68
40 -76
40 -68
40 -68
40 -69
40 -69
40 -69
40 -68
40 -68
40 -69
40 -68
40 -68
40 -68
40 -67
40 -75
40 -66
40 -66
40 -65
40 -65
40 -65
40 -65
40 -65
40 -66
40 -65
40 -66
40 -66
40 -66
40 -66
40 -66
40 -66
40 -66
40 -66
40 -66
40 -66
40 -66
40 -66
40 -66
40 -66
40 -66
40 -66
40 -66
40 -66
40 -66
40 -66
40 -66
40 -66
40 -66
40 -65
40 -65
40 -64
40 -65
40 -64
40 -64
40 -64
40 -64
40 -64
40 -64
40 -64
40 -65
40 -64
40 -64
40 -64
40 -64
40 -65
40 -65
40 -64
40 -65
40 -65
40 -65
40 -64
40 -65
40 -65
40 -64
40 -65
40 -65
40 -65
40 -65
40 -65
40 -65
40 -64
40 -64
40 -64
40 -64
40 -64
40 -64
40 -64
40 -66
40 -64
40 -65
40 -65
40 -66
40 -64
40 -64
40 -65
40 -65
40 -65
40 -66
40 -66
40 -66
40 -65
40 -65
40 -65
40 -66
40 -65
40 -65
40 -64
40 -64
40 -64
40 -64
40 -64
40 -64
40 -64
40 -64
40 -64
40 -64
40 -64
40 -64
40 -64
40 -64
40 -64
40 -42
40 -64
40 -65
40 -64
40 -65
40 -66
40 -66
40 -66
40 -66
40 -66
40 -66
40 -66
40 -66
40 -66
40 -66
40 -66
40 -66
40 -66
40 -66
40 -66
40 -66
40 -66
40 -66
40 -66
40 -66
40 -66
40 -66
40 -65
40 -65
40 -65
40 -65
40 -65
40 -65
40 -65
40 -66
40 -66
40 -66
40 -65
40 -66
40 -66
40 -73
40 -66
40 -66
40 -66
40 -66
40 -66
40 -65
40 -66
40 -66
40 -65
40 -64
40 -64
40 -64
40 -63
40 -65
40 -65
40 -65
40 -65
40 -66
40 -64
40 -65
40 -66
40 -66
40 -66
40 -66
40 -66
41 -80
41 -83
41 -80
41 -77
41 -75
41 -72
41 -70
41 -69
41 -69
41 -70
41 -69
41 -68
41 -68
41 -68
41 -68
41 -69
41 -69
41 -68
41 -68
41 -68
41 -68
41 -69
41 -75
41 -78
41 -79
41 -78
41 -77
41 -73
41 -70
41 -67
41 -68
41 -68
41 -69
41 -70
41 -70
41 -70
41 -70
41 -70
41 -70
41 -69
41 -68
41 -68
41 -68
41 -68
41 -67
41 -67
41 -67
41 -67
41 -66
41 -66
41 -66
41 -66
41 -67
41 -67
41 -67
41 -67
41 -67
41 -67
41 -67
41 -67
41 -68
41 -67
41 -67
41 -62
41 -67
41 -67
41 -68
41 -68
41 -68
41 -68
41 -68
41 -68
41 -69
41 -69
41 -69
41 -69
41 -69
41 -70
41 -69
41 -69
41 -69
41 -69
41 -69
41 -69
41 -68
41 -68
41 -68
41 -69
41 -68
41 -68
41 -69
41 -69
41 -70
41 -70
41 -70
41 -70
41 -70
41 -70
41 -68
41 -70
41 -68
41 -69
41 -70
41 -70
41 -67
41 -70
41 -70
41 -70
41 -68
41 -70
41 -70
41 -70
41 -70
41 -67
41 -70
41 -69
41 -69
41 -67
41 -69
41 -70
41 -70
41 -70
41 -70
41 -70
41 -70
41 -70
41 -70
41 -70
41 -70
41 -70
41 -70
41 -71
41 -72
41 -71
41 -71
41 -71
41 -71
41 -71
41 -71
41 -71
41 -71
41 -71
41 -70
41 -70
41 -67
41 -70
41 -70
41 -70
41 -70
41 -70
41 -70
41 -70
41 -70
41 -70
41 -70
41 -70
41 -70
41 -70
41 -69
41 -69
41 -69
41 -69
41 -69
41 -69
41 -70
41 -70
41 -70
41 -70
41 -70
41 -70
41 -70
41 -70
41 -70
41 -70
41 -70
41 -70
41 -70
41 -70
41 -70
41 -70
41 -70
41 -70
41 -70
41 -70
41 -70
41 -69
41 -70
41 -70
41 -70
41 -70
41 -70
41 -70
41 -70
41 -70
41 -70
41 -70
41 -63
41 -70
41 -69
41 -69
41 -69
41 -68
41 -68
41 -68
41 -68
41 -68
41 -68
41 -69
41 -68
41 -69
41 -68
41 -68
41 -69
41 -69
41 -69
41 -70
41 -70
41 -70
41 -70
41 -70
41 -70
41 -70
41 -70
41 -70
41 -70
41 -70
41 -70
41 -70
41 -70
41 -70
41 -70
41 -70
41 -69
41 -69
41 -69
41 -69
41 -69
41 -69
41 -67
41 -68
41 -68
41 -69
41 -68
41 -69
41 -69
41 -69
41 -69
41 -70
41 -70
41 -70
41 -70
41 -70
41 -70
41 -70
41 -70
41 -70
41 -70
41 -70
41 -70
41 -70
41 -70
41 -70
41 -68
41 -70
41 -70
41 -70
41 -70
41 -69
41 -70
41 -70
41 -63
41 -70
41 -70
41 -70
41 -70
41 -69
41 -66
41 -64
41 -70
41 -70
41 -70
41 -70
41 -70
41 -70
41 -70
41 -70
41 -70
41 -70
41 -70
41 -70
41 -68
41 -70
41 -70
41 -70
41 -70
41 -70
41 -70
41 -70
41 -70
41 -70
41 -70
41 -70
41 -70
41 -70
41 -70
41 -70
41 -70
41 -70
41 -70
41 -70
41 -70
41 -69
41 -70
41 -70
41 -70
41 -70
41 -70
41 -70
41 -70
41 -70
41 -70
41 -70
42 -68
42 -67
42 -66
42 -65
42 -64
42 -66
42 -65
42 -65
42 -67
42 -66
42 -67
42 -68
42 -69
42 -67
42 -66
42 -67
42 -67
42 -68
42 -69
42 -71
42 -72
42 -71
42 -66
42 -66
42 -67
42 -71
42 -72
42 -69
42 -68
42 -67
42 -66
42 -66
42 -67
42 -68
42 -68
42 -68
42 -67
42 -68
42 -68
42 -69
42 -69
42 -70
42 -70
42 -71
42 -71
42 -70
42 -70
42 -70
42 -70
42 -72
42 -72
42 -72
42 -71
42 -71
42 -68
42 -70
42 -71
42 -70
42 -73
42 -73
42 -74
42 -73
42 -73
42 -68
42 -73
42 -72
42 -72
42 -72
42 -72
42 -73
42 -73
42 -72
42 -73
42 -73
42 -74
42 -75
42 -75
42 -75
42 -74
42 -73
42 -73
42 -73
42 -72
42 -72
42 -72
42 -72
42 -70
42 -70
42 -70
42 -70
42 -70
42 -70
42 -69
42 -70
42 -69
42 -69
42 -66
42 -69
42 -69
42 -69
42 -69
42 -69
42 -69
42 -69
42 -68
42 -68
42 -68
42 -68
42 -68
42 -68
42 -68
42 -59
42 -66
42 -69
42 -69
42 -69
42 -69
42 -70
42 -70
42 -70
42 -70
42 -70
42 -59
42 -69
42 -70
42 -70
42 -70
42 -70
42 -71
42 -70
42 -70
42 -69
42 -69
42 -69
42 -68
42 -68
42 -68
42 -68
42 -69
42 -68
42 -69
42 -68
42 -69
42 -69
42 -68
42 -69
42 -69
42 -69
42 -69
42 -70
42 -69
42 -68
42 -68
42 -68
42 -68
42 -68
42 -67
42 -67
42 -66
42 -66
42 -66
42 -66
42 -66
42 -67
42 -66
42 -66
42 -67
42 -67
42 -67
42 -67
42 -67
42 -67
42 -67
42 -68
42 -67
42 -67
42 -68
42 -67
42 -67
42 -67
42 -67
42 -66
42 -67
42 -67
42 -66
42 -66
42 -66
42 -66
42 -66
42 -66
42 -66
42 -67
42 -66
42 -67
42 -67
42 -67
42 -68
42 -69
42 -70
42 -72
42 -72
42 -72
42 -72
42 -72
42 -72
42 -71
42 -71
42 -71
42 -72
42 -71
42 -70
42 -70
42 -70
42 -70
42 -69
42 -69
42 -69
42 -69
42 -69
42 -69
42 -68
42 -66
42 -68
42 -68
42 -67
42 -67
42 -66
42 -66
42 -65
42 -66
42 -66
42 -65
42 -66
42 -66
42 -74
42 -67
42 -66
42 -66
42 -67
42 -64
42 -64
42 -64
42 -63
42 -63
42 -63
42 -63
42 -63
42 -63
42 -62
42 -62
42 -61
42 -61
42 -61
42 -61
42 -61
42 -61
42 -61
42 -62
42 -62
42 -63
42 -62
42 -62
42 -63
42 -62
42 -62
42 -62
42 -63
42 -62
42 -62
42 -63
42 -63
42 -62
42 -62
42 -62
42 -62
42 -62
42 -62
42 -62
42 -62
42 -62
42 -62
42 -62
42 -61
42 -61
42 -62
42 -61
42 -62
42 -61
42 -61
42 -61
42 -61
42 -62
42 -62
42 -63
42 -63
42 -63
42 -63
42 -63
42 -63
42 -63
42 -63
42 -63
42 -63
42 -62
42 -63
42 -63
42 -63
42 -63
42 -63
42 -62
42 -63
42 -63
42 -63
42 -63
42 -63
42 -63
42 -63
42 -63
42 -64
42 -64
42 -64
42 -64
42 -64
42 -64
42 -64
42 -64
42 -64
42 -64
42 -64
42 -64
42 -64
42 -64
42 -64
42 -64
43 -76
43 -76
43 -75
43 -76
43 -73
43 -73
43 -78
43 -74
43 -76
43 -80
43 -78
43 -76
43 -67
43 -68
43 -72
43 -81
43 -77
43 -68
43 -69
43 -67
43 -65
43 -64
43 -64
43 -66
43 -68
43 -69
43 -70
43 -68
43 -64
43 -64
43 -63
43 -66
43 -69
43 -79
43 -76
43 -73
43 -72
43 -64
43 -70
43 -70
43 -70
43 -69
43 -68
43 -68
43 -68
43 -68
43 -69
43 -69
43 -68
43 -68
43 -68
43 -68
43 -68
43 -68
43 -68
43 -68
43 -68
43 -67
43 -67
43 -67
43 -67
43 -67
43 -67
43 -67
43 -67
43 -67
43 -67
43 -67
43 -68
43 -67
43 -67
43 -68
43 -67
43 -67
43 -67
43 -66
43 -67
43 -67
43 -68
43 -68
43 -68
43 -67
43 -69
43 -69
43 -69
43 -69
43 -70
43 -70
43 -70
43 -70
43 -70
43 -70
43 -70
43 -71
43 -72
43 -72
43 -72
43 -72
43 -72
43 -71
43 -71
43 -58
43 -71
43 -70
43 -70
43 -70
43 -70
43 -70
43 -70
43 -70
43 -70
43 -70
43 -70
43 -70
43 -70
43 -70
43 -70
43 -70
43 -70
43 -70
43 -70
43 -70
43 -70
43 -70
43 -71
43 -72
43 -67
43 -72
43 -66
43 -73
43 -73
43 -73
43 -73
43 -73
43 -73
43 -72
43 -72
43 -72
43 -72
43 -72
43 -72
43 -71
43 -72
43 -74
43 -75
43 -76
43 -76
43 -77
43 -78
43 -78
43 -76
43 -75
43 -74
43 -73
43 -73
43 -72
43 -71
43 -70
43 -70
43 -69
43 -69
43 -69
43 -68
43 -68
43 -68
43 -68
43 -69
43 -69
43 -69
43 -69
43 -69
43 -70
43 -69
43 -70
43 -70
43 -70
43 -70
43 -70
43 -70
43 -70
43 -71
43 -70
43 -70
43 -71
43 -71
43 -79
43 -71
43 -71
43 -70
43 -70
43 -70
43 -69
43 -68
43 -67
43 -66
43 -66
43 -66
43 -66
43 -66
43 -66
43 -66
43 -74
43 -66
43 -66
43 -66
43 -66
43 -66
43 -67
43 -67
43 -68
43 -65
43 -68
43 -68
43 -68
43 -68
43 -68
43 -68
43 -68
43 -76
43 -68
43 -68
43 -68
43 -68
43 -68
43 -69
43 -70
43 -71
43 -71
43 -71
43 -71
43 -70
43 -68
43 -69
43 -66
43 -64
43 -67
43 -66
43 -67
43 -69
43 -68
43 -68
43 -68
43 -68
43 -68
43 -68
43 -68
43 -69
43 -68
43 -68
43 -68
43 -68
43 -69
43 -68
43 -68
43 -68
43 -68
43 -67
43 -67
43 -66
43 -67
43 -66
43 -66
43 -66
43 -66
43 -65
43 -66
43 -66
43 -66
43 -66
43 -66
43 -67
43 -67
43 -67
43 -67
43 -67
43 -67
43 -67
43 -68
43 -68
43 -67
43 -67
43 -67
43 -67
43 -68
43 -67
43 -67
43 -67
43 -67
43 -68
43 -67
43 -67
43 -68
43 -67
43 -67
43 -67
43 -67
43 -67
43 -67
43 -67
43 -67
43 -66
43 -66
43 -66
43 -66
43 -67
43 -67
43 -67
43 -66
43 -67
43 -66
43 -67
43 -67
43 -67
43 -67
43 -66
43 -66
43 -66
43 -66
43 -66
43 -66
43 -66
43 -66
43 -66
43 -66
43 -66
43 -67
43 -67
43 -66
43 -67
43 -67
43 -67
43 -67
43 -67
43 -67
43 -66
44 -66
44 -67
44 -67
44 -68
44 -69
44 -71
44 -74
44 -72
44 -75
44 -76
44 -78
44 -75
44 -74
44 -72
44 -69
44 -68
44 -68
44 -69
44 -70
44 -72
44 -74
44 -76
44 -78
44 -72
44 -69
44 -64
44 -63
44 -63
44 -62
44 -63
44 -64
44 -67
44 -72
44 -78
44 -75
44 -71
44 -70
44 -76
44 -74
44 -72
44 -71
44 -70
44 -72
44 -73
44 -74
44 -74
44 -73
44 -74
44 -74
44 -72
44 -71
44 -70
44 -71
44 -72
44 -72
44 -72
44 -72
44 -70
44 -69
44 -66
44 -64
44 -63
44 -63
44 -61
44 -63
44 -63
44 -63
44 -63
44 -62
44 -62
44 -61
44 -61
44 -60
44 -60
44 -60
44 -60
44 -60
44 -60
44 -60
44 -60
44 -60
44 -60
44 -61
44 -61
44 -62
44 -61
44 -61
44 -61
44 -67
44 -60
44 -60
44 -60
44 -60
44 -60
44 -60
44 -60
44 -59
44 -59
44 -60
44 -60
44 -59
44 -59
44 -59
44 -59
44 -59
44 -59
44 -59
44 -59
44 -59
44 -59
44 -59
44 -59
44 -60
44 -59
44 -59
44 -59
44 -59
44 -59
44 -59
44 -59
44 -60
44 -60
44 -60
44 -59
44 -59
44 -59
44 -59
44 -59
44 -59
44 -59
44 -58
44 -58
44 -58
44 -58
44 -58
44 -58
44 -58
44 -58
44 -58
44 -58
44 -58
44 -58
44 -58
44 -58
44 -58
44 -58
44 -59
44 -58
44 -58
44 -58
44 -58
44 -58
44 -58
44 -58
44 -58
44 -58
44 -58
44 -58
44 -58
44 -58
44 -59
44 -58
44 -58
44 -58
44 -58
44 -58
44 -58
44 -59
44 -58
44 -58
44 -58
44 -58
44 -58
44 -58
44 -58
44 -58
44 -58
44 -58
44 -58
44 -58
44 -58
44 -59
44 -58
44 -58
44 -58
44 -58
44 -58
44 -58
44 -58
44 -58
44 -58
44 -58
44 -58
44 -58
44 -58
44 -58
44 -58
44 -59
44 -58
44 -58
44 -58
44 -58
44 -58
44 -58
44 -58
44 -58
44 -58
44 -59
44 -60
44 -60
44 -60
44 -60
44 -60
44 -60
44 -60
44 -60
44 -66
44 -59
44 -58
44 -58
44 -58
44 -58
44 -58
44 -59
44 -59
44 -59
44 -59
44 -54
44 -60
44 -59
44 -60
44 -60
44 -59
44 -58
44 -60
44 -61
44 -61
44 -60
44 -61
44 -63
44 -62
44 -62
44 -63
44 -70
44 -68
44 -66
44 -65
44 -64
44 -64
44 -64
44 -63
44 -64
44 -64
44 -63
44 -63
44 -62
44 -62
44 -62
44 -62
44 -62
44 -61
44 -61
44 -60
44 -61
44 -61
44 -62
44 -63
44 -64
44 -64
44 -64
44 -64
44 -65
44 -65
44 -66
44 -66
44 -66
44 -66
44 -66
44 -64
44 -65
44 -65
44 -65
44 -64
44 -64
44 -64
44 -64
44 -64
44 -64
44 -64
44 -64
44 -64
44 -64
44 -64
44 -64
44 -64
44 -64
44 -64
44 -64
44 -64
44 -64
44 -64
44 -64
44 -64
44 -64
44 -64
44 -64
44 -64
44 -64
44 -64
44 -64
44 -64
44 -64
44 -64
44 -64
44 -64
44 -64
44 -64
44 -64
44 -64
44 -64
44 -64
44 -64
44 -64
44 -64
44 -64
44 -64
44 -64
44 -64
44 -64
44 -64
44 -64
44 -64
44 -64
44 -64
44 -64
44 -64
44 -64
44 -64
44 -64
44 -64
44 -64
46 -77
46 -76
46 -77
46 -77
46 -78
46 -78
46 -76
46 -74
46 -74
46 -74
46 -73
46 -75
46 -74
46 -74
46 -74
46 -75
46 -75
46 -65
46 -73
46 -71
46 -71
46 -69
46 -66
46 -66
46 -66
46 -67
46 -67
46 -67
46 -67
46 -76
46 -83
46 -83
46 -83
46 -82
46 -81
46 -78
46 -77
46 -76
46 -76
46 -74
46 -74
46 -73
46 -72
46 -72
46 -72
46 -71
46 -73
46 -73
46 -72
46 -72
46 -72
46 -70
46 -70
46 -70
46 -70
46 -69
46 -69
46 -69
46 -70
46 -70
46 -70
46 -70
46 -70
46 -69
46 -69
46 -69
46 -69
46 -69
46 -68
46 -68
46 -68
46 -69
46 -69
46 -69
46 -69
46 -69
46 -69
46 -69
46 -69
46 -69
46 -69
46 -69
46 -68
46 -68
46 -69
46 -69
46 -69
46 -69
46 -68
46 -69
46 -57
46 -68
46 -58
46 -68
46 -68
46 -68
46 -68
46 -68
46 -68
46 -68
46 -68
46 -69
46 -69
46 -68
46 -69
46 -69
46 -69
46 -69
46 -69
46 -69
46 -69
46 -69
46 -69
46 -69
46 -69
46 -69
46 -69
46 -69
46 -69
46 -69
46 -69
46 -70
46 -69
46 -69
46 -69
46 -69
46 -69
46 -69
46 -69
46 -69
46 -69
46 -68
46 -69
46 -69
46 -69
46 -69
46 -69
46 -69
46 -69
46 -69
46 -69
46 -69
46 -69
46 -69
46 -69
46 -69
46 -69
46 -69
46 -69
46 -69
46 -69
46 -69
46 -69
46 -69
46 -69
46 -69
46 -68
46 -69
46 -69
46 -69
46 -69
46 -69
46 -69
46 -64
46 -69
46 -69
46 -70
46 -70
46 -70
46 -70
46 -69
46 -69
46 -69
46 -69
46 -69
46 -69
46 -69
46 -69
46 -69
46 -69
46 -69
46 -69
46 -69
46 -69
46 -69
46 -69
46 -69
46 -69
46 -69
46 -69
46 -69
46 -69
46 -69
46 -69
46 -69
46 -69
46 -69
46 -69
46 -70
46 -69
46 -67
46 -70
46 -70
46 -70
46 -70
46 -70
46 -70
46 -70
46 -70
46 -70
46 -69
46 -70
46 -70
46 -69
46 -69
46 -69
46 -69
46 -69
46 -69
46 -69
46 -69
46 -69
46 -68
46 -69
46 -68
46 -68
46 -68
46 -68
46 -67
46 -66
46 -66
46 -68
46 -68
46 -68
46 -67
46 -76
46 -68
46 -69
46 -69
46 -69
46 -68
46 -68
46 -68
46 -68
46 -67
46 -67
46 -68
46 -68
46 -67
46 -68
46 -68
46 -61
46 -68
46 -69
46 -68
46 -69
46 -69
46 -69
46 -69
46 -61
46 -70
46 -69
46 -70
46 -69
46 -69
46 -54
46 -68
46 -68
46 -68
46 -68
46 -68
46 -68
46 -68
46 -68
46 -68
46 -68
46 -67
46 -68
46 -68
46 -68
46 -68
46 -68
46 -68
46 -68
46 -68
46 -68
46 -68
46 -68
46 -68
46 -68
46 -68
46 -68
46 -68
46 -68
46 -68
46 -68
46 -68
46 -68
46 -68
46 -68
46 -68
46 -68
46 -68
46 -68
46 -68
46 -68
46 -68
46 -68
46 -68
46 -68
46 -68
46 -68
46 -68
46 -69
46 -68
46 -68
46 -68
46 -68
46 -68
46 -68
46 -68
46 -68
46 -68
46 -68
46 -68
46 -68
47 -76
47 -75
47 -76
47 -75
47 -75
47 -74
47 -74
47 -75
47 -75
47 -74
47 -72
47 -74
47 -71
47 -55
47 -70
47 -71
47 -70
47 -69
47 -74
47 -76
47 -81
47 -84
47 -85
47 -85
47 -81
47 -75
47 -73
47 -72
47 -72
47 -72
47 -72
47 -72
47 -72
47 -72
47 -72
47 -72
47 -72
47 -72
47 -72
47 -73
47 -74
47 -75
47 -75
47 -75
47 -74
47 -75
47 -75
47 -75
47 -75
47 -73
47 -75
47 -76
47 -76
47 -76
47 -76
47 -76
47 -76
47 -76
47 -76
47 -76
47 -76
47 -76
47 -75
47 -75
47 -76
47 -76
47 -76
47 -76
47 -76
47 -76
47 -76
47 -76
47 -76
47 -76
47 -76
47 -76
47 -76
47 -76
47 -75
47 -75
47 -75
47 -75
47 -74
47 -74
47 -74
47 -74
47 -75
47 -74
47 -74
47 -74
47 -74
47 -74
47 -74
47 -74
47 -74
47 -74
47 -74
47 -73
47 -74
47 -73
47 -73
47 -73
47 -73
47 -73
47 -73
47 -74
47 -74
47 -74
47 -74
47 -74
47 -75
47 -74
47 -75
47 -74
47 -74
47 -73
47 -74
47 -74
47 -74
47 -74
47 -74
47 -72
47 -71
47 -73
47 -73
47 -73
47 -73
47 -73
47 -73
47 -74
47 -74
47 -74
47 -74
47 -74
47 -74
47 -74
47 -74
47 -74
47 -74
47 -74
47 -74
47 -74
47 -74
47 -74
47 -74
47 -75
47 -75
47 -68
47 -75
47 -75
47 -75
47 -75
47 -75
47 -75
47 -74
47 -74
47 -74
47 -74
47 -74
47 -74
47 -74
47 -74
47 -74
47 -74
47 -75
47 -75
47 -76
47 -75
47 -76
47 -76
47 -76
47 -76
47 -75
47 -66
47 -76
47 -76
47 -75
47 -75
47 -75
47 -76
47 -75
47 -76
47 -75
47 -76
47 -76
47 -76
47 -76
47 -76
47 -76
47 -77
47 -77
47 -77
47 -78
47 -78
47 -78
47 -78
47 -78
47 -78
47 -78
47 -78
47 -78
47 -78
47 -78
47 -77
47 -78
47 -78
47 -78
47 -78
47 -50
47 -78
47 -78
47 -78
47 -78
47 -77
47 -77
47 -76
47 -73
47 -76
47 -74
47 -73
47 -73
47 -81
47 -83
47 -79
47 -81
47 -70
47 -78
47 -78
47 -79
47 -78
47 -78
47 -78
47 -78
47 -78
47 -78
47 -76
47 -77
47 -76
47 -76
47 -77
47 -77
47 -78
47 -78
47 -79
47 -80
47 -80
47 -70
47 -79
47 -79
47 -79
47 -79
47 -79
47 -80
47 -76
47 -79
47 -79
47 -79
47 -79
47 -78
47 -78
47 -80
47 -79
47 -82
47 -82
47 -81
47 -82
47 -82
47 -81
47 -82
47 -79
47 -82
47 -82
47 -83
47 -83
47 -84
47 -83
47 -83
48 -74
48 -74
48 -74
48 -74
48 -75
48 -67
48 -76
48 -76
48 -77
48 -76
48 -76
48 -75
48 -74
48 -77
48 -78
48 -77
48 -73
48 -73
48 -73
48 -73
48 -73
48 -74
48 -75
48 -76
48 -74
48 -76
48 -74
48 -72
48 -72
48 -76
48 -75
48 -72
48 -72
48 -72
48 -72
48 -72
48 -72
48 -72
48 -72
48 -72
48 -72
48 -72
48 -73
48 -73
48 -73
48 -73
48 -73
48 -74
48 -74
48 -75
48 -75
48 -74
48 -74
48 -74
48 -75
48 -76
48 -78
48 -78
48 -78
48 -78
48 -78
48 -77
48 -76
48 -78
48 -79
48 -79
48 -78
48 -78
48 -79
48 -79
48 -78
48 -76
48 -77
48 -77
48 -63
48 -77
48 -77
48 -78
48 -79
48 -79
48 -79
48 -80
48 -80
48 -73
48 -79
48 -60
48 -80
48 -81
48 -80
48 -82
48 -80
48 -81
48 -79
48 -79
48 -78
48 -78
48 -78
48 -78
48 -78
48 -78
48 -78
48 -75
48 -78
48 -78
48 -78
48 -78
48 -79
48 -79
48 -79
48 -79
48 -74
48 -80
48 -80
48 -80
48 -73
48 -82
48 -82
48 -82
48 -81
48 -78
48 -78
48 -80
48 -81
48 -80
48 -67
48 -81
48 -82
48 -72
48 -83
48 -83
48 -82
48 -80
48 -80
48 -64
48 -79
48 -80
48 -81
48 -82
48 -84
48 -83
48 -81
48 -80
48 -79
48 -78
48 -78
48 -78
48 -77
48 -77
48 -77
48 -78
48 -78
48 -79
48 -79
48 -79
48 -80
48 -81
48 -82
48 -83
48 -83
48 -83
48 -72
48 -83
48 -82
48 -82
48 -83
48 -83
48 -79
48 -76
48 -60
48 -76
48 -74
48 -72
48 -72
48 -73
48 -72
48 -72
48 -72
48 -73
48 -73
48 -73
48 -73
48 -75
48 -74
48 -75
48 -75
48 -76
48 -76
48 -76
48 -76
48 -71
48 -74
48 -75
48 -71
48 -75
48 -74
48 -74
48 -75
48 -74
48 -75
48 -73
48 -73
48 -73
48 -73
48 -74
48 -74
48 -74
48 -73
48 -73
48 -69
48 -73
48 -73
48 -74
48 -73
48 -74
48 -74
48 -74
48 -74
48 -74
48 -74
48 -74
48 -74
48 -74
48 -74
48 -74
48 -73
48 -74
48 -74
48 -74
48 -74
48 -73
48 -73
48 -73
48 -73
48 -73
48 -74
48 -74
48 -73
48 -73
48 -73
48 -72
48 -72
48 -72
48 -72
48 -72
48 -72
48 -72
48 -72
48 -72
48 -72
48 -72
48 -72
48 -68
48 -72
48 -72
48 -73
48 -73
48 -57
49 -82
49 -82
49 -85
49 -81
49 -80
49 -78
49 -77
49 -78
49 -79
49 -81
49 -80
49 -81
49 -83
49 -82
49 -83
49 -82
49 -81
49 -79
49 -80
49 -81
49 -81
49 -81
49 -82
49 -52
49 -84
49 -85
49 -84
49 -86
49 -68
49 -85
49 -78
49 -84
49 -66
49 -67
49 -86
49 -85
49 -85
49 -85
49 -86
49 -86
49 -84
49 -84
49 -84
49 -84
49 -84
49 -85
49 -84
49 -84
49 -84
49 -84
49 -83
49 -70
49 -84
49 -83
49 -82
49 -81
49 -81
49 -81
49 -82
49 -83
49 -84
49 -84
49 -87
49 -83
49 -83
49 -84
49 -84
49 -83
49 -83
49 -83
49 -82
49 -83
49 -79
49 -82
49 -83
49 -82
49 -82
49 -84
49 -85
49 -85
49 -85
49 -84
49 -84
49 -84
49 -84
49 -85
49 -84
49 -85
49 -84
49 -84
49 -82
49 -83
49 -82
49 -82
49 -82
49 -82
49 -75
49 -82
49 -83
49 -82
50 -82
50 -81
50 -81
50 -79
50 -80
50 -80
50 -78
50 -80
50 -82
50 -78
50 -77
50 -76
50 -75
50 -75
50 -74
50 -77
50 -73
50 -72
50 -72
50 -70
50 -70
50 -71
50 -70
50 -72
50 -72
50 -72
50 -72
50 -72
50 -72
50 -72
50 -72
50 -71
50 -70
50 -72
50 -72
50 -72
50 -71
50 -72
50 -70
50 -72
50 -71
50 -72
50 -72
50 -71
50 -71
50 -71
50 -71
50 -71
50 -71
50 -71
50 -71
50 -73
50 -73
50 -73
50 -73
50 -73
50 -74
50 -74
50 -73
50 -73
50 -72
50 -72
50 -72
50 -72
50 -72
50 -72
50 -72
50 -73
50 -72
50 -73
50 -74
50 -74
50 -74
50 -75
50 -75
50 -75
50 -75
50 -75
50 -75
50 -76
50 -75
50 -76
50 -75
50 -75
50 -75
50 -75
50 -75
50 -75
50 -75
50 -75
50 -74
50 -75
50 -75
50 -75
50 -76
50 -76
50 -76
50 -75
50 -76
50 -75
50 -75
50 -74
50 -74
50 -74
50 -74
50 -74
50 -73
50 -74
50 -74
50 -74
50 -75
50 -75
50 -75
50 -75
50 -75
50 -75
50 -75
50 -75
50 -76
50 -76
50 -76
50 -76
50 -76
50 -76
50 -76
50 -76
50 -76
50 -76
50 -71
50 -77
50 -78
50 -78
50 -78
50 -73
50 -77
50 -76
50 -71
50 -76
50 -76
50 -75
50 -75
50 -74
50 -75
50 -75
50 -75
50 -75
50 -76
50 -76
50 -76
50 -76
50 -76
50 -76
50 -76
50 -77
50 -77
50 -77
50 -77
50 -76
50 -77
50 -76
50 -77
50 -77
50 -77
50 -78
50 -78
50 -75
50 -78
50 -77
50 -76
50 -74
50 -68
50 -75
50 -74
50 -74
50 -74
50 -74
50 -75
50 -75
50 -75
50 -75
50 -75
50 -76
50 -76
50 -75
50 -75
50 -76
50 -76
50 -76
50 -76
50 -76
50 -75
50 -76
50 -76
50 -76
50 -76
50 -76
50 -76
50 -76
50 -61
50 -76
50 -78
50 -78
50 -76
50 -72
50 -71
50 -70
50 -72
50 -73
50 -73
50 -72
50 -72
50 -72
50 -72
50 -58
50 -73
50 -73
50 -72
50 -72
50 -72
50 -72
50 -74
50 -74
50 -74
50 -74
50 -74
50 -74
50 -74
50 -73
50 -73
50 -73
50 -73
50 -73
50 -74
50 -74
50 -75
50 -75
50 -75
50 -70
50 -75
50 -75
50 -75
50 -75
50 -75
50 -75
50 -75
50 -75
50 -75
50 -74
50 -75
50 -75
50 -75
50 -75
50 -75
50 -75
50 -75
50 -73
50 -75
50 -72
50 -76
50 -75
50 -75
50 -75
50 -72
50 -74
50 -74
50 -74
50 -74
50 -75
50 -74
50 -75
50 -75
50 -75
50 -75
50 -75
50 -75
50 -75
50 -75
50 -75
50 -76
50 -75
50 -76
50 -76
50 -76
50 -75
50 -75
50 -75
50 -75
50 -75
50 -75
50 -75
50 -75
50 -76
50 -76
50 -76
50 -76
50 -76
50 -76
50 -78
51 -70
51 -71
51 -71
51 -71
51 -71
51 -71
51 -76
51 -71
51 -72
51 -76
51 -75
51 -69
51 -76
51 -76
51 -76
51 -76
51 -75
51 -74
51 -72
51 -70
51 -69
51 -70
51 -70
51 -70
51 -70
51 -70
51 -72
51 -80
51 -76
51 -76
51 -78
51 -79
51 -77
51 -76
51 -76
51 -76
51 -76
51 -76
51 -77
51 -76
51 -76
51 -76
51 -76
51 -71
51 -75
51 -74
51 -73
51 -74
51 -74
51 -74
51 -75
51 -75
51 -75
51 -75
51 -75
51 -75
51 -75
51 -74
51 -74
51 -74
51 -75
51 -75
51 -76
51 -76
51 -76
51 -69
51 -76
51 -76
51 -77
51 -76
51 -76
51 -76
51 -76
51 -76
51 -69
51 -63
51 -76
51 -76
51 -75
51 -75
51 -75
51 -75
51 -74
51 -70
51 -74
51 -74
51 -74
51 -74
51 -74
51 -74
51 -74
51 -73
51 -73
51 -72
51 -72
51 -72
51 -73
51 -72
51 -73
51 -72
51 -72
51 -72
51 -72
51 -72
51 -73
51 -74
51 -74
51 -74
51 -75
51 -75
51 -75
51 -74
51 -74
51 -71
51 -73
51 -58
51 -73
51 -73
51 -73
51 -72
51 -72
51 -72
51 -70
51 -72
51 -71
51 -71
51 -71
51 -71
51 -71
51 -71
51 -70
51 -71
51 -71
51 -71
51 -72
51 -67
51 -72
51 -72
51 -73
51 -73
51 -73
51 -73
51 -73
51 -73
51 -73
51 -72
51 -72
51 -73
51 -75
51 -75
51 -75
51 -75
51 -75
51 -75
51 -74
51 -74
51 -74
51 -74
51 -75
51 -75
51 -75
51 -76
51 -74
51 -76
51 -75
51 -76
51 -76
51 -77
51 -77
51 -77
51 -77
51 -77
51 -76
51 -76
51 -76
51 -76
51 -77
51 -76
51 -77
51 -78
51 -77
51 -70
51 -76
51 -75
51 -75
51 -74
51 -74
51 -74
51 -74
51 -75
51 -75
51 -70
51 -75
51 -75
51 -75
51 -76
51 -76
51 -77
51 -77
51 -76
51 -76
51 -76
51 -76
51 -76
51 -76
51 -76
51 -76
51 -76
51 -77
51 -70
51 -76
51 -77
51 -76
51 -73
51 -70
51 -70
51 -70
51 -68
51 -70
51 -72
51 -71
51 -70
51 -72
51 -72
51 -72
51 -72
51 -72
51 -72
51 -72
51 -72
51 -72
51 -72
51 -72
51 -72
51 -70
51 -72
51 -71
51 -71
51 -71
51 -71
51 -71
51 -71
51 -71
51 -72
51 -72
51 -72
51 -71
51 -71
51 -71
51 -72
51 -72
51 -72
51 -63
51 -71
51 -72
51 -71
51 -71
51 -71
51 -71
51 -71
51 -71
51 -71
51 -71
51 -71
51 -71
51 -71
51 -71
51 -71
51 -71
51 -70
51 -72
51 -72
51 -72
51 -72
51 -72
51 -72
51 -72
51 -64
51 -72
51 -72
51 -72
51 -72
51 -50
51 -71
51 -71
51 -71
51 -71
51 -71
51 -71
51 -71
51 -70
51 -71
51 -71
51 -71
51 -70
51 -70
51 -70
51 -70
51 -70
51 -70
51 -70
51 -62
51 -70
51 -70
51 -70
51 -70
51 -70
51 -46
51 -70
51 -70
51 -70
52 -64
52 -64
52 -64
52 -64
52 -64
52 -64
52 -65
52 -67
52 -67
52 -66
52 -63
52 -52
52 -68
52 -67
52 -67
52 -67
52 -66
52 -64
52 -64
52 -64
52 -64
52 -63
52 -53
52 -63
52 -64
52 -65
52 -66
52 -64
52 -62
52 -64
52 -68
52 -78
52 -84
52 -73
52 -81
52 -75
52 -74
52 -70
52 -69
52 -68
52 -66
52 -64
52 -64
52 -64
52 -64
52 -64
52 -64
52 -62
52 -63
52 -63
52 -63
52 -62
52 -63
52 -62
52 -62
52 -62
52 -62
52 -62
52 -61
52 -62
52 -62
52 -62
52 -63
52 -63
52 -63
52 -64
52 -63
52 -64
52 -64
52 -63
52 -63
52 -63
52 -63
52 -63
52 -63
52 -63
52 -63
52 -63
52 -62
52 -64
52 -64
52 -64
52 -64
52 -62
52 -64
52 -64
52 -64
52 -64
52 -64
52 -64
52 -64
52 -64
52 -64
52 -64
52 -64
52 -64
52 -64
52 -64
52 -64
52 -64
52 -64
52 -64
52 -64
52 -64
52 -64
52 -64
52 -64
52 -64
52 -64
52 -64
52 -64
52 -64
52 -64
52 -64
52 -64
52 -64
52 -64
52 -64
52 -64
52 -64
52 -64
52 -64
52 -64
52 -64
52 -64
52 -64
52 -64
52 -64
52 -64
52 -64
52 -64
52 -64
52 -64
52 -64
52 -64
52 -64
52 -64
52 -64
52 -64
52 -64
52 -64
52 -64
52 -64
52 -64
52 -64
52 -64
52 -64
52 -64
52 -64
52 -64
52 -65
52 -65
52 -64
52 -64
52 -64
52 -64
52 -64
52 -64
52 -64
52 -64
52 -64
52 -64
52 -64
52 -64
52 -64
52 -64
52 -63
52 -63
52 -63
52 -63
52 -64
52 -63
52 -63
52 -63
52 -63
52 -63
52 -63
52 -63
52 -64
52 -64
52 -64
52 -64
52 -64
52 -64
52 -64
52 -64
52 -64
52 -64
52 -63
52 -63
52 -63
52 -63
52 -62
52 -62
52 -62
52 -62
52 -62
52 -62
52 -62
52 -62
52 -62
52 -62
52 -62
52 -62
52 -63
52 -63
52 -63
52 -62
52 -63
52 -62
52 -63
52 -63
52 -63
52 -63
52 -63
52 -63
52 -62
52 -63
52 -63
52 -63
52 -63
52 -63
52 -61
52 -62
52 -61
52 -62
52 -61
52 -61
52 -52
52 -61
52 -61
52 -62
52 -62
52 -62
52 -62
52 -62
52 -63
52 -62
52 -62
52 -62
52 -63
52 -63
52 -63
52 -63
52 -60
52 -63
52 -63
52 -63
52 -63
52 -63
52 -63
52 -63
52 -63
52 -63
52 -63
52 -62
52 -62
52 -62
52 -62
52 -62
52 -62
52 -62
52 -62
52 -62
52 -62
52 -62
52 -62
52 -62
52 -62
52 -62
52 -62
52 -63
52 -62
52 -62
52 -62
52 -48
52 -62
52 -63
52 -62
52 -63
52 -63
52 -63
52 -62
52 -62
52 -62
52 -62
52 -63
52 -62
52 -63
52 -62
52 -62
52 -62
52 -63
52 -63
52 -63
52 -62
52 -62
52 -63
52 -63
52 -62
52 -62
52 -63
52 -62
52 -62
52 -62
52 -63
52 -63
52 -63
52 -62
52 -60
52 -62
52 -62
52 -63
52 -62
52 -63
52 -63
52 -63
52 -63
52 -63
53 -64
53 -64
53 -64
53 -63
53 -63
53 -63
53 -64
53 -64
53 -64
53 -67
53 -70
53 -74
53 -75
53 -78
53 -66
53 -67
53 -67
53 -67
53 -64
53 -64
53 -63
53 -62
53 -61
53 -62
53 -65
53 -67
53 -69
53 -68
53 -65
53 -62
53 -62
53 -64
53 -64
53 -65
53 -66
53 -68
53 -69
53 -70
53 -71
53 -71
53 -71
53 -72
53 -72
53 -70
53 -70
53 -70
53 -71
53 -72
53 -73
53 -72
53 -72
53 -72
53 -71
53 -72
53 -72
53 -73
53 -73
53 -73
53 -72
53 -72
53 -70
53 -69
53 -69
53 -70
53 -70
53 -70
53 -68
53 -69
53 -69
53 -70
53 -70
53 -70
53 -72
53 -73
53 -71
53 -71
53 -74
53 -74
53 -75
53 -77
53 -78
53 -78
53 -79
53 -80
53 -80
53 -80
53 -81
53 -84
53 -76
53 -79
53 -80
53 -82
53 -72
53 -82
53 -81
53 -78
53 -76
53 -78
53 -74
53 -78
53 -78
53 -78
53 -78
53 -78
53 -78
53 -78
53 -80
53 -81
53 -83
53 -81
53 -79
53 -79
53 -79
53 -50
53 -78
53 -80
53 -80
53 -81
53 -81
53 -81
53 -82
53 -81
53 -81
53 -78
53 -76
53 -75
53 -75
53 -75
53 -75
53 -75
53 -75
53 -75
53 -76
53 -78
53 -79
53 -81
53 -82
53 -82
53 -82
53 -83
53 -80
53 -81
53 -81
53 -79
53 -77
53 -75
53 -58
53 -74
53 -73
53 -70
53 -72
53 -72
53 -70
53 -72
53 -72
53 -72
53 -72
53 -73
53 -73
53 -74
53 -74
53 -73
53 -73
53 -74
53 -74
53 -73
53 -75
53 -76
53 -76
53 -75
53 -76
53 -70
53 -74
53 -70
53 -68
53 -68
53 -74
53 -77
53 -78
53 -76
53 -76
53 -76
53 -76
53 -68
53 -70
53 -74
53 -82
53 -83
53 -76
53 -79
53 -78
53 -74
53 -70
53 -70
53 -70
53 -70
53 -69
53 -70
53 -70
53 -70
53 -70
53 -70
53 -71
53 -73
53 -75
53 -78
53 -81
53 -78
53 -78
53 -76
53 -76
53 -75
53 -75
53 -75
53 -76
53 -76
53 -76
53 -77
53 -78
53 -77
53 -78
53 -78
53 -77
53 -76
53 -76
53 -77
53 -78
53 -78
53 -78
53 -79
53 -81
53 -79
53 -78
53 -79
53 -78
53 -76
53 -76
53 -74
53 -74
53 -74
53 -74
53 -73
53 -74
53 -74
53 -73
53 -73
53 -73
53 -73
53 -73
53 -74
53 -75
53 -76
53 -71
53 -75
53 -73
53 -72
53 -72
53 -71
53 -71
53 -70
53 -70
53 -71
55 -62
55 -60
55 -64
55 -64
55 -65
55 -59
55 -56
55 -54
55 -54
55 -63
55 -66
55 -63
55 -61
55 -58
55 -60
55 -62
55 -60
55 -60
55 -58
55 -59
55 -58
55 -59
55 -58
55 -57
55 -55
55 -54
55 -52
55 -52
55 -52
55 -51
55 -52
55 -52
55 -54
55 -54
55 -56
55 -58
55 -60
55 -58
55 -56
55 -57
55 -59
55 -57
55 -58
55 -57
55 -56
55 -57
55 -57
55 -58
55 -58
55 -58
55 -59
55 -60
55 -60
55 -58
55 -58
55 -58
55 -58
55 -59
55 -60
55 -60
55 -60
55 -60
55 -60
55 -60
55 -62
55 -63
55 -63
55 -63
55 -62
55 -59
55 -58
55 -59
55 -58
55 -57
55 -57
55 -57
55 -57
55 -57
55 -57
55 -56
55 -56
55 -57
55 -58
55 -58
55 -58
55 -58
55 -58
55 -58
55 -59
55 -59
55 -59
55 -58
55 -58
55 -58
55 -58
55 -57
55 -57
55 -57
55 -57
55 -57
55 -57
55 -57
55 -57
55 -57
55 -57
55 -57
55 -56
55 -56
55 -57
55 -57
55 -58
55 -58
55 -58
55 -58
55 -58
55 -58
55 -59
55 -60
55 -59
55 -61
55 -60
55 -61
55 -60
55 -61
55 -61
55 -61
55 -63
55 -62
55 -60
55 -60
55 -62
55 -60
55 -60
55 -57
55 -59
55 -58
55 -58
55 -59
55 -58
55 -59
55 -59
55 -58
55 -58
55 -60
55 -60
55 -60
55 -60
55 -60
55 -60
55 -59
55 -58
55 -59
55 -59
55 -58
55 -58
55 -58
55 -58
55 -58
55 -58
55 -57
55 -57
55 -57
55 -57
55 -56
55 -56
55 -58
55 -58
55 -61
55 -63
55 -64
55 -65
55 -67
55 -68
55 -67
55 -71
55 -72
55 -70
55 -70
55 -69
55 -69
55 -69
55 -68
55 -66
55 -66
55 -65
55 -64
55 -64
55 -64
55 -64
55 -63
55 -64
55 -64
55 -64
55 -64
55 -64
55 -64
55 -65
55 -66
55 -67
55 -68
55 -69
55 -72
55 -72
55 -69
55 -66
55 -63
55 -61
55 -60
55 -60
55 -60
55 -60
55 -60
55 -60
55 -60
55 -61
55 -61
55 -60
55 -61
55 -62
55 -63
55 -63
55 -65
55 -70
55 -70
55 -72
55 -75
55 -76
55 -81
55 -82
55 -80
55 -69
55 -64
55 -62
55 -58
55 -55
55 -58
55 -62
55 -64
55 -68
55 -70
55 -66
55 -59
55 -55
55 -60
55 -60
55 -61
55 -60
55 -60
55 -60
55 -60
55 -61
55 -61
55 -60
55 -60
55 -60
55 -60
55 -60
55 -60
55 -59
55 -59
55 -59
55 -59
55 -58
55 -59
55 -59
55 -59
55 -59
55 -60
55 -60
55 -60
55 -62
55 -63
55 -63
55 -64
55 -63
55 -63
55 -63
55 -63
55 -62
55 -63
55 -63
55 -63
55 -63
55 -62
55 -63
55 -63
55 -63
55 -63
55 -63
55 -63
55 -63
55 -63
55 -63
55 -63
55 -63
55 -63
55 -62
55 -63
55 -64
55 -64
55 -63
55 -63
55 -63
55 -64
55 -64
55 -64
55 -64
55 -64
55 -64
55 -64
55 -63
55 -64
55 -64
55 -63
55 -63
55 -63
55 -63
55 -63
55 -63
55 -64
55 -64
55 -63
55 -63
55 -63
55 -63
55 -62
55 -61
55 -56
55 -63
55 -63
55 -64
55 -64
55 -64
55 -64
55 -64
55 -64
55 -64
55 -64
55 -64
56 -82
56 -82
56 -79
56 -76
56 -78
56 -78
56 -75
56 -76
56 -75
56 -66
56 -78
56 -82
56 -77
56 -75
56 -73
56 -73
56 -76
56 -81
56 -76
56 -74
56 -73
56 -76
56 -82
56 -81
56 -78
56 -78
56 -76
56 -76
56 -76
56 -75
56 -75
56 -73
56 -73
56 -74
56 -66
56 -75
56 -74
56 -74
56 -74
56 -75
56 -75
56 -70
56 -76
56 -76
56 -69
56 -74
56 -74
56 -70
56 -76
56 -75
56 -77
56 -77
56 -76
56 -76
56 -77
56 -77
56 -77
56 -76
56 -75
56 -74
56 -74
56 -75
56 -74
56 -75
56 -75
56 -75
56 -72
56 -75
56 -76
56 -76
56 -77
56 -77
56 -78
56 -80
56 -80
56 -79
56 -67
56 -79
56 -78
56 -78
56 -79
56 -80
56 -79
56 -70
56 -78
56 -79
56 -78
56 -78
56 -78
56 -78
56 -78
56 -76
56 -76
56 -76
56 -76
56 -78
56 -77
56 -76
56 -76
56 -77
56 -77
56 -74
56 -64
56 -79
56 -79
56 -79
56 -78
56 -80
56 -80
56 -80
56 -73
56 -79
56 -78
56 -80
56 -79
56 -79
56 -79
56 -80
56 -79
56 -80
56 -80
56 -82
56 -81
56 -82
56 -82
56 -84
56 -86
56 -84
56 -82
56 -82
56 -81
56 -80
56 -78
56 -78
56 -78
56 -77
56 -76
56 -76
56 -76
56 -77
56 -77
56 -78
56 -78
56 -78
56 -79
56 -78
56 -80
56 -82
56 -82
56 -78
56 -83
56 -83
56 -82
56 -76
56 -76
56 -80
56 -78
56 -74
56 -71
56 -72
56 -70
56 -70
56 -70
56 -70
56 -70
56 -71
56 -71
56 -71
56 -71
56 -72
56 -72
56 -72
56 -73
56 -65
56 -75
56 -75
56 -75
56 -76
56 -76
56 -76
56 -76
56 -52
56 -77
56 -76
56 -79
56 -79
56 -78
56 -76
56 -74
56 -75
56 -74
56 -73
56 -70
56 -76
56 -78
56 -78
56 -77
56 -78
56 -78
56 -78
56 -81
56 -80
56 -82
56 -83
56 -85
56 -81
56 -81
56 -80
56 -81
56 -80
56 -84
56 -85
56 -84
56 -78
56 -79
56 -78
56 -81
56 -80
56 -81
56 -78
56 -80
56 -66
56 -78
56 -80
56 -78
56 -82
56 -82
56 -82
56 -81
56 -82
56 -83
56 -83
56 -82
56 -82
56 -82
56 -84
56 -84
56 -84
56 -84
57 -83
57 -73
57 -77
57 -80
57 -79
57 -78
57 -76
57 -76
57 -77
57 -74
57 -73
57 -72
57 -73
57 -70
57 -72
57 -72
57 -70
57 -71
57 -73
57 -74
57 -76
57 -76
57 -76
57 -74
57 -73
57 -72
57 -71
57 -71
57 -71
57 -70
57 -70
57 -69
57 -70
57 -67
57 -70
57 -70
57 -70
57 -70
57 -70
57 -71
57 -70
57 -70
57 -70
57 -70
57 -70
57 -68
57 -70
57 -70
57 -70
57 -70
57 -70
57 -70
57 -70
57 -70
57 -70
57 -70
57 -70
57 -70
57 -70
57 -70
57 -70
57 -71
57 -71
57 -70
57 -70
57 -70
57 -70
57 -71
57 -71
57 -70
57 -70
57 -70
57 -70
57 -70
57 -70
57 -70
57 -70
57 -70
57 -70
57 -70
57 -70
57 -70
57 -70
57 -70
57 -70
57 -70
57 -70
57 -69
57 -70
57 -71
57 -71
57 -70
57 -70
57 -70
57 -70
57 -70
57 -70
57 -70
57 -70
57 -70
57 -70
57 -70
57 -70
57 -68
57 -65
57 -66
57 -70
57 -70
57 -63
57 -70
57 -70
57 -70
57 -70
57 -70
57 -70
57 -67
57 -70
57 -70
57 -70
57 -70
57 -70
57 -70
57 -70
57 -66
57 -68
57 -70
57 -70
57 -70
57 -70
57 -70
57 -70
57 -70
57 -70
57 -70
57 -70
57 -70
57 -70
57 -70
57 -70
57 -70
57 -70
57 -70
57 -69
57 -70
57 -70
57 -70
57 -70
57 -70
57 -70
57 -70
57 -70
57 -70
57 -70
57 -70
57 -70
57 -70
57 -70
57 -70
57 -70
57 -70
57 -70
57 -70
57 -70
57 -70
57 -67
57 -71
57 -70
57 -71
57 -70
57 -71
57 -71
57 -71
57 -71
57 -71
57 -71
57 -71
57 -71
57 -68
57 -71
57 -71
57 -71
57 -72
57 -70
57 -70
57 -71
57 -71
57 -70
57 -58
57 -70
57 -71
57 -71
57 -71
57 -70
57 -56
57 -71
57 -71
57 -70
57 -71
57 -71
57 -71
57 -72
57 -71
57 -71
57 -71
57 -71
57 -71
57 -72
57 -71
57 -69
57 -72
57 -57
57 -72
57 -71
57 -72
57 -72
57 -72
57 -72
57 -72
57 -72
57 -72
57 -72
57 -70
57 -73
57 -72
57 -72
57 -71
57 -70
57 -70
57 -71
57 -71
57 -72
57 -72
57 -69
57 -73
57 -74
57 -73
57 -62
57 -72
57 -73
57 -73
57 -73
57 -72
57 -72
57 -72
57 -71
57 -72
57 -72
57 -64
57 -72
57 -72
57 -72
57 -72
57 -72
57 -73
57 -73
57 -73
57 -74
57 -74
57 -73
57 -73
57 -74
57 -74
57 -74
57 -74
57 -74
57 -74
57 -74
57 -74
57 -75
57 -75
57 -68
57 -74
57 -74
57 -75
57 -74
57 -75
57 -69
57 -75
57 -74
57 -74
57 -74
57 -66
57 -75
57 -74
57 -74
57 -74
57 -75
57 -74
57 -74
57 -75
57 -76
57 -76
57 -75
57 -76
57 -76
57 -76
57 -76
57 -75
57 -76
57 -76
57 -75
57 -76
57 -75
57 -74
57 -75
57 -74
57 -74
57 -76
57 -76
57 -76
57 -76
57 -67
57 -75
57 -63
57 -77
57 -61
58 -84
58 -81
58 -79
58 -83
58 -83
58 -83
58 -81
58 -79
58 -81
58 -82
58 -82
58 -82
58 -83
58 -76
58 -75
58 -74
58 -74
58 -74
58 -72
58 -73
58 -73
58 -73
58 -72
58 -72
58 -73
58 -74
58 -74
58 -74
58 -75
58 -75
58 -76
58 -76
58 -76
58 -76
58 -76
58 -77
58 -76
58 -76
58 -76
58 -76
58 -77
58 -78
58 -78
58 -76
58 -68
58 -78
58 -78
58 -79
58 -79
58 -80
58 -82
58 -81
58 -80
58 -80
58 -80
58 -79
58 -78
58 -78
58 -78
58 -70
58 -78
58 -78
58 -68
58 -78
58 -70
58 -76
58 -76
58 -76
58 -76
58 -76
58 -76
58 -76
58 -76
58 -76
58 -75
58 -76
58 -75
58 -76
58 -75
58 -76
58 -75
58 -75
58 -75
58 -75
58 -76
58 -75
58 -76
58 -76
58 -76
58 -78
58 -77
58 -78
58 -78
58 -78
58 -78
58 -78
58 -78
58 -78
58 -77
58 -77
58 -77
58 -76
58 -76
58 -76
58 -76
58 -75
58 -75
58 -75
58 -76
58 -75
58 -76
58 -75
58 -76
58 -76
58 -76
58 -76
58 -76
58 -76
58 -76
58 -73
58 -76
58 -76
58 -76
58 -77
58 -76
58 -76
58 -76
58 -76
58 -76
58 -75
58 -76
58 -76
58 -77
58 -76
58 -76
58 -76
58 -76
58 -76
58 -76
58 -76
58 -76
58 -76
58 -76
58 -76
58 -76
58 -76
58 -76
58 -76
58 -76
58 -76
58 -77
58 -78
58 -78
58 -78
58 -78
58 -78
58 -78
58 -78
58 -78
58 -77
58 -77
58 -77
58 -77
58 -76
58 -77
58 -76
58 -71
58 -76
58 -77
58 -78
58 -78
58 -78
58 -78
58 -78
58 -79
58 -79
58 -79
58 -79
58 -82
58 -82
58 -83
58 -83
58 -82
58 -83
58 -83
58 -83
58 -83
58 -82
58 -81
58 -81
58 -82
58 -81
58 -81
58 -80
58 -80
58 -71
58 -79
58 -78
58 -78
58 -84
58 -70
58 -79
58 -78
58 -78
58 -78
58 -82
58 -81
58 -81
58 -83
58 -82
58 -79
58 -79
58 -80
58 -83
58 -84
58 -82
58 -82
58 -82
58 -82
58 -82
58 -82
58 -82
58 -78
58 -81
58 -83
58 -84
58 -84
58 -84
58 -84
58 -83
58 -84
58 -85
58 -83
58 -82
58 -83
58 -84
58 -83
58 -83
58 -66
58 -83
58 -84
58 -82
58 -74
58 -84
58 -84
58 -84
59 -79
59 -79
59 -79
59 -81
59 -80
59 -79
59 -78
59 -78
59 -76
59 -51
59 -72
59 -78
59 -78
59 -78
59 -78
59 -78
59 -77
59 -78
59 -80
59 -80
59 -80
59 -81
59 -80
59 -58
59 -78
59 -76
59 -79
59 -81
59 -81
59 -81
59 -81
59 -80
59 -78
59 -78
59 -79
59 -78
59 -78
59 -78
59 -77
59 -78
59 -78
59 -78
59 -77
59 -77
59 -76
59 -77
59 -76
59 -76
59 -76
59 -75
59 -75
59 -75
59 -75
59 -71
59 -75
59 -75
59 -75
59 -74
59 -73
59 -74
59 -73
59 -73
59 -71
59 -73
59 -74
59 -74
59 -74
59 -70
59 -75
59 -74
59 -75
59 -74
59 -74
59 -74
59 -68
59 -75
59 -74
59 -74
59 -74
59 -74
59 -74
59 -74
59 -74
59 -74
59 -74
59 -74
59 -58
59 -74
59 -74
59 -75
59 -75
59 -74
59 -75
59 -75
59 -75
59 -75
59 -74
59 -75
59 -74
59 -74
59 -75
59 -75
59 -75
59 -74
59 -74
59 -74
59 -74
59 -75
59 -65
59 -74
59 -74
59 -74
59 -74
59 -74
59 -74
59 -69
59 -73
59 -74
59 -74
59 -74
59 -75
59 -74
59 -74
59 -74
59 -74
59 -74
59 -74
59 -74
59 -74
59 -74
59 -74
59 -73
59 -73
59 -72
59 -72
59 -73
59 -72
59 -72
59 -73
59 -73
59 -73
59 -74
59 -73
59 -74
59 -74
59 -74
59 -74
59 -73
59 -74
59 -73
59 -74
59 -73
59 -73
59 -73
59 -73
59 -73
59 -73
59 -73
59 -73
59 -72
59 -73
59 -73
59 -73
59 -72
59 -72
59 -73
59 -72
59 -73
59 -73
59 -73
59 -73
59 -74
59 -74
59 -74
59 -75
59 -75
59 -75
59 -75
59 -75
59 -75
59 -75
59 -75
59 -75
59 -74
59 -74
59 -67
59 -74
59 -74
59 -74
59 -74
59 -74
59 -73
59 -73
59 -73
59 -74
59 -74
59 -74
59 -73
59 -74
59 -74
59 -73
59 -73
59 -73
59 -73
59 -75
59 -74
59 -75
59 -74
59 -75
59 -75
59 -76
59 -77
59 -77
59 -77
59 -78
59 -62
59 -77
59 -77
59 -77
59 -76
59 -76
59 -76
59 -76
59 -76
59 -76
59 -63
59 -76
59 -76
59 -64
59 -76
59 -76
59 -76
59 -76
59 -76
59 -77
59 -77
59 -77
59 -78
59 -78
59 -79
59 -78
59 -78
59 -78
59 -78
59 -78
59 -78
59 -78
59 -78
59 -78
59 -78
59 -78
59 -78
59 -77
59 -76
59 -76
59 -78
59 -77
59 -76
59 -67
59 -77
59 -77
59 -78
59 -77
59 -77
59 -77
59 -77
59 -77
59 -78
59 -77
59 -77
59 -77
59 -78
59 -77
59 -78
59 -78
59 -77
59 -77
59 -77
59 -77
59 -77
59 -78
59 -78
59 -77
59 -78
59 -78
59 -78
59 -78
59 -78
59 -78
59 -78
59 -78
60 -73
60 -73
60 -73
60 -73
60 -73
60 -73
60 -73
60 -59
60 -72
60 -71
60 -70
60 -72
60 -72
60 -73
60 -73
60 -73
60 -73
60 -74
60 -74
60 -78
60 -80
60 -76
60 -75
60 -76
60 -76
60 -76
60 -76
60 -76
60 -76
60 -76
60 -72
60 -76
60 -68
60 -76
60 -76
60 -76
60 -76
60 -75
60 -75
60 -75
60 -75
60 -75
60 -75
60 -75
60 -75
60 -68
60 -68
60 -75
60 -75
60 -76
60 -76
60 -76
60 -75
60 -76
60 -76
60 -76
60 -76
60 -76
60 -76
60 -77
60 -78
60 -78
60 -79
60 -79
60 -78
60 -78
60 -78
60 -78
60 -78
60 -78
60 -67
60 -77
60 -77
60 -76
60 -77
60 -76
60 -76
60 -77
60 -77
60 -76
60 -77
60 -74
60 -77
60 -76
60 -76
60 -76
60 -76
60 -76
60 -71
60 -77
60 -77
60 -77
60 -77
60 -77
60 -77
60 -76
60 -75
60 -76
60 -76
60 -76
60 -76
60 -76
60 -76
60 -76
60 -76
60 -76
60 -76
60 -76
60 -76
60 -76
60 -72
60 -76
60 -76
60 -76
60 -78
60 -77
60 -77
60 -76
60 -77
60 -77
60 -77
60 -77
60 -77
60 -77
60 -78
60 -76
60 -77
60 -78
60 -78
60 -77
60 -77
60 -77
60 -77
60 -68
60 -77
60 -76
60 -77
60 -70
60 -78
60 -77
60 -78
60 -78
60 -78
60 -78
60 -78
60 -79
60 -78
60 -79
60 -77
60 -78
60 -77
60 -77
60 -77
60 -76
60 -76
60 -76
60 -76
60 -75
60 -75
60 -76
60 -73
60 -76
60 -76
60 -76
60 -76
60 -76
60 -77
60 -76
60 -77
60 -76
60 -77
60 -77
60 -77
60 -77
60 -74
60 -77
60 -68
60 -76
60 -77
60 -76
60 -76
60 -76
60 -77
60 -76
60 -77
60 -76
60 -76
60 -76
60 -76
60 -76
60 -76
60 -75
60 -76
60 -76
60 -75
60 -76
60 -76
60 -76
60 -77
60 -77
60 -77
60 -73
60 -76
60 -76
60 -76
60 -76
60 -76
60 -75
60 -76
60 -76
60 -76
60 -76
60 -76
60 -76
60 -76
60 -71
60 -76
60 -55
60 -74
60 -75
60 -74
60 -75
60 -75
60 -75
60 -74
60 -73
60 -73
60 -73
60 -73
60 -74
60 -74
60 -74
60 -73
60 -73
60 -72
60 -73
60 -73
60 -73
60 -72
60 -72
60 -72
60 -72
60 -72
60 -72
60 -72
60 -72
60 -72
60 -72
60 -72
60 -72
60 -72
60 -72
60 -72
60 -72
60 -72
60 -72
60 -72
60 -72
60 -72
60 -72
60 -72
60 -72
60 -72
60 -72
60 -72
60 -72
60 -72
60 -72
60 -72
60 -72
60 -72
60 -72
60 -72
60 -72
60 -72
60 -72
60 -72
60 -73
60 -72
60 -60
60 -72
60 -72
60 -72
60 -72
60 -72
60 -72
60 -72
60 -72
60 -72
60 -72
60 -72
60 -72
60 -72
60 -72
60 -72
60 -72
60 -72
60 -72
60 -72
60 -72
60 -72
60 -72
60 -72
60 -72
60 -72
60 -72
60 -72
60 -72
60 -72
