Beacon Rssi
1 -83
1 -83
1 -68
1 -84
1 -84
1 -84
1 -83
1 -83
1 -83
1 -79
1 -83
1 -83
1 -83
1 -83
1 -84
1 -84
1 -83
1 -83
1 -84
1 -84
1 -84
1 -84
1 -84
1 -84
1 -84
1 -83
1 -84
1 -83
1 -83
1 -84
1 -83
1 -83
1 -83
1 -85
1 -83
1 -83
1 -83
1 -83
1 -84
1 -85
3 -82
3 -81
3 -81
3 -82
3 -83
3 -83
3 -84
3 -85
3 -85
3 -84
3 -84
3 -85
3 -83
3 -83
3 -83
3 -70
3 -82
3 -83
3 -83
3 -83
3 -83
3 -84
3 -70
3 -83
3 -82
3 -83
3 -82
3 -83
3 -82
3 -83
3 -82
3 -82
3 -82
3 -82
3 -82
3 -82
3 -82
3 -83
3 -83
3 -83
3 -83
3 -83
3 -83
3 -83
3 -83
3 -82
3 -83
3 -82
3 -83
3 -83
3 -83
3 -64
3 -82
3 -83
3 -83
3 -82
3 -82
3 -84
3 -83
3 -84
3 -83
3 -83
3 -79
3 -84
3 -84
3 -84
3 -84
3 -84
3 -85
3 -85
3 -86
3 -81
3 -84
3 -84
3 -83
3 -83
3 -65
3 -84
3 -84
3 -83
3 -84
3 -76
3 -84
3 -84
3 -83
3 -84
3 -83
3 -84
3 -84
3 -84
3 -84
3 -82
3 -84
3 -83
3 -84
3 -80
3 -83
3 -84
3 -83
3 -83
3 -83
3 -83
3 -84
4 -83
4 -88
4 -87
5 -82
5 -82
5 -83
5 -81
5 -85
5 -84
5 -86
5 -84
5 -83
5 -84
5 -83
5 -83
5 -84
5 -79
5 -84
5 -84
5 -82
5 -80
5 -82
5 -81
5 -81
5 -82
5 -83
5 -83
5 -81
5 -80
5 -82
5 -82
5 -85
5 -85
5 -84
6 -82
6 -78
6 -78
6 -81
6 -80
6 -81
6 -81
6 -81
6 -80
6 -79
6 -81
6 -81
6 -80
6 -77
6 -78
6 -78
6 -80
6 -79
6 -79
6 -79
6 -80
6 -79
6 -78
6 -79
6 -79
6 -80
6 -78
6 -78
6 -76
6 -75
6 -75
6 -74
6 -74
6 -74
6 -76
6 -76
6 -76
6 -77
6 -78
6 -78
6 -77
6 -64
6 -76
6 -76
6 -74
6 -63
6 -76
6 -76
6 -76
6 -77
6 -76
6 -76
6 -76
6 -77
6 -76
6 -76
6 -76
6 -76
6 -76
6 -76
6 -76
6 -77
6 -76
6 -76
6 -76
6 -76
6 -76
6 -76
6 -76
6 -76
6 -76
6 -76
6 -76
6 -76
6 -64
6 -76
6 -76
6 -76
6 -76
6 -76
6 -76
6 -75
6 -76
6 -76
6 -76
6 -75
6 -76
6 -76
6 -76
6 -62
6 -70
6 -76
6 -76
6 -76
6 -63
6 -76
6 -76
6 -76
6 -76
6 -70
6 -53
6 -76
6 -76
6 -76
6 -76
6 -71
6 -77
6 -77
6 -77
6 -77
6 -75
6 -77
6 -77
6 -77
6 -73
6 -76
6 -76
6 -77
6 -77
6 -77
6 -70
6 -77
6 -78
6 -78
6 -78
6 -34
6 -76
6 -78
6 -78
6 -78
6 -79
6 -80
6 -82
6 -83
6 -83
6 -83
6 -84
6 -81
6 -80
6 -80
6 -78
6 -78
6 -78
6 -79
6 -77
6 -80
6 -80
6 -72
6 -78
6 -78
6 -78
6 -78
6 -79
6 -78
6 -80
6 -79
6 -78
6 -78
6 -85
6 -68
6 -79
6 -79
6 -80
6 -80
6 -80
6 -80
6 -79
6 -80
6 -79
6 -79
6 -78
6 -78
6 -78
6 -78
6 -79
6 -79
6 -79
6 -80
6 -77
6 -80
6 -80
6 -80
6 -81
6 -75
6 -81
6 -81
6 -81
6 -81
6 -82
6 -82
6 -81
6 -82
6 -82
6 -82
6 -82
6 -81
6 -81
6 -81
6 -80
6 -78
6 -78
6 -71
6 -78
6 -78
6 -78
6 -78
6 -78
6 -78
6 -80
6 -81
6 -82
6 -83
6 -82
6 -82
6 -74
6 -84
6 -83
6 -81
6 -81
6 -80
6 -81
6 -81
6 -80
6 -78
6 -78
6 -78
6 -74
6 -76
6 -76
6 -76
6 -76
6 -76
6 -76
6 -74
6 -75
6 -76
6 -76
6 -76
6 -77
6 -76
6 -69
6 -78
6 -78
6 -78
6 -78
6 -78
6 -78
6 -78
6 -78
6 -79
6 -81
6 -81
6 -82
6 -82
6 -82
6 -68
6 -80
6 -81
6 -81
6 -82
6 -79
6 -80
6 -76
6 -81
6 -79
6 -78
6 -78
6 -79
6 -80
6 -80
6 -78
6 -78
6 -79
6 -79
6 -79
6 -79
6 -79
6 -79
6 -78
6 -78
6 -78
6 -78
6 -79
6 -75
6 -80
6 -79
6 -80
6 -80
6 -79
6 -80
6 -80
6 -79
6 -79
6 -79
6 -79
6 -77
6 -78
6 -78
6 -79
6 -79
6 -79
6 -79
6 -79
6 -80
7 -70
7 -78
7 -78
7 -75
7 -76
7 -78
7 -76
7 -78
7 -79
7 -78
7 -78
7 -79
7 -79
7 -79
7 -78
7 -78
7 -78
7 -78
7 -78
7 -78
7 -78
7 -76
7 -76
7 -76
7 -76
7 -76
7 -76
7 -76
7 -77
7 -76
7 -75
7 -76
7 -76
7 -78
7 -82
7 -81
7 -78
7 -74
7 -74
7 -75
7 -58
7 -74
7 -75
7 -76
7 -76
7 -78
7 -82
7 -64
7 -82
7 -83
7 -84
7 -82
7 -82
7 -81
7 -79
7 -80
7 -79
7 -77
7 -78
7 -78
7 -64
7 -64
7 -76
7 -76
7 -76
7 -72
7 -76
7 -76
7 -77
7 -76
7 -78
7 -78
7 -79
7 -79
7 -79
7 -79
7 -80
7 -80
7 -80
7 -81
7 -78
7 -82
7 -81
7 -80
7 -80
7 -79
7 -79
7 -79
7 -74
7 -79
7 -78
7 -78
7 -78
7 -78
7 -78
7 -78
7 -78
7 -76
7 -78
7 -78
7 -78
7 -78
7 -78
7 -78
7 -78
7 -78
7 -78
7 -78
7 -76
7 -76
7 -76
7 -74
7 -73
7 -73
7 -76
7 -77
7 -76
7 -73
7 -74
7 -73
7 -72
7 -72
7 -70
7 -72
7 -73
7 -73
7 -73
7 -74
7 -75
7 -76
7 -80
7 -79
7 -78
7 -77
7 -77
7 -76
7 -76
7 -76
7 -73
7 -76
7 -64
7 -76
7 -76
7 -76
7 -76
7 -77
7 -77
7 -76
7 -76
7 -76
7 -75
7 -74
7 -73
7 -73
7 -75
7 -74
7 -73
7 -72
7 -72
7 -71
7 -71
7 -70
7 -71
7 -71
7 -72
7 -72
7 -74
7 -75
7 -75
7 -74
7 -75
7 -75
7 -75
7 -75
7 -76
7 -75
7 -75
7 -75
7 -75
7 -75
7 -66
7 -75
7 -74
7 -75
7 -74
7 -75
7 -75
7 -70
7 -75
7 -77
7 -83
7 -84
7 -79
7 -83
7 -81
7 -81
7 -81
7 -77
7 -64
7 -77
7 -76
7 -76
7 -77
7 -78
7 -78
7 -80
7 -79
7 -78
7 -76
7 -78
7 -78
7 -77
7 -78
7 -78
7 -77
7 -76
7 -76
7 -76
7 -74
7 -74
7 -74
7 -74
7 -74
7 -74
7 -74
7 -74
7 -75
7 -75
7 -76
7 -72
7 -76
7 -76
7 -76
7 -76
7 -76
7 -72
7 -78
7 -77
7 -76
7 -68
7 -76
7 -76
7 -76
7 -76
7 -77
7 -78
7 -78
7 -77
7 -77
7 -78
7 -76
7 -76
7 -76
7 -75
7 -80
7 -83
7 -80
7 -80
7 -78
7 -78
7 -79
7 -78
7 -79
7 -79
7 -78
7 -80
7 -79
7 -79
7 -79
7 -79
7 -74
7 -80
7 -79
7 -79
7 -80
7 -80
7 -79
7 -80
7 -74
7 -79
7 -80
7 -79
7 -79
7 -79
7 -79
7 -79
7 -78
7 -78
7 -79
7 -79
8 -74
8 -74
8 -74
8 -74
8 -74
8 -74
8 -46
8 -74
8 -72
8 -74
8 -74
8 -74
8 -74
8 -73
8 -76
8 -76
8 -76
8 -77
8 -77
8 -76
8 -78
8 -77
8 -77
8 -76
8 -77
8 -78
8 -77
8 -76
8 -76
8 -76
8 -76
8 -67
8 -76
8 -76
8 -77
8 -77
8 -78
8 -78
8 -79
8 -80
8 -80
8 -80
8 -82
8 -83
8 -82
8 -79
8 -78
8 -75
8 -75
8 -74
8 -75
8 -75
8 -75
8 -75
8 -74
8 -74
8 -75
8 -74
8 -74
8 -74
8 -74
8 -52
8 -74
8 -74
8 -74
8 -75
8 -76
8 -75
8 -77
8 -76
8 -76
8 -76
8 -76
8 -77
8 -76
8 -78
8 -78
8 -78
8 -78
8 -78
8 -78
8 -78
8 -78
8 -77
8 -77
8 -76
8 -77
8 -76
8 -77
8 -76
8 -76
8 -76
8 -76
8 -76
8 -75
8 -75
8 -75
8 -74
8 -71
8 -73
8 -73
8 -73
8 -74
8 -70
8 -74
8 -74
8 -70
8 -75
8 -74
8 -75
8 -76
8 -76
8 -76
8 -76
8 -78
8 -78
8 -76
8 -76
8 -76
8 -76
8 -76
8 -76
8 -76
8 -76
8 -75
8 -75
8 -75
8 -75
8 -73
8 -75
8 -74
8 -74
8 -75
8 -75
8 -74
8 -75
8 -75
8 -75
8 -75
8 -75
8 -75
8 -75
8 -74
8 -74
8 -74
8 -74
8 -74
8 -74
8 -74
8 -74
8 -75
8 -75
8 -75
8 -66
8 -75
8 -65
8 -72
8 -72
8 -72
8 -71
8 -69
8 -70
8 -71
8 -70
8 -71
8 -72
8 -70
8 -73
8 -72
8 -71
8 -72
8 -72
8 -72
8 -72
8 -74
8 -75
8 -77
8 -77
8 -77
8 -78
8 -78
8 -78
8 -78
8 -81
8 -82
8 -83
8 -83
8 -81
8 -80
8 -80
8 -82
8 -83
8 -84
8 -80
8 -78
8 -64
8 -76
8 -75
8 -81
8 -74
8 -75
8 -75
8 -76
8 -76
8 -76
8 -77
8 -78
8 -77
8 -80
8 -81
8 -83
8 -84
8 -79
8 -74
8 -71
8 -70
8 -70
8 -70
8 -70
8 -70
8 -71
8 -72
8 -72
8 -72
8 -72
8 -73
8 -74
8 -75
8 -76
8 -76
8 -79
8 -80
8 -80
8 -80
8 -82
8 -80
8 -81
8 -83
8 -77
8 -81
8 -81
8 -80
8 -80
8 -82
8 -82
8 -83
8 -82
8 -84
9 -79
9 -79
9 -82
9 -83
9 -84
9 -58
9 -87
9 -82
9 -81
9 -83
9 -78
9 -76
9 -76
9 -76
9 -77
9 -78
9 -79
9 -80
9 -81
9 -81
9 -81
9 -82
9 -82
9 -83
9 -82
9 -82
9 -81
9 -80
9 -80
9 -80
9 -81
9 -81
9 -81
9 -81
9 -82
9 -81
9 -80
9 -78
9 -70
9 -78
9 -77
9 -78
9 -78
9 -79
9 -79
9 -79
9 -80
9 -80
9 -80
9 -81
9 -72
9 -82
9 -83
9 -82
9 -82
9 -82
9 -82
9 -79
9 -82
9 -82
9 -82
9 -82
9 -82
9 -82
9 -83
9 -84
9 -85
9 -83
9 -81
9 -79
9 -80
9 -79
9 -81
9 -81
9 -80
9 -80
9 -80
9 -82
9 -84
9 -82
9 -81
9 -70
9 -79
9 -78
9 -78
9 -77
9 -76
9 -76
9 -76
9 -76
9 -76
9 -76
9 -78
9 -78
9 -78
9 -79
9 -79
9 -79
9 -79
9 -79
9 -80
9 -81
9 -81
9 -74
9 -81
9 -81
9 -74
9 -80
9 -81
9 -83
9 -80
9 -83
9 -85
9 -84
10 -80
10 -79
10 -79
10 -79
10 -80
10 -80
10 -80
10 -80
10 -83
10 -79
10 -76
10 -71
10 -79
10 -79
10 -79
10 -78
10 -78
10 -77
10 -77
10 -77
10 -78
10 -79
10 -80
10 -82
10 -78
10 -76
10 -76
10 -75
10 -77
10 -77
10 -78
10 -75
10 -77
10 -78
10 -81
10 -78
10 -77
10 -74
10 -76
10 -75
10 -76
10 -75
10 -75
10 -76
10 -76
10 -77
10 -77
10 -77
10 -76
10 -73
10 -77
10 -77
10 -76
10 -76
10 -76
10 -70
10 -75
10 -76
10 -76
10 -75
10 -75
10 -76
10 -71
10 -75
10 -75
10 -75
10 -74
10 -74
10 -73
10 -73
10 -68
10 -73
10 -74
10 -74
10 -73
10 -74
10 -73
10 -49
10 -73
10 -74
10 -73
10 -74
10 -75
10 -75
10 -76
10 -76
10 -76
10 -76
10 -76
10 -76
10 -77
10 -78
10 -78
10 -78
10 -79
10 -72
10 -80
10 -78
10 -78
10 -76
10 -77
10 -78
10 -76
10 -76
10 -76
10 -76
10 -69
10 -76
10 -76
10 -76
10 -76
10 -77
10 -76
10 -77
10 -76
10 -76
10 -77
10 -77
10 -70
10 -77
10 -77
10 -77
10 -78
10 -78
10 -78
10 -77
10 -77
10 -76
10 -76
10 -76
10 -74
10 -73
10 -73
10 -72
10 -79
10 -72
10 -74
10 -76
10 -78
10 -82
10 -80
10 -79
10 -80
10 -83
10 -81
10 -81
10 -80
10 -79
10 -79
10 -81
10 -81
10 -78
10 -79
10 -78
10 -77
10 -76
10 -76
10 -76
10 -79
10 -79
10 -79
10 -78
10 -77
10 -76
10 -76
10 -77
10 -76
10 -76
10 -77
10 -64
10 -76
10 -76
10 -76
10 -76
10 -76
10 -76
10 -76
10 -76
10 -76
10 -76
10 -76
10 -76
10 -67
10 -76
10 -76
10 -76
10 -76
10 -76
10 -76
10 -76
10 -76
10 -79
10 -83
10 -80
10 -78
10 -77
10 -69
10 -76
10 -78
10 -79
10 -80
10 -80
10 -80
10 -82
10 -82
10 -82
10 -82
10 -81
10 -80
10 -64
10 -81
10 -81
10 -82
10 -82
10 -81
10 -80
10 -78
10 -77
10 -76
10 -76
10 -76
10 -76
10 -76
10 -76
10 -78
10 -78
10 -80
10 -81
10 -82
10 -84
10 -83
10 -81
10 -79
10 -78
10 -78
10 -77
10 -76
10 -78
10 -78
10 -79
10 -78
10 -80
10 -80
10 -80
10 -78
10 -76
10 -76
10 -79
10 -81
10 -81
10 -78
10 -77
10 -78
10 -82
11 -83
11 -74
11 -84
11 -76
11 -84
11 -82
11 -82
11 -82
11 -81
11 -82
11 -81
11 -81
11 -82
11 -80
11 -80
11 -81
11 -82
11 -81
11 -80
11 -80
11 -81
11 -80
11 -81
11 -80
11 -80
11 -79
11 -80
11 -80
11 -80
11 -80
11 -80
11 -80
11 -80
11 -80
11 -79
11 -79
11 -78
11 -78
11 -78
11 -78
11 -75
11 -79
11 -81
11 -82
11 -82
11 -82
11 -81
11 -80
11 -81
11 -81
11 -81
11 -82
11 -80
11 -86
11 -76
11 -81
11 -81
11 -81
11 -82
11 -83
11 -84
11 -83
11 -75
11 -83
11 -83
11 -83
11 -84
11 -84
11 -85
12 -81
12 -82
12 -83
12 -82
12 -69
12 -81
12 -67
12 -83
12 -83
12 -84
12 -85
12 -85
12 -84
12 -85
12 -85
12 -85
12 -84
12 -84
12 -87
12 -86
12 -82
12 -80
12 -69
12 -80
12 -79
12 -79
12 -76
12 -75
12 -77
12 -79
13 -82
13 -80
13 -78
13 -78
13 -81
13 -82
13 -81
13 -80
13 -77
13 -75
13 -73
13 -74
13 -75
13 -76
13 -75
13 -67
13 -74
13 -74
13 -74
13 -74
13 -75
13 -76
13 -76
13 -76
13 -80
13 -77
13 -76
13 -77
13 -77
13 -78
13 -81
13 -77
13 -76
13 -75
13 -76
13 -76
13 -76
13 -75
13 -76
13 -76
13 -76
13 -75
13 -76
13 -75
13 -76
13 -74
13 -75
13 -75
13 -75
13 -75
13 -75
13 -74
13 -74
13 -74
13 -73
13 -74
13 -73
13 -74
13 -74
13 -75
13 -64
13 -76
13 -75
13 -74
13 -74
13 -75
13 -75
13 -74
13 -74
13 -73
13 -74
13 -74
13 -74
13 -74
13 -74
13 -74
13 -74
13 -73
13 -74
13 -73
13 -74
13 -74
13 -74
13 -75
13 -76
13 -76
13 -76
13 -73
13 -76
13 -76
13 -76
13 -76
13 -78
13 -78
13 -78
13 -79
13 -80
13 -79
13 -80
13 -83
13 -80
13 -79
13 -80
13 -78
13 -34
13 -78
13 -81
13 -79
13 -76
13 -74
13 -73
13 -74
13 -84
13 -78
13 -78
13 -78
13 -77
13 -78
13 -78
13 -77
13 -80
13 -81
13 -80
13 -80
13 -80
13 -80
13 -81
13 -81
13 -79
13 -80
13 -81
13 -84
13 -83
13 -84
13 -84
13 -83
13 -82
13 -81
13 -81
13 -64
13 -82
13 -82
13 -81
13 -82
13 -82
13 -82
13 -82
13 -83
13 -82
13 -82
13 -83
13 -83
13 -81
13 -75
13 -75
13 -75
13 -72
13 -75
13 -75
13 -75
13 -75
13 -76
13 -78
13 -83
13 -84
13 -81
13 -81
13 -82
13 -82
13 -83
13 -80
13 -78
13 -75
13 -75
13 -75
13 -74
13 -75
13 -74
13 -74
13 -74
13 -74
13 -75
13 -75
13 -75
13 -75
13 -76
13 -76
13 -76
13 -76
13 -77
13 -78
13 -78
13 -77
13 -78
13 -80
13 -81
13 -82
13 -83
13 -81
13 -81
13 -80
13 -73
13 -80
13 -60
13 -81
13 -79
13 -78
13 -79
13 -78
13 -78
13 -78
13 -76
13 -78
13 -76
13 -75
13 -76
13 -77
13 -76
13 -75
13 -77
13 -77
13 -76
13 -76
13 -76
13 -77
13 -77
13 -78
13 -73
13 -78
13 -78
13 -77
13 -78
13 -78
13 -68
13 -75
13 -77
13 -77
13 -77
13 -76
13 -76
13 -76
13 -77
13 -76
13 -76
13 -77
13 -76
13 -76
13 -76
13 -77
13 -76
13 -76
13 -76
13 -76
13 -77
13 -77
14 -70
14 -72
14 -72
14 -72
14 -71
14 -70
14 -71
14 -70
14 -71
14 -66
14 -71
14 -70
14 -72
14 -71
14 -72
14 -71
14 -70
14 -63
14 -70
14 -73
14 -72
14 -73
14 -73
14 -73
14 -73
14 -74
14 -76
14 -76
14 -76
14 -75
14 -76
14 -76
14 -76
14 -74
14 -76
14 -70
14 -73
14 -74
14 -75
14 -72
14 -70
14 -69
14 -69
14 -68
14 -67
14 -66
14 -66
14 -66
14 -64
14 -66
14 -66
14 -66
14 -65
14 -64
14 -66
14 -67
14 -67
14 -68
14 -67
14 -68
14 -66
14 -68
14 -69
14 -57
14 -70
14 -70
14 -70
14 -72
14 -72
14 -70
14 -70
14 -70
14 -71
14 -71
14 -71
14 -70
14 -70
14 -70
14 -70
14 -71
14 -70
14 -70
14 -70
14 -71
14 -72
14 -72
14 -72
14 -71
14 -72
14 -72
14 -72
14 -71
14 -70
14 -70
14 -70
14 -72
14 -74
14 -75
14 -75
14 -75
14 -75
14 -75
14 -74
14 -74
14 -73
14 -72
14 -74
14 -72
14 -71
14 -70
14 -70
14 -70
14 -70
14 -71
14 -72
14 -72
14 -72
14 -70
14 -74
14 -75
14 -76
14 -73
14 -71
14 -71
14 -72
14 -72
14 -71
14 -71
14 -72
14 -72
14 -71
14 -72
14 -71
14 -72
14 -72
14 -72
14 -72
14 -72
14 -72
14 -72
14 -71
14 -72
14 -64
14 -67
14 -69
14 -70
14 -70
14 -71
14 -72
14 -72
14 -75
14 -66
14 -72
14 -75
14 -68
14 -67
14 -69
14 -68
14 -67
14 -72
14 -72
14 -72
14 -75
14 -76
14 -75
14 -75
14 -75
14 -75
14 -75
14 -75
14 -74
14 -72
14 -72
14 -71
14 -71
14 -71
14 -71
14 -71
14 -70
14 -70
14 -70
14 -70
14 -70
14 -70
14 -70
14 -70
14 -70
14 -70
14 -70
14 -70
14 -68
14 -67
14 -70
14 -70
14 -70
14 -70
14 -70
14 -70
14 -70
14 -69
14 -69
14 -69
14 -70
14 -70
14 -70
14 -70
14 -70
14 -70
14 -70
14 -68
14 -70
14 -70
14 -70
14 -70
14 -70
14 -70
14 -70
14 -69
14 -70
14 -71
14 -70
14 -70
14 -68
14 -69
14 -70
14 -70
14 -68
14 -66
14 -68
14 -69
14 -68
14 -68
14 -69
14 -69
14 -69
14 -69
14 -65
14 -69
14 -70
14 -70
14 -68
14 -67
14 -68
14 -69
14 -69
14 -69
14 -67
14 -67
14 -66
14 -66
14 -66
14 -66
14 -66
14 -66
14 -66
14 -68
14 -67
14 -68
14 -66
14 -69
14 -69
14 -70
14 -66
14 -68
14 -68
14 -68
14 -68
14 -65
14 -68
14 -68
14 -68
14 -68
14 -67
14 -68
14 -68
14 -68
14 -66
14 -66
14 -68
14 -69
14 -69
14 -68
14 -69
14 -69
14 -69
14 -69
14 -70
14 -70
14 -69
14 -69
14 -69
14 -70
14 -70
14 -73
14 -67
14 -76
14 -73
14 -71
14 -70
14 -70
14 -71
14 -72
14 -71
14 -76
14 -76
14 -74
14 -76
14 -73
14 -71
14 -70
14 -70
14 -70
14 -69
14 -69
14 -68
14 -68
14 -69
14 -70
14 -70
14 -70
14 -71
14 -72
14 -72
14 -72
14 -73
14 -73
14 -73
14 -74
14 -75
14 -75
14 -75
14 -74
14 -74
14 -75
14 -74
14 -44
14 -73
14 -73
14 -72
14 -73
14 -73
14 -73
14 -73
14 -73
14 -73
14 -73
14 -72
14 -72
14 -72
14 -72
14 -72
14 -72
14 -73
14 -72
15 -72
15 -72
15 -68
15 -72
15 -73
15 -73
15 -62
15 -74
15 -74
15 -74
15 -73
15 -70
15 -68
15 -70
15 -71
15 -68
15 -70
15 -69
15 -78
15 -75
15 -76
15 -76
15 -80
15 -82
15 -80
15 -78
15 -77
15 -78
15 -77
15 -76
15 -77
15 -78
15 -78
15 -78
15 -73
15 -72
15 -71
15 -71
15 -70
15 -69
15 -69
15 -68
15 -68
15 -68
15 -68
15 -69
15 -69
15 -68
15 -68
15 -69
15 -68
15 -67
15 -68
15 -70
15 -70
15 -70
15 -73
15 -70
15 -72
15 -72
15 -70
15 -72
15 -73
15 -72
15 -72
15 -73
15 -73
15 -73
15 -73
15 -74
15 -75
15 -75
15 -75
15 -75
15 -75
15 -75
15 -75
15 -75
15 -75
15 -76
15 -76
15 -76
15 -76
15 -75
15 -75
15 -75
15 -74
15 -74
15 -73
15 -70
15 -74
15 -75
15 -75
15 -75
15 -76
15 -75
15 -76
15 -76
15 -73
15 -76
15 -76
15 -77
15 -76
15 -76
15 -77
15 -76
15 -71
15 -70
15 -72
15 -74
15 -74
15 -70
15 -74
15 -75
15 -75
15 -74
15 -64
15 -78
15 -76
15 -75
15 -74
15 -73
15 -73
15 -73
15 -75
15 -74
15 -74
15 -76
15 -75
15 -65
15 -76
15 -75
15 -75
15 -75
15 -74
15 -74
15 -75
15 -73
15 -74
15 -73
15 -73
15 -73
15 -68
15 -67
15 -68
15 -67
15 -68
15 -71
15 -70
15 -60
15 -66
15 -66
15 -68
15 -73
15 -72
15 -72
15 -76
15 -76
15 -72
15 -71
15 -74
15 -77
15 -78
15 -76
15 -74
15 -72
15 -72
15 -72
15 -72
15 -72
15 -71
15 -72
15 -72
15 -74
15 -74
15 -76
15 -76
15 -76
15 -76
15 -71
15 -76
15 -58
15 -76
15 -76
15 -77
15 -76
15 -76
15 -76
15 -75
15 -75
15 -76
15 -76
15 -77
15 -77
15 -70
15 -78
15 -77
15 -79
15 -79
15 -78
15 -76
15 -78
15 -79
15 -80
15 -80
15 -82
15 -82
15 -81
15 -80
15 -79
15 -78
15 -78
15 -78
15 -78
15 -79
15 -77
15 -78
15 -77
15 -77
15 -78
15 -78
15 -78
15 -78
15 -77
15 -76
15 -75
15 -75
15 -75
15 -76
15 -75
15 -74
15 -74
15 -76
15 -82
15 -67
15 -76
15 -76
15 -75
15 -75
15 -75
15 -76
15 -79
15 -81
15 -78
15 -74
15 -73
15 -73
15 -72
15 -72
15 -73
15 -74
15 -75
15 -75
15 -75
15 -74
15 -74
15 -76
15 -78
15 -78
15 -81
15 -79
15 -80
15 -78
15 -80
15 -76
15 -78
15 -76
15 -78
15 -80
15 -78
15 -78
15 -77
15 -76
15 -58
15 -76
15 -76
15 -76
15 -75
15 -76
15 -76
15 -76
15 -74
15 -65
15 -73
15 -78
15 -77
15 -75
15 -76
15 -75
15 -78
15 -75
15 -77
15 -76
15 -81
15 -79
15 -78
15 -78
15 -78
15 -76
15 -76
15 -76
15 -76
15 -76
15 -76
15 -76
15 -76
15 -76
15 -76
15 -76
15 -76
15 -73
15 -76
15 -75
15 -75
15 -74
15 -74
15 -74
15 -74
15 -74
15 -73
15 -73
15 -74
15 -74
15 -74
15 -75
15 -75
15 -74
15 -76
16 -60
16 -61
16 -61
16 -61
16 -61
16 -61
16 -62
16 -60
16 -62
16 -59
16 -62
16 -62
16 -62
16 -62
16 -62
16 -62
16 -63
16 -63
16 -64
16 -67
16 -68
16 -64
16 -64
16 -64
16 -64
16 -64
16 -63
16 -63
16 -63
16 -63
16 -62
16 -63
16 -63
16 -62
16 -61
16 -61
16 -61
16 -61
16 -60
16 -59
16 -58
16 -58
16 -58
16 -58
16 -58
16 -58
16 -58
16 -58
16 -58
16 -58
16 -58
16 -58
16 -58
16 -58
16 -59
16 -59
16 -58
16 -58
16 -58
16 -58
16 -59
16 -58
16 -58
16 -59
16 -59
16 -59
16 -59
16 -60
16 -60
16 -60
16 -60
16 -60
16 -60
16 -60
16 -60
16 -60
16 -60
16 -60
16 -60
16 -60
16 -60
16 -60
16 -60
16 -59
16 -60
16 -60
16 -60
16 -60
16 -60
16 -59
16 -60
16 -60
16 -60
16 -59
16 -60
16 -59
16 -59
16 -60
16 -60
16 -60
16 -60
16 -60
16 -60
16 -60
16 -60
16 -60
16 -60
16 -60
16 -60
16 -60
16 -59
16 -58
16 -58
16 -58
16 -58
16 -58
16 -58
16 -58
16 -58
16 -58
16 -58
16 -58
16 -58
16 -59
16 -59
16 -59
16 -59
16 -58
16 -58
16 -58
16 -59
16 -58
16 -58
16 -58
16 -59
16 -59
16 -59
16 -59
16 -58
16 -58
16 -58
16 -58
16 -58
16 -58
16 -58
16 -58
16 -58
16 -59
16 -59
16 -59
16 -59
16 -58
16 -58
16 -59
16 -59
16 -59
16 -61
16 -61
16 -62
16 -62
16 -62
16 -62
16 -62
16 -61
16 -62
16 -62
16 -60
16 -58
16 -58
16 -58
16 -59
16 -59
16 -59
16 -59
16 -59
16 -59
16 -59
16 -60
16 -60
16 -60
16 -60
16 -60
16 -60
16 -60
16 -60
16 -60
16 -59
16 -59
16 -59
16 -59
16 -59
16 -59
16 -59
16 -59
16 -59
16 -60
16 -60
16 -60
16 -60
16 -60
16 -60
16 -60
16 -60
16 -60
16 -59
16 -58
16 -58
16 -58
16 -58
16 -58
16 -58
16 -58
16 -58
16 -58
16 -58
16 -58
16 -58
16 -58
16 -58
16 -58
16 -58
16 -58
16 -58
16 -58
16 -59
16 -59
16 -59
16 -58
16 -60
16 -59
16 -59
16 -60
16 -60
16 -59
16 -59
16 -59
16 -60
16 -59
16 -60
16 -60
16 -60
16 -60
16 -60
16 -60
16 -61
16 -62
16 -61
16 -62
16 -62
16 -63
16 -63
16 -63
16 -63
16 -62
16 -62
16 -61
16 -62
16 -62
16 -62
16 -61
16 -60
16 -61
16 -62
16 -62
16 -62
16 -64
16 -64
16 -64
16 -64
16 -64
16 -64
16 -63
16 -63
16 -63
16 -62
16 -63
16 -63
16 -62
16 -62
16 -62
16 -60
16 -59
16 -58
16 -58
16 -58
16 -58
16 -58
16 -58
16 -58
16 -58
16 -58
16 -64
16 -58
16 -58
16 -58
16 -58
16 -58
16 -59
16 -59
16 -59
16 -60
16 -60
16 -60
16 -60
16 -60
16 -60
16 -60
16 -60
16 -61
16 -62
16 -61
16 -61
16 -61
16 -61
16 -61
16 -61
16 -61
16 -61
16 -61
16 -61
16 -61
16 -62
16 -62
16 -62
16 -63
16 -62
16 -63
16 -64
16 -64
16 -65
16 -66
16 -65
16 -63
16 -64
16 -64
16 -63
16 -63
16 -61
16 -62
16 -62
16 -62
16 -62
16 -62
16 -62
16 -62
16 -62
16 -62
16 -62
16 -63
16 -63
16 -63
16 -64
16 -64
16 -63
16 -63
16 -64
16 -63
16 -63
16 -63
16 -63
16 -63
16 -63
16 -63
16 -62
16 -62
16 -62
16 -62
16 -62
16 -62
16 -62
16 -62
16 -62
16 -62
16 -62
16 -62
16 -63
17 -67
17 -67
17 -67
17 -67
17 -67
17 -67
17 -66
17 -66
17 -67
17 -66
17 -66
17 -68
17 -70
17 -70
17 -70
17 -69
17 -68
17 -69
17 -68
17 -67
17 -68
17 -69
17 -69
17 -69
17 -69
17 -69
17 -69
17 -69
17 -69
17 -69
17 -69
17 -69
17 -69
17 -69
17 -69
17 -69
17 -69
17 -69
17 -67
17 -69
17 -69
17 -68
17 -69
17 -68
17 -69
17 -69
17 -69
17 -68
17 -68
17 -68
17 -67
17 -67
17 -67
17 -67
17 -68
17 -69
17 -70
17 -69
17 -69
17 -67
17 -67
17 -67
17 -67
17 -66
17 -67
17 -68
17 -67
17 -67
17 -68
17 -67
17 -67
17 -67
17 -68
17 -67
17 -68
17 -67
17 -67
17 -67
17 -67
17 -67
17 -68
17 -67
17 -67
17 -64
17 -66
17 -67
17 -67
17 -68
17 -67
17 -67
17 -67
17 -67
17 -67
17 -67
17 -68
17 -68
17 -68
17 -68
17 -67
17 -68
17 -68
17 -68
17 -67
17 -67
17 -68
17 -68
17 -68
17 -68
17 -69
17 -69
17 -68
17 -68
17 -68
17 -68
17 -68
17 -62
17 -68
17 -68
17 -68
17 -69
17 -65
17 -69
17 -69
17 -69
17 -69
17 -69
17 -69
17 -69
17 -69
17 -69
17 -69
17 -69
17 -69
17 -69
17 -69
17 -69
17 -69
17 -69
17 -69
17 -70
17 -68
17 -70
17 -69
17 -70
17 -70
17 -70
17 -70
17 -70
17 -69
17 -70
17 -69
17 -70
17 -70
17 -69
17 -69
17 -70
17 -70
17 -70
17 -70
17 -61
17 -69
17 -69
17 -70
17 -70
17 -70
17 -70
17 -72
17 -71
17 -70
17 -70
17 -70
17 -70
17 -69
17 -69
17 -69
17 -68
17 -68
17 -70
17 -70
17 -71
17 -72
17 -72
17 -72
17 -71
17 -70
17 -70
17 -70
17 -70
17 -70
17 -70
17 -70
17 -70
17 -70
17 -71
17 -71
17 -79
17 -72
17 -71
17 -71
17 -72
17 -72
17 -72
17 -72
17 -72
17 -72
17 -72
17 -71
17 -72
17 -72
17 -72
17 -72
17 -71
17 -71
17 -71
17 -70
17 -70
17 -70
17 -70
17 -71
17 -70
17 -70
17 -71
17 -72
17 -71
17 -70
17 -70
17 -70
17 -70
17 -70
17 -70
17 -70
17 -70
17 -70
17 -71
17 -70
17 -70
17 -70
17 -70
17 -72
17 -73
17 -73
17 -72
17 -73
17 -64
17 -72
17 -71
17 -73
17 -76
17 -76
17 -76
17 -77
17 -76
17 -75
17 -74
17 -74
17 -74
17 -74
17 -74
17 -75
17 -76
17 -75
17 -75
17 -74
17 -74
17 -73
17 -74
17 -74
17 -75
17 -76
17 -76
17 -77
17 -78
17 -79
17 -78
17 -79
17 -80
17 -79
17 -80
17 -81
17 -80
17 -79
17 -64
17 -79
17 -79
17 -78
17 -78
17 -76
17 -76
17 -76
17 -77
17 -76
17 -76
17 -75
17 -75
17 -76
17 -76
17 -75
17 -75
17 -75
17 -61
17 -75
17 -75
17 -75
17 -62
17 -74
17 -74
17 -74
17 -73
17 -74
17 -75
17 -75
17 -74
17 -74
17 -75
17 -54
17 -75
17 -76
17 -75
17 -74
17 -75
17 -75
17 -76
17 -76
17 -76
17 -76
17 -76
17 -76
17 -76
17 -76
17 -76
17 -76
17 -76
17 -76
17 -76
17 -76
17 -76
17 -75
17 -76
17 -76
17 -76
17 -75
17 -75
17 -75
17 -75
17 -75
17 -75
17 -75
17 -75
17 -76
17 -76
17 -76
17 -76
17 -76
17 -76
17 -76
17 -76
17 -73
17 -76
17 -76
17 -71
17 -76
17 -75
18 -78
18 -75
18 -75
18 -75
18 -78
18 -77
18 -77
18 -77
18 -76
18 -77
18 -76
18 -76
18 -76
18 -67
18 -76
18 -75
18 -75
18 -75
18 -75
18 -76
18 -75
18 -74
18 -73
18 -74
18 -75
18 -76
18 -76
18 -76
18 -75
18 -78
18 -83
18 -76
18 -78
18 -79
18 -78
18 -83
18 -83
18 -83
18 -81
18 -80
18 -80
18 -79
18 -78
18 -80
18 -80
18 -79
18 -78
18 -64
18 -64
18 -77
18 -76
18 -78
18 -76
18 -76
18 -76
18 -78
18 -77
18 -78
18 -77
18 -78
18 -78
18 -80
18 -81
18 -80
18 -80
18 -67
18 -82
18 -81
18 -80
18 -79
18 -78
18 -77
18 -77
18 -77
18 -76
18 -78
18 -78
18 -78
18 -78
18 -79
18 -78
18 -78
18 -78
18 -79
18 -81
18 -69
18 -74
18 -82
18 -76
18 -81
18 -81
18 -82
18 -81
18 -82
18 -82
18 -81
18 -80
18 -79
18 -80
18 -80
18 -79
18 -79
18 -79
18 -69
18 -69
18 -69
18 -78
18 -78
18 -78
18 -78
18 -78
18 -79
18 -79
18 -78
18 -73
18 -76
18 -80
18 -81
18 -83
18 -79
18 -74
18 -75
18 -77
18 -78
18 -78
18 -77
18 -76
18 -84
18 -83
18 -82
18 -82
18 -82
18 -66
18 -80
18 -82
18 -81
18 -81
18 -80
18 -81
18 -81
18 -81
18 -82
18 -82
18 -76
18 -79
18 -82
18 -81
18 -76
18 -81
18 -81
18 -81
18 -66
18 -81
18 -68
18 -81
18 -79
18 -81
18 -80
18 -83
18 -80
18 -80
18 -80
18 -80
18 -80
18 -80
18 -81
18 -81
18 -81
18 -81
18 -85
18 -84
18 -82
18 -81
18 -81
18 -81
18 -80
18 -80
18 -80
18 -78
18 -79
18 -79
18 -81
18 -81
18 -81
18 -79
18 -79
18 -78
18 -79
18 -79
18 -79
18 -80
18 -84
19 -73
19 -79
19 -79
19 -79
19 -79
19 -78
19 -78
19 -75
19 -75
19 -73
19 -73
19 -72
19 -72
19 -72
19 -71
19 -73
19 -73
19 -72
19 -73
19 -71
19 -72
19 -72
19 -73
19 -72
19 -72
19 -72
19 -71
19 -72
19 -72
19 -71
19 -72
19 -72
19 -72
19 -72
19 -72
19 -72
19 -72
19 -72
19 -72
19 -72
19 -72
19 -72
19 -72
19 -73
19 -73
19 -73
19 -72
19 -72
19 -72
19 -73
19 -73
19 -73
19 -73
19 -72
19 -72
19 -72
19 -72
19 -72
19 -73
19 -72
19 -73
19 -73
19 -72
19 -72
19 -72
19 -73
19 -73
19 -73
19 -72
19 -73
19 -73
19 -73
19 -73
19 -73
19 -73
19 -72
19 -72
19 -72
19 -73
19 -72
19 -72
19 -73
19 -72
19 -72
19 -72
19 -72
19 -72
19 -73
19 -73
19 -72
19 -72
19 -73
19 -73
19 -74
19 -74
19 -74
19 -74
19 -74
19 -74
19 -73
19 -73
19 -63
19 -73
19 -72
19 -72
19 -72
19 -72
19 -72
19 -72
19 -72
19 -72
19 -72
19 -73
19 -73
19 -73
19 -74
19 -75
19 -75
19 -75
19 -74
19 -75
19 -74
19 -74
19 -74
19 -74
19 -74
19 -74
19 -74
19 -74
19 -72
19 -74
19 -74
19 -74
19 -74
19 -74
19 -74
19 -74
19 -73
19 -73
19 -72
19 -74
19 -74
19 -72
19 -74
19 -73
19 -74
19 -75
19 -75
19 -76
19 -76
19 -76
19 -76
19 -77
19 -76
19 -76
19 -76
19 -75
19 -73
19 -64
19 -75
19 -75
19 -75
19 -76
19 -76
19 -73
19 -75
19 -75
19 -74
19 -74
19 -74
19 -74
19 -74
19 -74
19 -74
19 -60
19 -75
19 -75
19 -75
19 -75
19 -75
19 -75
19 -75
19 -76
19 -76
19 -76
19 -76
19 -75
19 -76
19 -76
19 -76
19 -76
19 -76
19 -76
19 -76
19 -76
19 -76
19 -76
19 -75
19 -76
19 -76
19 -76
19 -76
19 -76
19 -77
19 -76
19 -77
19 -79
19 -78
19 -77
19 -77
19 -77
19 -77
19 -76
19 -76
19 -76
19 -77
19 -76
19 -76
19 -76
19 -76
19 -76
19 -76
19 -76
19 -78
19 -77
19 -78
19 -77
19 -77
19 -76
19 -77
19 -76
19 -76
19 -75
19 -76
19 -76
19 -77
19 -76
19 -76
19 -76
19 -75
19 -75
19 -75
19 -75
19 -75
19 -75
19 -75
19 -75
19 -75
19 -75
19 -75
19 -73
19 -74
19 -74
19 -74
19 -75
19 -76
19 -76
19 -76
19 -77
19 -76
19 -76
19 -78
19 -78
19 -78
19 -78
19 -78
19 -71
19 -79
19 -80
19 -80
19 -79
19 -80
19 -79
19 -79
19 -79
19 -78
19 -66
19 -78
19 -78
19 -77
19 -77
19 -77
19 -76
19 -76
19 -76
19 -76
19 -76
19 -76
19 -76
19 -76
19 -64
19 -76
19 -76
19 -76
19 -76
19 -76
19 -76
19 -76
19 -76
19 -74
19 -76
19 -76
19 -76
19 -75
19 -78
19 -80
19 -80
19 -79
19 -78
19 -78
19 -79
19 -76
19 -76
19 -76
19 -78
19 -78
19 -78
19 -79
19 -79
19 -78
19 -78
19 -78
19 -64
19 -78
19 -77
19 -78
19 -78
19 -78
19 -78
19 -78
19 -78
19 -72
19 -78
19 -78
19 -78
19 -77
19 -77
19 -77
19 -77
19 -76
19 -76
19 -76
19 -77
19 -77
19 -69
19 -78
20 -83
20 -80
20 -84
20 -82
20 -82
20 -82
20 -78
20 -83
20 -84
20 -84
20 -83
20 -83
20 -84
20 -84
20 -84
20 -84
20 -84
20 -84
20 -74
20 -71
20 -82
20 -82
20 -82
20 -82
20 -81
20 -75
20 -82
20 -82
20 -81
20 -81
20 -70
20 -82
20 -75
20 -81
20 -66
20 -80
20 -78
20 -82
20 -81
20 -81
20 -79
20 -78
20 -78
20 -71
20 -78
20 -78
20 -77
20 -78
20 -81
20 -82
20 -82
20 -84
20 -84
20 -80
20 -83
20 -83
20 -78
20 -64
20 -83
20 -83
20 -83
20 -83
20 -64
20 -84
20 -77
20 -82
20 -78
20 -80
20 -82
20 -76
20 -78
20 -81
20 -81
20 -81
20 -82
20 -65
20 -81
20 -81
20 -82
20 -82
20 -81
20 -68
20 -82
20 -82
20 -81
20 -81
20 -77
20 -80
20 -81
20 -82
20 -83
20 -84
20 -84
20 -83
20 -82
20 -82
20 -81
20 -82
20 -77
20 -83
20 -83
20 -83
20 -83
20 -82
20 -83
20 -84
20 -83
20 -83
20 -84
20 -84
20 -84
20 -83
20 -83
20 -83
20 -84
20 -84
20 -83
20 -84
20 -76
21 -77
21 -77
21 -76
21 -77
21 -77
21 -76
21 -76
21 -76
21 -76
21 -76
21 -78
21 -78
21 -79
21 -78
21 -81
21 -80
21 -79
21 -80
21 -83
21 -83
21 -81
21 -82
21 -84
21 -83
21 -76
21 -83
21 -83
21 -82
21 -80
21 -79
21 -78
21 -78
21 -78
21 -81
21 -81
21 -81
21 -80
21 -80
21 -82
21 -82
21 -83
21 -84
21 -83
21 -83
21 -82
21 -82
21 -60
21 -82
21 -84
21 -84
21 -84
21 -85
21 -81
21 -79
21 -80
21 -80
21 -81
21 -80
21 -81
21 -80
21 -81
21 -81
21 -80
21 -80
21 -80
21 -81
21 -80
21 -81
21 -80
21 -78
21 -80
21 -81
21 -80
21 -80
21 -79
21 -78
21 -76
21 -76
21 -76
21 -70
21 -76
21 -75
21 -74
21 -76
21 -76
21 -76
21 -76
21 -83
21 -84
21 -84
21 -85
23 -83
23 -85
23 -85
23 -83
23 -84
23 -84
23 -84
23 -77
24 -82
24 -83
24 -83
24 -84
24 -85
24 -85
24 -84
24 -84
24 -84
24 -85
24 -83
24 -84
24 -84
24 -83
24 -73
24 -84
24 -83
24 -83
24 -82
24 -82
24 -82
24 -82
24 -82
24 -83
24 -83
24 -82
24 -83
24 -83
24 -80
24 -84
24 -83
24 -84
24 -83
24 -83
24 -61
24 -83
24 -83
24 -83
24 -84
24 -84
24 -84
24 -83
24 -84
24 -83
24 -82
24 -83
24 -82
24 -82
24 -83
24 -83
24 -83
24 -83
24 -82
24 -69
24 -74
24 -84
24 -84
24 -83
24 -83
24 -83
24 -83
24 -83
24 -83
24 -78
24 -83
24 -84
24 -83
24 -82
24 -84
24 -83
25 -86
25 -85
25 -85
25 -84
25 -84
25 -83
25 -84
25 -84
25 -83
25 -83
25 -83
25 -83
25 -84
25 -84
25 -60
25 -84
25 -84
25 -84
25 -85
25 -85
25 -84
25 -86
25 -85
26 -83
26 -83
26 -83
26 -84
26 -84
26 -85
26 -85
26 -85
26 -78
26 -83
26 -83
26 -83
26 -83
26 -83
26 -84
26 -83
26 -82
26 -83
26 -82
26 -82
26 -82
26 -81
26 -81
26 -82
26 -82
26 -82
26 -82
26 -83
26 -82
26 -83
26 -77
26 -82
26 -82
26 -81
26 -82
26 -75
26 -81
26 -82
26 -82
26 -82
26 -82
26 -82
26 -82
26 -82
26 -82
26 -81
26 -82
26 -82
26 -81
26 -81
26 -80
26 -81
26 -81
26 -81
26 -81
26 -82
26 -82
26 -82
26 -82
26 -82
26 -81
26 -81
26 -81
26 -81
26 -81
26 -81
26 -81
26 -81
26 -81
26 -81
26 -78
26 -81
26 -80
26 -80
26 -79
26 -81
26 -80
26 -80
26 -80
26 -80
26 -80
26 -80
26 -79
26 -80
26 -79
26 -80
26 -74
26 -80
26 -80
26 -79
26 -80
26 -79
26 -80
26 -80
26 -80
26 -80
26 -80
26 -48
26 -81
26 -82
26 -80
26 -82
26 -66
26 -81
26 -81
26 -82
26 -80
26 -81
26 -75
26 -80
26 -81
26 -81
26 -80
26 -81
26 -82
26 -81
26 -81
26 -81
26 -80
26 -42
26 -68
26 -66
26 -80
26 -80
26 -81
26 -80
26 -81
26 -80
26 -81
26 -80
26 -80
26 -78
26 -80
26 -79
26 -80
26 -79
26 -65
26 -79
26 -79
26 -79
26 -78
26 -79
26 -79
26 -79
26 -79
26 -79
26 -79
26 -79
26 -79
26 -79
26 -79
26 -78
26 -79
26 -79
26 -79
26 -79
26 -66
26 -79
26 -75
26 -79
26 -79
26 -79
26 -74
26 -79
26 -79
26 -79
26 -79
26 -79
26 -79
26 -80
26 -80
27 -80
27 -81
27 -80
27 -80
27 -80
27 -81
27 -81
27 -79
27 -81
27 -81
27 -80
27 -79
27 -80
27 -78
27 -80
27 -79
27 -74
27 -79
27 -79
27 -78
27 -79
27 -79
27 -78
27 -78
27 -78
27 -78
27 -79
27 -79
27 -79
27 -80
27 -81
27 -72
27 -80
27 -80
27 -81
27 -81
27 -81
27 -80
27 -80
27 -80
27 -79
27 -80
27 -81
27 -81
27 -80
27 -81
27 -81
27 -81
27 -80
27 -78
27 -79
27 -78
27 -79
27 -58
27 -79
27 -79
27 -79
27 -79
27 -78
27 -78
27 -78
27 -78
27 -78
27 -78
27 -78
27 -78
27 -78
27 -78
27 -78
27 -78
27 -78
27 -78
27 -78
27 -78
27 -78
27 -79
27 -79
27 -78
27 -79
27 -77
27 -79
27 -79
27 -79
27 -79
27 -75
27 -78
27 -79
27 -79
27 -78
27 -78
27 -78
27 -79
27 -79
27 -79
27 -79
27 -79
27 -79
27 -80
27 -80
27 -79
27 -80
27 -79
27 -65
27 -80
27 -80
27 -80
27 -80
27 -80
27 -80
27 -79
27 -80
27 -77
27 -80
27 -80
27 -80
27 -78
27 -80
27 -80
27 -79
27 -79
27 -79
27 -78
27 -68
27 -80
27 -80
27 -79
27 -79
27 -79
27 -70
27 -79
27 -79
27 -78
27 -78
27 -79
27 -78
27 -78
27 -77
27 -77
27 -77
27 -77
27 -78
27 -79
27 -78
27 -77
27 -78
27 -78
27 -81
27 -80
27 -82
27 -82
27 -81
27 -81
27 -80
27 -79
27 -79
27 -78
27 -78
27 -78
27 -78
27 -78
27 -77
27 -73
27 -74
27 -78
27 -77
27 -77
27 -77
27 -77
27 -77
27 -77
27 -75
27 -66
27 -78
27 -78
27 -78
27 -78
27 -78
27 -78
27 -78
27 -78
27 -77
27 -75
27 -77
27 -77
27 -76
27 -77
27 -78
27 -77
27 -77
27 -77
27 -77
27 -77
27 -77
27 -77
27 -77
27 -77
27 -77
27 -77
27 -76
27 -77
27 -77
27 -77
27 -77
27 -76
27 -77
27 -78
27 -76
27 -77
27 -76
27 -60
27 -76
27 -77
27 -77
27 -76
27 -76
27 -77
27 -76
27 -77
27 -76
27 -76
27 -77
27 -76
27 -77
27 -76
27 -76
27 -76
27 -76
27 -76
27 -76
27 -76
27 -76
27 -77
27 -76
27 -76
27 -76
27 -76
27 -76
27 -76
27 -77
27 -77
27 -77
27 -77
27 -77
27 -78
27 -77
27 -78
27 -78
27 -79
27 -79
27 -80
27 -80
27 -81
27 -80
27 -81
27 -81
27 -81
27 -81
27 -82
27 -80
27 -80
27 -80
27 -80
27 -80
27 -80
27 -80
27 -79
27 -78
27 -78
27 -78
27 -78
27 -78
27 -78
27 -77
27 -78
27 -78
27 -78
27 -78
27 -78
27 -79
27 -78
27 -79
27 -78
27 -77
27 -78
27 -77
27 -78
27 -78
27 -78
27 -78
27 -78
27 -79
27 -79
27 -79
27 -79
27 -79
27 -79
27 -78
27 -78
27 -78
27 -78
27 -78
27 -78
27 -78
27 -78
27 -78
27 -78
27 -79
27 -79
27 -80
27 -79
27 -79
27 -79
27 -79
27 -79
27 -64
27 -79
27 -78
27 -79
27 -78
27 -78
27 -58
27 -78
27 -78
27 -78
27 -78
27 -78
27 -78
27 -78
27 -78
27 -78
27 -78
27 -78
27 -78
28 -82
28 -81
28 -80
28 -81
28 -80
28 -80
28 -81
28 -82
28 -81
28 -81
28 -84
28 -82
28 -81
28 -80
28 -81
28 -80
28 -79
28 -79
28 -77
28 -81
28 -84
28 -85
28 -84
28 -84
28 -83
28 -83
28 -83
28 -83
28 -84
28 -59
28 -84
28 -84
28 -84
28 -84
28 -75
28 -83
28 -80
28 -80
28 -80
28 -79
28 -80
28 -79
28 -78
28 -78
28 -83
28 -83
28 -84
28 -84
28 -83
28 -82
28 -82
28 -66
28 -82
28 -80
28 -82
28 -81
28 -81
28 -81
28 -81
28 -81
28 -81
28 -80
28 -80
28 -66
28 -82
28 -81
28 -81
28 -80
28 -80
28 -80
28 -80
28 -80
28 -82
28 -80
28 -80
28 -80
28 -80
28 -80
28 -80
28 -79
28 -80
28 -80
28 -80
28 -67
28 -79
28 -80
28 -80
28 -80
28 -70
28 -81
28 -81
28 -81
28 -80
28 -80
28 -80
28 -81
28 -81
28 -82
28 -83
28 -82
28 -82
28 -66
28 -83
28 -83
28 -83
28 -83
28 -82
28 -83
28 -82
28 -82
28 -82
28 -82
28 -80
28 -82
28 -82
28 -83
28 -83
28 -82
28 -82
28 -82
28 -83
28 -81
28 -83
28 -84
28 -84
28 -84
28 -85
29 -77
29 -77
29 -77
29 -77
29 -76
29 -76
29 -76
29 -76
29 -76
29 -76
29 -78
29 -79
29 -77
29 -77
29 -78
29 -76
29 -73
29 -79
29 -66
29 -83
29 -83
29 -76
29 -81
29 -78
29 -78
29 -78
29 -78
29 -78
29 -77
29 -78
29 -77
29 -77
29 -76
29 -76
29 -75
29 -75
29 -76
29 -76
29 -76
29 -74
29 -76
29 -76
29 -77
29 -77
29 -78
29 -78
29 -78
29 -74
29 -78
29 -78
29 -78
29 -78
29 -78
29 -79
29 -78
29 -78
29 -79
29 -78
29 -78
29 -67
29 -78
29 -79
29 -78
29 -79
29 -78
29 -78
29 -78
29 -77
29 -77
29 -78
29 -66
29 -76
29 -76
29 -78
29 -78
29 -78
29 -78
29 -78
29 -78
29 -78
29 -78
29 -78
29 -80
29 -82
29 -83
29 -83
29 -83
29 -82
29 -82
29 -81
29 -66
29 -80
29 -79
29 -79
29 -79
29 -78
29 -78
29 -78
29 -79
29 -77
29 -78
29 -78
29 -78
29 -78
29 -78
29 -79
29 -79
29 -78
29 -79
29 -78
29 -79
29 -79
29 -79
29 -79
29 -79
29 -79
29 -79
29 -78
29 -79
29 -79
29 -76
29 -75
29 -74
29 -74
29 -74
29 -73
29 -74
29 -73
29 -74
29 -76
29 -81
29 -79
29 -77
29 -76
29 -83
29 -82
29 -82
29 -64
29 -80
29 -78
29 -78
29 -79
29 -79
29 -82
29 -81
29 -82
29 -82
29 -81
29 -82
29 -82
29 -82
29 -82
29 -82
29 -76
29 -80
29 -79
29 -78
29 -76
29 -73
29 -78
29 -79
29 -79
29 -78
29 -78
29 -78
29 -78
29 -78
29 -77
29 -78
29 -78
29 -77
29 -75
29 -78
29 -77
29 -77
29 -77
29 -78
29 -78
29 -78
29 -78
29 -80
29 -81
29 -86
29 -84
29 -86
29 -83
29 -82
29 -80
29 -79
30 -76
30 -76
30 -78
30 -81
30 -80
30 -79
30 -78
30 -76
30 -76
30 -78
30 -75
30 -76
30 -78
30 -81
30 -71
30 -78
30 -75
30 -72
30 -73
30 -74
30 -75
30 -75
30 -74
30 -73
30 -74
30 -74
30 -73
30 -73
30 -73
30 -73
30 -72
30 -72
30 -52
30 -73
30 -70
30 -71
30 -71
30 -70
30 -70
30 -69
30 -69
30 -68
30 -68
30 -67
30 -68
30 -69
30 -70
30 -70
30 -67
30 -71
30 -72
30 -71
30 -70
30 -70
30 -70
30 -70
30 -70
30 -70
30 -70
30 -70
30 -70
30 -70
30 -70
30 -72
30 -71
30 -71
30 -70
30 -71
30 -71
30 -71
30 -67
30 -70
30 -70
30 -70
30 -70
30 -72
30 -70
30 -70
30 -71
30 -70
30 -70
30 -70
30 -70
30 -70
30 -70
30 -70
30 -71
30 -70
30 -70
30 -70
30 -70
30 -70
30 -70
30 -71
30 -71
30 -70
30 -68
30 -70
30 -70
30 -70
30 -70
30 -70
30 -70
30 -70
30 -70
30 -70
30 -69
30 -69
30 -70
30 -70
30 -70
30 -69
30 -70
30 -70
30 -71
30 -71
30 -70
30 -70
30 -70
30 -71
30 -65
30 -70
30 -68
30 -71
30 -71
30 -71
30 -70
30 -70
30 -70
30 -66
30 -70
30 -77
30 -70
30 -70
30 -70
30 -70
30 -70
30 -70
30 -70
30 -70
30 -70
30 -70
30 -70
30 -74
30 -75
30 -76
30 -77
30 -78
30 -80
30 -82
30 -81
30 -80
30 -78
30 -72
30 -69
30 -70
30 -70
30 -72
30 -75
30 -75
30 -76
30 -76
30 -76
30 -76
30 -76
30 -75
30 -75
30 -74
30 -74
30 -74
30 -75
30 -75
30 -76
30 -76
30 -76
30 -77
30 -78
30 -70
30 -79
30 -77
30 -69
30 -52
30 -72
30 -72
30 -70
30 -70
30 -70
30 -70
30 -71
30 -70
30 -70
30 -70
30 -71
30 -72
30 -73
30 -74
30 -74
30 -75
30 -75
30 -76
30 -76
30 -74
30 -76
30 -73
30 -76
30 -76
30 -76
30 -76
30 -76
30 -77
30 -76
30 -77
30 -82
30 -78
30 -79
30 -78
30 -76
30 -77
30 -79
30 -72
30 -77
30 -78
30 -78
30 -79
30 -72
30 -82
30 -78
30 -78
30 -78
30 -77
30 -58
30 -78
30 -78
30 -76
30 -76
30 -75
30 -74
30 -73
30 -71
30 -63
30 -74
30 -74
30 -74
30 -73
30 -74
30 -75
30 -74
30 -76
30 -53
30 -75
30 -75
30 -75
30 -76
30 -75
30 -76
30 -75
30 -75
30 -75
30 -76
30 -77
30 -77
30 -77
30 -78
30 -78
30 -76
30 -76
30 -78
30 -79
30 -80
30 -78
30 -76
30 -79
30 -80
30 -78
30 -78
30 -78
30 -76
30 -78
30 -78
30 -78
30 -82
30 -78
30 -76
30 -76
30 -76
30 -76
30 -76
30 -77
30 -76
30 -76
30 -76
30 -78
30 -76
30 -78
30 -78
30 -78
30 -78
30 -78
30 -78
30 -78
30 -78
30 -78
30 -80
30 -77
30 -79
30 -79
30 -80
30 -76
30 -78
30 -79
30 -81
30 -80
31 -76
31 -76
31 -76
31 -76
31 -75
31 -76
31 -76
31 -76
31 -76
31 -75
31 -75
31 -75
31 -74
31 -76
31 -79
31 -76
31 -76
31 -76
31 -76
31 -75
31 -73
31 -73
31 -73
31 -73
31 -81
31 -73
31 -73
31 -74
31 -74
31 -74
31 -74
31 -75
31 -75
31 -76
31 -76
31 -76
31 -76
31 -76
31 -74
31 -74
31 -74
31 -73
31 -74
31 -74
31 -73
31 -73
31 -73
31 -72
31 -72
31 -72
31 -72
31 -73
31 -74
31 -74
31 -73
31 -72
31 -73
31 -72
31 -70
31 -72
31 -73
31 -72
31 -70
31 -72
31 -73
31 -73
31 -73
31 -73
31 -74
31 -73
31 -73
31 -73
31 -73
31 -72
31 -72
31 -72
31 -73
31 -72
31 -72
31 -72
31 -72
31 -72
31 -72
31 -72
31 -72
31 -72
31 -72
31 -72
31 -72
31 -72
31 -72
31 -72
31 -72
31 -72
31 -72
31 -72
31 -72
31 -72
31 -73
31 -72
31 -68
31 -72
31 -72
31 -68
31 -72
31 -72
31 -72
31 -72
31 -72
31 -72
31 -72
31 -72
31 -72
31 -72
31 -72
31 -72
31 -72
31 -72
31 -72
31 -72
31 -73
31 -73
31 -73
31 -73
31 -73
31 -73
31 -73
31 -73
31 -73
31 -74
31 -69
31 -73
31 -73
31 -74
31 -74
31 -73
31 -73
31 -73
31 -73
31 -73
31 -73
31 -81
31 -64
31 -73
31 -73
31 -73
31 -73
31 -73
31 -73
31 -73
31 -73
31 -76
31 -77
31 -76
31 -77
31 -76
31 -77
31 -77
31 -78
31 -78
31 -76
31 -75
31 -74
31 -74
31 -74
31 -75
31 -75
31 -75
31 -74
31 -75
31 -75
31 -75
31 -76
31 -75
31 -74
31 -74
31 -75
31 -75
31 -75
31 -76
31 -76
31 -76
31 -76
31 -76
31 -76
31 -76
31 -76
31 -76
31 -76
31 -77
31 -76
31 -77
31 -77
31 -77
31 -77
31 -77
31 -76
31 -77
31 -77
31 -75
31 -76
31 -76
31 -76
31 -78
31 -78
31 -78
31 -78
31 -79
31 -78
31 -78
31 -77
31 -78
31 -78
31 -78
31 -78
31 -78
31 -80
31 -80
31 -79
31 -80
31 -80
31 -80
31 -80
31 -80
31 -81
31 -81
31 -80
31 -81
31 -80
31 -80
31 -80
31 -80
31 -79
31 -77
31 -77
31 -76
31 -76
31 -75
31 -75
31 -76
31 -76
31 -75
31 -72
31 -75
31 -76
31 -76
31 -76
31 -77
31 -77
31 -78
31 -78
31 -77
31 -78
31 -77
31 -76
31 -73
31 -76
31 -76
31 -76
31 -75
31 -76
31 -76
31 -76
31 -76
31 -75
31 -75
31 -75
31 -75
31 -75
31 -74
31 -74
31 -74
31 -74
31 -73
31 -72
31 -72
31 -72
31 -72
31 -72
31 -72
31 -72
31 -73
31 -73
31 -73
31 -73
31 -73
31 -73
31 -73
31 -73
31 -74
31 -73
31 -73
31 -74
31 -75
31 -73
31 -76
31 -76
31 -75
31 -75
31 -76
31 -75
31 -76
31 -76
31 -77
31 -76
31 -76
31 -76
31 -75
31 -75
31 -76
31 -76
31 -76
31 -74
31 -75
31 -75
31 -76
31 -75
31 -74
31 -74
31 -74
31 -73
31 -73
31 -72
31 -72
31 -73
31 -67
31 -73
31 -72
31 -72
31 -72
31 -72
31 -72
31 -72
31 -72
31 -72
31 -72
31 -72
31 -72
31 -72
31 -72
31 -72
31 -73
31 -73
31 -72
31 -72
31 -72
31 -73
31 -72
31 -72
31 -72
31 -65
31 -72
31 -72
31 -72
31 -73
31 -73
31 -73
31 -73
31 -73
32 -66
32 -66
32 -67
32 -57
32 -67
32 -67
32 -66
32 -67
32 -66
32 -66
32 -67
32 -67
32 -67
32 -67
32 -66
32 -65
32 -66
32 -65
32 -64
32 -64
32 -65
32 -67
32 -67
32 -66
32 -66
32 -66
32 -66
32 -66
32 -66
32 -66
32 -65
32 -64
32 -60
32 -64
32 -65
32 -66
32 -65
32 -65
32 -66
32 -66
32 -66
32 -66
32 -66
32 -67
32 -67
32 -68
32 -69
32 -69
32 -70
32 -69
32 -68
32 -64
32 -65
32 -64
32 -64
32 -64
32 -65
32 -66
32 -66
32 -66
32 -67
32 -67
32 -65
32 -64
32 -64
32 -64
32 -64
32 -64
32 -64
32 -64
32 -64
32 -63
32 -63
32 -63
32 -64
32 -64
32 -64
32 -64
32 -64
32 -64
32 -64
32 -64
32 -64
32 -64
32 -64
32 -64
32 -63
32 -63
32 -64
32 -63
32 -63
32 -63
32 -63
32 -63
32 -62
32 -62
32 -62
32 -62
32 -62
32 -62
32 -62
32 -62
32 -62
32 -62
32 -62
32 -62
32 -61
32 -63
32 -63
32 -64
32 -64
32 -64
32 -64
32 -64
32 -64
32 -65
32 -65
32 -65
32 -65
32 -66
32 -66
32 -66
32 -65
32 -65
32 -66
32 -66
32 -66
32 -65
32 -65
32 -66
32 -66
32 -66
32 -66
32 -66
32 -66
32 -66
32 -66
32 -67
32 -67
32 -67
32 -66
32 -67
32 -67
32 -67
32 -67
32 -67
32 -66
32 -67
32 -67
32 -67
32 -66
32 -66
32 -67
32 -67
32 -68
32 -69
32 -68
32 -67
32 -68
32 -69
32 -69
32 -68
32 -66
32 -67
32 -69
32 -70
32 -70
32 -69
32 -67
32 -66
32 -66
32 -67
32 -67
32 -67
32 -66
32 -67
32 -67
32 -67
32 -67
32 -67
32 -66
32 -67
32 -68
32 -68
32 -69
32 -69
32 -68
32 -69
32 -69
32 -68
32 -68
32 -68
32 -69
32 -69
32 -69
32 -69
32 -69
32 -69
32 -69
32 -70
32 -70
32 -70
32 -69
32 -69
32 -69
32 -68
32 -67
32 -66
32 -66
32 -66
32 -66
32 -67
32 -66
32 -66
32 -66
32 -66
32 -66
32 -66
32 -66
32 -66
32 -66
32 -66
32 -66
32 -66
32 -66
32 -66
32 -66
32 -67
32 -67
32 -68
32 -69
32 -67
32 -69
32 -69
32 -69
32 -70
32 -69
32 -69
32 -68
32 -68
32 -69
32 -72
32 -72
32 -72
32 -72
32 -71
32 -71
32 -71
32 -72
32 -72
32 -71
32 -72
32 -70
32 -70
32 -70
32 -70
32 -70
32 -70
32 -71
32 -72
32 -73
32 -73
32 -74
32 -74
32 -73
32 -73
32 -72
32 -71
32 -70
32 -70
32 -72
32 -72
32 -72
32 -72
32 -73
32 -73
32 -73
32 -73
32 -71
32 -72
32 -72
32 -72
32 -72
32 -72
32 -73
32 -73
32 -73
32 -73
32 -72
32 -72
32 -71
32 -72
32 -70
32 -70
32 -70
32 -70
32 -70
32 -70
32 -70
32 -70
32 -71
32 -70
32 -70
32 -70
32 -70
32 -70
32 -70
32 -70
32 -70
32 -70
32 -70
32 -70
32 -69
32 -68
32 -68
32 -68
32 -69
32 -69
32 -70
32 -70
32 -69
32 -70
32 -69
32 -69
32 -70
32 -69
32 -68
32 -68
32 -70
32 -70
32 -69
32 -72
32 -74
32 -76
32 -75
32 -74
32 -72
32 -73
32 -73
32 -72
32 -72
32 -72
32 -71
32 -71
32 -71
32 -70
32 -70
32 -70
32 -71
32 -71
32 -71
32 -71
32 -71
32 -72
32 -71
32 -71
32 -71
32 -71
32 -71
32 -71
32 -69
32 -71
32 -71
32 -58
32 -68
32 -71
32 -72
32 -72
32 -72
32 -72
32 -72
32 -71
32 -71
33 -71
33 -70
33 -70
33 -70
33 -70
33 -70
33 -70
33 -70
33 -70
33 -70
33 -69
33 -67
33 -70
33 -76
33 -76
33 -75
33 -82
33 -76
33 -72
33 -66
33 -72
33 -72
33 -72
33 -73
33 -73
33 -73
33 -75
33 -76
33 -75
33 -76
33 -76
33 -76
33 -73
33 -72
33 -76
33 -76
33 -75
33 -75
33 -76
33 -76
33 -73
33 -73
33 -76
33 -76
33 -81
33 -78
33 -78
33 -75
33 -75
33 -77
33 -78
33 -79
33 -78
33 -78
33 -79
33 -82
33 -80
33 -76
33 -76
33 -77
33 -78
33 -80
33 -81
33 -82
33 -81
33 -82
33 -84
33 -82
33 -84
33 -84
33 -84
33 -83
33 -82
33 -82
33 -81
33 -80
33 -79
33 -78
33 -77
33 -76
33 -75
33 -75
33 -76
33 -76
33 -75
33 -75
33 -75
33 -76
33 -78
33 -84
33 -81
33 -80
33 -81
33 -82
33 -78
33 -76
33 -76
33 -76
33 -76
33 -76
33 -75
33 -74
33 -74
33 -74
33 -73
33 -73
33 -74
33 -75
33 -74
33 -74
33 -74
33 -74
33 -75
33 -76
33 -75
33 -76
33 -76
33 -76
33 -76
33 -76
33 -76
33 -76
33 -75
33 -76
33 -75
33 -75
33 -78
33 -76
33 -75
33 -76
33 -78
33 -76
33 -74
33 -73
33 -73
33 -70
33 -70
33 -70
33 -71
33 -73
33 -76
33 -73
33 -73
33 -76
33 -78
33 -75
33 -72
33 -70
33 -72
33 -72
33 -72
33 -72
33 -72
33 -72
33 -72
33 -70
33 -70
33 -70
33 -71
33 -71
33 -72
33 -72
33 -72
33 -71
33 -70
33 -70
33 -71
33 -72
33 -72
33 -73
33 -75
33 -75
33 -77
33 -76
33 -76
33 -75
33 -75
33 -73
33 -72
33 -72
33 -69
33 -72
33 -72
33 -72
33 -65
33 -70
33 -70
33 -70
33 -70
33 -69
33 -69
33 -69
33 -69
33 -69
33 -69
33 -69
33 -69
33 -70
33 -70
33 -70
33 -70
33 -70
33 -70
33 -70
33 -70
33 -70
33 -70
33 -69
33 -70
33 -71
33 -71
33 -70
33 -70
33 -78
33 -70
33 -74
33 -70
33 -69
33 -63
33 -68
33 -70
33 -70
33 -70
33 -70
33 -70
33 -71
33 -71
33 -70
33 -69
33 -69
33 -68
33 -68
33 -69
33 -70
33 -65
33 -72
33 -72
33 -72
33 -72
33 -72
33 -73
33 -75
33 -83
33 -75
33 -77
33 -79
33 -78
33 -78
33 -63
33 -75
33 -81
33 -80
33 -76
33 -76
33 -76
33 -76
33 -75
33 -73
33 -75
33 -64
33 -75
33 -71
33 -74
33 -75
33 -72
33 -72
33 -72
33 -72
33 -71
33 -72
33 -70
33 -69
33 -69
33 -68
33 -76
33 -69
33 -69
33 -69
33 -69
33 -68
33 -69
33 -69
33 -70
33 -68
33 -67
33 -68
33 -68
33 -66
33 -65
33 -64
33 -65
33 -66
33 -66
33 -64
33 -66
33 -66
33 -66
33 -65
33 -65
33 -65
33 -65
33 -66
33 -66
33 -65
33 -65
33 -66
33 -66
33 -65
33 -65
33 -66
33 -65
33 -65
33 -65
33 -65
33 -65
33 -65
33 -65
33 -64
33 -64
33 -64
33 -65
33 -65
33 -64
33 -65
33 -65
33 -66
33 -66
33 -66
33 -66
33 -66
33 -66
33 -66
33 -67
33 -66
33 -66
33 -66
33 -66
33 -66
33 -66
33 -66
33 -66
34 -76
34 -56
34 -75
34 -74
34 -75
34 -74
34 -75
34 -74
34 -72
34 -74
34 -73
34 -73
34 -78
34 -75
34 -73
34 -72
34 -75
34 -80
34 -81
34 -80
34 -81
34 -76
34 -78
34 -76
34 -76
34 -76
34 -75
34 -65
34 -72
34 -73
34 -72
34 -68
34 -72
34 -73
34 -73
34 -76
34 -78
34 -79
34 -83
34 -58
34 -77
34 -76
34 -76
34 -76
34 -76
34 -75
34 -75
34 -75
34 -74
34 -74
34 -74
34 -74
34 -69
34 -72
34 -71
34 -72
34 -71
34 -71
34 -72
34 -72
34 -72
34 -72
34 -72
34 -72
34 -73
34 -73
34 -72
34 -71
34 -70
34 -71
34 -71
34 -70
34 -70
34 -70
34 -69
34 -69
34 -70
34 -70
34 -70
34 -70
34 -70
34 -70
34 -70
34 -70
34 -67
34 -70
34 -70
34 -70
34 -70
34 -69
34 -70
34 -70
34 -70
34 -70
34 -70
34 -70
34 -70
34 -69
34 -69
34 -69
34 -69
34 -69
34 -70
34 -70
34 -73
34 -76
34 -76
34 -76
34 -76
34 -76
34 -76
34 -76
34 -76
34 -76
34 -76
34 -76
34 -74
34 -75
34 -75
34 -75
34 -74
34 -74
34 -74
34 -74
34 -74
34 -73
34 -74
34 -74
34 -74
34 -74
34 -76
34 -76
34 -76
34 -76
34 -76
34 -76
34 -75
34 -76
34 -75
34 -75
34 -74
34 -75
34 -75
34 -79
34 -80
34 -75
34 -75
34 -78
34 -82
34 -78
34 -74
34 -70
34 -70
34 -72
34 -73
34 -76
34 -78
34 -78
34 -76
34 -73
34 -74
34 -62
34 -76
34 -77
34 -78
34 -77
34 -76
34 -76
34 -76
34 -76
34 -76
34 -74
34 -63
34 -73
34 -72
34 -72
34 -72
34 -72
34 -64
34 -72
34 -72
34 -72
34 -72
34 -72
34 -72
34 -72
34 -74
34 -74
34 -74
34 -73
34 -64
34 -74
34 -74
34 -74
34 -74
34 -66
34 -74
34 -72
34 -72
34 -72
34 -72
34 -74
34 -74
34 -73
34 -73
34 -74
34 -74
34 -73
34 -74
34 -75
34 -75
34 -74
34 -73
34 -73
34 -72
34 -72
34 -72
34 -75
34 -77
34 -77
34 -77
34 -76
34 -76
34 -76
34 -76
34 -76
34 -75
34 -73
34 -72
34 -72
34 -71
34 -58
34 -72
34 -70
34 -61
34 -72
34 -72
34 -72
34 -73
34 -74
34 -78
34 -78
34 -79
34 -76
34 -78
34 -79
34 -79
34 -75
34 -79
34 -78
34 -76
34 -76
34 -75
34 -74
34 -73
34 -73
34 -73
34 -73
34 -75
34 -78
34 -77
34 -76
34 -76
34 -76
34 -76
34 -74
34 -73
34 -73
34 -73
34 -71
34 -72
34 -71
34 -71
34 -71
34 -71
34 -70
34 -73
34 -72
34 -72
34 -72
34 -72
34 -72
34 -72
34 -72
34 -72
34 -72
34 -72
34 -72
34 -72
34 -72
34 -72
34 -72
34 -73
34 -72
34 -72
34 -72
34 -72
34 -72
34 -72
34 -73
34 -75
34 -78
34 -78
34 -78
34 -80
34 -78
34 -76
34 -76
34 -74
34 -75
34 -76
34 -76
34 -74
34 -74
34 -74
34 -76
34 -76
34 -77
34 -76
34 -76
34 -77
34 -77
34 -77
34 -78
34 -78
34 -63
34 -77
34 -77
34 -77
34 -76
34 -76
34 -76
34 -76
34 -76
34 -75
34 -76
34 -76
34 -76
34 -76
34 -76
34 -75
34 -75
34 -75
34 -75
34 -75
34 -75
34 -75
34 -76
35 -64
35 -64
35 -64
35 -64
35 -63
35 -62
35 -61
35 -62
35 -62
35 -61
35 -61
35 -60
35 -61
35 -59
35 -65
35 -60
35 -58
35 -63
35 -63
35 -65
35 -64
35 -62
35 -60
35 -59
35 -59
35 -58
35 -57
35 -56
35 -57
35 -57
35 -56
35 -56
35 -56
35 -57
35 -56
35 -56
35 -56
35 -56
35 -56
35 -56
35 -57
35 -57
35 -57
35 -57
35 -59
35 -59
35 -60
35 -60
35 -58
35 -57
35 -55
35 -55
35 -55
35 -55
35 -55
35 -55
35 -57
35 -58
35 -57
35 -57
35 -56
35 -57
35 -56
35 -57
35 -57
35 -57
35 -57
35 -58
35 -57
35 -57
35 -58
35 -58
35 -58
35 -58
35 -58
35 -59
35 -58
35 -58
35 -58
35 -58
35 -58
35 -58
35 -58
35 -58
35 -58
35 -58
35 -58
35 -58
35 -58
35 -57
35 -57
35 -57
35 -57
35 -57
35 -57
35 -57
35 -57
35 -57
35 -57
35 -57
35 -57
35 -56
35 -56
35 -56
35 -56
35 -55
35 -55
35 -56
35 -56
35 -57
35 -56
35 -56
35 -56
35 -56
35 -56
35 -55
35 -56
35 -56
35 -56
35 -56
35 -56
35 -56
35 -57
35 -56
35 -56
35 -57
35 -57
35 -57
35 -57
35 -56
35 -56
35 -55
35 -55
35 -55
35 -55
35 -54
35 -54
35 -55
35 -54
35 -54
35 -54
35 -55
35 -55
35 -55
35 -54
35 -54
35 -54
35 -54
35 -54
35 -54
35 -54
35 -54
35 -54
35 -54
35 -54
35 -54
35 -54
35 -54
35 -53
35 -53
35 -53
35 -53
35 -53
35 -54
35 -54
35 -54
35 -55
35 -56
35 -57
35 -58
35 -58
35 -58
35 -57
35 -56
35 -55
35 -55
35 -55
35 -56
35 -55
35 -56
35 -58
35 -58
35 -58
35 -60
35 -62
35 -63
35 -61
35 -60
35 -60
35 -60
35 -61
35 -62
35 -63
35 -63
35 -64
35 -63
35 -62
35 -62
35 -62
35 -62
35 -62
35 -62
35 -63
35 -63
35 -63
35 -63
35 -63
35 -63
35 -63
35 -63
35 -63
35 -62
35 -61
35 -62
35 -62
35 -63
35 -64
35 -65
35 -64
35 -66
35 -67
35 -66
35 -64
35 -65
35 -66
35 -66
35 -66
35 -65
35 -66
35 -65
35 -66
35 -66
35 -66
35 -66
35 -67
35 -66
35 -67
35 -68
35 -67
35 -67
35 -67
35 -67
35 -67
35 -67
35 -67
35 -66
35 -64
35 -62
35 -61
35 -62
35 -62
35 -62
35 -62
35 -62
35 -62
35 -61
35 -60
35 -60
35 -61
35 -62
35 -64
35 -64
35 -63
35 -63
35 -63
35 -60
35 -60
35 -60
35 -60
35 -60
35 -60
35 -59
35 -58
35 -58
35 -57
35 -57
35 -58
35 -58
35 -58
35 -59
35 -58
35 -58
35 -59
35 -58
35 -58
35 -58
35 -58
35 -57
35 -57
35 -57
35 -57
35 -57
35 -56
35 -56
35 -57
35 -56
35 -39
35 -57
35 -57
35 -57
35 -58
35 -58
35 -57
35 -59
35 -58
35 -59
35 -60
35 -60
35 -60
35 -60
35 -60
35 -61
35 -62
35 -61
35 -63
35 -64
35 -64
35 -64
35 -64
35 -64
35 -63
35 -63
35 -63
35 -64
35 -66
35 -63
35 -63
35 -63
35 -64
35 -64
35 -61
35 -61
35 -62
35 -62
35 -63
35 -64
35 -64
35 -64
35 -62
35 -62
35 -62
35 -62
35 -62
35 -61
35 -62
35 -61
35 -61
35 -61
35 -61
35 -61
35 -61
35 -61
35 -60
35 -60
35 -61
35 -61
35 -61
35 -62
35 -62
35 -63
35 -62
35 -63
35 -63
35 -63
35 -63
35 -63
35 -63
35 -63
35 -62
35 -62
35 -62
35 -62
35 -62
35 -62
35 -62
35 -61
35 -61
35 -61
35 -61
35 -62
35 -61
35 -62
35 -63
35 -62
36 -70
36 -70
36 -70
36 -70
36 -70
36 -70
36 -69
36 -69
36 -69
36 -67
36 -68
36 -70
36 -69
36 -70
36 -73
36 -74
36 -74
36 -75
36 -72
36 -73
36 -74
36 -66
36 -74
36 -66
36 -73
36 -73
36 -72
36 -70
36 -72
36 -72
36 -72
36 -71
36 -72
36 -71
36 -70
36 -71
36 -72
36 -72
36 -72
36 -72
36 -73
36 -74
36 -75
36 -76
36 -75
36 -74
36 -71
36 -70
36 -70
36 -69
36 -70
36 -70
36 -71
36 -71
36 -70
36 -70
36 -70
36 -70
36 -70
36 -70
36 -70
36 -68
36 -68
36 -68
36 -68
36 -70
36 -69
36 -70
36 -70
36 -70
36 -70
36 -70
36 -70
36 -70
36 -70
36 -69
36 -70
36 -70
36 -70
36 -70
36 -70
36 -70
36 -69
36 -68
36 -69
36 -69
36 -69
36 -70
36 -70
36 -70
36 -70
36 -70
36 -69
36 -69
36 -68
36 -68
36 -68
36 -68
36 -69
36 -69
36 -69
36 -69
36 -69
36 -69
36 -69
36 -69
36 -69
36 -69
36 -69
36 -69
36 -69
36 -70
36 -67
36 -69
36 -70
36 -70
36 -70
36 -71
36 -70
36 -70
36 -70
36 -70
36 -69
36 -70
36 -71
36 -71
36 -72
36 -71
36 -71
36 -71
36 -71
36 -72
36 -72
36 -72
36 -72
36 -71
36 -72
36 -72
36 -72
36 -72
36 -72
36 -72
36 -72
36 -72
36 -72
36 -72
36 -72
36 -72
36 -72
36 -70
36 -72
36 -73
36 -73
36 -70
36 -73
36 -73
36 -75
36 -74
36 -74
36 -73
36 -72
36 -52
36 -75
36 -76
36 -74
36 -76
36 -77
36 -78
36 -78
36 -76
36 -72
36 -70
36 -67
36 -69
36 -69
36 -69
36 -69
36 -70
36 -70
36 -70
36 -70
36 -70
36 -69
36 -69
36 -69
36 -65
36 -69
36 -69
36 -69
36 -69
36 -68
36 -68
36 -68
36 -66
36 -68
36 -67
36 -68
36 -68
36 -68
36 -68
36 -68
36 -68
36 -67
36 -68
36 -68
36 -68
36 -69
36 -69
36 -69
36 -69
36 -68
36 -68
36 -68
36 -68
36 -66
36 -69
36 -69
36 -69
36 -69
36 -69
36 -69
36 -69
36 -69
36 -69
36 -70
36 -70
36 -70
36 -70
36 -70
36 -70
36 -69
36 -69
36 -69
36 -69
36 -69
36 -69
36 -68
36 -68
36 -68
36 -68
36 -68
36 -68
36 -68
36 -68
36 -68
36 -68
36 -67
36 -67
36 -68
36 -68
36 -68
36 -67
36 -66
36 -66
36 -67
36 -68
36 -68
36 -68
36 -68
36 -69
36 -69
36 -69
36 -68
36 -68
36 -67
36 -68
36 -67
36 -68
36 -67
36 -68
36 -67
36 -68
36 -69
36 -69
36 -68
36 -66
36 -68
36 -68
36 -69
36 -68
36 -68
36 -68
36 -68
36 -68
36 -68
36 -68
36 -67
36 -67
36 -67
36 -67
36 -67
36 -68
36 -68
36 -67
36 -68
36 -68
36 -68
36 -69
36 -68
36 -47
36 -68
36 -65
36 -68
36 -68
36 -68
36 -68
36 -68
36 -67
36 -67
36 -67
36 -66
36 -66
36 -66
36 -66
36 -66
36 -66
36 -67
36 -64
36 -67
36 -67
36 -67
36 -68
36 -67
36 -66
36 -66
36 -66
36 -66
36 -66
36 -67
36 -67
36 -67
36 -67
36 -67
36 -68
36 -68
36 -68
36 -68
36 -68
36 -68
36 -68
36 -68
36 -67
36 -68
36 -67
36 -67
36 -68
36 -68
36 -67
36 -67
36 -67
36 -67
36 -67
36 -66
36 -67
36 -67
36 -67
36 -67
36 -67
36 -68
38 -73
38 -73
38 -72
38 -72
38 -72
38 -72
38 -72
38 -72
38 -72
38 -72
38 -72
38 -72
38 -72
38 -72
38 -73
38 -73
38 -72
38 -72
38 -72
38 -72
38 -72
38 -72
38 -70
38 -70
38 -70
38 -70
38 -70
38 -72
38 -72
38 -72
38 -73
38 -73
38 -73
38 -74
38 -70
38 -75
38 -56
38 -74
38 -74
38 -76
38 -76
38 -76
38 -76
38 -75
38 -73
38 -74
38 -73
38 -62
38 -72
38 -72
38 -71
38 -56
38 -72
38 -72
38 -72
38 -72
38 -73
38 -73
38 -64
38 -73
38 -73
38 -73
38 -73
38 -73
38 -72
38 -72
38 -72
38 -73
38 -74
38 -72
38 -73
38 -73
38 -73
38 -73
38 -75
38 -71
38 -74
38 -74
38 -74
38 -74
38 -74
38 -74
38 -75
38 -74
38 -74
38 -75
38 -58
38 -75
38 -75
38 -58
38 -75
38 -72
38 -74
38 -74
38 -74
38 -74
38 -75
38 -74
38 -74
38 -74
38 -71
38 -74
38 -74
38 -74
38 -74
38 -74
38 -73
38 -74
38 -74
38 -73
38 -74
38 -74
38 -69
38 -73
38 -73
38 -73
38 -73
38 -76
38 -76
38 -74
38 -76
38 -76
38 -76
38 -74
38 -75
38 -75
38 -75
38 -74
38 -75
38 -74
38 -74
38 -72
38 -72
38 -72
38 -71
38 -71
38 -71
38 -72
38 -72
38 -70
38 -72
38 -71
38 -72
38 -72
38 -70
38 -72
38 -70
38 -72
38 -72
38 -72
38 -72
38 -72
38 -72
38 -72
38 -72
38 -72
38 -72
38 -72
38 -72
38 -72
38 -72
38 -73
38 -72
38 -72
38 -72
38 -76
38 -76
38 -75
38 -73
38 -73
38 -73
38 -71
38 -74
38 -75
38 -73
38 -72
38 -72
38 -74
38 -73
38 -74
38 -74
38 -75
38 -75
38 -74
38 -73
38 -75
38 -71
38 -74
38 -74
38 -75
38 -74
38 -74
38 -75
38 -75
38 -75
38 -75
38 -76
38 -75
38 -75
38 -76
38 -76
38 -74
38 -74
38 -74
38 -73
38 -72
38 -72
38 -73
38 -72
38 -72
38 -73
38 -73
38 -72
38 -73
38 -73
38 -73
38 -73
38 -74
38 -70
38 -74
38 -74
38 -74
38 -74
38 -74
38 -74
38 -74
38 -74
38 -74
38 -74
38 -74
38 -74
38 -74
38 -74
38 -75
38 -75
38 -75
38 -71
38 -76
38 -76
38 -76
38 -75
38 -76
38 -75
38 -75
38 -76
38 -74
38 -72
38 -76
38 -76
38 -75
38 -75
38 -68
38 -76
38 -76
38 -75
38 -76
38 -75
38 -75
38 -75
38 -75
38 -75
38 -75
38 -74
38 -74
38 -74
38 -73
38 -74
38 -74
38 -75
38 -75
38 -75
38 -75
38 -74
38 -73
38 -73
38 -72
38 -72
38 -72
38 -72
38 -72
38 -72
38 -72
38 -73
38 -73
38 -74
38 -74
38 -74
38 -72
38 -74
38 -74
38 -75
38 -75
38 -75
38 -66
38 -76
38 -76
38 -75
38 -75
38 -74
38 -75
38 -76
38 -75
38 -75
38 -75
38 -75
38 -76
38 -76
38 -75
38 -75
38 -76
38 -76
38 -76
38 -75
38 -76
38 -75
38 -75
38 -74
38 -74
38 -74
38 -74
38 -74
38 -74
38 -75
38 -75
38 -75
38 -75
38 -75
38 -75
38 -75
38 -74
38 -74
38 -74
38 -74
38 -74
38 -74
38 -73
38 -74
38 -73
38 -74
38 -73
38 -74
38 -74
38 -74
38 -73
38 -74
38 -75
38 -74
38 -73
38 -74
38 -74
38 -74
38 -74
38 -74
38 -74
38 -74
38 -74
38 -74
38 -74
38 -74
38 -74
38 -74
38 -74
38 -74
38 -74
38 -74
40 -65
40 -65
40 -66
40 -66
40 -66
40 -66
40 -66
40 -66
40 -66
40 -66
40 -64
40 -65
40 -66
40 -67
40 -65
40 -69
40 -68
40 -68
40 -69
40 -66
40 -66
40 -65
40 -66
40 -65
40 -65
40 -65
40 -64
40 -64
40 -64
40 -64
40 -64
40 -63
40 -64
40 -63
40 -63
40 -63
40 -64
40 -63
40 -63
40 -64
40 -64
40 -64
40 -63
40 -64
40 -64
40 -64
40 -64
40 -64
40 -64
40 -64
40 -64
40 -64
40 -64
40 -64
40 -64
40 -64
40 -64
40 -64
40 -64
40 -65
40 -64
40 -64
40 -64
40 -64
40 -64
40 -64
40 -64
40 -64
40 -64
40 -64
40 -63
40 -63
40 -63
40 -64
40 -63
40 -63
40 -63
40 -63
40 -63
40 -63
40 -63
40 -63
40 -61
40 -63
40 -63
40 -63
40 -63
40 -63
40 -63
40 -63
40 -63
40 -63
40 -63
40 -63
40 -63
40 -63
40 -63
40 -63
40 -64
40 -64
40 -64
40 -64
40 -64
40 -64
40 -64
40 -64
40 -63
40 -63
40 -63
40 -63
40 -63
40 -63
40 -63
40 -63
40 -64
40 -64
40 -63
40 -64
40 -64
40 -66
40 -65
40 -66
40 -66
40 -66
40 -66
40 -66
40 -66
40 -66
40 -66
40 -66
40 -66
40 -66
40 -66
40 -66
40 -67
40 -66
40 -66
40 -65
40 -66
40 -66
40 -66
40 -66
40 -67
40 -67
40 -66
40 -66
40 -65
40 -66
40 -66
40 -58
40 -66
40 -67
40 -69
40 -67
40 -66
40 -65
40 -66
40 -69
40 -72
40 -72
40 -70
40 -70
40 -70
40 -70
40 -70
40 -69
40 -67
40 -66
40 -66
40 -64
40 -64
40 -64
40 -63
40 -63
40 -63
40 -64
40 -64
40 -64
40 -64
40 -64
40 -64
40 -64
40 -64
40 -64
40 -64
40 -64
40 -64
40 -65
40 -65
40 -64
40 -64
40 -64
40 -64
40 -64
40 -64
40 -64
40 -64
40 -64
40 -64
40 -64
40 -64
40 -63
40 -64
40 -63
40 -63
40 -63
40 -64
40 -63
40 -63
40 -61
40 -64
40 -63
40 -71
40 -63
40 -63
40 -64
40 -64
40 -64
40 -64
40 -64
40 -64
40 -64
40 -64
40 -64
40 -64
40 -64
40 -64
40 -64
40 -65
40 -65
40 -65
40 -66
40 -66
40 -66
40 -66
40 -66
40 -65
40 -65
40 -66
40 -67
40 -66
40 -63
40 -65
40 -65
40 -65
40 -66
40 -66
40 -66
40 -66
40 -67
40 -67
40 -67
40 -68
40 -68
40 -69
40 -69
40 -69
40 -69
40 -68
40 -68
40 -68
40 -68
40 -69
40 -70
40 -70
40 -70
40 -63
40 -73
40 -74
40 -74
40 -74
40 -73
40 -72
40 -65
40 -72
40 -70
40 -70
40 -70
40 -69
40 -69
40 -69
40 -68
40 -68
40 -68
40 -67
40 -67
40 -66
40 -68
40 -68
40 -67
40 -67
40 -67
40 -67
40 -68
40 -68
40 -67
40 -67
40 -67
40 -67
40 -65
40 -69
40 -69
40 -68
40 -68
40 -68
40 -69
40 -68
40 -68
40 -68
40 -68
40 -69
40 -69
40 -68
40 -68
40 -70
40 -70
40 -70
40 -69
40 -69
40 -69
40 -69
40 -69
40 -70
40 -69
40 -70
40 -70
40 -70
40 -70
40 -70
40 -70
40 -70
40 -70
40 -70
40 -70
40 -70
40 -70
40 -70
40 -69
40 -69
40 -70
40 -70
40 -70
40 -70
40 -70
40 -70
40 -68
40 -70
40 -70
40 -70
40 -70
40 -70
40 -70
40 -70
40 -69
40 -69
40 -69
40 -69
41 -80
41 -82
41 -79
41 -76
41 -77
41 -77
41 -76
41 -76
41 -76
41 -76
41 -77
41 -78
41 -80
41 -82
41 -73
41 -81
41 -81
41 -80
41 -80
41 -80
41 -82
41 -82
41 -82
41 -84
41 -82
41 -80
41 -80
41 -81
41 -83
41 -83
41 -81
41 -81
41 -81
41 -81
41 -80
41 -72
41 -77
41 -77
41 -77
41 -76
41 -74
41 -74
41 -73
41 -74
41 -74
41 -75
41 -71
41 -76
41 -76
41 -76
41 -76
41 -77
41 -77
41 -78
41 -77
41 -77
41 -78
41 -79
41 -79
41 -82
41 -84
41 -84
41 -81
41 -82
41 -82
41 -81
41 -81
41 -79
41 -77
41 -75
41 -73
41 -72
41 -71
41 -72
41 -72
41 -82
41 -79
41 -78
41 -78
41 -78
41 -79
41 -78
41 -78
41 -78
41 -79
41 -79
41 -78
41 -79
41 -78
41 -78
41 -78
41 -78
41 -78
41 -77
41 -76
41 -77
41 -76
41 -76
41 -76
41 -75
41 -76
41 -76
41 -76
41 -76
41 -76
41 -75
41 -75
41 -76
41 -76
41 -75
41 -76
41 -76
41 -76
41 -76
41 -75
41 -76
41 -76
41 -64
41 -75
41 -75
41 -75
41 -75
41 -76
41 -76
41 -73
41 -76
41 -76
41 -76
41 -75
41 -76
41 -74
41 -76
41 -77
41 -78
41 -76
41 -76
41 -76
41 -78
41 -78
41 -74
41 -74
41 -74
41 -66
41 -74
41 -75
41 -75
41 -75
41 -66
41 -77
41 -76
41 -76
41 -77
41 -78
41 -79
41 -80
41 -81
41 -80
41 -78
41 -77
41 -76
41 -75
41 -74
41 -75
41 -76
41 -76
41 -76
41 -77
41 -78
41 -79
41 -78
41 -78
41 -77
41 -76
41 -77
41 -78
41 -78
41 -78
41 -75
41 -77
41 -78
41 -77
41 -75
41 -76
41 -76
41 -75
41 -59
41 -75
41 -75
41 -75
41 -75
41 -76
41 -66
41 -76
41 -76
41 -76
41 -78
41 -75
41 -78
41 -78
41 -77
41 -74
41 -73
41 -74
41 -75
41 -74
41 -75
41 -76
41 -78
41 -78
41 -76
41 -74
41 -74
41 -74
41 -69
41 -73
41 -73
41 -70
41 -74
41 -75
41 -75
41 -75
41 -76
41 -75
41 -76
41 -75
41 -76
41 -75
41 -75
41 -75
41 -75
41 -75
41 -65
41 -75
41 -76
41 -76
41 -75
41 -76
41 -76
41 -76
41 -72
41 -76
41 -76
41 -76
41 -76
41 -75
41 -75
41 -75
41 -75
42 -76
42 -76
42 -76
42 -75
42 -75
42 -76
42 -76
42 -75
42 -75
42 -75
42 -75
42 -76
42 -76
42 -75
42 -76
42 -73
42 -73
42 -72
42 -73
42 -73
42 -71
42 -71
42 -71
42 -70
42 -70
42 -70
42 -70
42 -70
42 -70
42 -70
42 -70
42 -70
42 -70
42 -70
42 -70
42 -70
42 -70
42 -70
42 -70
42 -72
42 -72
42 -71
42 -72
42 -72
42 -80
42 -72
42 -72
42 -72
42 -70
42 -75
42 -74
42 -74
42 -74
42 -74
42 -73
42 -74
42 -73
42 -73
42 -73
42 -73
42 -73
42 -73
42 -73
42 -64
42 -73
42 -74
42 -73
42 -74
42 -73
42 -74
42 -73
42 -72
42 -72
42 -73
42 -73
42 -72
42 -72
42 -72
42 -72
42 -73
42 -65
42 -73
42 -72
42 -72
42 -72
42 -72
42 -72
42 -72
42 -72
42 -72
42 -72
42 -71
42 -72
42 -72
42 -63
42 -71
42 -72
42 -63
42 -72
42 -70
42 -63
42 -72
42 -72
42 -72
42 -72
42 -72
42 -67
42 -69
42 -72
42 -72
42 -72
42 -73
42 -73
42 -74
42 -75
42 -75
42 -75
42 -74
42 -75
42 -75
42 -75
42 -75
42 -75
42 -75
42 -75
42 -75
42 -75
42 -72
42 -76
42 -72
42 -75
42 -76
42 -73
42 -74
42 -72
42 -75
42 -76
42 -73
42 -73
42 -72
42 -73
42 -68
42 -75
42 -76
42 -77
42 -77
42 -77
42 -76
42 -79
42 -78
42 -75
42 -75
42 -83
42 -74
42 -74
42 -75
42 -76
42 -75
42 -74
42 -74
42 -75
42 -76
42 -76
42 -77
42 -78
42 -77
42 -77
42 -77
42 -71
42 -78
42 -78
42 -78
42 -78
42 -79
42 -79
42 -78
42 -79
42 -79
42 -78
42 -78
42 -78
42 -78
42 -78
42 -77
42 -78
42 -78
42 -78
42 -78
42 -78
42 -78
42 -78
42 -78
42 -78
42 -77
42 -78
42 -78
42 -76
42 -76
42 -77
42 -78
42 -78
42 -78
42 -78
42 -78
42 -78
42 -79
42 -79
42 -78
42 -78
42 -69
42 -77
42 -78
42 -78
42 -77
42 -78
42 -78
42 -78
42 -78
42 -78
42 -78
42 -78
42 -78
42 -78
42 -46
42 -77
42 -76
42 -77
42 -77
42 -76
42 -77
42 -78
42 -78
42 -78
42 -78
42 -79
42 -79
42 -78
42 -78
42 -78
42 -79
42 -79
42 -78
42 -78
42 -78
42 -78
42 -78
42 -78
42 -78
42 -78
42 -78
42 -76
42 -76
42 -76
42 -77
42 -76
42 -76
42 -77
42 -78
42 -78
42 -79
42 -63
42 -80
42 -84
42 -83
42 -81
42 -80
42 -80
42 -77
42 -79
42 -79
42 -79
42 -78
42 -78
42 -76
42 -76
42 -76
42 -76
42 -76
42 -77
42 -76
42 -76
42 -76
42 -77
42 -76
42 -79
42 -76
42 -80
42 -83
42 -83
42 -80
42 -79
42 -78
42 -76
42 -77
42 -79
42 -80
42 -80
42 -82
42 -83
42 -82
42 -81
42 -81
42 -81
42 -81
42 -63
42 -79
42 -76
42 -80
42 -80
42 -75
42 -80
42 -80
42 -80
42 -80
42 -80
42 -81
42 -81
42 -80
43 -78
43 -70
43 -77
43 -78
43 -77
43 -78
43 -78
43 -77
43 -76
43 -76
43 -74
43 -74
43 -76
43 -75
43 -76
43 -76
43 -76
43 -77
43 -76
43 -76
43 -76
43 -76
43 -77
43 -78
43 -79
43 -78
43 -78
43 -78
43 -78
43 -78
43 -78
43 -79
43 -79
43 -79
43 -78
43 -78
43 -78
43 -78
43 -78
43 -78
43 -78
43 -78
43 -78
43 -78
43 -78
43 -78
43 -78
43 -78
43 -78
43 -78
43 -77
43 -76
43 -77
43 -76
43 -76
43 -74
43 -77
43 -77
43 -77
43 -77
43 -78
43 -77
43 -77
43 -77
43 -78
43 -78
43 -78
43 -78
43 -78
43 -78
43 -78
43 -77
43 -78
43 -79
43 -79
43 -79
43 -79
43 -79
43 -79
43 -79
43 -78
43 -78
43 -78
43 -78
43 -78
43 -78
43 -78
43 -78
43 -78
43 -78
43 -78
43 -78
43 -78
43 -78
43 -78
43 -77
43 -70
43 -78
43 -78
43 -78
43 -78
43 -78
43 -72
43 -78
43 -78
43 -70
43 -78
43 -78
43 -78
43 -76
43 -78
43 -78
43 -76
43 -77
43 -77
43 -77
43 -77
43 -76
43 -77
43 -76
43 -64
43 -76
43 -77
43 -76
43 -64
43 -77
43 -77
43 -77
43 -76
43 -75
43 -77
43 -77
43 -77
43 -77
43 -76
43 -76
43 -71
43 -76
43 -76
43 -76
43 -76
43 -76
43 -76
43 -77
43 -77
43 -78
43 -78
43 -79
43 -79
43 -79
43 -78
43 -76
43 -78
43 -76
43 -76
43 -76
43 -76
43 -76
43 -76
43 -76
43 -77
43 -78
43 -78
43 -78
43 -78
43 -78
43 -78
43 -78
43 -79
43 -78
43 -76
43 -79
43 -80
43 -80
43 -79
43 -79
43 -79
43 -78
43 -78
43 -79
43 -79
43 -78
43 -78
43 -78
43 -78
43 -78
43 -78
43 -78
43 -78
43 -77
43 -78
43 -78
43 -79
43 -79
43 -78
43 -79
43 -79
43 -78
43 -71
43 -79
43 -80
43 -79
43 -78
43 -79
43 -79
43 -79
43 -78
43 -79
43 -79
43 -78
43 -78
43 -79
43 -79
43 -78
43 -79
43 -78
43 -79
43 -79
43 -78
43 -78
43 -77
43 -79
43 -78
43 -79
43 -79
43 -78
43 -78
43 -78
43 -79
43 -77
43 -77
43 -78
43 -71
43 -78
43 -78
43 -77
43 -77
43 -77
43 -77
43 -77
43 -76
43 -76
43 -77
43 -78
43 -78
43 -78
43 -79
43 -78
43 -78
43 -77
43 -78
43 -58
43 -79
43 -79
43 -79
43 -79
43 -79
43 -79
43 -79
43 -78
43 -79
43 -79
43 -79
43 -79
43 -79
43 -78
43 -78
43 -78
43 -77
43 -78
43 -78
43 -78
43 -78
43 -74
43 -63
43 -78
43 -78
43 -78
43 -78
43 -78
43 -77
43 -78
43 -77
43 -77
43 -76
43 -78
43 -78
43 -77
43 -78
43 -77
43 -78
43 -78
43 -78
43 -78
43 -79
43 -79
43 -78
43 -78
43 -78
43 -78
43 -78
43 -63
43 -78
43 -78
43 -78
43 -78
43 -78
43 -78
43 -78
43 -78
43 -78
43 -78
43 -78
43 -78
43 -78
43 -78
43 -78
43 -78
43 -78
43 -78
43 -78
44 -81
44 -81
44 -81
44 -80
44 -78
44 -81
44 -80
44 -81
44 -82
44 -72
44 -84
44 -85
44 -84
44 -82
44 -83
44 -83
44 -83
44 -83
44 -83
44 -83
44 -77
44 -84
44 -85
44 -84
44 -85
44 -83
44 -83
44 -84
44 -84
44 -84
44 -84
44 -83
44 -83
44 -81
44 -84
44 -82
44 -84
44 -84
44 -84
44 -84
44 -83
44 -84
44 -83
44 -84
44 -83
44 -81
44 -83
44 -84
44 -82
44 -83
44 -83
44 -83
44 -83
44 -83
44 -83
44 -83
44 -83
44 -83
44 -82
44 -81
44 -83
44 -82
44 -81
44 -82
44 -84
44 -84
44 -61
44 -83
46 -81
46 -81
46 -81
46 -83
46 -83
46 -84
46 -84
46 -84
46 -83
46 -84
46 -84
46 -83
46 -82
46 -72
46 -83
46 -82
46 -83
46 -83
46 -82
46 -82
46 -82
46 -80
46 -81
46 -81
46 -80
46 -80
46 -81
46 -81
46 -82
46 -81
46 -81
46 -79
46 -79
46 -79
46 -79
46 -82
46 -85
47 -84
47 -86
47 -86
47 -85
47 -85
47 -83
47 -72
47 -85
47 -84
47 -84
47 -86
47 -84
47 -83
47 -85
47 -69
47 -84
47 -83
47 -84
47 -84
47 -84
47 -83
47 -73
47 -84
47 -83
47 -84
47 -83
47 -83
47 -83
47 -83
47 -83
47 -83
47 -83
48 -68
50 -82
50 -83
50 -84
50 -82
50 -82
50 -81
50 -82
50 -82
50 -83
50 -82
50 -83
50 -84
50 -83
50 -84
50 -84
50 -83
50 -85
50 -73
50 -84
50 -83
50 -84
50 -81
50 -81
50 -81
50 -80
50 -80
50 -80
50 -80
50 -81
50 -81
50 -83
50 -81
50 -80
50 -82
50 -82
50 -83
50 -85
50 -86
50 -86
50 -84
50 -84
50 -84
50 -71
50 -83
50 -84
50 -84
50 -79
50 -84
50 -84
50 -83
50 -83
50 -83
50 -84
50 -84
50 -84
51 -83
51 -78
51 -78
51 -79
51 -80
51 -81
51 -80
51 -82
51 -81
51 -79
51 -78
51 -71
51 -78
51 -78
51 -78
51 -78
51 -78
51 -78
51 -78
51 -78
51 -78
51 -67
51 -77
51 -77
51 -77
51 -77
51 -77
51 -78
51 -77
51 -76
51 -76
51 -76
51 -77
51 -78
51 -80
51 -82
51 -82
51 -81
51 -81
51 -80
51 -80
51 -80
51 -79
51 -80
51 -79
51 -80
51 -74
51 -80
51 -78
51 -78
51 -78
51 -78
51 -78
51 -78
51 -78
51 -78
51 -78
51 -78
51 -75
51 -79
51 -75
51 -79
51 -80
51 -79
51 -78
51 -78
51 -79
51 -79
51 -79
51 -80
51 -80
51 -80
51 -82
51 -82
51 -82
51 -81
51 -82
51 -56
51 -80
51 -80
51 -80
51 -79
51 -78
51 -78
51 -76
51 -77
51 -77
51 -76
51 -76
51 -76
51 -76
51 -76
51 -76
51 -78
51 -77
51 -78
51 -78
51 -79
51 -79
51 -80
51 -80
51 -80
51 -80
51 -80
51 -80
51 -79
51 -79
51 -79
51 -79
51 -79
51 -79
51 -79
51 -79
51 -79
51 -79
51 -79
51 -79
51 -79
51 -79
51 -79
51 -79
51 -79
51 -83
51 -83
51 -79
51 -77
51 -77
51 -78
51 -78
51 -60
51 -80
51 -80
51 -78
51 -78
51 -79
51 -78
51 -79
51 -79
51 -79
51 -79
51 -79
51 -79
51 -80
51 -79
51 -79
51 -78
51 -79
51 -80
51 -80
51 -80
51 -79
51 -80
51 -79
51 -80
51 -79
51 -79
51 -80
51 -80
51 -81
51 -81
51 -81
51 -81
51 -81
51 -80
51 -79
51 -79
51 -79
51 -79
51 -79
51 -79
51 -79
51 -80
51 -80
51 -80
51 -80
51 -80
51 -80
51 -79
51 -80
51 -80
51 -59
51 -79
51 -79
51 -79
51 -80
51 -80
51 -79
51 -69
51 -68
51 -79
51 -78
51 -78
51 -80
51 -67
51 -78
51 -78
51 -81
51 -81
51 -81
51 -77
51 -78
51 -81
51 -81
51 -82
51 -81
51 -81
51 -82
51 -81
51 -69
51 -79
51 -77
51 -81
51 -81
51 -81
51 -81
51 -81
51 -82
51 -82
51 -82
51 -82
51 -82
51 -82
51 -81
51 -81
51 -82
51 -48
51 -80
51 -75
51 -81
51 -81
51 -73
51 -81
51 -81
51 -81
51 -81
51 -64
51 -81
51 -81
51 -82
51 -82
51 -83
51 -82
51 -82
51 -82
51 -81
51 -81
51 -82
51 -82
51 -83
51 -83
51 -82
51 -83
51 -83
51 -82
51 -81
51 -82
51 -83
51 -82
51 -82
52 -80
52 -84
52 -83
52 -84
52 -76
52 -82
52 -82
52 -82
52 -84
52 -83
52 -58
52 -84
52 -78
52 -84
52 -84
52 -84
53 -80
53 -78
53 -82
53 -83
53 -85
53 -84
53 -84
53 -85
53 -84
53 -77
53 -82
53 -83
53 -83
53 -83
53 -83
53 -82
53 -70
53 -79
53 -82
53 -83
53 -84
53 -87
53 -79
53 -70
53 -76
53 -84
53 -84
53 -83
53 -83
53 -82
53 -83
53 -83
53 -83
53 -83
53 -83
53 -82
53 -82
53 -82
53 -82
53 -82
53 -82
53 -80
53 -80
53 -79
53 -78
53 -79
53 -80
53 -78
53 -79
53 -79
53 -79
53 -79
53 -79
53 -79
53 -80
53 -79
53 -79
53 -79
53 -75
53 -80
53 -80
53 -79
53 -80
53 -81
53 -81
53 -81
53 -83
53 -83
53 -83
53 -81
53 -82
53 -82
53 -81
53 -80
53 -81
53 -80
53 -80
53 -81
53 -81
53 -80
53 -81
53 -81
53 -80
53 -81
53 -82
53 -83
53 -82
53 -83
53 -66
53 -84
53 -84
53 -84
55 -71
55 -73
55 -73
55 -73
55 -73
55 -72
55 -72
55 -72
55 -71
55 -72
55 -73
55 -73
55 -76
55 -76
55 -72
55 -71
55 -75
55 -78
55 -76
55 -82
55 -80
55 -80
55 -75
55 -75
55 -77
55 -72
55 -75
55 -76
55 -75
55 -75
55 -74
55 -75
55 -75
55 -75
55 -75
55 -76
55 -76
55 -68
55 -76
55 -74
55 -70
55 -68
55 -71
55 -71
55 -70
55 -70
55 -73
55 -75
55 -76
55 -77
55 -77
55 -80
55 -69
55 -77
55 -76
55 -75
55 -76
55 -76
55 -80
55 -82
55 -81
55 -81
55 -82
55 -81
55 -82
55 -80
55 -78
55 -77
55 -75
55 -73
55 -72
55 -71
55 -70
55 -74
55 -81
55 -66
55 -64
55 -64
55 -63
55 -62
55 -62
55 -62
55 -64
55 -61
55 -60
55 -63
55 -68
55 -76
55 -77
55 -74
55 -69
55 -68
55 -66
55 -66
55 -66
55 -65
55 -65
55 -65
55 -65
55 -65
55 -65
55 -66
55 -66
55 -66
55 -66
55 -65
55 -66
55 -66
55 -66
55 -66
55 -66
55 -66
55 -66
55 -66
55 -66
55 -65
55 -65
55 -65
55 -65
55 -65
55 -64
55 -65
55 -65
55 -65
55 -65
55 -66
55 -66
55 -66
55 -66
55 -66
55 -66
55 -66
55 -66
55 -66
55 -66
55 -66
55 -67
55 -67
55 -67
55 -66
55 -66
55 -66
55 -66
55 -67
55 -66
55 -66
55 -65
55 -65
55 -65
55 -65
55 -66
55 -66
55 -66
55 -66
55 -67
55 -67
55 -66
55 -67
55 -66
55 -67
55 -61
55 -69
55 -69
55 -69
55 -70
55 -69
55 -70
55 -71
55 -71
55 -70
55 -72
55 -75
55 -73
55 -73
55 -72
55 -70
55 -69
55 -68
55 -67
55 -66
55 -64
55 -64
55 -64
55 -63
55 -63
55 -63
55 -63
55 -63
55 -63
55 -63
55 -63
55 -63
55 -59
55 -64
55 -64
55 -64
55 -64
55 -64
55 -64
55 -65
55 -64
55 -64
55 -64
55 -64
55 -65
55 -64
55 -64
55 -65
55 -65
55 -66
55 -66
55 -66
55 -67
55 -66
55 -66
55 -66
55 -66
55 -66
55 -66
55 -66
55 -66
55 -66
55 -67
55 -66
55 -66
55 -64
55 -65
55 -65
55 -66
55 -66
55 -66
55 -66
55 -67
55 -67
55 -66
55 -66
55 -65
55 -64
55 -61
55 -64
55 -64
55 -64
55 -64
55 -64
55 -64
55 -65
55 -65
55 -65
55 -65
55 -66
55 -66
55 -66
55 -66
55 -66
55 -66
55 -66
55 -66
55 -66
55 -66
55 -66
55 -66
55 -66
55 -66
55 -66
55 -66
55 -66
55 -66
55 -66
55 -66
55 -66
55 -66
55 -66
55 -66
55 -66
55 -65
55 -66
55 -66
55 -66
55 -66
55 -66
56 -66
56 -66
56 -66
56 -66
56 -66
56 -66
56 -66
56 -67
56 -67
56 -67
56 -67
56 -66
56 -65
56 -64
56 -63
56 -64
56 -64
56 -64
56 -65
56 -64
56 -65
56 -64
56 -64
56 -64
56 -64
56 -65
56 -65
56 -65
56 -66
56 -66
56 -66
56 -66
56 -66
56 -66
56 -68
56 -68
56 -67
56 -66
56 -67
56 -68
56 -68
56 -67
56 -67
56 -66
56 -66
56 -66
56 -67
56 -66
56 -66
56 -65
56 -64
56 -64
56 -64
56 -64
56 -65
56 -65
56 -66
56 -52
56 -66
56 -65
56 -65
56 -65
56 -65
56 -64
56 -64
56 -64
56 -64
56 -64
56 -64
56 -64
56 -64
56 -64
56 -65
56 -64
56 -64
56 -64
56 -64
56 -62
56 -65
56 -65
56 -65
56 -65
56 -65
56 -65
56 -65
56 -65
56 -62
56 -66
56 -66
56 -66
56 -66
56 -66
56 -66
56 -66
56 -66
56 -66
56 -66
56 -65
56 -65
56 -65
56 -65
56 -65
56 -65
56 -65
56 -65
56 -65
56 -65
56 -64
56 -65
56 -64
56 -64
56 -64
56 -65
56 -65
56 -65
56 -65
56 -65
56 -65
56 -65
56 -66
56 -66
56 -66
56 -66
56 -66
56 -67
56 -66
56 -66
56 -66
56 -66
56 -66
56 -66
56 -65
56 -65
56 -65
56 -64
56 -63
56 -64
56 -64
56 -64
56 -64
56 -64
56 -64
56 -64
56 -64
56 -64
56 -64
56 -64
56 -64
56 -64
56 -64
56 -64
56 -64
56 -64
56 -64
56 -64
56 -64
56 -65
56 -65
56 -63
56 -65
56 -65
56 -64
56 -63
56 -64
56 -64
56 -64
56 -64
56 -64
56 -65
56 -66
56 -66
56 -66
56 -65
56 -64
56 -64
56 -65
56 -65
56 -65
56 -66
56 -66
56 -64
56 -64
56 -64
56 -64
56 -65
56 -65
56 -65
56 -65
56 -65
56 -65
56 -65
56 -66
56 -64
56 -66
56 -66
56 -66
56 -66
56 -66
56 -66
56 -66
56 -66
56 -66
56 -66
56 -66
56 -67
56 -67
56 -67
56 -64
56 -67
56 -68
56 -68
56 -68
56 -68
56 -68
56 -68
56 -68
56 -68
56 -68
56 -68
56 -69
56 -68
56 -67
56 -67
56 -68
56 -68
56 -68
56 -68
56 -68
56 -67
56 -67
56 -68
56 -68
56 -68
56 -68
56 -67
56 -67
56 -66
56 -67
56 -67
56 -67
56 -66
56 -65
56 -65
56 -65
56 -65
56 -65
56 -66
56 -66
56 -66
56 -66
56 -66
56 -62
56 -67
56 -68
56 -67
56 -67
56 -66
56 -67
56 -67
56 -66
56 -66
56 -67
56 -66
56 -66
56 -66
56 -66
56 -66
56 -66
56 -66
56 -66
56 -67
56 -67
56 -68
56 -68
56 -69
56 -68
56 -68
56 -68
56 -67
56 -67
56 -67
56 -66
56 -66
56 -66
56 -66
56 -66
56 -66
56 -66
56 -66
56 -66
56 -66
56 -66
56 -66
56 -66
56 -66
56 -66
56 -65
56 -66
56 -66
56 -66
56 -66
56 -66
56 -66
56 -66
56 -66
56 -66
56 -66
56 -66
56 -66
56 -66
56 -66
56 -66
56 -65
56 -64
56 -64
56 -64
56 -65
56 -64
56 -65
56 -64
56 -65
56 -65
56 -65
56 -66
56 -66
56 -66
56 -66
56 -66
56 -66
56 -64
56 -65
56 -65
56 -64
56 -65
56 -64
56 -64
56 -65
56 -65
56 -61
56 -64
56 -65
56 -64
56 -64
56 -65
56 -52
56 -65
56 -65
56 -65
56 -65
56 -65
56 -64
56 -64
56 -65
56 -65
56 -65
56 -65
56 -65
56 -65
56 -65
56 -65
56 -65
56 -65
56 -65
56 -65
57 -76
57 -77
57 -78
57 -74
57 -78
57 -78
57 -78
57 -77
57 -77
57 -78
57 -74
57 -72
57 -70
57 -70
57 -56
57 -68
57 -70
57 -74
57 -65
57 -76
57 -79
57 -76
57 -78
57 -66
57 -78
57 -78
57 -76
57 -76
57 -76
57 -76
57 -76
57 -75
57 -76
57 -74
57 -75
57 -74
57 -72
57 -73
57 -74
57 -74
57 -74
57 -75
57 -77
57 -78
57 -78
57 -76
57 -76
57 -76
57 -76
57 -74
57 -72
57 -70
57 -71
57 -72
57 -72
57 -72
57 -74
57 -75
57 -74
57 -74
57 -73
57 -73
57 -73
57 -74
57 -73
57 -74
57 -74
57 -73
57 -73
57 -73
57 -73
57 -72
57 -73
57 -72
57 -73
57 -73
57 -73
57 -74
57 -73
57 -73
57 -62
57 -73
57 -75
57 -74
57 -62
57 -76
57 -78
57 -79
57 -79
57 -76
57 -78
57 -77
57 -77
57 -72
57 -73
57 -76
57 -74
57 -74
57 -74
57 -73
57 -72
57 -73
57 -74
57 -74
57 -74
57 -74
57 -74
57 -75
57 -76
57 -76
57 -76
57 -74
57 -75
57 -74
57 -74
57 -73
57 -74
57 -74
57 -75
57 -76
57 -76
57 -75
57 -75
57 -75
57 -75
57 -75
57 -74
57 -74
57 -74
57 -73
57 -73
57 -73
57 -73
57 -73
57 -73
57 -72
57 -72
57 -72
57 -75
57 -76
57 -78
57 -78
57 -72
57 -70
57 -68
57 -65
57 -66
57 -69
57 -72
57 -74
57 -58
57 -67
57 -67
57 -67
57 -70
57 -71
57 -72
57 -72
57 -72
57 -72
57 -72
57 -70
57 -70
57 -70
57 -70
57 -70
57 -70
57 -70
57 -69
57 -70
57 -70
57 -70
57 -70
57 -70
57 -70
57 -70
57 -70
57 -70
57 -71
57 -72
57 -72
57 -72
57 -72
57 -72
57 -71
57 -71
57 -71
57 -71
57 -70
57 -72
57 -72
57 -72
57 -72
57 -72
57 -72
57 -72
57 -72
57 -72
57 -72
57 -72
57 -71
57 -71
57 -71
57 -71
57 -71
57 -71
57 -71
57 -71
57 -71
57 -71
57 -70
57 -70
57 -71
57 -71
57 -72
57 -64
57 -72
57 -71
57 -70
57 -70
57 -71
57 -70
57 -70
57 -70
57 -70
57 -70
57 -61
57 -70
57 -69
57 -69
57 -68
57 -68
57 -61
57 -68
57 -68
57 -68
57 -68
57 -68
57 -69
57 -68
57 -68
57 -68
57 -68
57 -68
57 -69
57 -68
57 -69
57 -69
57 -68
57 -67
57 -70
57 -70
57 -70
57 -70
57 -72
57 -74
57 -75
57 -75
57 -75
57 -75
57 -75
57 -74
57 -74
57 -72
57 -70
57 -72
57 -72
57 -71
57 -71
57 -70
57 -70
57 -70
57 -70
57 -70
57 -70
57 -70
57 -70
57 -70
57 -70
57 -70
57 -70
57 -70
57 -70
57 -70
57 -70
57 -70
57 -70
57 -70
57 -70
57 -70
57 -70
57 -70
57 -70
57 -70
57 -69
57 -70
57 -69
57 -69
57 -70
57 -70
57 -70
57 -71
57 -72
57 -72
57 -73
57 -72
57 -71
57 -71
57 -72
57 -71
57 -70
57 -70
57 -69
57 -70
57 -70
57 -70
57 -70
57 -71
57 -71
57 -71
57 -63
57 -71
57 -72
57 -71
57 -71
57 -70
57 -70
57 -71
57 -71
57 -71
57 -70
57 -71
57 -70
57 -70
57 -70
57 -70
57 -70
57 -70
57 -70
57 -70
57 -70
57 -70
57 -70
57 -70
57 -70
57 -70
57 -70
57 -70
57 -70
57 -70
58 -64
58 -64
58 -64
58 -65
58 -64
58 -65
58 -65
58 -65
58 -66
58 -66
58 -66
58 -66
58 -69
58 -69
58 -72
58 -70
58 -66
58 -67
58 -72
58 -71
58 -67
58 -67
58 -67
58 -67
58 -67
58 -68
58 -68
58 -67
58 -67
58 -67
58 -67
58 -67
58 -66
58 -66
58 -66
58 -66
58 -66
58 -66
58 -66
58 -65
58 -65
58 -73
58 -64
58 -64
58 -64
58 -64
58 -64
58 -64
58 -64
58 -64
58 -64
58 -65
58 -65
58 -65
58 -65
58 -65
58 -65
58 -64
58 -64
58 -64
58 -64
58 -63
58 -63
58 -64
58 -64
58 -64
58 -64
58 -65
58 -64
58 -64
58 -64
58 -64
58 -64
58 -65
58 -64
58 -65
58 -60
58 -65
58 -65
58 -65
58 -65
58 -66
58 -66
58 -66
58 -66
58 -66
58 -66
58 -66
58 -65
58 -65
58 -65
58 -65
58 -65
58 -64
58 -62
58 -64
58 -65
58 -65
58 -65
58 -65
58 -65
58 -65
58 -65
58 -65
58 -65
58 -65
58 -65
58 -65
58 -65
58 -66
58 -66
58 -65
58 -66
58 -66
58 -66
58 -65
58 -65
58 -65
58 -64
58 -64
58 -64
58 -64
58 -64
58 -64
58 -64
58 -64
58 -64
58 -63
58 -63
58 -63
58 -63
58 -63
58 -63
58 -63
58 -63
58 -63
58 -63
58 -63
58 -63
58 -63
58 -63
58 -63
58 -63
58 -63
58 -63
58 -63
58 -63
58 -63
58 -63
58 -63
58 -63
58 -63
58 -63
58 -63
58 -63
58 -63
58 -63
58 -66
58 -65
58 -66
58 -67
58 -68
58 -69
58 -69
58 -70
58 -73
58 -76
58 -76
58 -75
58 -76
58 -74
58 -70
58 -67
58 -65
58 -64
58 -64
58 -63
58 -63
58 -63
58 -63
58 -64
58 -64
58 -63
58 -63
58 -63
58 -63
58 -63
58 -63
58 -64
58 -64
58 -64
58 -64
58 -64
58 -64
58 -64
58 -64
58 -64
58 -64
58 -64
58 -64
58 -64
58 -62
58 -65
58 -66
58 -65
58 -65
58 -65
58 -64
58 -64
58 -65
58 -65
58 -64
58 -64
58 -64
58 -64
58 -64
58 -65
58 -65
58 -64
58 -64
58 -64
58 -64
58 -64
58 -64
58 -64
58 -64
58 -64
58 -64
58 -64
58 -64
58 -64
58 -65
58 -65
58 -64
58 -64
58 -64
58 -64
58 -64
58 -64
58 -64
58 -64
58 -64
58 -64
58 -64
58 -64
58 -64
58 -64
58 -64
58 -64
58 -64
58 -64
58 -65
58 -64
58 -64
58 -64
58 -64
58 -64
58 -64
58 -65
58 -65
58 -60
58 -66
58 -65
58 -64
58 -64
58 -65
58 -65
58 -66
58 -66
58 -66
58 -66
58 -66
58 -66
58 -65
58 -61
58 -66
58 -66
58 -64
58 -64
58 -64
58 -64
58 -64
58 -64
58 -64
58 -64
58 -64
58 -64
58 -64
58 -64
58 -64
58 -64
58 -64
58 -64
58 -64
58 -64
58 -64
58 -64
58 -64
58 -64
58 -64
58 -64
58 -64
58 -62
58 -64
58 -60
58 -64
58 -64
58 -64
58 -64
58 -64
58 -64
58 -64
58 -64
58 -64
58 -65
58 -65
58 -64
58 -64
58 -64
58 -64
58 -64
58 -64
58 -64
58 -64
58 -64
58 -64
58 -64
58 -64
58 -64
58 -64
58 -64
58 -64
58 -64
58 -64
58 -64
58 -64
58 -64
58 -64
58 -64
58 -64
58 -64
58 -64
58 -64
58 -64
58 -64
58 -64
58 -64
58 -64
58 -64
58 -64
58 -64
58 -64
58 -64
58 -64
58 -64
58 -64
58 -64
58 -64
58 -64
58 -64
58 -64
58 -64
58 -64
58 -64
58 -64
58 -64
58 -64
58 -64
58 -64
58 -64
58 -61
59 -67
59 -67
59 -67
59 -67
59 -67
59 -67
59 -67
59 -67
59 -68
59 -70
59 -71
59 -70
59 -70
59 -70
59 -70
59 -69
59 -68
59 -67
59 -67
59 -67
59 -67
59 -67
59 -67
59 -68
59 -67
59 -67
59 -67
59 -68
59 -64
59 -68
59 -68
59 -68
59 -68
59 -68
59 -69
59 -69
59 -69
59 -69
59 -67
59 -69
59 -69
59 -69
59 -70
59 -70
59 -70
59 -70
59 -69
59 -68
59 -67
59 -66
59 -68
59 -70
59 -70
59 -71
59 -71
59 -71
59 -64
59 -73
59 -72
59 -72
59 -72
59 -71
59 -72
59 -70
59 -69
59 -70
59 -69
59 -70
59 -70
59 -70
59 -69
59 -70
59 -70
59 -70
59 -70
59 -70
59 -70
59 -70
59 -70
59 -69
59 -69
59 -69
59 -70
59 -69
59 -70
59 -70
59 -70
59 -70
59 -70
59 -70
59 -70
59 -69
59 -69
59 -70
59 -70
59 -70
59 -70
59 -70
59 -70
59 -70
59 -70
59 -70
59 -70
59 -70
59 -70
59 -70
59 -70
59 -70
59 -70
59 -70
59 -70
59 -70
59 -70
59 -70
59 -71
59 -71
59 -70
59 -71
59 -72
59 -70
59 -72
59 -72
59 -72
59 -70
59 -72
59 -72
59 -72
59 -71
59 -71
59 -71
59 -71
59 -71
59 -71
59 -72
59 -71
59 -72
59 -72
59 -72
59 -72
59 -71
59 -72
59 -73
59 -72
59 -72
59 -73
59 -69
59 -70
59 -64
59 -70
59 -69
59 -70
59 -69
59 -71
59 -70
59 -72
59 -73
59 -76
59 -76
59 -74
59 -74
59 -73
59 -73
59 -73
59 -74
59 -74
59 -73
59 -73
59 -74
59 -74
59 -73
59 -73
59 -74
59 -75
59 -76
59 -76
59 -77
59 -77
59 -77
59 -77
59 -68
59 -76
59 -76
59 -73
59 -77
59 -78
59 -74
59 -80
59 -81
59 -83
59 -79
59 -78
59 -79
59 -78
59 -78
59 -76
59 -78
59 -78
59 -78
59 -78
59 -80
59 -79
59 -78
59 -76
59 -76
59 -76
59 -77
59 -76
59 -77
59 -76
59 -76
59 -76
59 -76
59 -77
59 -76
59 -77
59 -77
59 -77
59 -76
59 -75
59 -73
59 -73
59 -73
59 -73
59 -71
59 -74
59 -74
59 -75
59 -75
59 -76
59 -75
59 -76
59 -76
59 -77
59 -76
59 -76
59 -75
59 -75
59 -76
59 -76
59 -76
59 -75
59 -75
59 -74
59 -74
59 -72
59 -71
59 -71
59 -70
59 -70
59 -72
59 -72
59 -73
59 -74
59 -74
59 -75
59 -75
59 -78
59 -79
59 -78
59 -78
59 -79
59 -80
59 -80
59 -81
59 -79
59 -79
59 -78
59 -77
59 -78
59 -76
59 -78
59 -78
59 -78
59 -78
59 -78
59 -78
59 -78
59 -80
59 -68
59 -78
59 -77
59 -77
59 -75
59 -76
59 -75
59 -73
59 -76
59 -73
59 -73
59 -73
59 -73
59 -73
59 -72
59 -70
59 -71
59 -72
59 -72
59 -72
59 -72
59 -72
59 -72
59 -72
59 -72
59 -72
59 -72
59 -72
59 -72
59 -73
59 -73
59 -73
59 -72
59 -72
59 -72
59 -72
59 -72
59 -71
59 -72
59 -72
59 -72
59 -72
59 -72
59 -72
59 -72
59 -72
59 -72
59 -72
59 -72
59 -72
59 -72
59 -73
59 -72
59 -73
59 -65
59 -72
59 -72
59 -72
59 -72
59 -72
59 -72
60 -75
60 -79
60 -82
60 -82
60 -81
60 -83
60 -81
60 -82
60 -82
60 -82
60 -81
60 -81
60 -81
60 -80
60 -71
60 -81
60 -80
60 -78
60 -78
60 -79
60 -78
60 -70
60 -78
60 -78
60 -77
60 -78
60 -78
60 -79
60 -80
60 -79
60 -79
60 -79
60 -79
60 -79
60 -80
60 -80
60 -80
60 -80
60 -81
60 -82
60 -81
60 -82
60 -70
60 -76
60 -81
60 -82
60 -82
60 -81
60 -82
60 -82
60 -82
60 -78
60 -82
60 -84
60 -83
60 -83
60 -83
60 -82
60 -82
60 -81
60 -81
60 -80
60 -80
60 -81
60 -80
60 -80
60 -80
60 -79
60 -79
60 -80
60 -76
60 -79
60 -81
60 -80
60 -80
60 -80
60 -80
60 -79
60 -80
60 -80
60 -69
60 -80
60 -73
60 -79
60 -79
60 -80
60 -79
60 -79
60 -79
60 -80
60 -79
60 -80
60 -79
60 -79
60 -79
60 -79
60 -79
60 -79
60 -79
60 -78
60 -78
60 -78
60 -78
60 -78
60 -78
60 -75
60 -83
60 -85
60 -82
60 -80
60 -80
60 -78
60 -78
60 -78
60 -78
60 -76
60 -77
60 -79
60 -81
60 -82
60 -82
60 -82
60 -83
60 -83
60 -83
60 -83
60 -84
60 -73
60 -83
60 -82
60 -82
60 -82
60 -82
60 -82
60 -81
60 -80
60 -81
60 -81
60 -81
60 -81
60 -81
60 -82
60 -82
60 -81
60 -82
60 -83
60 -84
60 -84
60 -84
60 -84
60 -84
60 -84
60 -84
60 -84
60 -83
60 -84
60 -82
60 -82
60 -82
60 -83
60 -83
60 -81
60 -81
60 -84
60 -84
60 -83
60 -82
60 -81
60 -77
60 -80
60 -80
60 -80
60 -79
60 -74
60 -79
60 -79
60 -81
60 -81
60 -80
60 -82
60 -81
60 -81
60 -82
60 -82
60 -82
60 -82
60 -84
60 -84
60 -83
60 -82
60 -84
60 -84
60 -84
