Beacon Rssi
1 -87
1 -86
1 -77
1 -85
1 -86
1 -84
1 -86
1 -79
3 -87
4 -86
5 -86
5 -85
6 -86
6 -79
6 -77
6 -82
6 -83
6 -82
6 -83
6 -84
6 -84
6 -84
6 -85
6 -83
6 -84
6 -84
6 -66
6 -84
6 -85
6 -85
6 -86
6 -85
6 -83
6 -84
6 -83
6 -83
6 -83
7 -78
7 -78
7 -79
7 -79
7 -82
7 -81
7 -80
7 -80
7 -79
7 -83
7 -82
7 -81
7 -81
7 -82
7 -79
7 -81
7 -81
7 -80
7 -78
7 -76
7 -78
7 -84
7 -80
7 -83
7 -85
7 -83
7 -81
7 -80
7 -82
7 -86
7 -81
7 -85
7 -79
7 -74
7 -74
7 -74
7 -74
7 -74
7 -74
7 -74
7 -74
7 -75
7 -76
7 -76
7 -77
7 -78
7 -79
7 -79
7 -76
7 -77
7 -76
7 -76
7 -77
7 -79
7 -79
7 -79
7 -78
7 -78
7 -78
7 -78
7 -78
7 -78
7 -54
7 -78
7 -78
7 -77
7 -77
7 -76
7 -76
7 -77
7 -77
7 -78
7 -78
7 -78
7 -78
7 -79
7 -79
7 -79
7 -80
7 -80
7 -80
7 -80
7 -80
7 -78
7 -78
7 -78
7 -76
7 -77
7 -76
7 -77
7 -77
7 -77
7 -78
7 -78
7 -80
7 -81
7 -80
7 -79
7 -78
7 -77
7 -76
7 -75
7 -75
7 -75
7 -75
7 -75
7 -74
7 -74
7 -74
7 -74
7 -74
7 -75
7 -75
7 -75
7 -74
7 -74
7 -74
7 -74
7 -74
7 -76
7 -74
7 -76
7 -76
7 -76
7 -76
7 -76
7 -76
7 -76
7 -76
7 -76
7 -75
7 -75
7 -76
7 -75
7 -75
7 -75
7 -75
7 -76
7 -76
7 -76
7 -76
7 -76
7 -76
7 -76
7 -74
7 -74
7 -74
7 -73
7 -71
7 -71
7 -72
7 -72
7 -74
7 -75
7 -76
7 -78
7 -78
7 -76
7 -76
7 -78
7 -82
7 -79
7 -78
7 -77
7 -79
7 -80
7 -83
7 -82
7 -81
7 -79
7 -79
7 -68
7 -78
7 -77
7 -76
7 -76
7 -78
7 -82
7 -81
7 -77
7 -76
7 -76
7 -78
7 -80
7 -75
7 -74
7 -75
7 -75
7 -75
7 -75
7 -76
7 -78
7 -83
7 -82
7 -78
7 -78
7 -82
7 -83
7 -84
7 -86
7 -88
7 -82
7 -78
7 -78
7 -77
7 -76
7 -76
7 -76
7 -76
7 -77
7 -77
7 -76
7 -78
7 -80
7 -80
7 -81
7 -82
7 -85
7 -85
7 -80
7 -79
7 -78
7 -77
7 -78
7 -78
7 -78
7 -77
7 -75
7 -75
7 -74
7 -73
7 -75
7 -73
7 -75
7 -76
7 -76
7 -76
7 -76
7 -76
7 -77
7 -66
7 -77
7 -77
7 -78
7 -78
7 -77
7 -78
7 -75
7 -73
7 -75
7 -76
7 -78
7 -78
7 -76
7 -78
7 -76
7 -77
7 -77
7 -78
7 -78
7 -78
7 -79
7 -79
7 -80
7 -80
7 -80
7 -79
7 -79
7 -79
7 -79
7 -80
7 -78
7 -76
7 -76
7 -74
7 -74
7 -74
7 -72
7 -71
7 -72
7 -72
7 -73
7 -72
7 -73
7 -73
7 -73
7 -75
7 -74
7 -74
7 -75
7 -75
7 -79
7 -77
7 -76
7 -76
7 -76
7 -76
7 -76
7 -78
7 -76
7 -77
7 -78
7 -78
7 -78
7 -78
7 -76
7 -75
7 -72
7 -70
7 -72
7 -75
7 -73
7 -73
7 -75
7 -80
7 -85
7 -87
7 -78
7 -77
7 -80
7 -84
7 -82
7 -79
7 -78
7 -78
7 -80
7 -82
7 -84
7 -82
7 -82
7 -80
7 -78
7 -77
7 -76
7 -75
7 -63
7 -74
7 -73
7 -72
7 -72
7 -72
7 -72
7 -72
7 -72
7 -72
7 -72
7 -70
7 -72
8 -84
8 -85
8 -88
8 -87
8 -84
8 -85
8 -85
8 -84
8 -86
8 -85
8 -85
8 -83
8 -84
8 -87
8 -84
8 -81
8 -80
8 -81
8 -83
8 -80
8 -82
8 -80
8 -84
8 -85
8 -84
8 -81
8 -81
8 -81
8 -81
8 -81
8 -81
8 -81
8 -82
8 -82
8 -82
8 -82
8 -82
8 -82
8 -82
8 -82
8 -83
8 -83
8 -83
8 -84
8 -84
8 -84
8 -83
8 -83
8 -82
8 -84
8 -84
8 -85
8 -84
8 -85
8 -85
8 -84
8 -84
8 -83
8 -84
8 -84
8 -84
8 -83
8 -83
8 -82
8 -82
8 -83
8 -82
8 -82
8 -82
8 -82
8 -82
8 -82
8 -81
8 -80
8 -82
8 -81
8 -81
8 -82
8 -82
8 -82
8 -83
8 -83
8 -82
8 -80
8 -80
8 -80
8 -81
8 -82
8 -83
8 -83
8 -83
8 -83
8 -86
8 -75
8 -83
8 -75
8 -82
8 -83
8 -84
8 -83
8 -82
8 -82
8 -83
8 -84
8 -84
8 -84
8 -83
8 -83
8 -84
8 -84
8 -84
8 -84
8 -84
8 -84
8 -84
8 -73
8 -83
8 -65
8 -84
8 -84
8 -84
8 -84
8 -82
8 -82
8 -65
8 -83
8 -83
9 -84
9 -83
9 -83
9 -83
9 -83
9 -83
9 -82
9 -82
9 -82
9 -81
9 -82
9 -81
9 -82
9 -82
9 -82
9 -83
9 -83
9 -84
9 -84
9 -87
9 -88
9 -84
9 -82
9 -83
9 -84
9 -85
9 -77
9 -83
9 -83
9 -82
9 -82
9 -82
9 -81
9 -81
9 -81
9 -81
9 -80
9 -80
9 -80
9 -80
9 -79
9 -79
9 -80
9 -80
9 -81
9 -80
9 -81
9 -81
9 -80
9 -81
9 -81
9 -81
9 -82
9 -82
9 -82
9 -83
9 -83
9 -82
9 -83
9 -83
9 -83
9 -83
9 -84
9 -84
9 -82
9 -82
9 -82
9 -81
9 -81
9 -81
9 -81
9 -81
9 -81
9 -83
9 -84
9 -86
9 -86
9 -82
9 -82
9 -82
9 -83
9 -82
9 -80
9 -80
9 -80
9 -77
9 -84
9 -85
9 -87
9 -85
9 -82
9 -81
9 -80
9 -81
9 -81
9 -80
9 -80
9 -81
9 -80
9 -80
9 -80
9 -80
9 -81
9 -81
9 -81
9 -80
9 -81
9 -81
9 -81
9 -81
9 -81
9 -81
9 -80
9 -80
9 -81
9 -81
9 -80
9 -81
9 -81
9 -81
9 -80
9 -81
9 -81
9 -80
9 -80
9 -80
9 -83
9 -80
9 -80
9 -81
9 -81
9 -81
9 -83
9 -73
9 -82
9 -82
9 -81
9 -83
9 -82
9 -82
9 -83
9 -84
9 -85
9 -83
9 -82
9 -83
9 -81
9 -78
9 -81
9 -80
9 -80
9 -81
9 -80
9 -80
9 -78
9 -80
9 -82
9 -81
9 -81
9 -83
9 -84
9 -84
9 -84
9 -83
9 -84
9 -84
9 -79
9 -81
9 -80
9 -81
9 -82
9 -84
9 -84
9 -86
9 -84
9 -84
9 -82
9 -80
9 -80
9 -79
9 -79
9 -79
9 -79
10 -70
10 -83
10 -77
10 -84
10 -84
10 -85
10 -84
10 -84
10 -84
10 -85
10 -84
10 -86
10 -84
10 -84
10 -84
10 -84
10 -84
10 -83
10 -83
10 -82
10 -82
10 -82
10 -83
10 -82
10 -83
10 -83
10 -83
10 -84
10 -84
10 -84
10 -84
10 -84
10 -84
10 -84
10 -84
10 -84
10 -83
10 -83
10 -82
10 -83
10 -83
10 -82
10 -79
10 -84
10 -84
10 -83
10 -82
10 -83
10 -84
10 -83
10 -84
10 -84
10 -83
10 -82
10 -72
10 -83
10 -83
10 -83
10 -84
10 -85
10 -86
10 -87
10 -66
10 -80
10 -87
10 -84
11 -83
11 -83
11 -83
11 -88
11 -84
11 -83
11 -83
11 -83
11 -85
11 -84
11 -83
11 -85
11 -82
11 -81
11 -73
11 -80
11 -79
11 -80
11 -81
11 -83
11 -83
11 -81
11 -81
11 -82
11 -79
11 -82
11 -81
11 -80
11 -80
11 -81
11 -81
11 -81
11 -80
11 -82
11 -80
11 -82
11 -81
11 -81
11 -80
11 -81
11 -81
11 -82
11 -81
11 -81
11 -80
11 -79
11 -79
11 -79
11 -79
11 -79
11 -79
11 -80
11 -79
11 -80
11 -81
11 -79
11 -79
11 -80
11 -79
11 -81
11 -81
11 -81
11 -82
11 -84
11 -84
11 -83
11 -83
11 -82
11 -79
11 -83
11 -84
11 -84
11 -81
11 -79
11 -80
11 -80
11 -80
11 -80
11 -79
11 -76
11 -80
11 -80
11 -79
11 -78
11 -79
11 -79
11 -79
11 -79
11 -79
11 -79
11 -79
11 -80
11 -78
11 -80
11 -80
11 -80
11 -81
11 -81
11 -82
11 -73
11 -82
11 -83
11 -84
11 -71
11 -82
11 -82
11 -82
11 -82
11 -82
11 -81
11 -81
11 -81
11 -81
11 -81
11 -81
11 -83
11 -83
11 -84
11 -86
11 -78
11 -86
11 -83
11 -85
11 -84
11 -84
11 -83
11 -82
11 -82
11 -83
11 -86
11 -84
11 -84
11 -84
11 -86
12 -83
12 -83
12 -83
12 -83
12 -83
12 -83
12 -82
12 -85
12 -84
12 -82
12 -82
12 -81
12 -80
12 -82
12 -82
12 -83
12 -72
12 -80
12 -80
12 -81
12 -80
12 -81
12 -79
12 -82
12 -84
12 -84
12 -83
12 -83
12 -83
12 -80
12 -82
12 -83
12 -83
12 -83
12 -82
12 -83
12 -84
12 -83
12 -82
12 -83
12 -84
12 -84
12 -84
12 -84
12 -83
12 -84
12 -83
12 -82
12 -82
12 -82
12 -82
12 -82
12 -82
12 -81
12 -81
12 -81
12 -83
12 -83
12 -83
12 -84
12 -84
12 -70
12 -84
12 -84
12 -84
12 -84
12 -75
12 -84
12 -84
12 -83
12 -83
12 -83
12 -82
12 -82
12 -77
12 -80
12 -78
12 -79
12 -82
12 -82
12 -79
12 -80
12 -80
12 -81
12 -81
12 -84
12 -67
12 -84
12 -83
12 -84
12 -85
12 -83
12 -84
12 -83
12 -83
12 -84
12 -83
12 -82
12 -83
12 -83
12 -83
12 -82
12 -82
12 -84
12 -84
12 -85
12 -83
12 -83
12 -80
12 -83
12 -83
12 -82
12 -82
12 -83
12 -79
12 -84
12 -83
12 -83
12 -83
12 -83
12 -84
12 -53
12 -84
12 -85
12 -85
12 -84
12 -84
12 -84
12 -85
12 -84
12 -84
12 -84
12 -84
12 -85
12 -84
12 -84
12 -85
12 -84
12 -83
12 -74
12 -81
12 -81
12 -82
12 -82
12 -83
12 -82
12 -81
12 -82
12 -84
12 -87
12 -86
12 -83
12 -82
12 -83
12 -83
12 -75
12 -81
12 -81
12 -76
12 -79
12 -82
12 -82
12 -82
12 -81
12 -82
12 -82
12 -79
12 -81
12 -82
12 -82
12 -83
12 -82
12 -83
13 -84
13 -84
13 -84
13 -81
13 -81
13 -79
13 -78
13 -78
13 -79
13 -80
13 -80
13 -83
13 -82
13 -82
13 -81
13 -83
13 -82
13 -82
13 -82
13 -83
13 -83
13 -83
13 -83
13 -82
13 -62
13 -85
13 -77
13 -75
13 -76
13 -75
13 -77
13 -72
13 -80
13 -82
13 -82
13 -81
13 -81
13 -82
13 -80
13 -81
13 -82
13 -82
13 -81
13 -81
13 -81
13 -81
13 -81
13 -81
13 -81
13 -81
13 -81
13 -73
13 -80
13 -81
13 -80
13 -80
13 -80
13 -82
13 -83
13 -83
13 -84
13 -85
13 -84
13 -84
13 -83
13 -82
13 -82
13 -82
13 -82
13 -78
13 -80
13 -83
13 -84
13 -85
13 -78
13 -78
13 -76
13 -78
13 -77
13 -78
13 -79
13 -80
13 -80
13 -81
13 -79
13 -77
13 -76
13 -76
13 -78
13 -81
13 -82
13 -80
13 -76
13 -78
13 -77
13 -76
13 -76
13 -76
13 -76
13 -67
13 -83
13 -82
13 -81
13 -81
13 -82
13 -83
13 -83
13 -83
13 -84
13 -81
13 -79
13 -78
13 -77
13 -76
13 -76
13 -76
13 -76
13 -76
13 -76
13 -77
13 -76
13 -77
13 -77
13 -78
13 -78
13 -80
13 -79
13 -79
13 -78
13 -79
13 -78
13 -78
13 -77
13 -78
13 -77
13 -78
13 -79
13 -80
13 -79
13 -77
13 -79
13 -78
13 -80
13 -79
13 -78
13 -78
13 -79
13 -78
13 -79
13 -78
13 -78
13 -78
13 -78
13 -79
13 -80
13 -79
13 -80
13 -79
13 -78
13 -78
13 -78
13 -78
13 -77
13 -77
13 -78
13 -77
13 -78
13 -78
13 -76
13 -76
13 -76
13 -76
13 -76
13 -76
13 -77
13 -77
13 -77
13 -77
13 -77
13 -77
13 -77
13 -76
13 -76
13 -77
13 -77
13 -76
13 -76
13 -76
13 -75
13 -75
13 -75
13 -75
13 -75
13 -74
13 -74
13 -75
13 -72
13 -75
13 -75
13 -74
13 -74
13 -72
13 -74
13 -74
13 -75
13 -75
13 -76
13 -73
13 -74
13 -74
13 -74
13 -76
13 -75
13 -75
13 -77
13 -78
13 -82
13 -80
13 -78
13 -76
13 -76
13 -75
13 -76
13 -76
13 -76
13 -76
13 -75
13 -75
13 -74
13 -74
13 -75
13 -64
13 -75
13 -75
13 -74
13 -75
13 -70
13 -75
13 -76
13 -75
13 -75
13 -70
13 -75
13 -74
13 -74
13 -74
13 -74
13 -73
13 -73
13 -72
13 -72
13 -72
13 -72
13 -72
13 -72
13 -72
13 -72
13 -72
13 -73
13 -74
13 -73
13 -73
13 -74
13 -75
13 -76
13 -76
13 -76
13 -77
13 -77
13 -72
13 -77
13 -77
13 -78
13 -78
14 -72
14 -72
14 -72
14 -72
14 -72
14 -71
14 -72
14 -72
14 -73
14 -74
14 -73
14 -73
14 -72
14 -71
14 -70
14 -70
14 -70
14 -70
14 -70
14 -71
14 -72
14 -72
14 -72
14 -72
14 -72
14 -71
14 -71
14 -71
14 -71
14 -71
14 -70
14 -70
14 -71
14 -70
14 -70
14 -70
14 -70
14 -70
14 -70
14 -70
14 -70
14 -70
14 -71
14 -72
14 -72
14 -72
14 -72
14 -70
14 -71
14 -72
14 -79
14 -71
14 -72
14 -70
14 -70
14 -70
14 -70
14 -70
14 -70
14 -71
14 -71
14 -71
14 -70
14 -70
14 -70
14 -70
14 -70
14 -72
14 -73
14 -74
14 -75
14 -76
14 -73
14 -78
14 -78
14 -80
14 -81
14 -81
14 -81
14 -80
14 -80
14 -81
14 -82
14 -80
14 -82
14 -74
14 -79
14 -77
14 -80
14 -80
14 -81
14 -81
14 -75
14 -83
14 -86
14 -77
14 -83
14 -79
14 -82
14 -80
14 -79
14 -76
14 -76
14 -76
14 -76
14 -76
14 -78
14 -79
14 -79
14 -78
14 -78
14 -79
14 -81
14 -82
14 -66
14 -84
14 -84
14 -85
14 -85
14 -83
14 -83
14 -79
14 -79
14 -80
14 -80
14 -80
14 -82
14 -85
14 -81
14 -77
14 -76
14 -75
14 -80
14 -79
14 -75
14 -74
14 -72
14 -70
14 -70
14 -70
14 -70
14 -70
14 -70
14 -70
14 -69
14 -69
14 -69
14 -70
14 -71
14 -72
14 -72
14 -72
14 -72
14 -71
14 -71
14 -70
14 -70
14 -70
14 -70
14 -70
14 -70
14 -70
14 -70
14 -70
14 -70
14 -71
14 -72
14 -72
14 -72
14 -72
14 -73
14 -73
14 -73
14 -75
14 -76
14 -79
14 -80
14 -83
14 -82
14 -78
14 -74
14 -72
14 -72
14 -72
14 -69
14 -72
14 -72
14 -72
14 -72
14 -72
14 -72
14 -72
14 -72
14 -71
14 -74
14 -74
14 -75
14 -75
14 -75
14 -75
14 -75
14 -76
14 -76
14 -79
14 -80
14 -79
14 -80
14 -81
14 -80
14 -76
14 -76
14 -76
14 -76
14 -78
14 -78
14 -78
14 -78
14 -77
14 -76
14 -77
14 -78
14 -78
14 -78
14 -77
14 -77
14 -77
14 -77
14 -77
14 -79
14 -76
14 -81
14 -80
14 -78
14 -78
14 -76
14 -76
14 -76
14 -75
14 -73
14 -73
14 -72
14 -72
14 -72
14 -71
14 -71
14 -71
14 -72
14 -75
14 -78
14 -78
14 -80
14 -79
14 -78
14 -75
14 -74
14 -74
14 -76
14 -78
14 -78
14 -78
14 -78
14 -76
14 -78
14 -78
14 -76
14 -74
14 -74
14 -74
14 -74
14 -73
14 -72
14 -72
14 -73
14 -72
14 -72
14 -71
14 -72
14 -71
14 -71
14 -70
14 -70
14 -70
14 -70
14 -70
14 -70
14 -70
14 -71
14 -70
14 -71
14 -71
14 -71
14 -70
14 -71
14 -71
14 -70
14 -71
14 -71
14 -71
14 -72
14 -72
14 -72
14 -72
14 -78
14 -71
14 -71
14 -71
14 -71
14 -71
14 -71
14 -71
14 -72
14 -70
14 -69
14 -68
14 -68
14 -68
14 -68
14 -68
14 -68
14 -68
14 -68
14 -69
14 -70
14 -70
14 -70
14 -72
14 -74
14 -76
14 -76
14 -83
14 -79
14 -77
14 -80
14 -75
14 -70
14 -70
14 -70
14 -70
14 -70
14 -70
14 -70
14 -70
14 -69
14 -69
14 -54
14 -69
14 -69
14 -69
14 -69
14 -69
14 -69
14 -69
14 -69
14 -70
14 -70
14 -69
14 -68
14 -69
14 -69
14 -69
14 -70
14 -70
14 -70
14 -70
14 -70
14 -70
14 -69
14 -69
14 -70
14 -70
14 -70
14 -70
14 -70
14 -70
14 -69
14 -69
14 -69
14 -68
14 -68
14 -68
14 -69
14 -76
14 -70
14 -70
14 -71
14 -72
14 -72
14 -74
14 -75
14 -75
14 -75
14 -73
14 -76
14 -76
14 -76
15 -74
15 -76
15 -74
15 -76
15 -76
15 -77
15 -78
15 -80
15 -78
15 -79
15 -79
15 -78
15 -76
15 -74
15 -76
15 -76
15 -76
15 -77
15 -81
15 -82
15 -81
15 -77
15 -75
15 -75
15 -75
15 -76
15 -77
15 -78
15 -76
15 -76
15 -78
15 -76
15 -76
15 -83
15 -78
15 -81
15 -80
15 -80
15 -79
15 -81
15 -83
15 -83
15 -83
15 -82
15 -81
15 -79
15 -78
15 -79
15 -79
15 -79
15 -81
15 -80
15 -79
15 -78
15 -77
15 -77
15 -76
15 -77
15 -76
15 -79
15 -84
15 -83
15 -83
15 -79
15 -79
15 -79
15 -81
15 -80
15 -78
15 -76
15 -77
15 -76
15 -76
15 -75
15 -74
15 -74
15 -74
15 -76
15 -76
15 -76
15 -76
15 -76
15 -76
15 -76
15 -76
15 -76
15 -76
15 -76
15 -76
15 -76
15 -76
15 -76
15 -76
15 -76
15 -76
15 -76
15 -75
15 -75
15 -75
15 -74
15 -74
15 -75
15 -75
15 -75
15 -76
15 -76
15 -77
15 -70
15 -78
15 -78
15 -77
15 -78
15 -76
15 -76
15 -77
15 -76
15 -77
15 -80
15 -80
15 -82
15 -86
15 -82
15 -83
15 -74
15 -81
15 -79
15 -83
15 -84
15 -84
15 -82
15 -81
15 -80
15 -80
15 -80
15 -80
15 -79
15 -79
15 -79
15 -77
15 -76
15 -76
15 -77
15 -78
15 -78
15 -78
15 -78
15 -78
15 -78
15 -78
15 -79
15 -79
15 -80
15 -80
15 -76
15 -78
15 -79
15 -82
15 -78
15 -77
15 -77
15 -76
15 -75
15 -73
15 -73
15 -73
15 -72
15 -72
15 -72
15 -72
15 -71
15 -72
15 -72
15 -71
15 -72
15 -72
15 -72
15 -72
15 -72
15 -73
15 -73
15 -74
15 -74
15 -74
15 -71
15 -70
15 -73
15 -70
15 -70
15 -70
15 -71
15 -71
15 -72
15 -75
15 -76
15 -76
15 -76
15 -76
15 -73
15 -72
15 -70
15 -70
15 -67
15 -70
15 -71
15 -71
15 -70
15 -70
15 -70
15 -71
15 -71
15 -70
15 -70
15 -70
15 -70
15 -70
15 -70
15 -71
15 -71
15 -70
15 -71
15 -71
15 -70
15 -70
15 -70
15 -70
15 -70
15 -71
15 -70
15 -71
15 -71
15 -72
15 -72
15 -71
15 -71
15 -70
15 -70
15 -70
15 -70
15 -70
15 -70
15 -69
15 -70
15 -70
15 -70
15 -70
15 -69
15 -70
15 -70
15 -70
15 -70
15 -71
15 -72
15 -72
15 -72
15 -73
15 -74
15 -74
15 -75
15 -76
15 -76
15 -76
15 -76
15 -76
15 -76
15 -75
15 -75
15 -74
15 -70
15 -73
15 -73
15 -73
15 -72
15 -72
15 -72
15 -72
15 -69
15 -72
15 -72
15 -72
15 -71
15 -70
15 -71
15 -72
15 -72
15 -72
15 -72
15 -72
15 -72
15 -72
15 -72
15 -72
15 -72
15 -71
15 -71
15 -71
15 -71
15 -71
15 -72
15 -72
15 -71
15 -71
15 -72
15 -72
15 -72
15 -72
15 -70
15 -72
15 -72
15 -72
15 -72
15 -71
15 -70
15 -72
15 -72
15 -72
15 -72
15 -73
15 -74
15 -71
15 -72
15 -72
15 -73
15 -73
15 -73
15 -73
15 -73
15 -74
15 -74
15 -74
15 -73
15 -72
15 -73
15 -72
15 -72
15 -73
15 -73
15 -72
15 -73
15 -74
15 -75
15 -75
15 -76
15 -76
15 -78
15 -78
15 -78
15 -78
15 -78
15 -78
15 -79
15 -78
15 -74
15 -73
15 -77
15 -78
15 -76
15 -76
15 -75
15 -75
15 -75
15 -74
15 -74
15 -76
15 -75
15 -74
15 -75
15 -76
15 -77
15 -78
15 -79
15 -81
15 -80
15 -80
15 -81
15 -80
15 -80
15 -81
15 -80
15 -76
15 -78
15 -79
15 -76
15 -75
15 -76
15 -82
15 -82
15 -82
15 -80
15 -73
15 -78
15 -82
15 -80
15 -78
15 -77
15 -76
15 -75
15 -74
15 -74
15 -73
15 -74
16 -75
16 -74
16 -74
16 -73
16 -74
16 -75
16 -75
16 -76
16 -75
16 -76
16 -75
16 -75
16 -75
16 -75
16 -74
16 -74
16 -76
16 -75
16 -74
16 -79
16 -78
16 -77
16 -78
16 -70
16 -70
16 -71
16 -70
16 -72
16 -72
16 -71
16 -71
16 -70
16 -71
16 -70
16 -70
16 -70
16 -71
16 -72
16 -71
16 -72
16 -73
16 -72
16 -72
16 -72
16 -70
16 -72
16 -70
16 -72
16 -71
16 -70
16 -70
16 -70
16 -71
16 -72
16 -72
16 -72
16 -72
16 -71
16 -72
16 -72
16 -71
16 -71
16 -71
16 -70
16 -70
16 -70
16 -70
16 -72
16 -72
16 -73
16 -75
16 -74
16 -72
16 -72
16 -72
16 -71
16 -71
16 -72
16 -72
16 -72
16 -72
16 -74
16 -75
16 -75
16 -75
16 -74
16 -70
16 -74
16 -76
16 -75
16 -76
16 -76
16 -76
16 -76
16 -76
16 -78
16 -77
16 -77
16 -77
16 -77
16 -77
16 -78
16 -78
16 -79
16 -78
16 -80
16 -80
16 -80
16 -81
16 -81
16 -80
16 -80
16 -81
16 -80
16 -78
16 -76
16 -77
16 -76
16 -76
16 -76
16 -75
16 -72
16 -73
16 -73
16 -74
16 -74
16 -73
16 -73
16 -73
16 -73
16 -73
16 -72
16 -73
16 -73
16 -72
16 -72
16 -73
16 -80
16 -73
16 -73
16 -74
16 -73
16 -70
16 -75
16 -76
16 -75
16 -76
16 -76
16 -76
16 -75
16 -75
16 -75
16 -75
16 -75
16 -75
16 -76
16 -75
16 -75
16 -75
16 -75
16 -57
16 -75
16 -76
16 -75
16 -76
16 -73
16 -76
16 -75
16 -75
16 -76
16 -76
16 -76
16 -75
16 -74
16 -75
16 -75
16 -74
16 -74
16 -74
16 -72
16 -73
16 -74
16 -75
16 -66
16 -76
16 -77
16 -75
16 -71
16 -72
16 -75
16 -77
16 -79
16 -79
16 -75
16 -77
16 -75
16 -72
16 -70
16 -70
16 -72
16 -72
16 -72
16 -72
16 -72
16 -70
16 -69
16 -68
16 -69
16 -70
16 -68
16 -73
16 -73
16 -73
16 -73
16 -73
16 -73
16 -73
16 -73
16 -73
16 -74
16 -74
16 -74
16 -74
16 -76
16 -79
16 -83
16 -78
16 -75
16 -72
16 -72
16 -70
16 -70
16 -70
16 -65
16 -70
16 -71
16 -73
16 -74
16 -76
16 -76
16 -76
16 -76
16 -76
16 -77
16 -77
16 -76
16 -78
16 -82
16 -81
16 -79
16 -82
16 -83
16 -83
16 -82
16 -73
16 -83
16 -83
16 -70
16 -82
16 -79
16 -78
16 -78
16 -76
16 -76
16 -76
16 -77
16 -77
16 -77
16 -72
16 -76
16 -75
16 -75
16 -75
16 -75
16 -76
16 -76
16 -76
16 -77
16 -78
16 -78
16 -79
16 -79
16 -80
16 -78
16 -78
16 -78
16 -77
16 -76
16 -76
16 -76
16 -76
16 -78
16 -80
16 -81
16 -82
16 -81
16 -81
16 -80
16 -65
16 -76
16 -76
16 -76
16 -76
16 -76
16 -76
16 -76
16 -76
16 -76
16 -76
16 -77
16 -58
16 -77
16 -76
16 -77
16 -75
16 -76
16 -76
16 -76
16 -76
16 -77
16 -78
16 -77
16 -71
16 -78
16 -77
16 -77
16 -77
16 -75
16 -78
16 -78
16 -78
16 -78
16 -78
16 -78
16 -79
16 -78
16 -80
16 -80
16 -80
16 -80
16 -81
16 -83
16 -84
16 -81
16 -80
16 -82
16 -78
16 -78
16 -77
16 -76
16 -76
16 -77
16 -77
16 -77
16 -76
16 -77
16 -77
16 -80
16 -78
16 -78
16 -79
16 -79
16 -77
16 -77
16 -78
16 -76
16 -76
16 -74
16 -75
16 -76
16 -76
16 -76
16 -76
16 -76
16 -76
16 -75
16 -74
16 -73
16 -74
16 -75
16 -77
16 -76
16 -74
16 -73
16 -75
16 -71
16 -70
16 -70
16 -70
16 -70
16 -71
16 -72
16 -73
16 -75
16 -75
16 -75
16 -75
16 -76
16 -76
16 -78
16 -78
16 -78
16 -79
16 -78
16 -78
16 -75
16 -74
16 -72
16 -73
16 -76
16 -77
16 -78
16 -79
16 -80
16 -62
16 -81
16 -81
16 -81
16 -81
16 -81
16 -80
16 -80
16 -79
16 -79
16 -78
16 -76
16 -76
16 -75
16 -74
16 -72
16 -72
16 -72
16 -72
16 -71
16 -71
16 -70
16 -70
16 -70
16 -70
16 -70
16 -70
17 -81
17 -79
17 -77
17 -82
17 -81
17 -79
17 -81
17 -79
17 -82
17 -82
17 -82
17 -83
17 -82
17 -83
17 -82
17 -79
17 -82
17 -81
17 -82
17 -82
17 -82
17 -81
17 -82
17 -83
17 -82
17 -83
17 -82
17 -82
17 -82
17 -82
17 -82
17 -82
17 -83
17 -82
17 -81
17 -81
17 -84
17 -84
17 -84
17 -84
17 -86
17 -83
17 -83
17 -83
17 -83
17 -83
17 -83
17 -83
17 -83
17 -82
17 -83
17 -82
17 -84
17 -83
17 -78
17 -83
17 -83
17 -83
17 -83
17 -85
17 -85
17 -84
17 -85
17 -85
17 -83
17 -82
17 -51
17 -80
17 -79
17 -79
17 -79
17 -78
17 -78
17 -78
17 -79
17 -80
17 -80
17 -80
17 -79
17 -79
17 -78
17 -79
17 -79
17 -72
17 -80
17 -81
17 -81
17 -80
17 -80
17 -80
17 -80
17 -80
17 -81
17 -80
17 -82
17 -83
17 -83
17 -78
17 -83
17 -81
17 -81
17 -80
17 -81
17 -78
17 -80
17 -83
17 -84
17 -83
17 -86
17 -83
17 -83
17 -80
17 -78
17 -78
17 -79
17 -80
17 -80
17 -80
17 -81
17 -85
17 -83
17 -83
17 -82
17 -82
17 -84
17 -83
17 -84
17 -83
17 -82
17 -81
17 -81
17 -80
17 -80
17 -81
17 -80
17 -79
17 -80
17 -81
17 -80
17 -81
17 -82
17 -82
17 -82
17 -82
17 -80
17 -73
17 -80
17 -80
17 -81
17 -79
17 -78
17 -80
17 -79
17 -76
17 -78
17 -78
17 -78
17 -70
17 -78
17 -78
17 -78
17 -78
17 -79
17 -78
17 -78
17 -80
17 -80
17 -77
17 -81
17 -80
17 -79
17 -79
17 -78
17 -79
17 -78
17 -78
17 -79
17 -80
17 -81
17 -76
17 -83
17 -83
17 -84
17 -83
17 -82
17 -82
17 -82
17 -82
17 -82
17 -83
17 -79
17 -82
17 -82
17 -81
17 -81
17 -82
17 -82
17 -81
17 -81
17 -82
17 -83
17 -83
17 -81
17 -83
17 -84
17 -85
17 -84
17 -84
17 -84
17 -83
17 -82
17 -82
17 -82
17 -82
17 -81
17 -84
17 -83
17 -84
17 -84
17 -83
17 -83
17 -82
17 -82
17 -81
17 -80
17 -80
17 -82
17 -83
17 -82
17 -83
17 -82
17 -82
17 -83
17 -82
17 -82
17 -81
17 -80
17 -79
17 -78
17 -78
17 -78
17 -79
17 -79
17 -79
17 -80
17 -78
17 -82
17 -81
17 -81
17 -80
17 -80
17 -81
17 -81
17 -81
17 -80
17 -80
17 -76
17 -79
17 -79
17 -78
17 -78
17 -78
17 -78
17 -78
17 -79
17 -82
17 -83
17 -84
17 -83
17 -83
17 -82
17 -81
17 -80
17 -80
17 -80
17 -80
18 -81
18 -80
18 -79
18 -76
18 -75
18 -73
18 -73
18 -74
18 -76
18 -76
18 -78
18 -70
18 -78
18 -86
18 -84
18 -83
18 -82
18 -72
18 -83
18 -81
18 -79
18 -79
18 -78
18 -79
18 -83
18 -80
18 -79
18 -79
18 -79
18 -80
18 -81
18 -83
18 -79
18 -73
18 -72
18 -73
18 -72
18 -71
18 -71
18 -71
18 -71
18 -71
18 -73
18 -72
18 -70
18 -71
18 -70
18 -70
18 -70
18 -70
18 -70
18 -70
18 -70
18 -70
18 -70
18 -71
18 -71
18 -71
18 -71
18 -72
18 -72
18 -72
18 -72
18 -72
18 -72
18 -72
18 -72
18 -73
18 -73
18 -73
18 -73
18 -73
18 -71
18 -74
18 -74
18 -74
18 -74
18 -74
18 -75
18 -74
18 -74
18 -74
18 -74
18 -73
18 -74
18 -74
18 -74
18 -73
18 -72
18 -73
18 -73
18 -73
18 -73
18 -73
18 -74
18 -73
18 -74
18 -74
18 -74
18 -74
18 -73
18 -73
18 -74
18 -65
18 -73
18 -72
18 -72
18 -71
18 -71
18 -71
18 -70
18 -70
18 -70
18 -70
18 -70
18 -70
18 -70
18 -70
18 -70
18 -70
18 -70
18 -70
18 -70
18 -70
18 -70
18 -70
18 -70
18 -70
18 -71
18 -71
18 -71
18 -71
18 -69
18 -72
18 -71
18 -71
18 -71
18 -70
18 -71
18 -71
18 -71
18 -71
18 -71
18 -71
18 -71
18 -71
18 -72
18 -71
18 -71
18 -71
18 -70
18 -70
18 -70
18 -70
18 -70
18 -70
18 -70
18 -70
18 -71
18 -72
18 -72
18 -74
18 -74
18 -75
18 -79
18 -82
18 -79
18 -78
18 -76
18 -76
18 -76
18 -76
18 -77
18 -79
18 -80
18 -82
18 -79
18 -78
18 -77
18 -76
18 -75
18 -75
18 -74
18 -74
18 -72
18 -72
18 -72
18 -72
18 -76
18 -76
18 -76
18 -76
18 -76
18 -76
18 -75
18 -74
18 -72
18 -71
18 -70
18 -70
18 -71
18 -71
18 -70
18 -71
18 -72
18 -73
18 -74
18 -75
18 -74
18 -75
18 -75
18 -76
18 -77
18 -76
18 -76
18 -74
18 -73
18 -73
18 -73
18 -74
18 -73
18 -75
18 -75
18 -76
18 -76
18 -76
18 -76
18 -72
18 -77
18 -76
18 -76
18 -77
18 -77
18 -76
18 -76
18 -77
18 -69
18 -76
18 -64
18 -77
18 -78
18 -77
18 -77
18 -77
18 -77
18 -76
18 -76
18 -76
18 -76
18 -76
18 -77
18 -77
18 -76
18 -76
18 -77
18 -77
18 -77
18 -78
18 -77
18 -72
18 -75
18 -76
18 -76
18 -75
18 -75
18 -75
18 -75
18 -76
18 -76
18 -76
18 -77
18 -78
18 -83
18 -84
18 -82
18 -81
18 -81
18 -77
18 -76
18 -75
18 -75
18 -75
18 -75
18 -74
18 -74
18 -76
18 -76
18 -75
18 -75
18 -74
18 -74
18 -74
18 -74
18 -74
18 -75
18 -74
18 -74
18 -74
18 -75
18 -76
18 -74
18 -76
18 -79
18 -83
18 -82
18 -82
18 -83
18 -83
18 -82
18 -83
18 -82
18 -82
18 -82
18 -82
18 -82
18 -76
18 -82
18 -83
18 -82
18 -80
18 -80
18 -79
18 -78
18 -77
18 -76
18 -74
18 -75
18 -76
18 -76
18 -75
18 -75
18 -76
18 -76
18 -76
18 -76
18 -77
18 -74
18 -76
18 -76
18 -77
18 -76
18 -76
18 -77
18 -77
18 -78
18 -71
18 -78
18 -77
18 -77
18 -77
18 -76
18 -77
18 -76
18 -75
18 -74
18 -73
18 -72
18 -72
18 -72
18 -72
18 -73
18 -76
18 -78
18 -76
18 -76
18 -74
18 -72
18 -72
18 -72
18 -72
18 -72
18 -71
18 -72
18 -72
18 -72
18 -72
18 -72
18 -72
18 -72
18 -72
18 -72
18 -72
18 -72
18 -72
18 -73
18 -73
18 -73
18 -72
18 -73
18 -73
18 -73
18 -72
18 -73
18 -74
18 -74
18 -74
18 -75
18 -75
18 -75
18 -76
18 -76
18 -76
18 -76
18 -75
18 -74
18 -73
18 -72
18 -72
18 -72
18 -72
18 -72
18 -72
18 -71
18 -72
18 -72
18 -72
18 -72
18 -72
18 -73
18 -74
18 -74
18 -75
18 -74
18 -74
19 -85
19 -82
19 -82
19 -83
19 -84
19 -81
19 -85
19 -84
19 -86
19 -84
19 -77
19 -79
19 -81
19 -84
19 -82
19 -83
19 -82
19 -81
19 -79
19 -82
19 -82
19 -82
19 -82
19 -83
19 -85
19 -83
19 -80
19 -82
19 -81
19 -80
19 -81
19 -83
19 -84
19 -84
19 -84
19 -83
19 -84
19 -82
19 -84
19 -84
19 -84
19 -83
19 -82
19 -83
19 -83
19 -84
19 -84
19 -73
19 -84
19 -81
19 -83
19 -83
19 -78
19 -82
19 -82
19 -82
19 -72
19 -81
19 -81
19 -81
19 -81
19 -81
19 -81
19 -80
19 -82
19 -83
19 -85
19 -84
19 -84
19 -84
19 -85
19 -83
19 -79
19 -83
19 -83
19 -83
19 -83
19 -83
19 -86
19 -84
19 -88
19 -84
19 -84
19 -81
19 -80
19 -79
19 -81
19 -84
19 -84
19 -81
19 -81
19 -80
19 -81
19 -83
19 -82
19 -83
19 -82
19 -84
19 -84
19 -81
19 -84
19 -84
19 -84
19 -84
19 -83
19 -84
19 -85
19 -85
19 -84
19 -84
19 -84
19 -83
19 -83
19 -83
19 -81
19 -82
19 -82
19 -83
19 -83
19 -82
19 -83
19 -82
19 -82
19 -82
19 -82
19 -81
19 -79
19 -81
19 -78
19 -82
19 -85
19 -65
19 -84
19 -70
19 -84
19 -84
19 -81
19 -71
19 -79
19 -79
19 -80
19 -76
19 -78
19 -78
19 -78
19 -78
19 -77
19 -77
19 -78
19 -78
19 -77
19 -77
19 -76
19 -76
19 -76
19 -72
19 -76
19 -77
19 -78
19 -75
19 -78
19 -78
19 -79
19 -80
19 -80
19 -82
19 -80
19 -81
19 -80
19 -80
19 -80
19 -80
19 -79
19 -79
19 -79
19 -78
19 -77
19 -76
19 -76
19 -76
19 -76
19 -78
19 -78
19 -79
19 -81
19 -81
19 -80
19 -80
19 -80
19 -80
19 -78
19 -78
19 -78
19 -78
19 -78
19 -78
19 -78
19 -77
19 -77
19 -77
19 -77
19 -77
19 -77
19 -77
19 -77
19 -77
19 -60
19 -77
19 -76
19 -78
19 -78
19 -78
19 -80
19 -81
19 -69
19 -84
20 -82
20 -80
20 -80
20 -80
20 -80
20 -79
20 -80
20 -79
20 -76
20 -80
20 -81
20 -80
20 -82
20 -81
20 -82
20 -82
20 -82
20 -82
20 -82
20 -82
20 -82
20 -80
20 -80
20 -80
20 -80
20 -80
20 -81
20 -80
20 -80
20 -80
20 -76
20 -79
20 -78
20 -79
20 -78
20 -79
20 -79
20 -79
20 -79
20 -79
20 -81
20 -81
20 -81
20 -81
20 -81
20 -81
20 -81
20 -81
20 -81
20 -83
20 -81
20 -82
20 -81
20 -82
20 -82
20 -82
20 -83
20 -84
20 -84
20 -84
20 -84
20 -83
20 -78
20 -83
20 -82
20 -83
20 -82
20 -82
20 -82
20 -82
20 -82
20 -83
20 -82
20 -82
20 -82
20 -82
20 -82
20 -82
20 -82
20 -82
20 -83
20 -82
20 -82
20 -82
20 -82
20 -81
20 -81
20 -83
20 -82
20 -81
20 -82
20 -83
20 -84
20 -86
20 -71
20 -83
20 -87
20 -86
20 -83
20 -85
20 -83
20 -83
20 -82
20 -82
20 -82
20 -81
20 -81
20 -81
20 -81
20 -82
20 -81
20 -82
20 -82
20 -71
20 -83
20 -84
20 -84
20 -83
20 -83
20 -83
20 -66
20 -82
20 -82
20 -82
20 -82
20 -82
20 -81
20 -81
20 -82
20 -82
20 -83
20 -81
20 -81
20 -80
20 -81
20 -82
20 -82
20 -82
20 -80
20 -81
20 -81
20 -81
20 -81
20 -72
20 -81
20 -82
20 -73
20 -84
20 -84
20 -84
20 -85
20 -84
20 -84
20 -83
21 -78
21 -78
21 -78
21 -78
21 -78
21 -77
21 -77
21 -78
21 -76
21 -76
21 -77
21 -78
21 -79
21 -80
21 -83
21 -85
21 -84
21 -80
21 -79
21 -78
21 -77
21 -78
21 -79
21 -79
21 -80
21 -80
21 -79
21 -78
21 -79
21 -80
21 -79
21 -80
21 -81
21 -79
21 -78
21 -78
21 -78
21 -78
21 -78
21 -78
21 -78
21 -78
21 -78
21 -78
21 -78
21 -78
21 -79
21 -79
21 -79
21 -78
21 -79
21 -78
21 -79
21 -79
21 -79
21 -79
21 -80
21 -73
21 -81
21 -81
21 -81
21 -80
21 -66
21 -81
21 -81
21 -81
21 -81
21 -82
21 -83
21 -83
21 -83
21 -79
21 -82
21 -82
21 -81
21 -81
21 -81
21 -65
21 -81
21 -80
21 -79
21 -80
21 -79
21 -78
21 -80
21 -81
21 -80
21 -81
21 -81
21 -81
21 -82
21 -81
21 -81
21 -81
21 -80
21 -81
21 -79
21 -81
21 -81
21 -81
21 -83
21 -83
21 -83
21 -83
21 -82
21 -82
21 -83
21 -83
21 -83
21 -74
21 -84
21 -84
21 -83
21 -84
21 -83
21 -82
21 -82
21 -82
21 -82
21 -82
21 -82
21 -82
21 -82
21 -82
21 -82
21 -83
21 -84
21 -83
21 -71
21 -82
21 -80
21 -82
21 -82
21 -80
21 -79
21 -79
21 -78
21 -78
21 -78
21 -78
21 -81
21 -80
21 -71
21 -81
21 -80
21 -81
21 -81
21 -82
21 -82
21 -82
21 -76
21 -83
21 -84
21 -82
21 -83
21 -84
21 -83
21 -83
21 -82
21 -83
21 -79
21 -83
21 -86
21 -86
21 -85
21 -85
21 -86
21 -85
21 -85
21 -86
24 -86
24 -85
24 -84
24 -85
24 -86
24 -87
24 -84
24 -84
24 -86
24 -86
24 -85
27 -86
27 -84
27 -85
27 -84
27 -84
27 -84
27 -57
28 -84
28 -84
28 -83
28 -84
28 -83
28 -84
28 -84
28 -84
28 -84
28 -84
28 -84
28 -83
28 -83
28 -84
28 -83
28 -83
28 -76
28 -83
28 -84
28 -84
28 -83
28 -82
28 -76
28 -84
28 -85
28 -72
28 -86
28 -86
29 -86
29 -86
29 -87
29 -84
29 -84
29 -85
29 -85
29 -84
29 -84
29 -85
29 -84
29 -84
29 -85
29 -85
29 -84
29 -85
29 -84
29 -84
29 -83
29 -83
29 -83
29 -83
29 -83
30 -83
30 -82
30 -84
30 -83
30 -87
30 -79
30 -80
30 -79
30 -78
30 -78
30 -79
30 -79
30 -80
30 -81
30 -81
30 -79
30 -78
30 -78
30 -78
30 -78
30 -77
30 -77
30 -77
30 -77
30 -78
30 -78
30 -76
30 -78
30 -78
30 -78
30 -78
30 -78
30 -79
30 -78
30 -79
30 -80
30 -80
30 -79
30 -80
30 -80
30 -80
30 -80
30 -80
30 -80
30 -80
30 -81
30 -81
30 -81
30 -80
30 -82
30 -80
30 -80
30 -80
30 -81
30 -80
30 -80
30 -80
30 -80
30 -80
30 -80
30 -81
30 -81
30 -81
30 -80
30 -80
30 -78
30 -78
30 -78
30 -77
30 -76
30 -76
30 -76
30 -76
30 -76
30 -76
30 -76
30 -76
30 -76
30 -72
30 -76
30 -76
30 -76
30 -76
30 -76
30 -76
30 -76
30 -76
30 -78
30 -77
30 -78
30 -78
30 -78
30 -78
30 -78
30 -78
30 -79
30 -78
30 -78
30 -78
30 -78
30 -78
30 -78
30 -78
30 -78
30 -78
30 -77
30 -77
30 -77
30 -78
30 -78
30 -78
30 -77
30 -77
30 -52
30 -76
30 -77
30 -77
30 -78
30 -78
30 -79
30 -80
30 -80
30 -79
30 -79
30 -80
30 -81
30 -83
30 -80
30 -82
30 -82
30 -83
30 -84
30 -84
30 -83
30 -83
30 -83
30 -82
30 -81
30 -82
30 -86
30 -84
30 -63
30 -86
30 -85
30 -84
30 -85
30 -83
30 -83
30 -81
30 -82
30 -82
30 -82
30 -82
30 -83
30 -84
30 -85
30 -86
30 -83
30 -83
30 -83
30 -84
30 -84
30 -79
30 -78
30 -78
30 -79
30 -78
30 -78
30 -78
30 -78
30 -78
31 -84
31 -85
31 -84
31 -85
31 -85
31 -77
31 -85
31 -86
31 -84
31 -84
31 -70
31 -85
31 -86
31 -84
31 -84
31 -84
31 -84
31 -84
31 -84
31 -82
31 -83
31 -83
31 -84
31 -83
31 -83
31 -82
31 -82
31 -82
31 -82
31 -82
31 -83
31 -82
31 -82
31 -82
31 -82
31 -70
31 -83
31 -84
31 -83
31 -85
31 -83
31 -84
31 -84
31 -86
31 -82
31 -82
31 -84
31 -84
31 -83
31 -84
31 -84
31 -85
31 -85
31 -86
31 -84
31 -85
31 -84
31 -83
31 -83
31 -84
31 -85
31 -78
31 -84
31 -84
31 -82
31 -83
31 -78
32 -79
32 -78
32 -77
32 -80
32 -80
32 -79
32 -79
32 -79
32 -80
32 -70
32 -81
32 -80
32 -80
32 -78
32 -76
32 -76
32 -76
32 -76
32 -83
32 -82
32 -80
32 -81
32 -80
32 -79
32 -80
32 -80
32 -82
32 -83
32 -86
32 -81
32 -78
32 -78
32 -76
32 -76
32 -77
32 -77
32 -77
32 -77
32 -76
32 -77
32 -77
32 -78
32 -78
32 -78
32 -78
32 -77
32 -77
32 -78
32 -77
32 -75
32 -78
32 -78
32 -78
32 -78
32 -78
32 -78
32 -77
32 -78
32 -78
32 -78
32 -78
32 -78
32 -79
32 -79
32 -79
32 -78
32 -79
32 -79
32 -79
32 -79
32 -79
32 -79
32 -78
32 -78
32 -78
32 -78
32 -78
32 -78
32 -78
32 -78
32 -78
32 -78
32 -73
32 -79
32 -78
32 -79
32 -80
32 -79
32 -79
32 -79
32 -78
32 -78
32 -78
32 -79
32 -78
32 -78
32 -79
32 -79
32 -78
32 -74
32 -78
32 -77
32 -78
32 -78
32 -77
32 -77
32 -77
32 -76
32 -76
32 -77
32 -76
32 -76
32 -76
32 -76
32 -76
32 -77
32 -77
32 -76
32 -76
32 -77
32 -78
32 -77
32 -78
32 -78
32 -78
32 -78
32 -79
32 -78
32 -78
32 -78
32 -78
32 -78
32 -78
32 -78
32 -78
32 -78
32 -78
32 -79
32 -79
32 -79
32 -79
32 -78
32 -78
32 -78
32 -78
32 -78
32 -78
32 -78
32 -78
32 -70
32 -78
32 -79
32 -77
32 -76
32 -76
32 -76
32 -78
32 -79
32 -80
32 -79
32 -79
32 -81
32 -83
32 -82
32 -80
32 -80
32 -80
32 -80
32 -80
32 -78
32 -78
32 -79
32 -87
32 -83
32 -82
32 -82
32 -81
32 -80
32 -79
32 -69
32 -80
32 -79
32 -80
32 -80
32 -80
32 -80
32 -79
32 -79
32 -80
32 -80
32 -78
32 -79
32 -78
32 -78
32 -78
32 -79
32 -79
32 -75
32 -78
32 -78
32 -79
32 -78
32 -78
32 -78
32 -78
32 -76
32 -80
32 -79
32 -79
32 -80
32 -80
32 -82
32 -82
32 -82
32 -77
32 -82
32 -82
32 -81
32 -79
32 -80
32 -70
32 -80
32 -79
32 -79
32 -79
32 -79
32 -78
32 -78
32 -78
32 -78
32 -78
32 -78
32 -78
32 -78
32 -78
32 -78
32 -73
32 -78
32 -78
32 -78
32 -78
32 -78
32 -78
32 -79
32 -79
32 -72
32 -81
32 -83
32 -83
32 -71
32 -84
32 -84
32 -72
32 -83
32 -86
32 -85
32 -84
32 -81
32 -81
32 -77
32 -77
32 -77
32 -74
32 -76
32 -76
32 -77
32 -78
32 -79
32 -79
32 -79
32 -81
32 -77
32 -83
32 -80
32 -80
32 -78
32 -78
32 -78
32 -80
32 -76
32 -75
32 -74
32 -74
32 -74
32 -83
32 -74
32 -73
32 -74
32 -73
32 -74
32 -73
32 -74
32 -73
32 -73
32 -74
32 -75
32 -73
32 -73
32 -81
32 -71
32 -72
32 -72
32 -72
32 -72
32 -72
32 -72
32 -73
32 -73
32 -73
32 -73
32 -74
32 -73
32 -74
32 -73
32 -74
32 -74
32 -74
32 -75
32 -74
32 -74
32 -75
32 -75
32 -74
32 -75
32 -75
32 -75
32 -75
32 -75
32 -75
32 -74
32 -73
32 -75
32 -75
32 -74
32 -75
33 -84
33 -80
33 -77
33 -77
33 -83
33 -82
33 -82
33 -82
33 -78
33 -79
33 -79
33 -82
33 -83
33 -87
33 -83
33 -83
33 -82
33 -80
33 -78
33 -74
33 -78
33 -77
33 -77
33 -74
33 -78
33 -78
33 -78
33 -79
33 -78
33 -79
33 -79
33 -78
33 -78
33 -78
33 -78
33 -78
33 -78
33 -78
33 -78
33 -78
33 -78
33 -78
33 -65
33 -78
33 -79
33 -79
33 -79
33 -79
33 -79
33 -78
33 -78
33 -77
33 -77
33 -78
33 -78
33 -76
33 -76
33 -76
33 -76
33 -76
33 -77
33 -76
33 -76
33 -76
33 -76
33 -76
33 -76
33 -76
33 -76
33 -75
33 -76
33 -76
33 -71
33 -76
33 -77
33 -78
33 -78
33 -78
33 -79
33 -80
33 -81
33 -83
33 -84
33 -84
33 -85
33 -83
33 -82
33 -82
33 -80
33 -77
33 -80
33 -79
33 -79
33 -78
33 -78
33 -78
33 -78
33 -78
33 -77
33 -78
33 -78
33 -78
33 -78
33 -79
33 -80
33 -79
33 -79
33 -79
33 -79
33 -78
33 -80
33 -84
33 -84
33 -80
33 -74
33 -79
33 -80
33 -73
33 -78
33 -78
33 -79
33 -79
33 -79
33 -80
33 -72
33 -76
33 -69
33 -71
33 -74
33 -74
33 -72
33 -76
33 -78
33 -78
33 -78
33 -78
33 -78
33 -77
33 -76
33 -77
33 -78
33 -78
33 -78
33 -78
33 -78
33 -76
33 -76
33 -75
33 -75
33 -75
33 -75
33 -75
33 -75
33 -75
33 -75
33 -75
33 -76
33 -76
33 -76
33 -76
33 -75
33 -75
33 -75
33 -74
33 -72
33 -73
33 -73
33 -73
33 -73
33 -74
33 -75
33 -76
33 -75
33 -65
33 -72
33 -76
33 -76
33 -76
33 -76
33 -76
33 -75
33 -75
33 -76
33 -76
33 -75
33 -75
33 -74
33 -75
33 -75
33 -75
33 -75
33 -76
33 -76
33 -77
33 -77
33 -76
33 -77
33 -76
33 -76
33 -76
33 -76
33 -76
33 -77
33 -77
33 -76
33 -77
33 -76
33 -77
33 -76
33 -72
33 -77
33 -78
33 -78
33 -78
33 -70
33 -79
33 -80
33 -82
33 -83
33 -82
33 -81
33 -78
33 -78
33 -78
33 -77
33 -77
33 -78
33 -78
33 -78
33 -78
33 -78
33 -78
33 -78
33 -77
33 -78
33 -78
33 -77
33 -77
33 -76
33 -77
33 -76
33 -76
33 -77
33 -76
33 -77
33 -77
33 -77
33 -78
33 -71
33 -78
33 -77
33 -79
33 -78
33 -79
33 -81
33 -80
33 -80
33 -79
33 -79
33 -79
33 -79
33 -78
33 -78
33 -79
33 -70
33 -80
33 -80
33 -81
33 -81
33 -80
33 -80
33 -79
33 -73
33 -78
33 -78
33 -76
33 -77
33 -76
33 -76
33 -76
33 -75
33 -75
33 -76
33 -76
33 -78
33 -76
33 -74
33 -76
33 -79
33 -85
33 -84
33 -84
34 -76
34 -82
34 -82
34 -82
34 -82
34 -82
34 -82
34 -82
34 -82
34 -81
34 -80
34 -79
34 -78
34 -78
34 -79
34 -78
34 -78
34 -81
34 -82
34 -81
34 -85
34 -81
34 -84
34 -85
34 -85
34 -84
34 -82
34 -83
34 -83
34 -83
34 -83
34 -83
34 -83
34 -85
34 -84
34 -84
34 -84
34 -84
34 -81
34 -81
34 -81
34 -80
34 -81
34 -81
34 -80
34 -80
34 -80
34 -81
34 -81
34 -81
34 -81
34 -81
34 -80
34 -83
34 -84
34 -84
34 -82
34 -82
34 -74
34 -82
34 -82
34 -78
34 -81
34 -81
34 -83
34 -82
34 -82
34 -81
34 -80
34 -81
34 -80
34 -80
34 -81
34 -80
34 -75
34 -78
34 -84
34 -81
34 -81
34 -78
34 -78
34 -78
34 -80
34 -84
34 -85
34 -81
34 -81
34 -81
34 -80
34 -80
34 -72
34 -83
34 -83
34 -82
34 -82
34 -84
34 -82
34 -83
34 -82
34 -82
34 -81
34 -84
34 -75
34 -82
34 -83
34 -80
34 -79
34 -78
34 -78
34 -77
34 -77
34 -78
34 -78
34 -77
34 -78
34 -78
34 -78
34 -78
34 -78
34 -76
34 -78
34 -79
34 -79
34 -79
34 -80
34 -79
34 -79
34 -79
34 -78
34 -79
34 -78
34 -80
34 -80
34 -80
34 -79
34 -78
34 -79
34 -79
34 -78
34 -74
34 -78
34 -78
34 -78
34 -78
34 -78
34 -78
34 -78
34 -80
34 -78
34 -81
34 -80
34 -80
34 -79
34 -79
34 -80
34 -81
34 -81
34 -81
34 -82
34 -82
34 -82
34 -82
34 -82
34 -83
34 -82
34 -83
34 -83
34 -84
34 -77
34 -80
34 -83
34 -83
34 -84
34 -84
34 -85
34 -84
34 -82
34 -82
34 -81
34 -82
34 -79
34 -81
34 -81
34 -79
34 -78
34 -79
34 -79
34 -79
34 -78
34 -79
34 -78
34 -78
34 -76
34 -76
34 -76
34 -76
34 -76
34 -76
34 -77
34 -77
34 -78
34 -77
34 -79
34 -78
34 -78
34 -78
34 -78
34 -79
34 -80
34 -81
34 -80
34 -78
34 -78
34 -74
34 -76
34 -76
34 -76
34 -77
34 -78
34 -78
34 -78
34 -78
34 -79
34 -80
34 -78
34 -80
34 -79
34 -76
34 -76
34 -75
34 -75
34 -75
34 -75
34 -75
34 -76
34 -76
34 -76
34 -76
34 -77
34 -77
34 -78
34 -78
34 -78
34 -78
34 -78
34 -78
34 -78
34 -78
34 -77
34 -76
34 -76
34 -77
34 -77
34 -76
34 -77
34 -76
34 -76
34 -77
34 -78
34 -79
34 -79
34 -76
34 -82
34 -80
35 -78
35 -78
35 -78
35 -78
35 -80
35 -80
35 -79
35 -78
35 -78
35 -78
35 -76
35 -75
35 -75
35 -71
35 -78
35 -78
35 -78
35 -82
35 -82
35 -82
35 -82
35 -83
35 -75
35 -83
35 -82
35 -81
35 -82
35 -84
35 -84
35 -82
35 -66
35 -82
35 -83
35 -82
35 -80
35 -83
35 -83
35 -81
35 -81
35 -81
35 -82
35 -81
35 -82
35 -82
35 -81
35 -82
35 -81
35 -80
35 -80
35 -79
35 -81
35 -78
35 -83
35 -83
35 -78
35 -78
35 -77
35 -78
35 -77
35 -76
35 -76
35 -77
35 -77
35 -78
35 -78
35 -73
35 -77
35 -78
35 -77
35 -62
35 -76
35 -76
35 -74
35 -79
35 -78
35 -78
35 -78
35 -78
35 -78
35 -79
35 -78
35 -78
35 -79
35 -78
35 -79
35 -78
35 -78
35 -78
35 -77
35 -79
35 -79
35 -78
35 -72
35 -77
35 -78
35 -78
35 -78
35 -78
35 -78
35 -78
35 -78
35 -78
35 -76
35 -74
35 -77
35 -78
35 -78
35 -79
35 -78
35 -79
35 -78
35 -78
35 -78
35 -78
35 -79
35 -79
35 -80
35 -78
35 -79
35 -78
35 -78
35 -78
35 -79
35 -78
35 -60
35 -78
35 -75
35 -78
35 -59
35 -78
35 -78
35 -78
35 -79
35 -78
35 -78
35 -78
35 -78
35 -78
35 -80
35 -80
35 -81
35 -80
35 -80
35 -78
35 -79
35 -83
35 -83
35 -82
35 -73
35 -77
35 -80
35 -79
35 -83
35 -84
35 -82
35 -70
35 -80
35 -79
35 -78
35 -79
35 -83
35 -82
35 -77
35 -76
35 -76
35 -76
35 -76
35 -76
35 -76
35 -78
35 -82
35 -79
35 -80
35 -80
35 -81
35 -81
35 -76
35 -79
35 -79
35 -79
35 -78
35 -78
35 -78
35 -79
35 -79
35 -79
35 -78
35 -79
35 -79
35 -80
35 -72
35 -82
35 -83
35 -82
35 -78
35 -78
35 -78
35 -78
35 -78
35 -78
35 -79
35 -79
35 -78
35 -78
35 -78
35 -78
35 -78
35 -78
35 -78
35 -78
35 -78
35 -78
35 -78
35 -78
35 -79
35 -79
35 -80
35 -79
35 -80
35 -80
35 -79
35 -79
35 -79
35 -80
35 -80
35 -80
35 -81
35 -81
35 -81
35 -80
35 -81
35 -80
35 -81
35 -81
35 -81
35 -81
35 -79
35 -80
35 -80
35 -80
35 -80
35 -80
35 -78
35 -64
35 -78
35 -79
35 -79
35 -80
35 -78
35 -78
35 -78
35 -77
35 -78
35 -77
35 -78
35 -78
35 -78
35 -78
35 -78
35 -78
35 -78
35 -78
35 -78
35 -78
35 -78
35 -78
35 -78
35 -79
35 -76
35 -78
35 -78
35 -79
35 -79
35 -78
35 -78
35 -78
35 -78
35 -78
35 -78
35 -77
35 -78
35 -77
35 -78
35 -78
35 -81
35 -80
35 -80
35 -80
35 -81
35 -81
35 -81
35 -81
35 -82
35 -82
35 -82
35 -84
35 -84
35 -83
35 -83
35 -85
35 -84
35 -84
35 -80
35 -70
35 -80
35 -79
35 -81
35 -84
35 -81
35 -81
35 -80
35 -82
35 -81
35 -81
35 -80
35 -80
35 -79
35 -78
35 -80
35 -82
35 -69
35 -82
35 -82
35 -83
35 -80
35 -81
35 -81
35 -81
35 -80
35 -80
35 -81
35 -81
35 -69
35 -81
35 -81
35 -82
35 -81
35 -83
35 -84
35 -84
35 -84
35 -84
35 -70
36 -82
36 -85
36 -84
36 -85
36 -78
36 -77
36 -75
36 -76
36 -77
36 -77
36 -77
36 -78
36 -80
36 -81
36 -80
36 -80
36 -82
36 -83
36 -83
36 -84
36 -79
36 -83
36 -82
36 -79
36 -83
36 -83
36 -83
36 -83
36 -83
36 -83
36 -83
36 -83
36 -82
36 -82
36 -82
36 -81
36 -82
36 -82
36 -82
36 -81
36 -81
36 -81
36 -81
36 -80
36 -79
36 -79
36 -79
36 -79
36 -79
36 -79
36 -78
36 -79
36 -79
36 -79
36 -80
36 -79
36 -79
36 -79
36 -81
36 -81
36 -81
36 -82
36 -82
36 -84
36 -84
36 -83
36 -83
36 -84
36 -73
36 -83
36 -83
36 -83
36 -83
36 -83
36 -83
36 -83
36 -82
36 -82
36 -82
36 -82
36 -83
36 -82
36 -83
36 -81
36 -79
36 -79
36 -79
36 -78
36 -78
36 -79
36 -80
36 -81
36 -81
36 -80
36 -78
36 -78
36 -82
36 -72
36 -82
36 -81
36 -86
36 -82
36 -81
36 -81
36 -81
36 -78
36 -77
36 -77
36 -75
36 -78
36 -78
36 -77
36 -77
36 -76
36 -76
36 -76
36 -76
36 -76
36 -76
36 -76
36 -76
36 -76
36 -76
36 -76
36 -76
36 -76
36 -76
36 -76
36 -76
36 -75
36 -77
36 -77
36 -76
36 -78
36 -78
36 -77
36 -76
36 -76
36 -76
36 -76
36 -76
36 -76
36 -76
36 -76
36 -76
36 -76
36 -76
36 -77
36 -76
36 -76
36 -70
36 -76
36 -76
36 -76
36 -76
36 -75
36 -76
36 -75
36 -76
36 -76
36 -76
36 -76
36 -76
36 -76
36 -76
36 -76
36 -76
36 -76
36 -76
36 -76
36 -77
36 -76
36 -76
36 -76
36 -77
36 -76
36 -76
36 -76
36 -76
36 -76
36 -76
36 -76
36 -76
36 -77
36 -76
36 -77
36 -77
36 -78
36 -78
36 -78
36 -78
36 -78
36 -78
36 -77
36 -78
36 -78
36 -78
36 -78
36 -77
36 -77
36 -76
36 -76
36 -76
36 -76
36 -76
36 -76
36 -76
36 -76
36 -76
36 -76
36 -76
36 -77
36 -76
36 -76
36 -76
36 -77
36 -77
36 -76
36 -76
36 -76
36 -79
36 -78
36 -80
36 -71
36 -83
36 -85
36 -83
36 -83
36 -84
36 -82
36 -82
36 -81
36 -81
36 -81
36 -84
36 -84
36 -83
36 -83
36 -83
36 -82
36 -82
36 -84
36 -84
38 -70
38 -70
38 -70
38 -70
38 -70
38 -70
38 -72
38 -73
38 -73
38 -73
38 -75
38 -76
38 -74
38 -73
38 -72
38 -72
38 -74
38 -74
38 -74
38 -72
38 -73
38 -72
38 -72
38 -72
38 -72
38 -72
38 -72
38 -73
38 -74
38 -74
38 -72
38 -71
38 -70
38 -71
38 -72
38 -71
38 -72
38 -71
38 -70
38 -72
38 -72
38 -71
38 -72
38 -71
38 -72
38 -72
38 -73
38 -73
38 -72
38 -72
38 -70
38 -71
38 -71
38 -70
38 -71
38 -71
38 -71
38 -71
38 -72
38 -71
38 -72
38 -66
38 -72
38 -73
38 -73
38 -72
38 -72
38 -71
38 -73
38 -76
38 -80
38 -78
38 -77
38 -75
38 -75
38 -75
38 -76
38 -76
38 -76
38 -77
38 -78
38 -76
38 -76
38 -76
38 -79
38 -75
38 -79
38 -78
38 -78
38 -77
38 -76
38 -76
38 -77
38 -76
38 -77
38 -78
38 -80
38 -81
38 -81
38 -83
38 -83
38 -84
38 -83
38 -82
38 -82
38 -78
38 -78
38 -76
38 -76
38 -75
38 -75
38 -74
38 -75
38 -75
38 -76
38 -76
38 -76
38 -75
38 -74
38 -75
38 -76
38 -76
38 -76
38 -76
38 -78
38 -79
38 -81
38 -82
38 -75
38 -81
38 -80
38 -80
38 -80
38 -80
38 -79
38 -79
38 -78
38 -78
38 -78
38 -79
38 -79
38 -78
38 -78
38 -78
38 -78
38 -77
38 -78
38 -78
38 -78
38 -78
38 -78
38 -79
38 -78
38 -77
38 -76
38 -75
38 -74
38 -75
38 -74
38 -72
38 -73
38 -72
38 -74
38 -76
38 -78
38 -76
38 -82
38 -81
38 -76
38 -76
38 -76
38 -77
38 -78
38 -74
38 -78
38 -81
38 -79
38 -72
38 -76
38 -76
38 -76
38 -78
38 -77
38 -76
38 -77
38 -78
38 -79
38 -84
38 -83
38 -78
38 -76
38 -76
38 -76
38 -76
38 -74
38 -75
38 -76
38 -75
38 -75
38 -75
38 -75
38 -74
38 -74
38 -74
38 -74
38 -75
38 -75
38 -74
38 -74
38 -73
38 -74
38 -74
38 -74
38 -83
38 -76
38 -76
38 -77
38 -78
38 -81
38 -81
38 -79
38 -80
38 -81
38 -80
38 -78
38 -77
38 -76
38 -75
38 -75
38 -74
38 -75
38 -75
38 -75
38 -76
38 -75
38 -75
38 -75
38 -75
38 -74
38 -74
38 -73
38 -72
38 -71
38 -78
38 -71
38 -70
38 -71
38 -72
38 -71
38 -72
38 -72
38 -72
38 -72
38 -72
38 -71
38 -72
38 -72
38 -72
38 -72
38 -72
38 -72
38 -71
38 -72
38 -72
38 -75
38 -76
38 -79
38 -79
38 -79
38 -78
38 -78
38 -79
38 -79
38 -81
38 -82
38 -82
38 -79
38 -77
38 -78
38 -79
38 -80
38 -79
38 -79
38 -78
38 -79
38 -79
38 -82
38 -81
38 -81
38 -84
38 -82
38 -82
38 -82
38 -82
38 -82
38 -83
38 -84
38 -84
38 -83
38 -83
38 -79
38 -80
38 -79
38 -78
38 -77
38 -76
38 -76
38 -75
38 -76
38 -77
38 -76
38 -78
38 -76
38 -75
38 -73
38 -73
38 -73
38 -74
38 -76
38 -78
38 -74
38 -77
38 -77
38 -78
38 -81
38 -82
38 -84
38 -79
38 -81
38 -82
38 -83
38 -81
38 -79
38 -78
38 -79
38 -81
38 -82
38 -79
38 -77
38 -76
38 -76
38 -76
38 -75
38 -75
38 -76
38 -76
38 -76
38 -76
38 -76
38 -77
38 -78
38 -82
38 -84
38 -77
38 -76
38 -76
38 -75
38 -74
38 -73
38 -72
38 -71
40 -76
40 -76
40 -75
40 -74
40 -74
40 -72
40 -72
40 -70
40 -68
40 -70
40 -69
40 -67
40 -66
40 -70
40 -66
40 -67
40 -69
40 -68
40 -71
40 -74
40 -78
40 -74
40 -74
40 -74
40 -73
40 -72
40 -74
40 -70
40 -71
40 -71
40 -70
40 -73
40 -69
40 -70
40 -69
40 -70
40 -73
40 -74
40 -74
40 -74
40 -75
40 -75
40 -73
40 -73
40 -74
40 -73
40 -75
40 -77
40 -79
40 -79
40 -79
40 -78
40 -78
40 -79
40 -82
40 -82
40 -72
40 -75
40 -70
40 -72
40 -72
40 -75
40 -74
40 -72
40 -75
40 -78
40 -73
40 -76
40 -74
40 -75
40 -72
40 -72
40 -76
40 -76
40 -77
40 -81
40 -77
40 -76
40 -75
40 -75
40 -75
40 -74
40 -73
40 -70
40 -72
40 -71
40 -71
40 -73
40 -74
40 -74
40 -72
40 -75
40 -74
40 -74
40 -74
40 -74
40 -74
40 -74
40 -74
40 -73
40 -74
40 -74
40 -73
40 -82
40 -73
40 -69
40 -72
40 -72
40 -72
40 -70
40 -72
40 -72
40 -72
40 -72
40 -72
40 -75
40 -76
40 -76
40 -76
40 -78
40 -76
40 -74
40 -74
40 -73
40 -72
40 -72
40 -72
40 -72
40 -74
40 -74
40 -74
40 -75
40 -76
40 -76
40 -76
40 -77
40 -76
40 -77
40 -77
40 -75
40 -77
40 -76
40 -76
40 -76
40 -75
40 -77
40 -77
40 -76
40 -76
40 -75
40 -75
40 -75
40 -75
40 -75
40 -74
40 -75
40 -75
40 -75
40 -75
40 -74
40 -74
40 -74
40 -74
40 -72
40 -67
40 -74
40 -74
40 -75
40 -75
40 -75
40 -76
40 -76
40 -75
40 -74
40 -73
40 -73
40 -72
40 -72
40 -73
40 -73
40 -73
40 -75
40 -77
40 -75
40 -76
40 -76
40 -76
40 -76
40 -75
40 -75
40 -74
40 -72
40 -72
40 -71
40 -73
40 -71
40 -72
40 -75
40 -76
40 -76
40 -76
40 -77
40 -77
40 -80
40 -78
40 -76
40 -76
40 -76
40 -74
40 -74
40 -73
40 -73
40 -72
40 -72
40 -72
40 -74
40 -71
40 -75
40 -75
40 -74
40 -70
40 -70
40 -70
40 -70
40 -70
40 -71
40 -71
40 -71
40 -70
40 -71
40 -70
40 -72
40 -72
40 -71
40 -70
40 -75
40 -76
40 -76
40 -76
40 -75
40 -75
40 -75
40 -74
40 -74
40 -74
40 -75
40 -75
40 -76
40 -76
40 -76
40 -60
40 -76
40 -76
40 -75
40 -75
40 -74
40 -74
40 -74
40 -74
40 -74
40 -74
40 -73
40 -72
40 -72
40 -70
40 -70
40 -70
40 -70
40 -70
40 -70
40 -70
40 -70
40 -70
40 -72
40 -72
40 -73
40 -73
40 -75
40 -75
40 -75
40 -76
40 -77
40 -76
40 -77
40 -82
40 -83
40 -82
40 -80
40 -83
40 -83
40 -76
40 -81
40 -81
40 -81
40 -79
40 -77
40 -76
40 -76
40 -76
40 -76
40 -73
40 -77
40 -78
40 -79
40 -79
40 -79
40 -78
40 -77
40 -77
40 -76
40 -76
40 -76
40 -76
40 -75
40 -76
40 -76
40 -76
40 -77
40 -78
40 -78
40 -81
40 -84
40 -83
40 -78
40 -82
40 -84
40 -78
40 -76
40 -76
40 -76
40 -76
40 -76
40 -74
40 -72
40 -72
40 -72
40 -72
40 -72
40 -72
40 -71
40 -70
40 -70
40 -69
40 -69
40 -66
40 -65
40 -64
40 -64
40 -64
40 -64
40 -64
40 -66
40 -73
40 -74
40 -72
40 -72
40 -72
40 -73
40 -74
40 -74
40 -74
40 -74
40 -72
40 -72
40 -72
40 -73
40 -73
40 -74
40 -74
40 -73
40 -73
40 -72
40 -72
40 -75
40 -76
40 -74
40 -72
40 -72
40 -73
40 -72
40 -71
40 -69
40 -70
40 -70
40 -70
40 -69
40 -69
40 -69
40 -69
40 -69
40 -70
40 -70
40 -69
40 -70
40 -70
40 -70
40 -70
40 -71
40 -72
40 -72
40 -72
40 -72
40 -75
40 -75
40 -75
40 -75
40 -76
40 -77
40 -64
40 -78
40 -78
40 -78
40 -78
40 -77
40 -78
40 -78
40 -77
40 -78
40 -76
41 -77
41 -78
41 -78
41 -78
41 -78
41 -79
41 -78
41 -78
41 -82
41 -84
41 -79
41 -74
41 -71
41 -77
41 -77
41 -79
41 -76
41 -75
41 -74
41 -73
41 -72
41 -70
41 -70
41 -72
41 -73
41 -71
41 -71
41 -72
41 -72
41 -76
41 -73
41 -83
41 -83
41 -81
41 -76
41 -76
41 -76
41 -81
41 -81
41 -82
41 -82
41 -81
41 -80
41 -78
41 -77
41 -76
41 -76
41 -76
41 -76
41 -76
41 -77
41 -75
41 -77
41 -78
41 -79
41 -77
41 -78
41 -78
41 -58
41 -78
41 -78
41 -78
41 -77
41 -76
41 -76
41 -78
41 -78
41 -78
41 -79
41 -80
41 -80
41 -80
41 -79
41 -80
41 -80
41 -81
41 -77
41 -79
41 -79
41 -79
41 -78
41 -81
41 -82
41 -82
41 -82
41 -83
41 -82
41 -69
41 -81
41 -82
41 -81
41 -81
41 -79
41 -78
41 -78
41 -78
41 -77
41 -78
41 -77
41 -77
41 -76
41 -78
41 -76
41 -76
41 -76
41 -76
41 -74
41 -74
41 -74
41 -75
41 -75
41 -76
41 -76
41 -76
41 -76
41 -77
41 -76
41 -78
41 -79
41 -80
41 -81
41 -81
41 -81
41 -80
41 -79
41 -78
41 -77
41 -77
41 -78
41 -78
41 -78
41 -78
41 -77
41 -78
41 -77
41 -75
41 -77
41 -78
41 -78
41 -78
41 -78
41 -78
41 -77
41 -71
41 -79
41 -78
41 -78
41 -78
41 -77
41 -77
41 -77
41 -76
41 -76
41 -77
41 -76
41 -76
41 -76
41 -76
41 -76
41 -75
41 -75
41 -76
41 -77
41 -78
41 -79
41 -78
41 -78
41 -76
41 -75
41 -75
41 -76
41 -70
41 -76
41 -75
41 -73
41 -73
41 -74
41 -74
41 -72
41 -70
41 -72
41 -75
41 -75
41 -75
41 -76
41 -73
41 -74
41 -76
41 -74
41 -74
41 -72
41 -71
41 -71
41 -72
41 -74
41 -74
41 -74
41 -74
41 -74
41 -73
41 -73
41 -72
41 -72
41 -72
41 -72
41 -72
41 -72
41 -73
41 -73
41 -73
41 -73
41 -73
41 -75
41 -75
41 -73
41 -73
41 -73
41 -74
41 -74
41 -74
41 -75
41 -75
41 -75
41 -75
41 -74
41 -73
41 -72
41 -72
41 -72
41 -71
41 -71
41 -72
41 -71
41 -71
41 -71
41 -71
41 -72
41 -71
41 -67
41 -70
41 -70
41 -70
41 -69
41 -69
41 -70
41 -70
41 -69
41 -70
41 -70
41 -70
41 -70
41 -70
41 -70
41 -68
41 -70
41 -70
41 -70
41 -70
41 -70
41 -70
41 -69
41 -69
41 -67
41 -68
41 -69
41 -68
41 -69
41 -68
41 -69
41 -69
41 -69
41 -69
41 -69
41 -69
41 -70
41 -69
41 -70
41 -70
41 -69
41 -69
41 -69
41 -69
41 -69
41 -69
41 -69
41 -69
41 -69
41 -70
41 -70
41 -70
41 -70
41 -72
41 -72
41 -72
41 -72
41 -72
41 -72
41 -72
41 -71
41 -70
41 -70
41 -72
41 -71
41 -70
41 -70
41 -71
41 -71
41 -71
41 -71
41 -72
41 -71
41 -71
41 -72
41 -73
41 -73
41 -72
41 -72
41 -72
41 -72
41 -72
41 -71
41 -70
41 -70
41 -70
41 -70
41 -70
41 -70
41 -70
41 -70
41 -71
41 -70
41 -70
41 -69
41 -70
41 -73
41 -74
41 -72
41 -72
41 -72
41 -72
41 -74
41 -74
41 -75
41 -74
41 -74
41 -74
41 -75
41 -76
41 -76
41 -77
41 -78
41 -78
41 -77
41 -78
41 -78
41 -78
41 -78
41 -76
41 -76
41 -81
41 -84
41 -64
41 -82
41 -80
41 -79
41 -78
41 -78
41 -78
41 -77
41 -78
41 -80
41 -80
41 -80
41 -82
41 -69
41 -78
41 -76
41 -74
41 -73
41 -75
41 -78
41 -79
41 -78
41 -78
41 -76
41 -76
41 -81
41 -80
41 -82
41 -75
41 -73
41 -70
41 -70
41 -75
41 -76
41 -76
41 -68
41 -71
41 -70
41 -69
41 -67
41 -67
41 -66
41 -67
41 -68
41 -69
41 -69
41 -70
41 -70
41 -70
41 -70
41 -71
41 -70
41 -70
41 -69
41 -70
41 -70
41 -70
41 -72
41 -70
41 -70
41 -70
41 -70
41 -69
41 -70
41 -70
41 -70
41 -69
41 -68
41 -67
41 -66
41 -66
41 -66
41 -66
41 -66
41 -66
41 -66
41 -66
41 -67
41 -68
41 -70
41 -72
41 -73
41 -73
41 -73
41 -72
41 -71
41 -70
41 -70
41 -68
41 -69
41 -69
41 -69
41 -69
41 -69
41 -70
41 -69
41 -68
42 -76
42 -76
42 -77
42 -76
42 -76
42 -75
42 -74
42 -75
42 -75
42 -76
42 -77
42 -78
42 -76
42 -76
42 -77
42 -78
42 -76
42 -76
42 -80
42 -79
42 -76
42 -74
42 -73
42 -75
42 -74
42 -75
42 -74
42 -75
42 -75
42 -74
42 -75
42 -74
42 -75
42 -77
42 -77
42 -78
42 -81
42 -82
42 -82
42 -80
42 -82
42 -81
42 -79
42 -81
42 -80
42 -79
42 -79
42 -79
42 -79
42 -78
42 -79
42 -80
42 -80
42 -80
42 -80
42 -81
42 -81
42 -81
42 -79
42 -77
42 -76
42 -76
42 -74
42 -74
42 -73
42 -73
42 -74
42 -75
42 -76
42 -76
42 -74
42 -74
42 -73
42 -72
42 -72
42 -72
42 -73
42 -73
42 -72
42 -73
42 -74
42 -73
42 -73
42 -73
42 -73
42 -72
42 -73
42 -73
42 -73
42 -72
42 -73
42 -73
42 -73
42 -73
42 -73
42 -73
42 -73
42 -73
42 -73
42 -72
42 -73
42 -72
42 -73
42 -72
42 -72
42 -72
42 -72
42 -72
42 -72
42 -73
42 -73
42 -74
42 -74
42 -73
42 -73
42 -73
42 -73
42 -73
42 -73
42 -73
42 -72
42 -73
42 -73
42 -73
42 -73
42 -74
42 -73
42 -73
42 -73
42 -74
42 -73
42 -74
42 -74
42 -74
42 -74
42 -74
42 -74
42 -75
42 -74
42 -74
42 -74
42 -74
42 -73
42 -71
42 -73
42 -74
42 -74
42 -74
42 -74
42 -74
42 -74
42 -74
42 -74
42 -71
42 -74
42 -75
42 -74
42 -74
42 -70
42 -74
42 -74
42 -74
42 -73
42 -74
42 -74
42 -73
42 -73
42 -73
42 -73
42 -73
42 -74
42 -73
42 -73
42 -73
42 -74
42 -74
42 -74
42 -72
42 -61
42 -74
42 -74
42 -73
42 -74
42 -74
42 -73
42 -73
42 -72
42 -72
42 -72
42 -73
42 -73
42 -73
42 -73
42 -73
42 -74
42 -75
42 -76
42 -75
42 -75
42 -76
42 -76
42 -76
42 -75
42 -74
42 -76
42 -76
42 -76
42 -76
42 -76
42 -76
42 -76
42 -76
42 -76
42 -77
42 -77
42 -75
42 -74
42 -74
42 -74
42 -74
42 -74
42 -74
42 -75
42 -75
42 -75
42 -76
42 -76
42 -76
42 -76
42 -76
42 -76
42 -74
42 -73
42 -72
42 -72
42 -70
42 -74
42 -75
42 -78
42 -79
42 -78
42 -79
42 -77
42 -76
42 -75
42 -74
42 -75
42 -74
42 -74
42 -74
42 -74
42 -76
42 -76
42 -76
42 -76
42 -75
42 -75
42 -75
42 -74
42 -73
42 -72
42 -73
42 -74
42 -74
42 -74
42 -73
42 -74
42 -74
42 -74
42 -74
42 -73
42 -74
42 -75
42 -75
42 -76
42 -76
42 -75
42 -75
42 -75
42 -74
42 -74
42 -74
42 -74
42 -74
42 -74
42 -73
42 -74
42 -75
42 -74
42 -74
42 -74
42 -72
42 -73
42 -72
42 -72
42 -72
42 -71
42 -71
42 -70
42 -70
42 -70
42 -70
42 -70
42 -70
42 -70
42 -70
42 -70
42 -70
42 -70
42 -70
42 -70
42 -70
42 -70
42 -69
42 -70
42 -70
42 -70
42 -70
42 -69
42 -69
42 -69
42 -68
42 -68
42 -68
42 -69
42 -69
42 -69
42 -68
42 -68
42 -68
42 -68
42 -68
42 -67
42 -68
42 -69
42 -69
42 -69
42 -69
42 -69
42 -77
42 -69
42 -69
42 -69
42 -69
42 -69
42 -69
42 -69
42 -69
42 -69
42 -69
42 -69
42 -70
42 -70
42 -70
42 -70
42 -70
42 -70
42 -70
42 -71
42 -71
42 -71
42 -72
42 -72
42 -72
42 -72
42 -73
42 -73
42 -72
42 -73
42 -73
42 -72
42 -72
42 -72
42 -73
42 -73
42 -73
42 -73
42 -72
42 -72
42 -72
42 -71
42 -70
42 -71
42 -71
42 -71
42 -71
42 -72
42 -72
42 -72
42 -70
42 -72
42 -72
42 -72
42 -73
42 -73
42 -74
42 -73
42 -73
42 -74
42 -67
42 -73
42 -72
42 -72
42 -72
42 -72
42 -72
42 -71
42 -74
42 -74
42 -72
42 -75
42 -75
42 -75
42 -74
42 -74
42 -76
42 -78
42 -77
42 -75
42 -73
42 -70
42 -69
42 -70
42 -70
42 -70
42 -70
42 -70
42 -70
42 -72
42 -71
42 -74
42 -74
42 -75
42 -74
42 -74
42 -74
42 -75
42 -74
42 -73
42 -73
42 -72
42 -72
42 -72
42 -71
42 -72
42 -72
42 -72
42 -74
42 -74
42 -74
42 -75
42 -75
42 -75
42 -76
42 -76
42 -77
42 -77
42 -77
42 -77
42 -73
42 -73
42 -72
42 -71
42 -70
42 -70
42 -70
42 -78
42 -70
42 -70
42 -70
42 -70
42 -70
42 -70
42 -70
42 -70
42 -70
42 -71
42 -71
43 -84
43 -85
43 -80
43 -74
43 -85
43 -83
43 -84
43 -83
43 -82
43 -85
43 -83
43 -85
43 -80
43 -78
43 -81
43 -81
43 -82
43 -81
43 -82
43 -80
43 -81
43 -82
43 -81
43 -83
43 -83
43 -83
43 -82
43 -83
43 -84
43 -80
43 -82
43 -71
43 -83
43 -82
43 -83
43 -83
43 -83
43 -81
43 -80
43 -79
43 -77
43 -78
43 -78
43 -77
43 -78
43 -81
43 -82
43 -81
43 -82
43 -78
43 -78
43 -78
43 -70
43 -79
43 -80
43 -79
43 -72
43 -78
43 -77
43 -76
43 -74
43 -74
43 -72
43 -75
43 -75
43 -76
43 -75
43 -75
43 -75
43 -75
43 -75
43 -75
43 -75
43 -74
43 -73
43 -73
43 -73
43 -72
43 -73
43 -74
43 -74
43 -74
43 -74
43 -73
43 -73
43 -74
43 -74
43 -74
43 -76
43 -74
43 -75
43 -75
43 -75
43 -74
43 -74
43 -74
43 -71
43 -74
43 -74
43 -75
43 -75
43 -75
43 -74
43 -75
43 -74
43 -74
43 -74
43 -73
43 -73
43 -72
43 -72
43 -69
43 -68
43 -62
43 -74
43 -76
43 -76
43 -76
43 -76
43 -76
43 -76
43 -76
43 -77
43 -77
43 -77
43 -74
43 -77
43 -76
43 -76
43 -76
43 -76
43 -76
43 -76
43 -76
43 -76
43 -66
43 -75
43 -74
43 -74
43 -73
43 -72
43 -72
43 -72
43 -72
43 -72
43 -71
43 -72
43 -72
43 -72
43 -71
43 -71
43 -72
43 -72
43 -72
43 -71
43 -72
43 -72
43 -71
43 -72
43 -72
43 -72
43 -72
43 -72
43 -73
43 -73
43 -73
43 -74
43 -74
43 -74
43 -75
43 -75
43 -75
43 -76
43 -76
43 -76
43 -76
43 -76
43 -77
43 -76
43 -76
43 -56
43 -76
43 -78
43 -78
43 -71
43 -71
43 -70
43 -78
43 -78
43 -79
43 -80
43 -78
43 -76
43 -77
43 -76
43 -75
43 -74
43 -75
43 -75
43 -76
43 -76
43 -78
43 -78
43 -76
43 -76
43 -76
43 -83
43 -84
43 -82
43 -81
43 -82
43 -75
43 -83
43 -83
43 -74
43 -86
43 -82
43 -82
43 -71
43 -83
43 -84
43 -83
43 -83
43 -82
43 -70
43 -79
43 -79
43 -78
43 -78
43 -78
43 -77
43 -76
44 -86
44 -85
44 -80
44 -78
44 -79
44 -72
44 -79
44 -79
44 -80
44 -72
44 -79
44 -78
44 -78
44 -77
44 -77
44 -78
44 -77
44 -78
44 -78
44 -78
44 -77
44 -78
44 -74
44 -76
44 -76
44 -77
44 -76
44 -77
44 -77
44 -77
44 -76
44 -77
44 -77
44 -76
44 -77
44 -77
44 -71
44 -77
44 -78
44 -78
44 -78
44 -78
44 -78
44 -78
44 -78
44 -78
44 -78
44 -78
44 -77
44 -77
44 -77
44 -77
44 -77
44 -77
44 -77
44 -77
44 -77
44 -77
44 -76
44 -77
44 -76
44 -76
44 -76
44 -76
44 -76
44 -76
44 -76
44 -76
44 -77
44 -76
44 -77
44 -75
44 -77
44 -78
44 -78
44 -78
44 -78
44 -78
44 -79
44 -79
44 -80
44 -80
44 -80
44 -80
44 -78
44 -78
44 -80
44 -79
44 -79
44 -78
44 -79
44 -79
44 -78
44 -78
44 -77
44 -77
44 -77
44 -76
44 -76
44 -77
44 -77
44 -77
44 -76
44 -76
44 -76
44 -76
44 -76
44 -77
44 -76
44 -76
44 -76
44 -76
44 -77
44 -76
44 -76
44 -75
44 -76
44 -76
44 -77
44 -78
44 -77
44 -78
44 -78
44 -78
44 -80
44 -80
44 -81
44 -80
44 -82
44 -82
44 -82
44 -82
44 -85
44 -84
44 -84
44 -85
44 -82
44 -81
44 -80
44 -79
44 -78
44 -78
44 -78
44 -80
44 -84
44 -84
44 -83
44 -83
44 -83
44 -84
44 -84
44 -85
44 -84
44 -83
44 -83
44 -79
44 -82
44 -82
44 -82
46 -83
46 -83
46 -84
46 -83
46 -82
46 -82
46 -83
46 -85
46 -84
46 -73
46 -84
46 -82
46 -82
46 -83
46 -83
46 -85
46 -84
46 -81
46 -84
46 -84
46 -79
46 -87
46 -86
46 -84
46 -85
46 -84
47 -85
47 -85
47 -87
47 -85
47 -84
47 -84
47 -84
47 -84
47 -85
47 -84
47 -86
47 -85
47 -86
47 -87
48 -83
48 -83
48 -84
48 -84
48 -78
48 -76
49 -86
49 -84
49 -85
49 -85
50 -84
50 -83
50 -83
50 -84
50 -82
50 -85
50 -85
50 -84
50 -84
50 -79
50 -73
50 -85
50 -78
51 -84
51 -84
51 -84
51 -84
51 -79
51 -83
51 -82
51 -81
51 -85
51 -84
51 -83
51 -84
51 -83
51 -82
51 -83
51 -83
51 -71
51 -81
51 -83
51 -82
51 -83
51 -83
51 -83
51 -83
51 -82
51 -82
51 -82
51 -82
51 -82
51 -81
51 -82
51 -82
51 -80
51 -81
51 -80
51 -81
51 -82
51 -80
51 -79
51 -85
51 -85
51 -87
51 -70
51 -86
51 -85
51 -87
51 -86
51 -69
51 -84
51 -84
51 -84
51 -84
51 -84
51 -84
51 -84
51 -84
51 -85
51 -84
51 -84
51 -85
51 -85
51 -85
51 -86
51 -85
51 -84
51 -84
51 -85
51 -85
51 -84
51 -85
51 -85
51 -85
51 -70
51 -85
51 -85
51 -84
51 -84
51 -84
51 -84
51 -84
51 -83
51 -84
51 -84
51 -82
51 -82
51 -82
51 -54
51 -83
51 -82
51 -81
51 -81
51 -82
51 -83
51 -82
51 -83
51 -83
51 -82
51 -84
51 -84
51 -84
51 -85
51 -84
51 -85
51 -88
51 -84
51 -83
51 -82
51 -83
51 -81
51 -81
51 -80
51 -81
51 -82
51 -81
51 -82
51 -81
51 -70
51 -81
51 -82
51 -81
51 -80
51 -80
51 -80
51 -80
51 -80
51 -81
51 -81
51 -80
51 -81
51 -82
51 -81
51 -81
51 -82
51 -82
51 -81
51 -81
51 -82
51 -81
51 -82
51 -79
52 -79
52 -80
52 -79
52 -80
52 -79
52 -80
52 -79
52 -79
52 -79
52 -80
52 -79
52 -79
52 -78
52 -78
52 -79
52 -80
52 -83
52 -83
52 -83
52 -85
52 -79
52 -79
52 -79
52 -79
52 -70
52 -78
52 -78
52 -79
52 -79
52 -78
52 -81
52 -80
52 -80
52 -81
52 -80
52 -79
52 -78
52 -79
52 -81
52 -81
52 -80
52 -79
52 -79
52 -79
52 -80
52 -80
52 -79
52 -71
52 -81
52 -81
52 -81
52 -81
52 -82
52 -82
52 -81
52 -80
52 -79
52 -79
52 -79
52 -78
52 -81
52 -72
52 -78
52 -78
52 -78
52 -79
52 -79
52 -72
52 -80
52 -83
52 -84
52 -85
52 -84
52 -83
52 -85
52 -83
52 -83
52 -82
52 -76
52 -81
52 -81
52 -79
52 -82
52 -83
52 -82
52 -83
52 -83
52 -85
52 -86
52 -86
52 -84
52 -83
52 -82
52 -83
52 -84
52 -87
52 -86
52 -84
52 -83
52 -82
52 -83
52 -83
52 -83
52 -83
52 -84
53 -83
53 -82
53 -82
53 -82
53 -82
53 -83
53 -81
53 -80
53 -78
53 -79
53 -82
53 -75
53 -80
53 -79
53 -79
53 -80
53 -78
53 -78
53 -80
53 -80
53 -81
53 -80
53 -79
53 -81
53 -81
53 -81
53 -79
53 -80
53 -80
53 -80
53 -79
53 -79
53 -79
53 -79
53 -79
53 -79
53 -78
53 -79
53 -79
53 -79
53 -79
53 -78
53 -78
53 -78
53 -78
53 -79
53 -76
53 -81
53 -82
53 -79
53 -78
53 -77
53 -78
53 -78
53 -78
53 -78
53 -79
53 -81
53 -81
53 -82
53 -83
53 -83
53 -82
53 -82
53 -81
53 -80
53 -80
53 -80
53 -81
53 -80
53 -79
53 -80
53 -81
53 -81
53 -68
53 -82
53 -81
53 -82
53 -81
53 -81
53 -82
53 -81
53 -82
53 -80
53 -81
53 -81
53 -82
53 -82
53 -80
53 -82
53 -83
53 -83
53 -83
53 -83
53 -81
53 -83
53 -83
53 -84
53 -83
53 -83
53 -82
53 -82
53 -81
53 -81
53 -80
53 -80
53 -78
53 -78
53 -79
53 -79
53 -79
53 -69
53 -79
53 -80
53 -79
53 -77
53 -79
53 -80
53 -79
53 -80
53 -81
53 -81
53 -81
53 -81
53 -78
53 -82
53 -82
53 -82
53 -82
53 -77
53 -81
53 -81
53 -81
53 -78
53 -81
53 -82
53 -81
53 -80
53 -79
53 -77
53 -78
53 -78
53 -79
53 -79
53 -78
53 -77
53 -77
53 -78
53 -78
53 -77
53 -78
53 -77
53 -78
53 -79
53 -78
53 -81
53 -82
53 -84
53 -79
53 -78
53 -78
53 -78
53 -77
53 -82
53 -83
53 -83
53 -83
53 -84
53 -83
53 -83
53 -84
53 -84
53 -85
53 -85
53 -84
53 -84
53 -85
53 -83
53 -82
53 -83
53 -83
53 -83
53 -81
53 -77
53 -76
53 -76
53 -76
53 -76
53 -76
53 -77
53 -78
53 -68
53 -81
53 -82
53 -81
53 -82
53 -83
53 -80
53 -80
53 -78
53 -76
53 -77
53 -77
53 -78
53 -78
53 -73
53 -81
53 -85
53 -84
53 -83
53 -81
53 -79
53 -78
53 -78
53 -78
53 -78
53 -78
53 -78
53 -78
53 -78
53 -78
53 -78
53 -78
55 -63
55 -63
55 -63
55 -63
55 -63
55 -63
55 -63
55 -64
55 -64
55 -64
55 -63
55 -64
55 -64
55 -64
55 -63
55 -65
55 -68
55 -68
55 -67
55 -68
55 -73
55 -75
55 -78
55 -84
55 -66
55 -66
55 -66
55 -66
55 -66
55 -66
55 -66
55 -64
55 -64
55 -64
55 -64
55 -63
55 -64
55 -64
55 -66
55 -70
55 -71
55 -70
55 -67
55 -67
55 -67
55 -66
55 -67
55 -68
55 -69
55 -68
55 -66
55 -66
55 -66
55 -67
55 -67
55 -68
55 -68
55 -69
55 -69
55 -69
55 -68
55 -69
55 -71
55 -72
55 -73
55 -72
55 -70
55 -69
55 -68
55 -67
55 -66
55 -66
55 -66
55 -66
55 -69
55 -70
55 -70
55 -70
55 -72
55 -76
55 -74
55 -73
55 -73
55 -73
55 -74
55 -74
55 -73
55 -74
55 -72
55 -72
55 -72
55 -73
55 -75
55 -77
55 -76
55 -76
55 -75
55 -75
55 -75
55 -75
55 -76
55 -77
55 -79
55 -79
55 -79
55 -79
55 -79
55 -80
55 -80
55 -79
55 -81
55 -82
55 -85
55 -82
55 -82
55 -82
55 -78
55 -78
55 -78
55 -78
55 -78
55 -78
55 -79
55 -82
55 -79
55 -78
55 -77
55 -80
55 -80
55 -78
55 -76
55 -72
55 -72
55 -70
55 -70
55 -70
55 -69
55 -68
55 -68
55 -67
55 -68
55 -68
55 -69
55 -69
55 -69
55 -68
55 -69
55 -69
55 -69
55 -69
55 -70
55 -59
55 -72
55 -73
55 -74
55 -75
55 -75
55 -76
55 -75
55 -76
55 -76
55 -76
55 -76
55 -77
55 -77
55 -77
55 -77
55 -78
55 -78
55 -76
55 -76
55 -76
55 -75
55 -75
55 -75
55 -74
55 -75
55 -76
55 -76
55 -76
55 -75
55 -74
55 -72
55 -70
55 -72
55 -72
55 -74
55 -73
55 -72
55 -71
55 -72
55 -71
55 -72
55 -73
55 -73
55 -71
55 -68
55 -68
55 -66
55 -66
55 -68
55 -72
55 -73
55 -69
55 -70
55 -70
55 -70
55 -70
55 -72
55 -74
55 -76
55 -77
55 -69
55 -68
55 -71
55 -72
55 -71
55 -70
55 -70
55 -69
55 -68
55 -69
55 -68
55 -67
55 -66
55 -66
55 -66
55 -75
55 -69
55 -70
55 -70
55 -71
55 -71
55 -70
55 -69
55 -67
55 -65
55 -64
55 -64
55 -60
55 -64
55 -64
55 -65
55 -65
55 -66
55 -66
55 -67
55 -68
55 -68
55 -68
55 -69
55 -66
55 -67
55 -67
55 -66
55 -66
55 -67
55 -68
55 -68
55 -69
55 -69
55 -69
55 -69
55 -68
55 -68
55 -69
55 -69
55 -68
55 -68
55 -68
55 -67
55 -67
55 -67
55 -68
55 -68
55 -69
55 -70
55 -72
55 -71
55 -70
55 -69
55 -69
55 -68
55 -68
55 -69
55 -68
55 -67
55 -68
55 -68
55 -68
55 -67
55 -67
55 -67
55 -67
55 -67
55 -67
55 -67
55 -67
55 -66
55 -66
55 -66
55 -66
55 -67
55 -68
55 -69
55 -69
55 -70
55 -70
55 -70
55 -70
55 -71
55 -71
55 -70
55 -70
55 -68
55 -68
55 -69
55 -68
55 -67
55 -67
55 -66
55 -67
55 -66
55 -66
55 -66
55 -66
55 -65
55 -65
55 -65
55 -65
55 -65
55 -64
55 -64
55 -64
55 -65
55 -65
55 -65
55 -65
55 -65
55 -65
55 -65
55 -66
55 -73
55 -66
55 -66
55 -67
55 -66
55 -66
55 -66
55 -67
55 -66
55 -66
55 -68
55 -70
55 -69
55 -69
55 -69
55 -69
55 -69
55 -69
55 -69
55 -68
55 -67
55 -68
55 -64
55 -68
55 -68
55 -68
55 -69
55 -68
55 -69
55 -69
55 -69
55 -67
55 -68
55 -68
55 -68
55 -68
55 -68
55 -68
55 -68
55 -68
55 -68
55 -67
55 -67
55 -67
55 -68
55 -68
55 -68
55 -67
55 -68
55 -68
55 -69
55 -69
55 -70
55 -70
55 -70
55 -70
55 -70
55 -70
55 -71
55 -70
55 -67
55 -70
55 -69
55 -67
55 -66
55 -66
55 -67
55 -49
55 -67
55 -68
55 -68
55 -69
55 -68
55 -68
55 -70
55 -70
55 -72
55 -75
55 -78
55 -76
55 -72
55 -70
55 -68
55 -69
55 -71
55 -78
55 -66
55 -66
55 -65
55 -66
55 -67
55 -68
55 -68
55 -68
55 -68
55 -68
55 -69
55 -70
55 -69
55 -68
55 -68
55 -68
55 -69
55 -69
55 -69
55 -67
55 -69
55 -69
55 -68
55 -69
55 -70
55 -70
55 -71
55 -71
55 -72
55 -72
55 -71
55 -70
55 -70
55 -69
55 -69
55 -69
55 -66
55 -68
55 -67
55 -67
55 -66
55 -66
55 -66
55 -66
55 -66
55 -66
55 -66
55 -67
55 -66
55 -66
55 -66
55 -64
55 -64
55 -64
55 -63
55 -63
55 -63
55 -63
55 -63
55 -64
55 -64
55 -64
55 -64
56 -82
56 -83
56 -81
56 -76
56 -79
56 -77
56 -77
56 -77
56 -76
56 -77
56 -76
56 -76
56 -77
56 -75
56 -78
56 -73
56 -73
56 -73
56 -73
56 -73
56 -72
56 -73
56 -72
56 -72
56 -71
56 -72
56 -72
56 -76
56 -80
56 -83
56 -82
56 -84
56 -82
56 -78
56 -78
56 -78
56 -81
56 -83
56 -85
56 -83
56 -83
56 -83
56 -81
56 -82
56 -82
56 -82
56 -82
56 -74
56 -72
56 -72
56 -72
56 -72
56 -70
56 -70
56 -70
56 -69
56 -70
56 -70
56 -69
56 -69
56 -69
56 -69
56 -69
56 -68
56 -69
56 -69
56 -69
56 -64
56 -69
56 -70
56 -69
56 -55
56 -68
56 -68
56 -68
56 -69
56 -69
56 -69
56 -68
56 -69
56 -69
56 -69
56 -69
56 -68
56 -69
56 -69
56 -69
56 -69
56 -56
56 -69
56 -70
56 -69
56 -69
56 -69
56 -69
56 -69
56 -68
56 -68
56 -68
56 -68
56 -68
56 -68
56 -68
56 -68
56 -69
56 -69
56 -69
56 -69
56 -69
56 -69
56 -68
56 -68
56 -68
56 -68
56 -68
56 -68
56 -68
56 -69
56 -69
56 -70
56 -69
56 -70
56 -69
56 -70
56 -70
56 -70
56 -70
56 -71
56 -71
56 -71
56 -71
56 -71
56 -71
56 -71
56 -70
56 -70
56 -70
56 -70
56 -71
56 -71
56 -68
56 -70
56 -70
56 -70
56 -70
56 -70
56 -70
56 -70
56 -70
56 -70
56 -68
56 -70
56 -69
56 -69
56 -69
56 -69
56 -69
56 -69
56 -69
56 -69
56 -69
56 -69
56 -69
56 -69
56 -70
56 -70
56 -70
56 -70
56 -69
56 -69
56 -69
56 -69
56 -69
56 -70
56 -71
56 -72
56 -70
56 -70
56 -71
56 -72
56 -73
56 -75
56 -76
56 -78
56 -78
56 -76
56 -74
56 -72
56 -67
56 -71
56 -70
56 -70
56 -70
56 -70
56 -70
56 -71
56 -72
56 -72
56 -73
56 -73
56 -75
56 -76
56 -72
56 -84
56 -79
56 -77
56 -77
56 -77
56 -77
56 -76
56 -75
56 -74
56 -73
56 -72
56 -72
56 -73
56 -74
56 -77
56 -82
56 -83
56 -84
56 -85
56 -81
56 -75
56 -80
56 -79
56 -80
56 -79
56 -78
56 -78
56 -77
56 -76
56 -76
56 -75
56 -75
56 -75
56 -75
56 -74
56 -73
56 -72
56 -72
56 -73
56 -73
56 -73
56 -73
56 -72
56 -72
56 -72
56 -72
56 -72
56 -72
56 -72
56 -72
56 -72
56 -72
56 -71
56 -71
56 -71
56 -71
56 -71
56 -71
56 -71
56 -72
56 -72
56 -72
56 -71
56 -71
56 -70
56 -70
56 -71
56 -70
56 -71
56 -71
56 -72
56 -72
56 -74
56 -76
56 -76
56 -77
56 -77
56 -77
56 -76
56 -76
56 -76
56 -76
56 -77
56 -76
56 -76
56 -76
56 -77
56 -78
56 -77
56 -77
56 -78
56 -78
56 -79
56 -80
56 -80
56 -81
56 -81
56 -82
56 -83
56 -81
56 -80
56 -79
56 -79
56 -81
56 -80
56 -79
56 -80
56 -80
56 -79
56 -78
56 -78
56 -77
56 -78
56 -78
56 -78
56 -77
56 -78
56 -78
56 -76
56 -78
56 -78
56 -76
56 -76
56 -77
56 -83
56 -83
56 -81
56 -81
56 -81
56 -82
56 -82
56 -82
56 -81
56 -82
56 -81
56 -79
56 -80
56 -79
56 -79
56 -79
56 -79
56 -78
56 -78
56 -78
56 -72
56 -76
56 -76
56 -76
56 -76
56 -76
56 -76
56 -76
56 -76
56 -71
56 -77
56 -76
56 -76
56 -76
56 -75
56 -75
56 -75
56 -71
56 -75
56 -75
56 -74
56 -74
56 -71
56 -72
56 -72
56 -72
56 -72
56 -74
56 -78
56 -81
56 -83
56 -78
56 -75
56 -76
56 -76
56 -76
56 -78
56 -73
56 -73
56 -72
56 -66
56 -72
56 -72
56 -70
56 -70
56 -69
56 -69
56 -70
56 -70
56 -69
56 -68
56 -68
56 -68
56 -69
56 -69
56 -70
56 -70
56 -70
56 -70
56 -70
56 -69
56 -68
56 -68
56 -68
56 -68
56 -68
56 -67
56 -67
56 -67
56 -67
56 -67
56 -67
56 -66
56 -67
56 -67
56 -68
56 -67
56 -54
56 -68
56 -68
56 -68
56 -68
56 -69
56 -69
56 -70
56 -70
56 -70
56 -71
56 -72
56 -73
56 -75
56 -76
56 -77
56 -78
56 -78
56 -65
56 -80
56 -80
56 -79
57 -79
57 -78
57 -78
57 -78
57 -79
57 -78
57 -79
57 -78
57 -77
57 -78
57 -79
57 -81
57 -83
57 -81
57 -79
57 -78
57 -74
57 -72
57 -70
57 -69
57 -69
57 -84
57 -78
57 -79
57 -79
57 -80
57 -83
57 -83
57 -78
57 -76
57 -76
57 -74
57 -74
57 -76
57 -76
57 -76
57 -76
57 -75
57 -74
57 -72
57 -72
57 -73
57 -73
57 -75
57 -75
57 -75
57 -75
57 -74
57 -74
57 -74
57 -73
57 -72
57 -72
57 -72
57 -73
57 -75
57 -76
57 -77
57 -78
57 -76
57 -72
57 -69
57 -69
57 -69
57 -68
57 -68
57 -67
57 -67
57 -60
57 -67
57 -68
57 -67
57 -68
57 -68
57 -68
57 -68
57 -67
57 -67
57 -67
57 -67
57 -66
57 -66
57 -67
57 -67
57 -67
57 -67
57 -67
57 -67
57 -68
57 -68
57 -68
57 -68
57 -68
57 -68
57 -68
57 -69
57 -69
57 -69
57 -69
57 -69
57 -69
57 -69
57 -69
57 -69
57 -70
57 -69
57 -69
57 -69
57 -69
57 -69
57 -69
57 -69
57 -69
57 -69
57 -70
57 -68
57 -69
57 -69
57 -69
57 -69
57 -67
57 -68
57 -69
57 -69
57 -69
57 -68
57 -69
57 -68
57 -69
57 -69
57 -69
57 -69
57 -69
57 -69
57 -69
57 -69
57 -68
57 -68
57 -67
57 -66
57 -66
57 -66
57 -66
57 -66
57 -66
57 -67
57 -66
57 -66
57 -66
57 -66
57 -66
57 -66
57 -66
57 -66
57 -66
57 -66
57 -66
57 -66
57 -66
57 -66
57 -66
57 -66
57 -66
57 -66
57 -67
57 -67
57 -67
57 -67
57 -67
57 -67
57 -67
57 -67
57 -67
57 -67
57 -68
57 -67
57 -66
57 -67
57 -66
57 -67
57 -66
57 -67
57 -67
57 -67
57 -67
57 -67
57 -67
57 -67
57 -67
57 -68
57 -68
57 -68
57 -69
57 -70
57 -70
57 -71
57 -71
57 -71
57 -70
57 -71
57 -75
57 -84
57 -82
57 -82
57 -82
57 -80
57 -76
57 -74
57 -74
57 -76
57 -78
57 -82
57 -78
57 -76
57 -76
57 -75
57 -74
57 -73
57 -73
57 -72
57 -72
57 -72
57 -72
57 -72
57 -72
57 -72
57 -72
57 -72
57 -70
57 -71
57 -71
57 -72
57 -72
57 -73
57 -73
57 -74
57 -74
57 -73
57 -73
57 -73
57 -73
57 -72
57 -72
57 -72
57 -71
57 -71
57 -72
57 -71
57 -71
57 -70
57 -71
57 -71
57 -71
57 -71
57 -71
57 -71
57 -71
57 -70
57 -70
57 -71
57 -71
57 -72
57 -72
57 -71
57 -71
57 -70
57 -70
57 -71
57 -71
57 -71
57 -72
57 -71
57 -72
57 -72
57 -72
57 -72
57 -75
57 -73
57 -75
57 -75
57 -75
57 -74
57 -74
57 -74
57 -73
57 -73
57 -73
57 -73
57 -72
57 -72
57 -72
57 -72
57 -73
57 -73
57 -72
57 -72
57 -72
57 -72
57 -72
57 -71
57 -71
57 -71
57 -71
57 -70
57 -70
57 -70
57 -70
57 -70
57 -70
57 -71
57 -72
57 -72
57 -72
57 -72
57 -72
57 -71
57 -70
57 -74
57 -74
57 -76
57 -76
57 -76
57 -79
57 -77
57 -80
57 -79
57 -79
57 -80
57 -79
57 -78
57 -79
57 -80
57 -81
57 -80
57 -79
57 -79
57 -78
57 -77
57 -76
57 -76
57 -76
57 -76
57 -76
57 -75
57 -75
57 -75
57 -76
57 -76
57 -76
57 -74
57 -75
57 -76
57 -75
57 -75
57 -75
57 -75
57 -73
57 -73
57 -74
57 -76
57 -76
57 -76
57 -76
57 -76
57 -76
57 -76
57 -74
57 -77
57 -77
57 -79
57 -76
57 -79
57 -76
57 -79
57 -78
57 -77
57 -77
57 -77
57 -71
57 -76
57 -76
57 -75
57 -75
57 -75
57 -74
57 -73
57 -72
57 -72
57 -72
57 -72
57 -72
57 -73
57 -73
57 -73
57 -73
57 -73
57 -75
57 -75
57 -76
57 -76
57 -76
57 -77
57 -76
57 -78
57 -78
57 -79
57 -79
57 -81
57 -76
57 -76
57 -76
57 -75
57 -74
57 -75
57 -74
57 -71
57 -70
57 -72
57 -73
57 -74
57 -74
57 -75
57 -77
57 -77
57 -79
57 -83
57 -84
57 -85
57 -83
57 -81
57 -80
57 -78
57 -78
57 -78
57 -80
57 -81
57 -80
57 -80
57 -82
57 -82
57 -80
57 -78
57 -77
57 -76
57 -76
57 -75
57 -75
57 -73
57 -74
57 -74
57 -74
57 -76
57 -78
57 -82
57 -65
57 -78
57 -76
57 -76
57 -76
57 -75
57 -75
57 -76
57 -77
57 -78
57 -77
57 -77
58 -78
58 -80
58 -80
58 -81
58 -82
58 -83
58 -81
58 -81
58 -80
58 -82
58 -84
58 -75
58 -73
58 -75
58 -82
58 -79
58 -76
58 -76
58 -76
58 -76
58 -78
58 -77
58 -75
58 -73
58 -69
58 -73
58 -71
58 -71
58 -71
58 -72
58 -73
58 -77
58 -78
58 -75
58 -79
58 -76
58 -79
58 -82
58 -78
58 -78
58 -80
58 -77
58 -78
58 -76
58 -77
58 -77
58 -76
58 -76
58 -77
58 -76
58 -75
58 -75
58 -76
58 -76
58 -76
58 -76
58 -76
58 -75
58 -73
58 -72
58 -72
58 -73
58 -74
58 -75
58 -76
58 -76
58 -75
58 -75
58 -74
58 -72
58 -72
58 -72
58 -72
58 -72
58 -72
58 -73
58 -73
58 -74
58 -75
58 -74
58 -74
58 -73
58 -73
58 -73
58 -74
58 -74
58 -74
58 -73
58 -73
58 -74
58 -74
58 -74
58 -73
58 -74
58 -73
58 -73
58 -73
58 -73
58 -72
58 -73
58 -73
58 -74
58 -75
58 -74
58 -74
58 -69
58 -74
58 -74
58 -75
58 -76
58 -76
58 -75
58 -75
58 -76
58 -76
58 -77
58 -78
58 -77
58 -78
58 -78
58 -78
58 -78
58 -78
58 -77
58 -76
58 -76
58 -75
58 -75
58 -75
58 -74
58 -75
58 -73
58 -73
58 -72
58 -72
58 -72
58 -73
58 -73
58 -73
58 -72
58 -72
58 -72
58 -71
58 -72
58 -72
58 -72
58 -71
58 -71
58 -71
58 -72
58 -72
58 -72
58 -72
58 -72
58 -72
58 -71
58 -72
58 -71
58 -71
58 -72
58 -72
58 -72
58 -71
58 -71
58 -71
58 -72
58 -72
58 -73
58 -73
58 -74
58 -74
58 -74
58 -60
58 -76
58 -75
58 -73
58 -72
58 -72
58 -72
58 -66
58 -74
58 -75
58 -75
58 -75
58 -76
58 -80
58 -84
58 -83
58 -82
58 -82
58 -80
58 -85
58 -76
58 -70
58 -70
58 -70
58 -75
58 -70
58 -78
58 -82
58 -83
58 -78
58 -78
58 -80
58 -76
58 -76
58 -78
58 -82
58 -82
58 -80
58 -79
58 -74
58 -72
58 -70
58 -71
58 -73
58 -77
58 -84
58 -79
58 -76
58 -77
58 -78
58 -80
58 -80
58 -84
58 -82
58 -79
58 -79
58 -80
58 -80
58 -81
58 -82
58 -81
58 -78
58 -78
58 -82
58 -81
58 -80
58 -77
58 -76
58 -78
58 -78
58 -78
58 -75
58 -77
58 -79
58 -76
58 -76
58 -75
58 -74
58 -74
58 -73
58 -74
58 -74
58 -74
58 -75
58 -76
58 -76
58 -76
58 -70
58 -77
58 -78
58 -79
58 -82
58 -82
58 -82
58 -80
58 -71
58 -78
58 -77
58 -76
58 -76
58 -76
58 -76
58 -76
58 -76
58 -75
58 -74
58 -73
58 -73
58 -73
58 -72
58 -72
58 -73
58 -72
58 -72
58 -70
58 -71
58 -70
58 -70
58 -70
58 -70
58 -70
58 -70
58 -71
58 -71
58 -71
58 -71
58 -70
58 -70
58 -70
58 -70
58 -70
58 -70
58 -70
58 -70
58 -70
58 -70
58 -70
58 -72
58 -72
58 -74
58 -72
58 -72
58 -74
58 -73
58 -75
58 -75
58 -75
58 -75
58 -75
58 -75
58 -76
58 -76
58 -76
58 -78
58 -78
58 -78
58 -78
58 -77
58 -77
58 -78
58 -77
58 -76
58 -78
58 -76
58 -79
58 -69
58 -79
58 -78
58 -76
58 -75
58 -74
58 -75
58 -76
58 -76
58 -77
58 -77
58 -77
58 -78
58 -78
58 -78
58 -79
58 -77
58 -76
58 -78
58 -78
58 -78
58 -78
58 -80
58 -81
58 -81
58 -80
58 -80
58 -81
58 -80
58 -80
58 -83
58 -84
58 -75
58 -75
58 -73
58 -72
58 -78
58 -78
58 -75
58 -75
58 -75
58 -76
58 -76
58 -76
58 -76
58 -74
58 -72
58 -70
58 -70
58 -70
58 -69
58 -70
58 -70
58 -70
58 -70
58 -70
58 -70
58 -72
58 -72
58 -72
58 -72
58 -70
58 -70
58 -70
58 -60
58 -70
58 -69
58 -69
58 -69
58 -69
58 -68
58 -68
58 -68
58 -69
58 -69
58 -68
58 -68
58 -69
58 -69
58 -70
58 -70
58 -70
58 -71
58 -71
58 -73
58 -75
58 -76
58 -76
58 -75
58 -75
58 -75
58 -75
59 -70
59 -70
59 -70
59 -71
59 -71
59 -70
59 -70
59 -70
59 -71
59 -70
59 -71
59 -70
59 -69
59 -69
59 -68
59 -68
59 -68
59 -70
59 -71
59 -70
59 -70
59 -74
59 -74
59 -73
59 -72
59 -72
59 -72
59 -69
59 -67
59 -69
59 -69
59 -69
59 -70
59 -72
59 -75
59 -76
59 -74
59 -74
59 -74
59 -73
59 -72
59 -72
59 -72
59 -73
59 -75
59 -74
59 -72
59 -74
59 -75
59 -76
59 -77
59 -77
59 -77
59 -78
59 -77
59 -76
59 -76
59 -74
59 -73
59 -69
59 -72
59 -73
59 -74
59 -74
59 -74
59 -73
59 -74
59 -73
59 -70
59 -67
59 -66
59 -67
59 -66
59 -66
59 -66
59 -67
59 -68
59 -68
59 -69
59 -70
59 -70
59 -71
59 -70
59 -71
59 -70
59 -70
59 -68
59 -70
59 -70
59 -70
59 -72
59 -71
59 -72
59 -72
59 -72
59 -73
59 -73
59 -74
59 -74
59 -74
59 -74
59 -74
59 -73
59 -74
59 -74
59 -74
59 -75
59 -76
59 -76
59 -76
59 -76
59 -76
59 -76
59 -73
59 -75
59 -75
59 -75
59 -74
59 -74
59 -74
59 -74
59 -74
59 -75
59 -75
59 -76
59 -70
59 -76
59 -75
59 -75
59 -73
59 -73
59 -72
59 -72
59 -71
59 -70
59 -70
59 -69
59 -69
59 -68
59 -68
59 -76
59 -68
59 -68
59 -69
59 -68
59 -69
59 -69
59 -69
59 -69
59 -70
59 -70
59 -70
59 -71
59 -71
59 -72
59 -72
59 -72
59 -72
59 -72
59 -73
59 -74
59 -74
59 -73
59 -73
59 -73
59 -73
59 -72
59 -73
59 -73
59 -72
59 -72
59 -72
59 -72
59 -72
59 -81
59 -72
59 -72
59 -73
59 -72
59 -72
59 -70
59 -69
59 -68
59 -68
59 -67
59 -67
59 -68
59 -68
59 -68
59 -67
59 -66
59 -66
59 -66
59 -66
59 -65
59 -66
59 -65
59 -64
59 -64
59 -65
59 -66
59 -66
59 -67
59 -70
59 -72
59 -70
59 -70
59 -70
59 -70
59 -68
59 -68
59 -66
59 -66
59 -66
59 -67
59 -68
59 -69
59 -69
59 -70
59 -72
59 -73
59 -74
59 -76
59 -78
59 -81
59 -78
59 -70
59 -70
59 -68
59 -70
59 -70
59 -73
59 -76
59 -78
59 -78
59 -78
59 -79
59 -79
59 -79
59 -80
59 -83
59 -78
59 -76
59 -75
59 -73
59 -75
59 -75
59 -74
59 -74
59 -74
59 -75
59 -76
59 -77
59 -78
59 -78
59 -75
59 -75
59 -75
59 -74
59 -75
59 -76
59 -76
59 -75
59 -75
59 -76
59 -76
59 -76
59 -76
59 -76
59 -75
59 -75
59 -75
59 -73
59 -72
59 -73
59 -74
59 -74
59 -75
59 -74
59 -70
59 -71
59 -75
59 -75
59 -75
59 -76
59 -75
59 -76
59 -76
59 -76
59 -77
59 -78
59 -78
59 -78
59 -76
59 -75
59 -75
59 -74
59 -77
59 -78
59 -78
59 -79
59 -78
59 -80
59 -79
59 -80
59 -80
59 -79
59 -79
59 -79
59 -79
59 -79
59 -78
59 -77
59 -76
59 -76
59 -76
59 -76
59 -76
59 -75
59 -73
59 -72
59 -71
59 -70
59 -69
59 -69
59 -69
59 -70
59 -70
59 -71
59 -71
59 -70
59 -71
59 -70
59 -70
59 -71
59 -71
59 -71
59 -71
59 -70
59 -69
59 -76
59 -79
59 -76
59 -76
59 -75
59 -71
59 -73
59 -72
59 -72
59 -72
59 -72
59 -72
59 -72
59 -72
59 -71
59 -70
59 -70
59 -70
59 -70
59 -69
59 -70
59 -70
59 -70
59 -70
59 -71
59 -72
59 -72
59 -74
59 -74
59 -76
59 -77
59 -76
59 -73
59 -75
59 -75
59 -75
59 -72
59 -72
59 -72
59 -70
59 -71
59 -70
59 -75
59 -76
59 -76
59 -76
59 -76
59 -75
59 -71
59 -68
59 -74
59 -74
59 -74
59 -75
59 -76
59 -69
59 -76
59 -79
59 -81
59 -81
59 -80
59 -84
59 -80
59 -83
59 -83
59 -82
59 -76
59 -73
59 -72
59 -72
59 -71
59 -67
59 -72
59 -72
59 -72
59 -72
59 -73
59 -73
59 -69
59 -74
59 -76
59 -75
59 -74
59 -72
59 -72
59 -72
59 -72
59 -72
59 -72
59 -72
59 -72
59 -67
59 -71
59 -71
59 -70
59 -70
59 -70
59 -70
59 -71
59 -72
59 -72
59 -72
59 -75
59 -75
59 -75
59 -76
59 -76
59 -76
59 -77
59 -77
59 -78
59 -76
59 -78
59 -79
59 -77
59 -78
60 -84
60 -82
60 -85
