Beacon Rssi
1 -77
1 -80
1 -80
1 -81
1 -80
1 -81
1 -80
1 -80
1 -80
1 -79
1 -80
1 -80
1 -79
1 -80
1 -79
1 -79
1 -79
1 -78
1 -78
1 -78
1 -78
1 -78
1 -78
1 -78
1 -78
1 -78
1 -78
1 -78
1 -78
1 -78
1 -79
1 -78
1 -78
1 -78
1 -76
1 -76
1 -76
1 -78
1 -78
1 -78
1 -78
1 -64
1 -78
1 -78
1 -79
1 -78
1 -62
1 -79
1 -79
1 -80
1 -79
1 -79
1 -80
1 -79
1 -79
1 -79
1 -79
1 -79
1 -79
1 -79
1 -79
1 -78
1 -62
1 -79
1 -79
1 -78
1 -79
1 -79
1 -79
1 -78
1 -79
1 -79
1 -79
1 -79
1 -80
1 -79
1 -80
1 -79
1 -80
1 -80
1 -79
1 -79
1 -78
1 -78
1 -79
1 -78
1 -78
1 -79
1 -79
1 -78
1 -78
1 -79
1 -78
1 -80
1 -78
1 -78
1 -78
1 -77
1 -78
1 -78
1 -78
1 -79
1 -78
1 -79
1 -78
1 -79
1 -79
1 -80
1 -80
1 -80
1 -79
1 -80
1 -81
1 -72
1 -80
1 -76
1 -79
1 -80
1 -78
1 -79
1 -79
1 -79
1 -79
1 -69
1 -78
1 -79
1 -79
1 -78
1 -78
1 -78
1 -78
1 -78
1 -78
1 -78
1 -79
1 -78
1 -78
1 -78
1 -79
1 -79
1 -79
1 -79
1 -79
1 -79
1 -79
1 -79
1 -79
1 -78
1 -79
1 -78
1 -79
1 -78
1 -78
1 -78
1 -77
1 -77
1 -78
1 -78
1 -78
1 -78
1 -77
1 -78
1 -78
1 -78
1 -78
1 -78
1 -78
1 -78
1 -78
1 -78
1 -79
1 -78
1 -60
1 -78
1 -78
1 -78
1 -79
1 -78
1 -78
1 -79
1 -78
1 -79
1 -78
1 -78
1 -78
1 -78
1 -78
1 -78
1 -78
1 -77
1 -78
1 -78
1 -78
1 -78
1 -78
1 -77
1 -77
1 -76
1 -77
1 -76
1 -78
1 -78
1 -78
1 -78
1 -79
1 -80
1 -80
1 -79
1 -79
1 -80
1 -79
1 -79
1 -78
1 -79
1 -77
1 -78
1 -75
1 -78
1 -75
1 -80
1 -79
1 -79
1 -79
1 -80
1 -79
1 -78
1 -79
1 -80
1 -79
1 -79
1 -81
1 -79
1 -79
1 -75
1 -79
1 -80
1 -79
1 -79
1 -77
1 -79
1 -79
1 -79
1 -79
1 -79
1 -79
1 -79
1 -78
1 -79
1 -78
1 -78
1 -78
1 -78
1 -78
1 -78
1 -78
1 -79
1 -78
1 -79
1 -79
1 -80
1 -80
1 -79
1 -79
1 -79
1 -80
1 -81
1 -80
1 -79
2 -82
2 -81
2 -81
2 -82
2 -84
2 -81
2 -80
2 -80
2 -81
2 -80
2 -81
2 -81
2 -82
2 -81
2 -81
2 -80
2 -79
2 -75
2 -53
2 -79
2 -80
2 -83
2 -83
2 -84
2 -84
2 -83
2 -83
2 -82
2 -82
2 -82
2 -81
3 -82
3 -81
3 -81
3 -82
3 -80
3 -80
3 -79
3 -79
3 -78
3 -77
3 -76
3 -76
3 -75
3 -75
3 -75
3 -75
3 -75
3 -76
3 -76
3 -75
3 -76
3 -76
3 -76
3 -75
3 -76
3 -69
3 -75
3 -75
3 -76
3 -75
3 -76
3 -76
3 -76
3 -59
3 -77
3 -76
3 -67
3 -76
3 -77
3 -77
3 -78
3 -77
3 -77
3 -73
3 -76
3 -76
3 -76
3 -76
3 -76
3 -76
3 -73
3 -73
3 -76
3 -76
3 -76
3 -76
3 -76
3 -76
3 -77
3 -78
3 -78
3 -78
3 -79
3 -78
3 -78
3 -78
3 -73
3 -76
3 -76
3 -76
3 -77
3 -78
3 -78
3 -77
3 -77
3 -77
3 -77
3 -77
3 -78
3 -78
3 -78
3 -68
3 -60
3 -54
3 -76
3 -76
3 -76
3 -76
3 -76
3 -76
3 -76
3 -75
3 -76
3 -75
3 -76
3 -75
3 -75
3 -75
3 -75
3 -76
3 -77
3 -78
3 -80
3 -83
3 -80
3 -78
3 -75
3 -74
3 -72
3 -72
3 -73
3 -76
3 -81
3 -84
3 -84
3 -81
3 -80
3 -79
3 -80
3 -78
3 -78
3 -78
3 -78
3 -78
3 -78
3 -78
3 -78
3 -77
3 -72
3 -77
3 -76
3 -76
3 -76
3 -76
3 -76
3 -76
3 -76
3 -76
3 -76
3 -77
3 -77
3 -78
3 -78
3 -78
3 -78
3 -77
3 -78
3 -77
3 -77
3 -76
3 -76
3 -76
3 -76
3 -76
3 -76
3 -76
3 -76
3 -76
3 -76
3 -75
3 -75
3 -75
3 -75
3 -75
3 -74
3 -74
3 -74
3 -74
3 -74
3 -74
3 -74
3 -75
3 -75
3 -76
3 -75
3 -75
3 -76
3 -76
3 -77
3 -76
3 -77
3 -77
3 -78
3 -77
3 -78
3 -77
3 -78
3 -79
3 -79
3 -78
3 -79
3 -79
3 -62
3 -78
3 -78
3 -78
3 -63
3 -77
3 -76
3 -76
3 -76
3 -76
3 -76
3 -77
3 -77
3 -76
3 -76
3 -76
3 -76
3 -72
3 -76
3 -75
3 -75
3 -75
3 -75
3 -73
3 -75
3 -76
3 -76
3 -76
3 -77
3 -78
3 -76
3 -76
3 -77
3 -76
3 -73
3 -76
3 -76
3 -76
3 -77
3 -78
3 -78
3 -78
3 -78
3 -79
3 -79
3 -78
3 -80
3 -79
3 -80
3 -79
3 -78
3 -78
3 -78
3 -78
3 -79
3 -79
3 -78
3 -79
3 -79
3 -79
3 -78
3 -78
3 -79
3 -78
3 -75
3 -78
3 -78
3 -78
3 -79
3 -79
3 -80
3 -80
3 -80
3 -79
3 -79
3 -79
3 -79
3 -79
3 -79
3 -79
3 -79
3 -79
3 -79
3 -78
3 -79
3 -78
3 -78
3 -78
3 -74
3 -56
3 -79
3 -79
3 -81
3 -82
3 -78
3 -76
3 -78
3 -77
3 -77
3 -78
3 -78
3 -79
3 -79
4 -74
4 -76
4 -76
4 -76
4 -76
4 -76
4 -77
4 -77
4 -78
4 -78
4 -78
4 -78
4 -79
4 -79
4 -78
4 -78
4 -78
4 -79
4 -78
4 -78
4 -78
4 -77
4 -78
4 -76
4 -77
4 -63
4 -76
4 -76
4 -76
4 -73
4 -72
4 -75
4 -75
4 -75
4 -75
4 -75
4 -74
4 -75
4 -75
4 -75
4 -75
4 -75
4 -75
4 -74
4 -75
4 -75
4 -75
4 -75
4 -75
4 -75
4 -75
4 -76
4 -75
4 -75
4 -75
4 -70
4 -76
4 -76
4 -75
4 -75
4 -75
4 -74
4 -75
4 -75
4 -74
4 -75
4 -75
4 -74
4 -74
4 -75
4 -76
4 -76
4 -76
4 -76
4 -75
4 -75
4 -76
4 -75
4 -76
4 -76
4 -76
4 -76
4 -76
4 -76
4 -76
4 -76
4 -75
4 -75
4 -76
4 -75
4 -75
4 -72
4 -75
4 -75
4 -75
4 -75
4 -75
4 -75
4 -76
4 -76
4 -76
4 -76
4 -75
4 -76
4 -73
4 -76
4 -76
4 -76
4 -76
4 -77
4 -75
4 -71
4 -74
4 -65
4 -72
4 -72
4 -72
4 -74
4 -74
4 -75
4 -76
4 -77
4 -77
4 -77
4 -76
4 -74
4 -74
4 -73
4 -74
4 -76
4 -76
4 -76
4 -77
4 -76
4 -76
4 -76
4 -73
4 -76
4 -76
4 -76
4 -75
4 -77
4 -77
4 -77
4 -77
4 -77
4 -78
4 -78
4 -78
4 -78
4 -79
4 -78
4 -76
4 -78
4 -78
4 -78
4 -77
4 -77
4 -78
4 -78
4 -78
4 -78
4 -77
4 -77
4 -78
4 -78
4 -78
4 -78
4 -78
4 -77
4 -78
4 -77
4 -77
4 -76
4 -76
4 -76
4 -76
4 -76
4 -76
4 -76
4 -76
4 -76
4 -77
4 -77
4 -77
4 -78
4 -77
4 -77
4 -78
4 -73
4 -77
4 -76
4 -73
4 -76
4 -76
4 -76
4 -76
4 -76
4 -76
4 -76
4 -70
4 -76
4 -76
4 -76
4 -76
4 -72
4 -76
4 -76
4 -75
4 -76
4 -76
4 -76
4 -72
4 -76
4 -76
4 -76
4 -76
4 -76
4 -76
4 -76
4 -76
4 -76
4 -76
4 -70
4 -76
4 -76
4 -76
4 -76
4 -76
4 -77
4 -77
4 -78
4 -77
4 -77
4 -70
4 -77
4 -77
4 -76
4 -76
4 -76
4 -75
4 -76
4 -76
4 -76
4 -76
4 -76
4 -76
4 -76
4 -76
4 -76
4 -76
4 -76
4 -76
4 -76
4 -76
4 -76
4 -76
4 -74
4 -76
4 -76
4 -76
4 -76
4 -76
4 -76
4 -77
4 -77
4 -78
4 -79
4 -77
4 -77
4 -77
4 -77
4 -74
4 -77
4 -77
4 -76
4 -76
4 -76
4 -76
4 -76
4 -77
4 -76
4 -76
4 -77
4 -76
4 -76
4 -76
4 -76
4 -76
4 -74
4 -75
4 -76
4 -76
4 -76
4 -76
4 -76
4 -76
4 -76
4 -76
4 -74
4 -76
4 -76
4 -76
4 -76
4 -76
4 -76
4 -76
4 -76
4 -76
4 -76
4 -76
4 -76
4 -76
4 -76
4 -76
4 -76
4 -76
4 -76
4 -76
4 -76
4 -75
4 -76
4 -76
4 -76
4 -75
4 -76
4 -76
4 -76
4 -76
4 -76
4 -76
4 -76
4 -78
4 -78
4 -78
4 -74
4 -75
4 -77
4 -79
4 -77
4 -76
5 -79
5 -81
5 -79
5 -78
5 -78
5 -78
5 -77
5 -77
5 -78
5 -77
5 -78
5 -76
5 -79
5 -80
5 -76
5 -78
5 -75
5 -77
5 -77
5 -77
5 -78
5 -78
5 -79
5 -79
5 -79
5 -78
5 -78
5 -78
5 -77
5 -77
5 -78
5 -78
5 -78
5 -77
5 -77
5 -78
5 -78
5 -78
5 -80
5 -79
5 -79
5 -79
5 -81
5 -80
5 -79
5 -78
5 -78
5 -78
5 -77
5 -78
5 -78
5 -77
5 -77
5 -77
5 -73
5 -76
5 -77
5 -77
5 -77
5 -77
5 -76
5 -77
5 -67
5 -78
5 -78
5 -78
5 -57
5 -78
5 -77
5 -78
5 -78
5 -79
5 -78
5 -80
5 -79
5 -79
5 -77
5 -76
5 -76
5 -78
5 -77
5 -78
5 -78
5 -78
5 -78
5 -83
5 -83
5 -84
5 -81
5 -77
5 -79
5 -75
5 -73
5 -72
5 -73
5 -77
5 -80
5 -81
5 -83
5 -83
5 -83
5 -82
5 -56
5 -80
5 -79
5 -78
5 -78
5 -79
5 -79
5 -80
5 -81
5 -81
5 -81
5 -80
5 -80
5 -78
5 -78
5 -77
5 -77
5 -77
5 -77
5 -76
5 -78
5 -82
5 -81
6 -69
6 -69
6 -69
6 -69
6 -70
6 -69
6 -69
6 -69
6 -69
6 -69
6 -69
6 -69
6 -68
6 -69
6 -69
6 -69
6 -69
6 -69
6 -69
6 -69
6 -69
6 -69
6 -69
6 -69
6 -69
6 -69
6 -69
6 -69
6 -69
6 -69
6 -69
6 -69
6 -69
6 -69
6 -69
6 -69
6 -70
6 -70
6 -60
6 -69
6 -69
6 -70
6 -70
6 -70
6 -69
6 -69
6 -69
6 -69
6 -69
6 -69
6 -69
6 -69
6 -68
6 -68
6 -68
6 -68
6 -68
6 -68
6 -69
6 -61
6 -69
6 -69
6 -69
6 -69
6 -68
6 -69
6 -68
6 -68
6 -69
6 -69
6 -68
6 -68
6 -68
6 -69
6 -68
6 -68
6 -68
6 -69
6 -69
6 -69
6 -68
6 -68
6 -68
6 -68
6 -68
6 -68
6 -67
6 -68
6 -66
6 -68
6 -68
6 -68
6 -68
6 -68
6 -68
6 -68
6 -68
6 -68
6 -68
6 -68
6 -68
6 -68
6 -68
6 -68
6 -68
6 -68
6 -68
6 -69
6 -68
6 -67
6 -68
6 -67
6 -67
6 -67
6 -67
6 -67
6 -67
6 -67
6 -67
6 -67
6 -66
6 -68
6 -68
6 -68
6 -68
6 -69
6 -69
6 -68
6 -67
6 -69
6 -70
6 -70
6 -69
6 -68
6 -70
6 -68
6 -70
6 -70
6 -70
6 -70
6 -70
6 -70
6 -70
6 -70
6 -70
6 -70
6 -70
6 -70
6 -70
6 -70
6 -70
6 -70
6 -70
6 -70
6 -70
6 -78
6 -70
6 -71
6 -71
6 -72
6 -72
6 -72
6 -72
6 -71
6 -71
6 -71
6 -71
6 -72
6 -72
6 -72
6 -72
6 -72
6 -72
6 -72
6 -72
6 -72
6 -72
6 -72
6 -72
6 -72
6 -72
6 -72
6 -72
6 -72
6 -72
6 -73
6 -73
6 -73
6 -73
6 -73
6 -72
6 -72
6 -72
6 -72
6 -72
6 -72
6 -71
6 -71
6 -70
6 -71
6 -71
6 -70
6 -70
6 -70
6 -70
6 -70
6 -70
6 -70
6 -70
6 -71
6 -71
6 -71
6 -71
6 -71
6 -71
6 -71
6 -71
6 -71
6 -71
6 -71
6 -71
6 -70
6 -71
6 -71
6 -71
6 -70
6 -70
6 -71
6 -70
6 -70
6 -70
6 -70
6 -70
6 -60
6 -70
6 -70
6 -70
6 -70
6 -70
6 -70
6 -71
6 -70
6 -70
6 -70
6 -70
6 -70
6 -71
6 -70
6 -70
6 -70
6 -70
6 -70
6 -70
6 -70
6 -70
6 -71
6 -70
6 -70
6 -70
6 -70
6 -71
6 -70
6 -70
6 -70
6 -70
6 -70
6 -70
6 -70
6 -70
6 -70
6 -70
6 -70
6 -70
6 -70
6 -70
6 -67
6 -70
6 -70
6 -70
6 -70
6 -70
6 -70
6 -70
6 -70
6 -48
6 -70
6 -70
6 -70
6 -70
6 -70
6 -70
6 -70
6 -70
6 -70
6 -70
6 -70
6 -70
6 -70
6 -70
6 -70
6 -70
6 -70
6 -70
6 -70
6 -71
6 -71
6 -72
6 -72
6 -71
6 -72
6 -72
6 -72
6 -72
6 -71
6 -71
6 -70
6 -70
6 -71
6 -70
6 -70
6 -70
6 -70
6 -70
6 -70
6 -70
6 -70
6 -70
6 -70
6 -70
6 -70
6 -70
6 -70
6 -71
6 -71
6 -71
6 -71
6 -70
6 -71
6 -71
6 -71
6 -70
6 -71
6 -70
6 -71
6 -71
6 -70
6 -70
6 -70
6 -71
6 -71
6 -71
6 -71
6 -71
6 -71
6 -71
6 -71
6 -71
6 -71
6 -71
6 -70
6 -71
6 -70
6 -71
6 -71
6 -70
6 -71
6 -70
6 -70
6 -70
6 -70
6 -70
6 -70
6 -70
6 -54
6 -70
6 -70
6 -70
6 -70
6 -70
6 -70
6 -70
6 -70
6 -70
6 -70
6 -70
6 -70
6 -70
6 -60
6 -70
6 -70
6 -70
6 -78
6 -70
6 -70
6 -70
6 -70
6 -70
6 -70
6 -70
6 -70
6 -70
6 -70
6 -69
6 -69
6 -76
6 -70
6 -70
6 -70
6 -70
6 -70
6 -70
7 -78
7 -78
7 -77
7 -78
7 -76
7 -78
7 -78
7 -77
7 -77
7 -78
7 -78
7 -78
7 -78
7 -78
7 -78
7 -78
7 -78
7 -60
7 -79
7 -81
7 -69
7 -79
7 -76
7 -79
7 -79
7 -78
7 -78
7 -78
7 -78
7 -72
7 -77
7 -76
7 -76
7 -76
7 -76
7 -76
7 -76
7 -76
7 -76
7 -76
7 -76
7 -76
7 -76
7 -76
7 -76
7 -76
7 -77
7 -78
7 -77
7 -78
7 -77
7 -77
7 -76
7 -77
7 -76
7 -76
7 -76
7 -76
7 -75
7 -75
7 -74
7 -75
7 -75
7 -75
7 -75
7 -74
7 -75
7 -75
7 -75
7 -75
7 -75
7 -76
7 -76
7 -76
7 -76
7 -76
7 -76
7 -76
7 -76
7 -76
7 -76
7 -76
7 -77
7 -77
7 -77
7 -77
7 -77
7 -77
7 -76
7 -77
7 -78
7 -77
7 -78
7 -78
7 -78
7 -80
7 -80
7 -42
7 -76
7 -76
7 -76
7 -74
7 -76
7 -78
7 -79
7 -81
7 -80
7 -81
7 -82
7 -79
7 -78
7 -77
7 -76
7 -78
7 -78
7 -78
7 -77
7 -77
7 -70
7 -78
7 -78
7 -77
7 -76
7 -76
7 -76
7 -76
7 -76
7 -77
7 -77
7 -78
7 -78
7 -78
7 -78
7 -78
7 -78
7 -79
7 -79
7 -80
7 -79
7 -79
7 -78
7 -78
7 -78
7 -77
7 -78
7 -78
7 -78
7 -78
7 -79
7 -79
7 -78
7 -79
7 -79
7 -79
7 -78
7 -79
7 -78
7 -79
7 -79
7 -78
7 -79
7 -78
7 -78
7 -78
7 -78
7 -78
7 -56
7 -76
7 -78
7 -71
7 -78
7 -78
7 -78
7 -78
7 -80
7 -78
7 -57
7 -80
7 -78
7 -78
7 -78
7 -78
7 -78
7 -77
7 -78
7 -76
7 -77
7 -78
7 -77
7 -77
7 -77
7 -77
7 -77
7 -77
7 -77
7 -77
7 -78
7 -78
7 -78
7 -79
7 -79
7 -79
7 -79
7 -79
7 -71
7 -75
7 -73
7 -78
7 -77
7 -76
7 -76
7 -76
7 -76
7 -76
7 -78
7 -78
7 -78
7 -78
7 -78
7 -79
7 -78
7 -78
7 -77
7 -78
7 -76
7 -77
7 -77
7 -76
7 -78
7 -78
7 -78
7 -79
7 -78
7 -77
7 -77
7 -77
7 -77
7 -77
7 -77
7 -78
7 -77
7 -77
7 -78
7 -56
7 -75
7 -78
7 -77
7 -78
7 -77
7 -77
7 -77
7 -77
7 -77
7 -76
7 -77
7 -74
7 -76
7 -76
7 -77
7 -76
7 -76
7 -76
7 -76
7 -76
7 -76
7 -77
7 -76
7 -76
7 -77
7 -76
7 -77
7 -77
7 -77
7 -76
7 -76
7 -76
7 -76
7 -76
7 -76
7 -76
7 -76
7 -76
7 -73
7 -75
7 -76
7 -76
7 -75
7 -75
7 -76
7 -75
7 -75
7 -75
7 -78
7 -80
7 -82
7 -80
8 -72
8 -72
8 -72
8 -73
8 -72
8 -72
8 -72
8 -72
8 -72
8 -72
8 -72
8 -72
8 -72
8 -72
8 -72
8 -60
8 -70
8 -70
8 -70
8 -70
8 -70
8 -70
8 -70
8 -70
8 -70
8 -70
8 -70
8 -71
8 -71
8 -72
8 -73
8 -73
8 -73
8 -74
8 -74
8 -74
8 -52
8 -75
8 -76
8 -76
8 -76
8 -76
8 -76
8 -76
8 -76
8 -75
8 -75
8 -76
8 -75
8 -74
8 -74
8 -74
8 -74
8 -73
8 -74
8 -74
8 -74
8 -74
8 -74
8 -75
8 -74
8 -75
8 -76
8 -75
8 -76
8 -75
8 -76
8 -76
8 -75
8 -75
8 -75
8 -74
8 -73
8 -73
8 -72
8 -72
8 -72
8 -68
8 -72
8 -72
8 -72
8 -73
8 -73
8 -73
8 -73
8 -73
8 -74
8 -73
8 -74
8 -74
8 -74
8 -74
8 -75
8 -74
8 -74
8 -75
8 -76
8 -76
8 -76
8 -76
8 -77
8 -76
8 -77
8 -77
8 -76
8 -67
8 -75
8 -75
8 -75
8 -75
8 -74
8 -74
8 -73
8 -74
8 -73
8 -72
8 -72
8 -70
8 -70
8 -70
8 -72
8 -73
8 -74
8 -75
8 -69
8 -71
8 -72
8 -70
8 -65
8 -74
8 -76
8 -76
8 -77
8 -73
8 -74
8 -78
8 -76
8 -75
8 -76
8 -69
8 -74
8 -73
8 -76
8 -75
8 -78
8 -76
8 -75
8 -74
8 -74
8 -73
8 -72
8 -72
8 -72
8 -72
8 -72
8 -72
8 -72
8 -72
8 -72
8 -72
8 -72
8 -72
8 -72
8 -70
8 -70
8 -70
8 -66
8 -70
8 -70
8 -70
8 -70
8 -70
8 -70
8 -70
8 -71
8 -72
8 -72
8 -72
8 -72
8 -72
8 -73
8 -74
8 -74
8 -75
8 -75
8 -75
8 -75
8 -74
8 -74
8 -74
8 -74
8 -73
8 -73
8 -73
8 -72
8 -72
8 -72
8 -72
8 -72
8 -72
8 -72
8 -72
8 -72
8 -72
8 -72
8 -73
8 -72
8 -73
8 -73
8 -74
8 -75
8 -75
8 -75
8 -74
8 -74
8 -75
8 -76
8 -75
8 -75
8 -76
8 -75
8 -76
8 -75
8 -75
8 -74
8 -75
8 -73
8 -75
8 -76
8 -75
8 -74
8 -76
8 -76
8 -74
8 -75
8 -74
8 -74
8 -74
8 -74
8 -73
8 -73
8 -73
8 -73
8 -71
8 -72
8 -72
8 -72
8 -73
8 -73
8 -73
8 -74
8 -73
8 -75
8 -76
8 -76
8 -75
8 -75
8 -76
8 -75
8 -76
8 -75
8 -75
8 -75
8 -75
8 -74
8 -74
8 -74
8 -74
8 -74
8 -74
8 -74
8 -74
8 -74
8 -73
8 -74
8 -74
8 -75
8 -74
8 -75
8 -76
8 -76
8 -77
8 -77
8 -78
8 -73
8 -78
8 -77
8 -76
8 -73
8 -75
8 -75
8 -60
8 -72
8 -72
8 -72
8 -70
8 -70
8 -71
8 -70
8 -70
8 -70
8 -70
8 -70
8 -70
8 -70
8 -71
8 -72
8 -73
8 -74
8 -75
8 -75
8 -76
8 -76
8 -76
8 -76
8 -75
8 -74
8 -73
8 -72
8 -72
8 -72
8 -72
8 -72
8 -72
8 -73
8 -72
8 -72
8 -72
8 -72
8 -73
8 -73
8 -73
8 -72
8 -72
8 -72
8 -72
8 -72
8 -71
8 -72
8 -72
8 -72
8 -72
8 -72
8 -72
8 -71
8 -71
8 -72
8 -72
8 -72
8 -72
8 -72
8 -72
8 -72
8 -73
8 -73
8 -73
8 -73
8 -73
8 -72
8 -72
8 -72
8 -72
8 -70
8 -72
8 -72
8 -72
8 -72
8 -72
8 -72
8 -72
8 -72
8 -72
8 -72
8 -72
8 -72
8 -72
8 -72
8 -72
8 -72
8 -73
8 -75
8 -75
8 -72
8 -68
8 -69
8 -73
8 -73
8 -74
8 -70
8 -69
8 -65
8 -68
8 -68
8 -68
8 -68
8 -69
8 -68
9 -60
9 -60
9 -60
9 -60
9 -60
9 -60
9 -60
9 -60
9 -60
9 -60
9 -60
9 -60
9 -60
9 -60
9 -60
9 -60
9 -60
9 -60
9 -61
9 -61
9 -62
9 -62
9 -63
9 -63
9 -63
9 -63
9 -63
9 -63
9 -63
9 -63
9 -63
9 -63
9 -63
9 -64
9 -63
9 -63
9 -64
9 -63
9 -63
9 -63
9 -63
9 -64
9 -64
9 -64
9 -64
9 -64
9 -64
9 -63
9 -63
9 -63
9 -62
9 -62
9 -62
9 -62
9 -57
9 -62
9 -62
9 -62
9 -62
9 -62
9 -62
9 -62
9 -62
9 -62
9 -62
9 -62
9 -62
9 -62
9 -62
9 -62
9 -62
9 -62
9 -62
9 -62
9 -62
9 -62
9 -62
9 -62
9 -62
9 -62
9 -62
9 -62
9 -61
9 -61
9 -61
9 -61
9 -62
9 -62
9 -62
9 -62
9 -62
9 -62
9 -62
9 -62
9 -62
9 -62
9 -62
9 -62
9 -62
9 -63
9 -63
9 -63
9 -63
9 -63
9 -63
9 -62
9 -62
9 -62
9 -63
9 -63
9 -63
9 -63
9 -63
9 -62
9 -61
9 -62
9 -61
9 -61
9 -62
9 -62
9 -62
9 -63
9 -62
9 -60
9 -58
9 -58
9 -61
9 -57
9 -58
9 -60
9 -59
9 -61
9 -60
9 -59
9 -58
9 -58
9 -58
9 -58
9 -58
9 -59
9 -60
9 -59
9 -58
9 -59
9 -60
9 -60
9 -61
9 -63
9 -64
9 -64
9 -64
9 -64
9 -64
9 -62
9 -61
9 -60
9 -60
9 -59
9 -60
9 -60
9 -60
9 -60
9 -61
9 -61
9 -62
9 -62
9 -61
9 -61
9 -61
9 -55
9 -61
9 -60
9 -60
9 -60
9 -60
9 -60
9 -60
9 -60
9 -60
9 -60
9 -60
9 -59
9 -60
9 -60
9 -60
9 -60
9 -61
9 -61
9 -60
9 -61
9 -61
9 -61
9 -60
9 -60
9 -60
9 -60
9 -60
9 -60
9 -60
9 -60
9 -60
9 -60
9 -60
9 -60
9 -60
9 -60
9 -61
9 -60
9 -60
9 -60
9 -61
9 -61
9 -61
9 -61
9 -61
9 -61
9 -61
9 -61
9 -61
9 -61
9 -61
9 -61
9 -61
9 -61
9 -61
9 -60
9 -60
9 -60
9 -60
9 -60
9 -60
9 -60
9 -60
9 -60
9 -60
9 -61
9 -62
9 -62
9 -62
9 -62
9 -62
9 -62
9 -61
9 -62
9 -61
9 -61
9 -61
9 -61
9 -60
9 -60
9 -60
9 -60
9 -60
9 -60
9 -60
9 -60
9 -60
9 -60
9 -60
9 -60
9 -61
9 -61
9 -61
9 -61
9 -61
9 -61
9 -62
9 -62
9 -62
9 -62
9 -62
9 -62
9 -61
9 -61
9 -60
9 -61
9 -61
9 -61
9 -61
9 -60
9 -60
9 -60
9 -60
9 -60
9 -60
9 -61
9 -60
9 -60
9 -61
9 -61
9 -61
9 -61
9 -61
9 -61
9 -61
9 -61
9 -60
9 -60
9 -60
9 -60
9 -60
9 -60
9 -61
9 -62
9 -63
9 -64
9 -64
9 -64
9 -64
9 -63
9 -62
9 -62
9 -62
9 -61
9 -61
9 -60
9 -60
9 -60
9 -60
9 -60
9 -60
9 -60
9 -60
9 -60
9 -60
9 -60
9 -61
9 -61
9 -61
9 -61
9 -62
9 -62
9 -62
9 -62
9 -62
9 -62
9 -61
9 -61
9 -61
9 -61
9 -61
9 -61
9 -61
9 -61
9 -61
9 -61
9 -61
9 -61
9 -61
9 -61
9 -61
9 -61
9 -61
9 -61
9 -61
9 -61
9 -61
9 -61
9 -61
9 -61
9 -61
9 -61
9 -61
9 -61
9 -61
9 -61
9 -61
9 -61
9 -61
9 -61
9 -61
9 -61
9 -61
9 -61
9 -61
9 -61
9 -60
9 -60
9 -60
9 -60
9 -60
9 -60
9 -60
9 -60
9 -60
9 -60
9 -60
9 -60
9 -61
9 -63
9 -60
9 -58
9 -58
9 -62
9 -62
9 -59
9 -61
9 -63
9 -64
9 -64
9 -64
9 -64
9 -64
9 -64
9 -63
10 -56
10 -56
10 -57
10 -57
10 -57
10 -57
10 -57
10 -57
10 -52
10 -57
10 -57
10 -57
10 -57
10 -57
10 -57
10 -57
10 -57
10 -57
10 -56
10 -57
10 -57
10 -57
10 -57
10 -57
10 -57
10 -57
10 -57
10 -57
10 -57
10 -56
10 -53
10 -57
10 -57
10 -57
10 -58
10 -57
10 -58
10 -57
10 -58
10 -58
10 -58
10 -58
10 -58
10 -58
10 -58
10 -58
10 -59
10 -59
10 -59
10 -59
10 -59
10 -59
10 -59
10 -58
10 -59
10 -59
10 -59
10 -59
10 -59
10 -59
10 -58
10 -58
10 -58
10 -58
10 -58
10 -58
10 -58
10 -58
10 -58
10 -58
10 -58
10 -58
10 -58
10 -58
10 -58
10 -58
10 -58
10 -58
10 -58
10 -58
10 -58
10 -58
10 -58
10 -58
10 -58
10 -58
10 -57
10 -58
10 -58
10 -58
10 -58
10 -58
10 -58
10 -58
10 -58
10 -58
10 -58
10 -58
10 -58
10 -59
10 -59
10 -58
10 -58
10 -59
10 -58
10 -59
10 -59
10 -58
10 -58
10 -58
10 -59
10 -59
10 -59
10 -58
10 -58
10 -58
10 -58
10 -57
10 -57
10 -57
10 -57
10 -57
10 -57
10 -57
10 -57
10 -57
10 -57
10 -57
10 -57
10 -56
10 -57
10 -57
10 -55
10 -54
10 -55
10 -54
10 -53
10 -54
10 -54
10 -56
10 -55
10 -56
10 -56
10 -56
10 -57
10 -57
10 -57
10 -58
10 -57
10 -57
10 -56
10 -56
10 -56
10 -55
10 -56
10 -56
10 -55
10 -55
10 -56
10 -57
10 -57
10 -57
10 -57
10 -57
10 -57
10 -57
10 -57
10 -57
10 -57
10 -57
10 -57
10 -57
10 -57
10 -57
10 -57
10 -57
10 -57
10 -57
10 -57
10 -56
10 -56
10 -56
10 -56
10 -56
10 -56
10 -56
10 -56
10 -56
10 -56
10 -56
10 -64
10 -56
10 -56
10 -56
10 -56
10 -56
10 -56
10 -56
10 -56
10 -56
10 -56
10 -56
10 -56
10 -56
10 -55
10 -56
10 -56
10 -56
10 -55
10 -56
10 -55
10 -55
10 -55
10 -55
10 -55
10 -55
10 -55
10 -56
10 -56
10 -56
10 -56
10 -56
10 -56
10 -56
10 -56
10 -56
10 -56
10 -56
10 -56
10 -56
10 -56
10 -56
10 -56
10 -56
10 -56
10 -56
10 -56
10 -56
10 -56
10 -56
10 -56
10 -56
10 -56
10 -56
10 -56
10 -56
10 -56
10 -56
10 -56
10 -56
10 -56
10 -56
10 -56
10 -56
10 -56
10 -56
10 -56
10 -56
10 -56
10 -56
10 -56
10 -56
10 -56
10 -56
10 -56
10 -56
10 -56
10 -56
10 -56
10 -56
10 -57
10 -57
10 -57
10 -57
10 -57
10 -57
10 -57
10 -57
10 -57
10 -57
10 -57
10 -56
10 -57
10 -56
10 -56
10 -56
10 -56
10 -56
10 -56
10 -56
10 -57
10 -57
10 -57
10 -57
10 -57
10 -57
10 -58
10 -58
10 -58
10 -58
10 -57
10 -57
10 -57
10 -57
10 -57
10 -57
10 -57
10 -57
10 -57
10 -56
10 -56
10 -56
10 -56
10 -56
10 -55
10 -55
10 -55
10 -55
10 -55
10 -55
10 -54
10 -54
10 -55
10 -55
10 -55
10 -55
10 -55
10 -55
10 -56
10 -56
10 -56
10 -57
10 -57
10 -57
10 -57
10 -57
10 -57
10 -57
10 -57
10 -56
10 -56
10 -56
10 -56
10 -56
10 -56
10 -56
10 -56
10 -56
10 -56
10 -56
10 -56
10 -56
10 -56
10 -56
10 -56
10 -56
10 -56
10 -56
10 -56
10 -56
10 -56
10 -56
10 -56
10 -56
10 -56
10 -56
10 -56
10 -56
10 -56
10 -56
10 -56
10 -56
10 -56
10 -56
10 -56
10 -56
10 -56
10 -56
10 -56
10 -56
10 -55
10 -56
10 -56
10 -56
10 -56
10 -56
10 -56
10 -57
10 -56
10 -56
10 -57
10 -56
10 -56
10 -56
10 -56
10 -56
10 -56
10 -57
10 -57
10 -56
10 -56
10 -60
10 -56
10 -55
10 -59
10 -58
10 -58
10 -57
10 -55
10 -56
10 -55
10 -55
10 -56
10 -56
10 -56
11 -60
11 -60
11 -60
11 -60
11 -60
11 -60
11 -60
11 -60
11 -60
11 -60
11 -60
11 -60
11 -60
11 -60
11 -60
11 -60
11 -60
11 -60
11 -60
11 -60
11 -60
11 -60
11 -59
11 -60
11 -59
11 -60
11 -60
11 -60
11 -59
11 -60
11 -60
11 -59
11 -60
11 -60
11 -60
11 -60
11 -60
11 -60
11 -60
11 -60
11 -60
11 -60
11 -60
11 -60
11 -60
11 -60
11 -60
11 -60
11 -60
11 -61
11 -61
11 -61
11 -61
11 -61
11 -61
11 -60
11 -61
11 -60
11 -60
11 -60
11 -60
11 -60
11 -60
11 -60
11 -60
11 -60
11 -60
11 -60
11 -60
11 -60
11 -60
11 -60
11 -60
11 -60
11 -60
11 -60
11 -61
11 -60
11 -60
11 -61
11 -61
11 -61
11 -62
11 -62
11 -62
11 -62
11 -62
11 -62
11 -62
11 -62
11 -62
11 -62
11 -61
11 -61
11 -61
11 -61
11 -61
11 -61
11 -61
11 -61
11 -61
11 -61
11 -61
11 -61
11 -61
11 -62
11 -61
11 -61
11 -61
11 -61
11 -60
11 -61
11 -60
11 -60
11 -61
11 -60
11 -60
11 -60
11 -60
11 -60
11 -60
11 -60
11 -60
11 -60
11 -60
11 -61
11 -62
11 -62
11 -61
11 -60
11 -60
11 -60
11 -60
11 -60
11 -61
11 -62
11 -62
11 -63
11 -64
11 -55
11 -63
11 -63
11 -64
11 -65
11 -65
11 -66
11 -66
11 -67
11 -66
11 -64
11 -63
11 -63
11 -62
11 -62
11 -62
11 -63
11 -63
11 -63
11 -63
11 -63
11 -63
11 -63
11 -63
11 -63
11 -63
11 -63
11 -63
11 -63
11 -63
11 -63
11 -63
11 -63
11 -63
11 -63
11 -63
11 -63
11 -63
11 -63
11 -63
11 -63
11 -63
11 -63
11 -62
11 -62
11 -62
11 -62
11 -62
11 -63
11 -63
11 -63
11 -63
11 -63
11 -63
11 -63
11 -63
11 -63
11 -63
11 -63
11 -62
11 -62
11 -62
11 -62
11 -63
11 -62
11 -62
11 -62
11 -62
11 -62
11 -62
11 -62
11 -62
11 -63
11 -62
11 -62
11 -62
11 -63
11 -63
11 -63
11 -63
11 -63
11 -63
11 -63
11 -63
11 -63
11 -63
11 -63
11 -63
11 -63
11 -62
11 -62
11 -62
11 -62
11 -62
11 -62
11 -62
11 -62
11 -62
11 -62
11 -62
11 -62
11 -62
11 -62
11 -62
11 -62
11 -62
11 -62
11 -62
11 -62
11 -62
11 -62
11 -62
11 -62
11 -62
11 -62
11 -62
11 -62
11 -62
11 -62
11 -62
11 -62
11 -62
11 -62
11 -63
11 -63
11 -62
11 -63
11 -62
11 -62
11 -63
11 -62
11 -62
11 -63
11 -63
11 -63
11 -63
11 -63
11 -63
11 -63
11 -63
11 -63
11 -62
11 -63
11 -62
11 -62
11 -62
11 -62
11 -62
11 -62
11 -62
11 -62
11 -62
11 -62
11 -62
11 -62
11 -62
11 -62
11 -62
11 -62
11 -62
11 -62
11 -62
11 -62
11 -62
11 -62
11 -62
11 -62
11 -62
11 -62
11 -62
11 -62
11 -62
11 -62
11 -62
11 -62
11 -62
11 -63
11 -63
11 -64
11 -65
11 -64
11 -63
11 -63
11 -63
11 -63
11 -62
11 -62
11 -62
11 -62
11 -62
11 -61
11 -62
11 -62
11 -62
11 -62
11 -62
11 -62
11 -62
11 -63
11 -63
11 -62
11 -63
11 -63
11 -63
11 -63
11 -63
11 -63
11 -63
11 -63
11 -63
11 -58
11 -62
11 -62
11 -62
11 -62
11 -62
11 -63
11 -62
11 -63
11 -63
11 -63
11 -63
11 -63
11 -63
11 -63
11 -63
11 -62
11 -63
11 -62
11 -63
11 -63
11 -62
11 -62
11 -63
11 -62
11 -61
11 -62
11 -62
11 -62
11 -62
11 -62
11 -62
11 -62
11 -62
11 -62
11 -62
11 -62
11 -62
11 -62
11 -62
11 -62
11 -62
11 -62
11 -62
11 -62
11 -62
11 -62
11 -62
11 -62
11 -62
11 -62
11 -62
11 -63
11 -63
11 -62
11 -62
11 -62
11 -64
11 -66
11 -64
11 -63
11 -63
11 -63
11 -62
11 -62
11 -62
11 -62
12 -72
12 -73
12 -72
12 -72
12 -72
12 -73
12 -73
12 -72
12 -73
12 -72
12 -72
12 -72
12 -72
12 -72
12 -72
12 -72
12 -71
12 -71
12 -71
12 -71
12 -72
12 -71
12 -71
12 -71
12 -72
12 -66
12 -72
12 -71
12 -72
12 -72
12 -72
12 -73
12 -72
12 -72
12 -73
12 -73
12 -73
12 -73
12 -73
12 -65
12 -74
12 -74
12 -72
12 -74
12 -74
12 -73
12 -74
12 -74
12 -73
12 -73
12 -73
12 -72
12 -72
12 -73
12 -73
12 -72
12 -73
12 -72
12 -72
12 -72
12 -72
12 -71
12 -73
12 -72
12 -72
12 -72
12 -72
12 -73
12 -73
12 -73
12 -73
12 -74
12 -73
12 -72
12 -73
12 -73
12 -73
12 -72
12 -72
12 -72
12 -74
12 -75
12 -75
12 -75
12 -74
12 -74
12 -75
12 -75
12 -75
12 -75
12 -75
12 -75
12 -76
12 -75
12 -75
12 -72
12 -76
12 -75
12 -75
12 -76
12 -76
12 -76
12 -76
12 -78
12 -77
12 -78
12 -77
12 -76
12 -74
12 -71
12 -75
12 -76
12 -76
12 -76
12 -76
12 -76
12 -75
12 -75
12 -75
12 -75
12 -75
12 -74
12 -76
12 -75
12 -73
12 -72
12 -70
12 -67
12 -72
12 -70
12 -71
12 -71
12 -72
12 -72
12 -70
12 -70
12 -70
12 -69
12 -69
12 -69
12 -68
12 -69
12 -69
12 -69
12 -68
12 -70
12 -70
12 -68
12 -68
12 -69
12 -70
12 -69
12 -70
12 -69
12 -69
12 -70
12 -70
12 -70
12 -70
12 -70
12 -70
12 -70
12 -70
12 -70
12 -70
12 -70
12 -70
12 -69
12 -70
12 -70
12 -70
12 -70
12 -70
12 -70
12 -69
12 -70
12 -70
12 -70
12 -70
12 -70
12 -70
12 -70
12 -70
12 -70
12 -71
12 -70
12 -70
12 -70
12 -70
12 -70
12 -70
12 -70
12 -69
12 -70
12 -69
12 -69
12 -69
12 -69
12 -69
12 -69
12 -69
12 -69
12 -69
12 -69
12 -70
12 -70
12 -70
12 -70
12 -70
12 -70
12 -70
12 -70
12 -70
12 -70
12 -70
12 -70
12 -70
12 -70
12 -70
12 -70
12 -70
12 -70
12 -70
12 -70
12 -70
12 -69
12 -69
12 -69
12 -69
12 -69
12 -69
12 -69
12 -69
12 -69
12 -69
12 -69
12 -69
12 -69
12 -66
12 -69
12 -70
12 -62
12 -69
12 -69
12 -69
12 -70
12 -70
12 -70
12 -70
12 -70
12 -70
12 -70
12 -70
12 -70
12 -70
12 -70
12 -70
12 -70
12 -70
12 -70
12 -70
12 -70
12 -70
12 -70
12 -70
12 -70
12 -70
12 -70
12 -70
12 -70
12 -70
12 -70
12 -70
12 -70
12 -69
12 -69
12 -69
12 -70
12 -69
12 -59
12 -69
12 -69
12 -69
12 -69
12 -69
12 -69
12 -69
12 -69
12 -69
12 -69
12 -67
12 -70
12 -70
12 -69
12 -70
12 -70
12 -70
12 -70
12 -70
12 -71
12 -70
12 -70
12 -70
12 -70
12 -70
12 -70
12 -70
12 -70
12 -70
12 -70
12 -70
12 -69
12 -69
12 -69
12 -69
12 -69
12 -69
12 -70
12 -70
12 -69
12 -70
12 -70
12 -70
12 -70
12 -70
12 -70
12 -70
12 -70
12 -70
12 -70
12 -70
12 -70
12 -36
12 -70
12 -70
12 -70
12 -70
12 -70
12 -70
12 -70
12 -70
12 -70
12 -70
12 -70
12 -70
12 -70
12 -70
12 -70
12 -70
12 -70
12 -70
12 -70
12 -70
12 -69
12 -70
12 -70
12 -70
12 -70
12 -70
12 -70
12 -70
12 -70
12 -70
12 -70
12 -70
12 -69
12 -70
12 -69
12 -69
12 -69
12 -70
12 -69
12 -69
12 -69
12 -69
12 -69
12 -69
12 -69
12 -69
12 -69
12 -67
12 -70
12 -70
12 -73
12 -75
12 -77
12 -77
12 -76
12 -77
12 -76
12 -76
12 -76
12 -76
13 -78
13 -78
13 -78
13 -77
13 -76
13 -78
13 -78
13 -78
13 -78
13 -77
13 -78
13 -77
13 -77
13 -73
13 -77
13 -77
13 -77
13 -77
13 -76
13 -77
13 -77
13 -56
13 -56
13 -69
13 -68
13 -76
13 -77
13 -77
13 -78
13 -76
13 -76
13 -77
13 -78
13 -78
13 -77
13 -78
13 -78
13 -78
13 -75
13 -78
13 -78
13 -78
13 -78
13 -78
13 -79
13 -78
13 -78
13 -78
13 -72
13 -74
13 -76
13 -78
13 -78
13 -78
13 -78
13 -78
13 -76
13 -78
13 -78
13 -78
13 -78
13 -78
13 -79
13 -78
13 -79
13 -80
13 -80
13 -80
13 -81
13 -80
13 -80
13 -80
13 -80
13 -74
13 -79
13 -79
13 -79
13 -80
13 -79
13 -79
13 -79
13 -79
13 -78
13 -78
13 -63
13 -78
13 -79
13 -78
13 -78
13 -79
13 -78
13 -78
13 -78
13 -78
13 -78
13 -77
13 -77
13 -77
13 -78
13 -79
13 -78
13 -78
13 -78
13 -79
13 -76
13 -77
13 -74
13 -78
13 -78
13 -81
13 -81
13 -81
13 -70
13 -80
13 -80
13 -78
13 -79
13 -80
13 -72
13 -79
13 -79
13 -75
13 -79
13 -76
13 -79
13 -79
13 -78
13 -78
13 -78
13 -78
13 -79
13 -78
13 -78
13 -77
13 -78
13 -78
13 -78
13 -78
13 -78
13 -77
13 -77
13 -77
13 -77
13 -78
13 -78
13 -78
13 -77
13 -78
13 -78
13 -78
13 -78
13 -78
13 -79
13 -78
13 -78
13 -78
13 -78
13 -78
13 -78
13 -78
13 -78
13 -78
13 -76
13 -78
13 -78
13 -76
13 -78
13 -78
13 -76
13 -78
13 -78
13 -78
13 -79
13 -78
13 -79
13 -78
13 -78
13 -79
13 -78
13 -78
13 -78
13 -79
13 -78
13 -79
13 -78
13 -78
13 -77
13 -78
13 -77
13 -78
13 -78
13 -78
13 -78
13 -78
13 -78
13 -78
13 -78
13 -78
13 -78
13 -78
13 -78
13 -78
13 -78
13 -78
13 -78
13 -78
13 -77
13 -78
13 -78
13 -79
13 -79
13 -79
13 -79
13 -79
13 -79
13 -79
13 -79
13 -79
13 -79
13 -79
13 -78
13 -79
13 -79
13 -78
13 -78
13 -78
13 -78
13 -78
13 -77
13 -78
13 -77
13 -78
13 -78
13 -78
13 -78
13 -78
13 -78
13 -72
13 -73
13 -79
13 -79
13 -80
13 -68
13 -73
13 -80
13 -79
13 -79
13 -78
13 -79
13 -78
13 -79
13 -79
13 -78
13 -79
13 -78
13 -63
13 -78
13 -78
13 -79
13 -79
13 -79
13 -78
13 -78
13 -76
13 -75
13 -79
13 -78
13 -77
13 -79
13 -78
13 -79
13 -78
13 -78
13 -80
13 -76
13 -80
13 -79
13 -79
13 -79
13 -78
13 -78
13 -78
13 -79
13 -79
13 -80
13 -79
13 -78
13 -78
13 -79
13 -79
13 -79
13 -79
13 -78
13 -79
13 -79
13 -80
13 -78
13 -77
13 -77
13 -75
13 -77
13 -77
14 -83
14 -84
14 -82
14 -82
14 -83
14 -82
14 -81
14 -83
14 -83
14 -83
14 -84
14 -79
14 -78
14 -78
14 -78
14 -82
14 -81
14 -80
14 -81
14 -78
14 -77
14 -78
14 -76
15 -83
15 -77
15 -76
15 -76
15 -76
15 -76
15 -75
15 -76
15 -76
15 -76
15 -76
15 -76
15 -76
15 -73
15 -76
15 -77
15 -78
15 -67
15 -78
15 -78
15 -78
15 -79
15 -78
15 -79
15 -80
15 -84
15 -79
15 -83
15 -81
15 -82
15 -82
15 -81
15 -80
15 -79
15 -79
15 -79
15 -79
15 -78
15 -76
15 -76
15 -75
15 -76
15 -76
15 -77
15 -76
15 -75
15 -75
15 -74
15 -76
15 -76
15 -76
15 -79
15 -80
15 -76
15 -75
15 -76
15 -76
15 -75
15 -76
15 -78
15 -80
15 -79
15 -78
15 -72
15 -73
15 -72
15 -72
15 -72
15 -71
15 -72
15 -77
15 -79
15 -80
15 -80
15 -78
15 -76
15 -77
15 -78
15 -78
15 -77
15 -77
15 -78
15 -78
15 -78
15 -79
15 -79
15 -80
15 -79
15 -78
15 -78
15 -75
15 -76
15 -76
15 -76
15 -75
15 -75
15 -75
15 -75
15 -74
15 -75
15 -75
15 -75
15 -75
15 -73
15 -76
15 -76
15 -76
15 -76
15 -75
15 -76
15 -75
15 -76
15 -76
15 -75
15 -76
15 -76
15 -76
15 -76
15 -76
15 -76
15 -75
15 -75
15 -75
15 -75
15 -74
15 -75
15 -75
15 -75
15 -75
15 -76
15 -75
15 -76
15 -76
15 -76
15 -76
15 -76
15 -76
15 -70
15 -75
15 -75
15 -74
15 -74
15 -74
15 -73
15 -74
15 -74
15 -74
15 -74
15 -74
15 -74
15 -75
15 -76
15 -76
15 -77
15 -76
15 -77
15 -78
15 -77
15 -77
15 -77
15 -76
15 -77
15 -78
15 -76
15 -76
15 -76
15 -76
15 -75
15 -74
15 -76
15 -76
15 -75
15 -75
15 -75
15 -74
15 -76
15 -75
15 -75
15 -75
15 -75
15 -76
15 -76
15 -75
15 -76
15 -76
15 -76
15 -76
15 -76
15 -76
15 -76
15 -75
15 -76
15 -57
15 -74
15 -74
15 -73
15 -75
15 -75
15 -76
15 -76
15 -76
15 -76
15 -76
15 -76
15 -76
15 -76
15 -76
15 -78
15 -77
15 -76
15 -76
15 -76
15 -76
15 -76
15 -77
15 -77
15 -77
15 -75
15 -78
15 -77
15 -77
15 -78
15 -78
15 -78
15 -76
15 -77
15 -76
15 -76
15 -76
15 -76
15 -75
15 -75
15 -76
15 -75
15 -75
15 -74
15 -75
15 -75
15 -75
15 -75
15 -75
15 -76
15 -76
15 -56
15 -76
15 -76
15 -56
15 -76
15 -76
15 -76
15 -76
15 -76
15 -76
15 -76
15 -76
15 -76
15 -77
15 -63
15 -76
15 -76
15 -76
15 -76
15 -76
15 -76
15 -76
15 -64
15 -76
15 -76
15 -76
15 -76
15 -76
15 -76
15 -74
15 -76
15 -76
15 -76
15 -77
15 -77
15 -77
15 -78
15 -78
15 -78
15 -78
15 -78
15 -78
15 -77
15 -76
15 -76
15 -76
15 -76
15 -75
15 -75
15 -74
15 -75
15 -75
15 -75
15 -76
15 -76
16 -81
16 -80
16 -82
16 -72
16 -80
16 -81
16 -72
16 -80
16 -80
16 -76
16 -81
16 -80
16 -79
16 -80
16 -79
16 -79
16 -78
16 -78
16 -78
16 -63
16 -63
16 -67
16 -78
16 -78
16 -78
16 -79
16 -78
16 -75
16 -79
16 -78
16 -78
16 -78
16 -78
16 -78
16 -78
16 -78
16 -77
16 -77
16 -75
16 -76
16 -76
16 -76
16 -76
16 -76
16 -76
16 -76
16 -74
16 -76
16 -76
16 -76
16 -76
16 -76
16 -76
16 -76
16 -76
16 -76
16 -74
16 -76
16 -78
16 -78
16 -78
16 -78
16 -77
16 -78
16 -78
16 -78
16 -78
16 -78
16 -77
16 -76
16 -75
16 -74
16 -75
16 -75
16 -73
16 -75
16 -75
16 -75
16 -75
16 -76
16 -76
16 -76
16 -76
16 -58
16 -76
16 -76
16 -76
16 -76
16 -73
16 -76
16 -83
16 -73
16 -76
16 -76
16 -76
16 -76
16 -76
16 -76
16 -75
16 -76
16 -76
16 -76
16 -77
16 -77
16 -77
16 -77
16 -77
16 -78
16 -77
16 -55
16 -76
16 -79
16 -81
16 -77
16 -76
16 -77
16 -78
16 -78
16 -78
16 -78
16 -77
16 -78
16 -76
16 -76
16 -76
16 -76
16 -74
16 -71
16 -80
16 -81
16 -79
16 -78
16 -82
16 -83
16 -83
16 -83
16 -81
16 -82
16 -81
16 -79
16 -80
16 -81
16 -80
16 -81
16 -82
16 -82
16 -83
16 -83
16 -84
16 -84
16 -82
16 -80
16 -81
16 -78
16 -81
16 -76
16 -80
16 -70
16 -79
16 -80
16 -81
16 -80
16 -61
16 -83
16 -76
16 -80
16 -80
16 -80
16 -80
16 -79
16 -80
16 -80
16 -80
16 -81
16 -81
16 -80
16 -81
16 -80
16 -81
16 -80
16 -72
16 -81
16 -82
16 -82
16 -81
16 -81
16 -81
16 -80
16 -80
16 -80
16 -80
16 -80
16 -72
16 -76
16 -75
16 -79
17 -76
17 -76
17 -76
17 -76
17 -76
17 -76
17 -76
17 -76
17 -76
17 -75
17 -75
17 -76
17 -75
17 -75
17 -76
17 -76
17 -76
17 -76
17 -76
17 -76
17 -76
17 -76
17 -76
17 -76
17 -76
17 -76
17 -76
17 -75
17 -76
17 -76
17 -76
17 -76
17 -76
17 -76
17 -76
17 -75
17 -76
17 -76
17 -76
17 -76
17 -76
17 -76
17 -76
17 -76
17 -76
17 -76
17 -76
17 -76
17 -76
17 -75
17 -76
17 -76
17 -76
17 -76
17 -76
17 -76
17 -76
17 -76
17 -76
17 -76
17 -76
17 -76
17 -76
17 -76
17 -76
17 -76
17 -76
17 -76
17 -76
17 -77
17 -76
17 -76
17 -76
17 -75
17 -76
17 -76
17 -76
17 -76
17 -75
17 -76
17 -76
17 -76
17 -75
17 -75
17 -76
17 -76
17 -76
17 -76
17 -75
17 -76
17 -76
17 -76
17 -76
17 -76
17 -76
17 -75
17 -76
17 -76
17 -75
17 -75
17 -75
17 -75
17 -75
17 -75
17 -75
17 -76
17 -76
17 -75
17 -75
17 -75
17 -75
17 -76
17 -75
17 -75
17 -75
17 -75
17 -76
17 -76
17 -76
17 -76
17 -75
17 -76
17 -76
17 -75
17 -77
17 -76
17 -75
17 -74
17 -74
17 -75
17 -74
17 -75
17 -75
17 -76
17 -77
17 -75
17 -75
17 -76
17 -78
17 -79
17 -76
17 -75
17 -74
17 -75
17 -75
17 -76
17 -62
17 -76
17 -75
17 -76
17 -76
17 -76
17 -76
17 -72
17 -76
17 -76
17 -76
17 -76
17 -76
17 -76
17 -76
17 -76
17 -76
17 -76
17 -76
17 -76
17 -76
17 -76
17 -76
17 -76
17 -75
17 -76
17 -76
17 -76
17 -74
17 -75
17 -76
17 -76
17 -75
17 -76
17 -76
17 -76
17 -75
17 -76
17 -75
17 -75
17 -76
17 -75
17 -75
17 -75
17 -75
17 -76
17 -75
17 -76
17 -76
17 -76
17 -76
17 -76
17 -76
17 -76
17 -75
17 -75
17 -75
17 -76
17 -75
17 -75
17 -75
17 -76
17 -76
17 -75
17 -75
17 -75
17 -75
17 -76
17 -75
17 -75
17 -75
17 -75
17 -75
17 -75
17 -75
17 -75
17 -82
17 -75
17 -76
17 -75
17 -75
17 -76
17 -76
17 -75
17 -76
17 -76
17 -76
17 -75
17 -76
17 -76
17 -76
17 -76
17 -74
17 -76
17 -75
17 -75
17 -75
17 -75
17 -75
17 -75
17 -75
17 -76
17 -75
17 -75
17 -76
17 -76
17 -75
17 -76
17 -76
17 -76
17 -76
17 -76
17 -76
17 -76
17 -76
17 -76
17 -76
17 -76
17 -75
17 -57
17 -75
17 -76
17 -75
17 -75
17 -76
17 -75
17 -76
17 -75
17 -75
17 -76
17 -75
17 -75
17 -74
17 -75
17 -75
17 -74
17 -75
17 -75
17 -72
17 -75
17 -75
17 -75
17 -76
17 -76
17 -75
17 -75
17 -75
17 -76
17 -76
17 -76
17 -75
17 -76
17 -74
17 -76
17 -75
17 -76
17 -75
17 -76
17 -75
17 -76
17 -76
17 -75
17 -76
17 -75
17 -74
17 -76
17 -76
17 -76
17 -76
17 -76
17 -76
17 -76
17 -76
17 -76
17 -75
17 -76
17 -76
17 -76
17 -76
17 -75
17 -76
17 -75
17 -76
17 -75
17 -76
17 -76
17 -76
17 -76
17 -76
17 -76
17 -76
17 -75
17 -76
17 -76
17 -76
17 -76
17 -76
17 -76
17 -76
17 -76
17 -76
17 -75
17 -76
17 -76
17 -76
17 -75
17 -76
17 -76
17 -74
17 -75
17 -75
17 -76
17 -76
17 -75
17 -75
17 -75
17 -75
17 -75
17 -75
17 -75
17 -75
17 -75
17 -75
17 -75
17 -77
17 -80
17 -78
17 -77
17 -78
17 -75
17 -76
17 -76
17 -75
17 -76
17 -76
17 -76
17 -76
18 -79
18 -81
18 -82
18 -82
18 -80
18 -70
18 -84
18 -82
18 -82
18 -83
18 -83
18 -82
18 -81
18 -82
18 -82
18 -82
18 -82
18 -82
18 -83
18 -80
18 -80
18 -81
18 -82
18 -83
18 -82
18 -78
18 -77
18 -79
18 -78
18 -78
18 -78
18 -79
18 -63
18 -77
18 -78
18 -79
18 -81
18 -79
18 -76
18 -79
18 -79
18 -77
18 -79
18 -79
18 -78
18 -79
18 -78
18 -79
18 -78
18 -78
18 -79
18 -80
18 -80
18 -79
18 -81
18 -80
18 -80
18 -80
18 -79
18 -79
18 -79
18 -75
18 -79
18 -78
18 -78
18 -78
18 -78
18 -78
18 -78
18 -78
18 -78
18 -78
18 -78
18 -79
18 -80
18 -81
18 -81
18 -81
18 -79
18 -80
18 -80
18 -79
18 -79
18 -79
18 -79
18 -78
18 -78
18 -78
18 -78
18 -78
18 -77
18 -77
18 -78
18 -78
18 -78
18 -78
18 -78
18 -79
18 -82
18 -82
18 -78
18 -80
18 -79
18 -78
18 -78
18 -78
18 -78
18 -78
18 -77
18 -78
18 -77
18 -76
18 -76
18 -76
18 -77
18 -79
18 -79
18 -79
18 -76
18 -79
18 -79
18 -79
18 -79
18 -78
18 -77
18 -78
18 -77
18 -77
18 -77
18 -77
18 -77
18 -77
18 -77
18 -76
18 -78
18 -78
18 -77
18 -77
18 -78
18 -77
18 -78
18 -77
18 -77
18 -77
18 -78
18 -78
18 -76
18 -78
18 -71
18 -78
18 -78
18 -74
18 -78
18 -77
18 -76
18 -78
18 -78
18 -78
18 -78
18 -80
18 -79
18 -79
18 -80
18 -79
18 -80
18 -79
18 -78
18 -79
18 -77
18 -76
18 -78
18 -78
18 -77
18 -76
18 -78
18 -78
18 -78
18 -78
18 -78
18 -78
18 -78
19 -82
19 -83
19 -81
19 -81
19 -80
19 -79
19 -79
19 -81
19 -77
19 -63
19 -79
19 -79
19 -63
19 -80
19 -76
19 -74
19 -81
19 -81
19 -82
19 -82
19 -81
19 -81
19 -80
19 -81
19 -80
19 -80
19 -80
19 -81
19 -80
19 -79
19 -81
19 -82
19 -81
19 -81
19 -81
19 -81
19 -82
19 -82
19 -81
19 -81
19 -81
19 -81
19 -81
19 -80
19 -80
19 -81
19 -79
19 -82
19 -81
19 -82
19 -81
19 -81
19 -81
19 -80
19 -77
19 -76
19 -78
19 -78
19 -70
19 -78
19 -79
19 -78
19 -78
19 -78
19 -77
19 -79
19 -79
19 -82
19 -82
19 -78
19 -76
19 -76
19 -78
19 -79
19 -78
19 -76
19 -76
19 -77
19 -77
19 -78
19 -78
19 -78
19 -77
19 -77
19 -77
19 -78
19 -78
19 -78
19 -78
19 -78
19 -72
19 -78
19 -78
19 -77
19 -75
19 -70
19 -77
19 -78
19 -78
19 -78
19 -77
19 -77
19 -78
19 -77
19 -77
19 -77
19 -77
19 -76
19 -76
19 -77
19 -76
19 -76
19 -77
19 -78
19 -77
19 -78
19 -78
19 -78
19 -77
19 -78
19 -78
19 -78
19 -77
19 -78
19 -77
19 -78
19 -77
19 -76
19 -76
19 -76
19 -75
19 -76
19 -57
19 -76
19 -77
19 -77
19 -77
19 -76
19 -77
19 -74
19 -77
19 -76
19 -76
19 -76
19 -76
19 -76
19 -76
19 -76
19 -77
19 -76
19 -77
19 -77
19 -77
19 -77
19 -78
19 -77
19 -78
19 -78
19 -78
19 -79
19 -78
19 -78
19 -78
19 -78
19 -78
19 -78
19 -76
19 -78
19 -78
19 -76
19 -78
19 -76
19 -77
19 -78
19 -77
19 -77
19 -77
19 -77
19 -76
19 -76
19 -77
19 -77
19 -76
19 -76
19 -76
19 -76
19 -77
19 -76
19 -77
19 -77
19 -78
19 -78
19 -78
19 -80
19 -79
19 -79
19 -78
19 -78
19 -78
19 -77
19 -78
19 -78
19 -77
19 -77
19 -77
19 -77
19 -77
19 -77
19 -78
19 -78
19 -78
19 -78
19 -78
19 -78
19 -78
19 -78
19 -78
19 -78
19 -77
19 -78
19 -78
19 -78
19 -78
19 -78
19 -78
19 -78
19 -78
19 -78
19 -79
19 -78
19 -78
19 -78
19 -79
19 -78
19 -75
19 -76
19 -78
19 -78
19 -77
19 -78
19 -77
19 -78
19 -78
19 -78
19 -78
19 -78
19 -78
19 -78
19 -78
19 -77
19 -78
19 -78
19 -78
19 -78
19 -78
19 -76
19 -78
19 -78
19 -70
19 -79
19 -81
20 -83
20 -83
20 -78
20 -77
20 -78
20 -78
20 -78
20 -79
20 -79
20 -83
20 -83
20 -77
20 -82
20 -78
20 -81
20 -82
20 -82
20 -82
20 -82
20 -82
20 -82
20 -83
20 -83
20 -77
20 -83
20 -82
20 -82
20 -69
20 -81
20 -82
20 -80
20 -80
20 -80
20 -81
20 -81
20 -81
20 -83
20 -82
20 -70
20 -82
25 -81
26 -84
26 -83
27 -76
27 -80
27 -81
27 -81
27 -81
27 -81
27 -81
27 -81
27 -82
27 -83
27 -83
27 -82
27 -82
27 -82
27 -82
27 -82
27 -76
27 -82
27 -83
27 -82
27 -80
27 -82
27 -82
27 -82
27 -82
27 -82
27 -83
27 -83
27 -78
27 -77
27 -77
27 -83
27 -82
27 -83
27 -82
27 -83
27 -76
27 -81
27 -81
27 -81
29 -83
29 -83
29 -82
30 -78
30 -77
30 -77
30 -78
30 -77
30 -77
30 -77
30 -77
30 -77
30 -77
30 -76
30 -76
30 -75
30 -75
30 -73
30 -72
30 -72
30 -59
30 -71
30 -70
30 -70
30 -70
30 -70
30 -70
30 -70
30 -70
30 -70
30 -70
30 -70
30 -70
30 -70
30 -70
30 -70
30 -70
30 -70
30 -70
30 -70
30 -70
30 -71
30 -71
30 -60
30 -71
30 -71
30 -71
30 -60
30 -70
30 -72
30 -72
30 -72
30 -72
30 -73
30 -72
30 -73
30 -72
30 -72
30 -72
30 -72
30 -72
30 -72
30 -72
30 -72
30 -72
30 -72
30 -72
30 -71
30 -72
30 -72
30 -72
30 -72
30 -72
30 -72
30 -72
30 -72
30 -72
30 -72
30 -72
30 -72
30 -72
30 -72
30 -73
30 -73
30 -74
30 -75
30 -75
30 -75
30 -76
30 -74
30 -75
30 -75
30 -75
30 -75
30 -82
30 -75
30 -75
30 -75
30 -74
30 -75
30 -74
30 -74
30 -75
30 -73
30 -75
30 -74
30 -74
30 -74
30 -74
30 -73
30 -73
30 -72
30 -73
30 -72
30 -72
30 -72
30 -72
30 -72
30 -72
30 -61
30 -72
30 -70
30 -70
30 -70
30 -70
30 -71
30 -70
30 -71
30 -71
30 -75
30 -75
30 -75
30 -75
30 -73
30 -73
30 -74
30 -75
30 -75
30 -76
30 -76
30 -76
30 -77
30 -78
30 -78
30 -78
30 -76
30 -74
30 -72
30 -72
30 -70
30 -72
30 -70
30 -70
30 -72
30 -73
30 -74
30 -75
30 -75
30 -75
30 -74
30 -74
30 -74
30 -74
30 -74
30 -74
30 -74
30 -73
30 -73
30 -73
30 -72
30 -73
30 -73
30 -73
30 -72
30 -71
30 -71
30 -71
30 -71
30 -70
30 -70
30 -70
30 -70
30 -70
30 -70
30 -70
30 -71
30 -71
30 -71
30 -71
30 -71
30 -71
30 -71
30 -70
30 -72
30 -71
30 -72
30 -72
30 -72
30 -71
30 -71
30 -70
30 -71
30 -70
30 -70
30 -70
30 -70
30 -70
30 -70
30 -70
30 -70
30 -71
30 -71
30 -71
30 -72
30 -70
30 -71
30 -71
30 -71
30 -71
30 -71
30 -72
30 -71
30 -72
30 -72
30 -72
30 -71
30 -72
30 -72
30 -72
30 -72
30 -72
30 -72
30 -71
30 -72
30 -72
30 -71
30 -71
30 -70
30 -71
30 -71
30 -71
30 -71
30 -71
30 -71
30 -71
30 -71
30 -70
30 -72
30 -71
30 -71
30 -72
30 -71
30 -72
30 -72
30 -72
30 -71
30 -72
30 -72
30 -72
30 -72
30 -72
30 -72
30 -73
30 -72
30 -72
30 -72
30 -72
30 -51
30 -72
30 -72
30 -71
30 -69
30 -72
30 -72
30 -72
30 -72
30 -72
30 -72
30 -72
30 -73
30 -73
30 -72
30 -73
30 -73
30 -73
30 -72
30 -73
30 -73
30 -73
30 -74
30 -73
30 -73
30 -73
30 -73
30 -72
30 -73
30 -73
30 -72
30 -72
30 -72
30 -71
30 -72
30 -71
30 -70
30 -70
30 -70
30 -70
30 -70
30 -70
30 -71
30 -71
30 -71
30 -71
30 -72
30 -72
30 -72
30 -72
30 -73
30 -73
30 -74
30 -73
30 -73
30 -73
30 -73
30 -72
30 -63
30 -72
30 -72
30 -72
30 -71
30 -72
30 -72
30 -71
30 -64
30 -72
30 -72
30 -72
30 -71
30 -72
30 -72
30 -72
30 -72
30 -72
30 -70
30 -72
30 -72
30 -72
30 -72
30 -71
30 -72
30 -72
30 -72
30 -73
30 -72
30 -72
30 -73
30 -73
30 -72
30 -72
30 -66
30 -72
30 -72
30 -72
30 -72
30 -72
30 -72
30 -72
30 -72
30 -73
30 -68
30 -73
30 -73
30 -73
30 -73
30 -73
30 -74
30 -74
30 -74
30 -74
30 -73
30 -68
30 -73
30 -73
30 -74
30 -72
30 -70
30 -70
30 -71
30 -72
30 -72
30 -70
30 -70
30 -70
30 -70
30 -70
30 -70
31 -84
31 -82
31 -82
31 -82
31 -82
31 -81
31 -80
31 -84
31 -82
31 -82
31 -78
31 -78
31 -77
31 -76
31 -78
31 -79
31 -84
31 -78
31 -77
31 -78
31 -84
31 -80
31 -82
31 -82
31 -82
31 -82
31 -83
31 -82
31 -82
31 -83
31 -82
31 -81
31 -81
31 -80
31 -81
31 -81
31 -83
31 -82
31 -82
31 -81
31 -82
31 -80
32 -70
32 -70
32 -70
32 -70
32 -70
32 -70
32 -70
32 -70
32 -70
32 -70
32 -70
32 -69
32 -70
32 -69
32 -69
32 -69
32 -69
32 -69
32 -68
32 -67
32 -68
32 -68
32 -68
32 -68
32 -68
32 -68
32 -68
32 -68
32 -67
32 -69
32 -68
32 -67
32 -68
32 -68
32 -68
32 -68
32 -67
32 -67
32 -67
32 -68
32 -67
32 -67
32 -68
32 -68
32 -68
32 -68
32 -68
32 -68
32 -68
32 -68
32 -68
32 -68
32 -68
32 -69
32 -68
32 -67
32 -69
32 -69
32 -69
32 -69
32 -69
32 -69
32 -69
32 -69
32 -69
32 -69
32 -69
32 -69
32 -69
32 -69
32 -69
32 -69
32 -69
32 -68
32 -69
32 -68
32 -68
32 -68
32 -67
32 -68
32 -68
32 -69
32 -69
32 -69
32 -69
32 -70
32 -69
32 -69
32 -68
32 -69
32 -71
32 -69
32 -69
32 -69
32 -69
32 -69
32 -68
32 -68
32 -68
32 -68
32 -68
32 -68
32 -68
32 -68
32 -68
32 -68
32 -68
32 -68
32 -67
32 -67
32 -67
32 -67
32 -67
32 -68
32 -67
32 -67
32 -67
32 -67
32 -67
32 -67
32 -68
32 -67
32 -67
32 -67
32 -67
32 -66
32 -66
32 -67
32 -67
32 -68
32 -69
32 -69
32 -69
32 -69
32 -70
32 -69
32 -68
32 -67
32 -67
32 -67
32 -67
32 -68
32 -68
32 -68
32 -68
32 -71
32 -69
32 -68
32 -66
32 -66
32 -65
32 -65
32 -65
32 -66
32 -66
32 -66
32 -68
32 -68
32 -68
32 -68
32 -68
32 -69
32 -69
32 -69
32 -69
32 -69
32 -67
32 -69
32 -69
32 -69
32 -69
32 -69
32 -69
32 -69
32 -69
32 -68
32 -68
32 -68
32 -68
32 -68
32 -67
32 -67
32 -67
32 -67
32 -67
32 -68
32 -68
32 -68
32 -68
32 -68
32 -68
32 -67
32 -68
32 -68
32 -68
32 -68
32 -68
32 -68
32 -68
32 -68
32 -68
32 -68
32 -68
32 -68
32 -68
32 -68
32 -67
32 -68
32 -68
32 -68
32 -68
32 -68
32 -68
32 -68
32 -68
32 -68
32 -68
32 -68
32 -68
32 -68
32 -68
32 -68
32 -68
32 -68
32 -67
32 -68
32 -68
32 -67
32 -67
32 -67
32 -67
32 -73
32 -67
32 -56
32 -66
32 -66
32 -67
32 -66
32 -66
32 -66
32 -66
32 -67
32 -67
32 -67
32 -67
32 -67
32 -67
32 -67
32 -67
32 -68
32 -75
32 -68
32 -68
32 -68
32 -69
32 -68
32 -68
32 -69
32 -69
32 -69
32 -69
32 -69
32 -69
32 -70
32 -69
32 -69
32 -69
32 -69
32 -69
32 -69
32 -69
32 -69
32 -68
32 -69
32 -69
32 -68
32 -69
32 -68
32 -68
32 -68
32 -68
32 -68
32 -68
32 -68
32 -68
32 -76
32 -68
32 -68
32 -68
32 -68
32 -68
32 -68
32 -68
32 -68
32 -67
32 -68
32 -68
32 -68
32 -68
32 -68
32 -68
32 -68
32 -68
32 -68
32 -69
32 -69
32 -68
32 -66
32 -66
32 -67
32 -67
32 -67
32 -67
32 -68
32 -68
32 -68
32 -68
32 -68
32 -68
32 -68
32 -68
32 -69
32 -67
32 -68
32 -68
32 -69
32 -67
32 -68
32 -69
32 -69
32 -69
32 -69
32 -75
32 -70
32 -69
32 -69
32 -69
32 -69
32 -69
32 -69
32 -69
32 -69
32 -70
32 -69
32 -69
32 -69
32 -69
32 -69
32 -70
32 -70
32 -69
32 -69
32 -70
32 -70
32 -70
32 -70
32 -69
32 -70
32 -70
32 -70
32 -70
32 -70
32 -70
32 -70
32 -70
32 -70
32 -70
32 -70
32 -70
32 -70
32 -69
32 -70
32 -56
32 -69
32 -70
32 -70
32 -69
32 -70
32 -69
32 -70
32 -70
32 -70
32 -70
32 -70
32 -70
32 -70
32 -71
32 -72
32 -74
32 -70
32 -70
32 -68
32 -66
32 -67
32 -67
32 -67
32 -67
32 -68
32 -68
32 -68
32 -68
33 -80
33 -60
33 -79
33 -79
33 -80
33 -80
33 -80
33 -59
33 -81
33 -81
33 -79
33 -80
33 -81
33 -80
33 -80
33 -78
33 -78
33 -78
33 -74
33 -69
33 -76
33 -76
33 -70
33 -76
33 -76
33 -75
33 -75
33 -74
33 -75
33 -75
33 -75
33 -76
33 -76
33 -76
33 -77
33 -77
33 -76
33 -77
33 -76
33 -77
33 -76
33 -77
33 -76
33 -76
33 -76
33 -76
33 -77
33 -77
33 -77
33 -78
33 -78
33 -77
33 -76
33 -76
33 -76
33 -78
33 -78
33 -77
33 -77
33 -76
33 -75
33 -75
33 -71
33 -72
33 -75
33 -75
33 -75
33 -75
33 -76
33 -76
33 -75
33 -76
33 -75
33 -76
33 -72
33 -76
33 -76
33 -76
33 -77
33 -78
33 -79
33 -80
33 -67
33 -84
33 -75
33 -74
33 -76
33 -83
33 -78
33 -76
33 -78
33 -81
33 -81
33 -79
33 -78
33 -78
33 -78
33 -78
33 -78
33 -76
33 -78
33 -78
33 -78
33 -76
33 -78
33 -78
33 -70
33 -78
33 -79
33 -79
33 -75
33 -77
33 -77
33 -76
33 -77
33 -76
33 -77
33 -76
33 -77
33 -77
33 -77
33 -77
33 -77
33 -78
33 -78
33 -78
33 -78
33 -78
33 -76
33 -78
33 -78
33 -78
33 -77
33 -77
33 -77
33 -60
33 -76
33 -76
33 -76
33 -77
33 -76
33 -77
33 -76
33 -77
33 -77
33 -77
33 -78
33 -78
33 -79
33 -79
33 -77
33 -79
33 -78
33 -77
33 -78
33 -78
33 -78
33 -78
33 -77
33 -78
33 -78
33 -77
33 -78
33 -78
33 -78
33 -78
33 -77
33 -78
33 -70
33 -76
33 -78
33 -77
33 -78
33 -77
33 -77
33 -78
33 -77
33 -78
33 -76
33 -77
33 -76
33 -77
33 -77
33 -76
33 -77
33 -76
33 -77
33 -76
33 -77
33 -77
33 -77
33 -77
33 -78
33 -78
33 -78
33 -78
33 -77
33 -78
33 -77
33 -77
33 -78
33 -78
33 -79
33 -79
33 -78
33 -78
33 -78
33 -78
33 -78
33 -78
33 -78
33 -78
33 -76
33 -78
33 -77
33 -77
33 -78
33 -78
33 -78
33 -78
33 -78
33 -77
33 -76
33 -77
33 -76
33 -76
33 -78
33 -78
33 -76
33 -78
33 -78
33 -78
33 -78
33 -78
33 -78
33 -77
33 -78
33 -73
33 -78
33 -78
33 -77
33 -76
33 -76
33 -76
33 -76
33 -76
33 -77
33 -76
33 -76
33 -76
33 -76
33 -76
33 -77
33 -76
33 -77
33 -77
33 -77
33 -77
33 -73
33 -77
33 -76
33 -76
33 -76
33 -76
33 -77
33 -76
33 -65
33 -77
33 -77
33 -76
33 -77
33 -77
33 -77
33 -77
33 -76
33 -77
33 -77
33 -77
33 -77
33 -77
33 -77
33 -78
33 -77
33 -78
33 -78
33 -78
33 -78
33 -78
33 -79
33 -79
33 -79
33 -77
33 -75
33 -78
33 -52
33 -76
33 -73
33 -73
33 -74
33 -76
33 -76
33 -74
33 -72
33 -73
33 -75
34 -82
34 -84
34 -83
34 -82
34 -83
34 -82
34 -80
34 -79
34 -79
34 -73
34 -75
34 -76
34 -76
34 -78
34 -80
34 -84
34 -83
34 -83
34 -79
34 -78
34 -77
34 -77
34 -76
34 -76
34 -75
34 -74
34 -73
34 -75
34 -84
34 -83
34 -80
34 -79
34 -79
34 -78
34 -78
34 -78
34 -79
34 -78
34 -80
34 -78
34 -82
34 -83
34 -83
34 -82
34 -83
34 -79
34 -82
34 -82
34 -81
34 -81
34 -82
34 -82
34 -82
34 -81
34 -74
34 -70
34 -81
34 -70
34 -79
34 -79
34 -72
34 -79
34 -79
34 -80
34 -84
34 -79
34 -78
34 -75
34 -75
34 -76
34 -75
34 -76
34 -76
34 -76
34 -76
34 -77
34 -79
34 -79
34 -79
34 -80
34 -80
34 -79
34 -76
34 -75
34 -78
34 -77
34 -78
34 -78
34 -79
34 -80
35 -76
35 -77
35 -77
35 -78
35 -78
35 -78
35 -78
35 -78
35 -78
35 -78
35 -72
35 -76
35 -76
35 -76
35 -76
35 -76
35 -77
35 -78
35 -77
35 -77
35 -79
35 -81
35 -82
35 -81
35 -82
35 -80
35 -79
35 -78
35 -78
35 -78
35 -77
35 -78
35 -79
35 -76
35 -75
35 -74
35 -74
35 -74
35 -69
35 -75
35 -75
35 -75
35 -75
35 -75
35 -74
35 -76
35 -76
35 -75
35 -75
35 -75
35 -75
35 -75
35 -75
35 -75
35 -75
35 -75
35 -75
35 -75
35 -75
35 -75
35 -74
35 -75
35 -73
35 -74
35 -75
35 -74
35 -74
35 -74
35 -74
35 -75
35 -76
35 -74
35 -62
35 -76
35 -73
35 -74
35 -73
35 -74
35 -76
35 -77
35 -76
35 -76
35 -77
35 -77
35 -78
35 -80
35 -83
35 -79
35 -73
35 -74
35 -74
35 -75
35 -76
35 -75
35 -74
35 -75
35 -75
35 -75
35 -74
35 -74
35 -74
35 -74
35 -74
35 -73
35 -73
35 -73
35 -72
35 -73
35 -73
35 -72
35 -72
35 -73
35 -73
35 -73
35 -73
35 -73
35 -73
35 -73
35 -73
35 -72
35 -72
35 -72
35 -72
35 -72
35 -72
35 -72
35 -72
35 -71
35 -73
35 -73
35 -74
35 -74
35 -75
35 -75
35 -71
35 -76
35 -76
35 -75
35 -76
35 -75
35 -75
35 -75
35 -74
35 -75
35 -75
35 -74
35 -74
35 -74
35 -74
35 -74
35 -74
35 -74
35 -74
35 -75
35 -75
35 -76
35 -76
35 -75
35 -76
35 -76
35 -76
35 -76
35 -76
35 -76
35 -76
35 -76
35 -76
35 -71
35 -76
35 -76
35 -75
35 -75
35 -75
35 -74
35 -75
35 -75
35 -75
35 -76
35 -66
35 -75
35 -76
35 -76
35 -76
35 -75
35 -76
35 -76
35 -70
35 -76
35 -76
35 -76
35 -76
35 -72
35 -76
35 -76
35 -76
35 -76
35 -76
35 -76
35 -76
35 -76
35 -77
35 -76
35 -76
35 -76
35 -75
35 -76
35 -75
35 -77
35 -76
35 -76
35 -76
35 -76
35 -77
35 -76
35 -76
35 -76
35 -75
35 -75
35 -75
35 -73
35 -75
35 -76
35 -75
35 -76
35 -76
35 -76
35 -76
35 -76
35 -75
35 -75
35 -75
35 -75
35 -74
35 -72
35 -73
35 -73
35 -73
35 -72
35 -73
35 -73
35 -73
35 -73
35 -75
35 -76
35 -76
35 -76
35 -76
35 -76
35 -76
35 -73
35 -76
35 -76
35 -76
35 -76
35 -76
35 -76
35 -76
35 -76
35 -75
35 -76
35 -76
35 -76
35 -75
35 -75
35 -76
35 -76
35 -76
35 -75
35 -75
35 -76
35 -76
35 -75
35 -56
35 -76
35 -76
35 -76
35 -75
35 -76
35 -75
35 -76
35 -76
35 -76
35 -77
35 -76
35 -71
35 -77
35 -76
35 -75
35 -77
35 -76
35 -76
35 -76
35 -76
35 -76
35 -76
35 -76
35 -76
35 -77
35 -77
35 -77
35 -76
35 -76
35 -76
35 -76
35 -76
35 -76
35 -77
35 -80
35 -76
35 -76
35 -76
35 -73
35 -72
35 -72
35 -75
35 -75
35 -74
35 -58
35 -74
35 -75
35 -76
36 -80
36 -80
36 -80
36 -76
36 -78
36 -77
36 -78
36 -78
36 -77
36 -75
36 -77
36 -77
36 -77
36 -76
36 -76
36 -76
36 -76
36 -76
36 -75
36 -75
36 -75
36 -75
36 -76
36 -76
36 -76
36 -76
36 -76
36 -76
36 -76
36 -76
36 -76
36 -76
36 -76
36 -76
36 -76
36 -76
36 -76
36 -77
36 -78
36 -78
36 -78
36 -78
36 -78
36 -78
36 -78
36 -78
36 -77
36 -77
36 -77
36 -77
36 -77
36 -76
36 -77
36 -76
36 -76
36 -76
36 -77
36 -78
36 -78
36 -78
36 -78
36 -80
36 -80
36 -81
36 -62
36 -81
36 -78
36 -78
36 -80
36 -79
36 -79
36 -79
36 -79
36 -78
36 -73
36 -79
36 -78
36 -79
36 -78
36 -66
36 -79
36 -78
36 -78
36 -78
36 -78
36 -78
36 -78
36 -76
36 -75
36 -76
36 -77
36 -76
36 -74
36 -61
36 -76
36 -77
36 -79
36 -81
36 -81
36 -80
36 -82
36 -81
36 -80
36 -76
36 -75
36 -78
36 -78
36 -75
36 -77
36 -78
36 -77
36 -78
36 -77
36 -81
36 -80
36 -81
36 -81
36 -76
36 -86
36 -82
36 -84
36 -84
36 -84
36 -83
36 -84
36 -84
36 -82
36 -82
36 -82
36 -82
36 -80
36 -80
36 -81
36 -80
36 -81
36 -80
36 -81
36 -81
36 -81
36 -81
36 -81
36 -81
36 -81
36 -80
36 -81
36 -81
36 -80
36 -81
36 -81
36 -79
36 -79
36 -78
36 -78
36 -79
36 -80
36 -81
36 -81
36 -80
36 -80
36 -79
36 -80
36 -81
36 -82
36 -80
36 -81
36 -80
36 -81
36 -80
36 -80
36 -80
36 -80
36 -81
36 -80
36 -80
36 -80
36 -81
36 -73
36 -81
36 -81
36 -80
36 -81
36 -81
36 -69
36 -58
36 -81
36 -82
36 -83
36 -76
36 -80
36 -78
36 -74
36 -74
36 -78
36 -77
36 -75
36 -75
36 -75
36 -75
36 -76
36 -75
36 -76
36 -76
38 -85
38 -84
38 -82
38 -82
38 -82
40 -81
40 -81
40 -80
40 -80
40 -79
40 -79
40 -80
40 -80
40 -79
40 -79
40 -79
40 -79
40 -78
40 -77
40 -78
40 -77
40 -77
40 -77
40 -77
40 -77
40 -76
40 -76
40 -77
40 -76
40 -76
40 -76
40 -76
40 -76
40 -77
40 -76
40 -76
40 -76
40 -76
40 -76
40 -76
40 -76
40 -76
40 -77
40 -76
40 -76
40 -76
40 -76
40 -76
40 -76
40 -76
40 -76
40 -76
40 -76
40 -76
40 -77
40 -76
40 -76
40 -76
40 -76
40 -76
40 -76
40 -76
40 -76
40 -75
40 -76
40 -76
40 -76
40 -72
40 -77
40 -77
40 -76
40 -76
40 -76
40 -76
40 -76
40 -76
40 -75
40 -76
40 -75
40 -75
40 -75
40 -76
40 -75
40 -75
40 -75
40 -75
40 -76
40 -76
40 -76
40 -76
40 -76
40 -76
40 -76
40 -76
40 -76
40 -76
40 -76
40 -76
40 -76
40 -76
40 -77
40 -77
40 -77
40 -77
40 -77
40 -76
40 -79
40 -79
40 -77
40 -78
40 -77
40 -74
40 -74
40 -73
40 -76
40 -80
40 -80
40 -79
40 -78
40 -78
40 -79
40 -79
40 -80
40 -78
40 -77
40 -78
40 -79
40 -78
40 -77
40 -77
40 -78
40 -77
40 -77
40 -78
40 -77
40 -76
40 -76
40 -76
40 -76
40 -76
40 -76
40 -77
40 -77
40 -78
40 -77
40 -78
40 -78
40 -78
40 -78
40 -78
40 -78
40 -79
40 -79
40 -79
40 -78
40 -78
40 -78
40 -78
40 -77
40 -78
40 -78
40 -77
40 -75
40 -78
40 -78
40 -78
40 -75
40 -78
40 -78
40 -78
40 -78
40 -78
40 -78
40 -79
40 -78
40 -78
40 -77
40 -77
40 -77
40 -77
40 -77
40 -77
40 -78
40 -78
40 -78
40 -78
40 -78
40 -78
40 -74
40 -78
40 -78
40 -77
40 -78
40 -76
40 -78
40 -78
40 -78
40 -78
40 -71
40 -78
40 -77
40 -73
40 -78
40 -78
40 -78
40 -72
40 -78
40 -78
40 -78
40 -78
40 -78
40 -78
40 -78
40 -78
40 -78
40 -78
40 -78
40 -77
40 -77
40 -77
40 -77
40 -76
40 -76
40 -77
40 -77
40 -77
40 -77
40 -77
40 -77
40 -76
40 -77
40 -78
40 -77
40 -77
40 -78
40 -77
40 -77
40 -76
40 -76
40 -76
40 -77
40 -76
40 -76
40 -76
40 -75
40 -77
40 -77
40 -77
40 -78
40 -75
40 -78
40 -78
40 -76
40 -76
40 -76
40 -76
40 -76
40 -76
40 -72
40 -76
40 -76
40 -77
40 -76
40 -76
40 -77
40 -76
40 -75
40 -77
40 -76
40 -76
40 -76
40 -76
40 -76
40 -76
40 -76
40 -77
40 -76
40 -77
40 -77
40 -76
40 -76
40 -77
40 -75
40 -77
40 -76
40 -76
40 -77
40 -77
40 -77
40 -77
40 -77
40 -76
40 -77
40 -77
40 -77
40 -77
40 -77
40 -76
40 -76
40 -76
40 -76
40 -76
40 -77
40 -77
40 -76
40 -77
40 -77
40 -78
40 -78
40 -78
40 -77
40 -78
40 -77
40 -77
40 -77
40 -77
40 -77
40 -77
40 -77
40 -77
40 -78
40 -77
40 -76
40 -76
40 -74
40 -74
40 -75
40 -76
40 -76
40 -77
40 -79
40 -81
41 -81
41 -79
41 -80
41 -79
41 -79
41 -79
41 -78
41 -79
41 -78
41 -79
41 -78
41 -81
41 -80
41 -82
41 -81
41 -85
41 -81
41 -84
41 -85
41 -84
41 -83
41 -84
41 -82
41 -79
41 -83
41 -82
41 -81
41 -81
41 -81
41 -83
41 -82
41 -82
41 -82
41 -82
41 -81
41 -82
41 -83
41 -82
41 -84
42 -78
42 -79
42 -78
42 -78
42 -78
42 -78
42 -78
42 -78
42 -78
42 -77
42 -78
42 -78
42 -79
42 -78
42 -83
42 -82
42 -82
42 -81
42 -82
42 -84
42 -83
42 -81
42 -82
42 -82
42 -79
42 -82
42 -83
42 -83
42 -80
42 -78
42 -78
42 -79
42 -79
42 -80
42 -78
42 -79
42 -79
42 -78
42 -78
42 -77
42 -78
42 -81
42 -80
42 -79
42 -79
42 -80
42 -79
42 -80
42 -78
42 -81
42 -71
42 -82
42 -82
42 -77
42 -82
42 -82
42 -56
42 -83
42 -83
42 -82
42 -82
42 -81
42 -81
42 -75
42 -82
42 -82
42 -82
42 -82
42 -73
42 -72
42 -81
42 -81
42 -80
42 -80
42 -80
42 -76
42 -79
42 -79
42 -79
42 -79
42 -79
42 -79
42 -79
42 -80
42 -80
42 -78
42 -79
42 -81
42 -79
42 -78
42 -79
42 -81
42 -79
42 -80
42 -80
42 -80
42 -80
42 -80
42 -81
42 -82
42 -82
42 -80
42 -79
42 -73
42 -80
42 -79
42 -81
42 -81
42 -81
42 -81
42 -80
42 -80
42 -81
42 -80
42 -80
42 -81
42 -81
42 -80
42 -80
42 -79
42 -60
42 -80
42 -79
42 -78
42 -79
42 -80
42 -80
42 -80
42 -79
42 -79
42 -78
42 -78
42 -78
42 -79
42 -79
42 -78
42 -79
42 -79
42 -80
42 -81
42 -82
42 -82
42 -83
42 -81
42 -81
43 -86
43 -85
43 -85
44 -84
44 -83
44 -68
44 -82
44 -82
44 -82
44 -82
44 -83
44 -83
44 -83
44 -82
44 -83
44 -79
44 -84
44 -83
44 -83
44 -83
44 -83
44 -84
44 -84
44 -83
44 -83
44 -83
44 -83
46 -83
46 -83
46 -83
46 -84
46 -83
46 -83
46 -84
46 -84
46 -84
46 -84
46 -83
46 -76
48 -76
48 -77
49 -82
49 -75
49 -81
49 -82
49 -83
49 -84
49 -61
49 -84
49 -83
49 -83
49 -83
49 -83
49 -83
49 -81
49 -79
49 -73
49 -81
49 -82
49 -83
49 -84
49 -85
49 -84
49 -85
49 -84
49 -83
49 -84
49 -85
49 -82
49 -82
49 -82
49 -60
49 -82
49 -78
49 -83
49 -82
49 -82
49 -81
49 -81
50 -78
51 -80
51 -80
51 -80
51 -79
51 -79
51 -78
51 -79
51 -79
51 -79
51 -80
51 -80
51 -80
51 -80
51 -80
51 -80
51 -79
51 -79
51 -79
51 -80
51 -80
51 -80
51 -80
51 -81
51 -82
51 -79
51 -82
51 -82
51 -81
51 -82
51 -82
51 -81
51 -82
51 -81
51 -77
51 -81
51 -81
51 -82
51 -82
51 -82
51 -82
51 -77
51 -82
51 -81
51 -81
51 -81
51 -79
51 -80
51 -82
51 -81
51 -81
51 -77
51 -80
51 -80
51 -80
51 -82
51 -83
51 -70
51 -82
51 -81
51 -81
51 -80
51 -80
51 -81
51 -82
51 -81
51 -81
51 -82
51 -82
51 -81
51 -82
51 -82
51 -82
51 -81
51 -81
51 -82
51 -82
51 -82
51 -81
51 -82
51 -77
51 -82
51 -76
51 -82
51 -82
51 -83
51 -82
51 -82
51 -82
51 -81
51 -81
51 -82
51 -71
51 -82
51 -82
51 -83
51 -81
51 -77
51 -81
51 -81
51 -81
51 -81
51 -81
51 -80
51 -81
51 -81
51 -81
51 -80
51 -82
51 -75
51 -79
51 -80
51 -82
51 -81
51 -81
51 -81
51 -82
51 -81
51 -82
51 -81
51 -82
51 -82
51 -82
51 -80
51 -82
51 -78
51 -81
51 -81
51 -81
51 -81
51 -81
51 -75
51 -78
51 -80
52 -79
52 -79
52 -79
52 -79
52 -80
52 -79
52 -78
52 -79
52 -73
52 -80
52 -76
52 -82
52 -82
52 -76
52 -79
52 -77
52 -79
52 -79
52 -80
52 -80
52 -80
52 -79
52 -79
52 -80
52 -79
52 -80
52 -80
52 -80
52 -81
52 -79
52 -80
52 -81
52 -80
52 -69
52 -79
52 -80
52 -79
52 -79
52 -79
52 -81
52 -81
52 -73
52 -79
52 -80
52 -81
52 -80
52 -80
52 -80
52 -64
52 -80
52 -80
52 -80
52 -79
52 -80
52 -80
52 -80
52 -79
52 -80
52 -79
52 -79
52 -78
52 -79
52 -79
52 -79
52 -76
52 -80
52 -80
52 -79
52 -81
52 -80
52 -79
52 -83
52 -82
52 -81
52 -69
52 -83
52 -84
52 -84
52 -84
52 -81
52 -82
52 -82
52 -82
52 -82
52 -82
52 -82
52 -82
52 -82
52 -82
52 -83
52 -81
52 -82
52 -52
52 -82
52 -82
52 -80
52 -81
52 -81
52 -82
52 -82
52 -78
52 -82
52 -79
52 -82
52 -81
52 -80
52 -82
52 -81
52 -75
52 -81
52 -81
52 -81
52 -82
52 -82
52 -82
52 -83
52 -83
52 -82
52 -80
52 -80
52 -80
52 -82
52 -81
52 -79
53 -82
53 -82
53 -83
53 -83
53 -81
53 -81
53 -78
53 -82
53 -78
53 -81
53 -80
53 -81
53 -81
53 -81
53 -80
53 -81
53 -81
53 -81
53 -81
53 -81
53 -83
53 -80
53 -82
53 -81
53 -81
53 -81
53 -76
53 -82
53 -80
53 -80
53 -80
53 -83
53 -58
53 -81
53 -81
53 -83
53 -83
53 -82
53 -82
53 -82
53 -81
53 -80
53 -79
53 -80
53 -80
53 -80
53 -80
53 -80
53 -78
53 -79
53 -80
53 -80
53 -80
53 -78
53 -79
53 -79
53 -79
53 -79
53 -80
53 -80
53 -80
53 -79
53 -80
53 -80
53 -80
53 -80
53 -79
53 -80
53 -79
53 -80
53 -79
53 -79
53 -80
53 -78
53 -79
53 -79
53 -79
53 -79
53 -79
53 -77
53 -79
53 -80
53 -80
53 -80
53 -80
53 -80
53 -79
53 -81
53 -80
53 -80
53 -81
53 -80
53 -79
53 -79
53 -80
53 -79
53 -78
53 -77
53 -79
53 -78
53 -80
53 -79
53 -80
53 -80
53 -80
53 -79
53 -79
53 -76
53 -80
53 -79
53 -79
53 -79
53 -73
53 -80
53 -80
53 -80
53 -81
53 -82
53 -80
53 -80
53 -80
53 -80
53 -80
53 -80
53 -80
53 -80
53 -80
53 -80
53 -80
53 -81
53 -81
53 -81
53 -81
53 -80
53 -80
53 -81
53 -76
53 -80
53 -81
53 -80
53 -79
53 -81
53 -74
53 -79
53 -80
53 -80
53 -80
53 -80
53 -80
53 -79
53 -81
53 -80
53 -81
53 -81
53 -75
53 -80
53 -81
53 -78
53 -76
55 -79
55 -78
55 -78
55 -77
55 -76
55 -76
55 -76
55 -75
55 -75
55 -75
55 -76
55 -76
55 -76
55 -78
55 -79
55 -80
55 -82
55 -82
55 -82
55 -82
55 -80
55 -81
55 -81
55 -80
55 -80
55 -79
55 -79
55 -79
55 -80
55 -80
55 -81
55 -82
55 -80
55 -82
55 -80
55 -80
55 -80
55 -79
55 -78
55 -78
55 -77
55 -75
55 -78
55 -79
55 -83
55 -82
55 -80
55 -81
55 -75
55 -76
55 -78
55 -77
55 -79
55 -76
55 -76
55 -75
55 -75
55 -73
55 -72
55 -72
55 -71
55 -77
55 -69
55 -68
55 -70
55 -74
55 -76
55 -78
55 -79
55 -78
55 -76
55 -76
55 -76
55 -76
55 -76
55 -76
55 -75
55 -76
55 -75
55 -76
55 -76
55 -76
55 -76
55 -76
55 -76
55 -75
55 -75
55 -76
55 -76
55 -76
55 -77
55 -78
55 -78
55 -78
55 -77
55 -72
55 -76
55 -76
55 -75
55 -74
55 -75
55 -74
55 -74
55 -74
55 -73
55 -73
55 -72
55 -72
55 -72
55 -72
55 -73
55 -73
55 -72
55 -73
55 -73
55 -72
55 -73
55 -73
55 -72
55 -73
55 -73
55 -73
55 -73
55 -73
55 -73
55 -73
55 -73
55 -72
55 -72
55 -72
55 -72
55 -69
55 -72
55 -67
55 -72
55 -72
55 -70
55 -73
55 -72
55 -72
55 -72
55 -73
55 -73
55 -73
55 -73
55 -73
55 -73
55 -72
55 -72
55 -73
55 -72
55 -73
55 -73
55 -61
55 -56
55 -72
55 -72
55 -42
55 -73
55 -72
55 -73
55 -73
55 -73
55 -70
55 -72
55 -73
55 -73
55 -71
55 -73
55 -72
55 -72
55 -72
55 -72
55 -72
55 -72
55 -72
55 -72
55 -71
55 -70
55 -71
55 -72
55 -71
55 -71
55 -72
55 -72
55 -72
55 -72
55 -72
55 -72
55 -72
55 -68
55 -71
55 -71
55 -72
55 -66
55 -72
55 -72
55 -72
55 -72
55 -72
55 -72
55 -72
55 -73
55 -72
55 -72
55 -72
55 -72
55 -72
55 -71
55 -71
55 -73
55 -73
55 -74
55 -75
55 -76
55 -76
55 -75
55 -75
55 -75
55 -74
55 -74
55 -73
55 -72
55 -72
55 -72
55 -71
55 -72
55 -72
55 -72
55 -72
55 -72
55 -72
55 -73
55 -72
55 -72
55 -72
55 -72
55 -72
55 -72
55 -72
55 -72
55 -72
55 -72
55 -72
55 -72
55 -72
55 -72
55 -71
55 -72
55 -72
55 -72
55 -79
55 -72
55 -72
55 -72
55 -72
55 -72
55 -72
55 -72
55 -71
55 -72
55 -72
55 -72
55 -71
55 -71
55 -72
55 -72
55 -72
55 -72
55 -72
55 -72
55 -72
55 -72
55 -72
55 -72
55 -72
55 -72
55 -72
55 -72
55 -72
55 -71
55 -72
55 -72
55 -72
55 -72
55 -72
55 -72
55 -72
55 -72
55 -73
55 -72
55 -72
55 -72
55 -72
55 -72
55 -72
55 -72
55 -72
55 -76
55 -58
55 -73
55 -77
55 -75
55 -76
55 -76
55 -76
55 -76
55 -76
55 -76
55 -77
55 -70
56 -81
56 -80
56 -79
56 -73
56 -80
56 -80
56 -80
56 -80
56 -83
56 -70
56 -81
56 -81
56 -81
56 -81
56 -66
56 -82
56 -82
56 -76
56 -82
56 -70
56 -84
56 -76
56 -74
56 -72
56 -71
56 -72
56 -73
56 -76
56 -78
56 -64
56 -78
56 -79
56 -78
56 -79
56 -78
56 -77
56 -57
56 -74
56 -71
56 -75
56 -76
56 -78
56 -76
56 -76
56 -76
56 -76
56 -76
56 -76
56 -79
56 -77
56 -77
56 -78
56 -78
56 -77
56 -77
56 -76
56 -77
56 -76
56 -75
56 -77
56 -77
56 -76
56 -76
56 -76
56 -76
56 -76
56 -75
56 -75
56 -75
56 -75
56 -75
56 -75
56 -75
56 -70
56 -75
56 -75
56 -75
56 -75
56 -75
56 -75
56 -75
56 -75
56 -75
56 -75
56 -74
56 -75
56 -74
56 -74
56 -74
56 -74
56 -74
56 -74
56 -74
56 -74
56 -74
56 -74
56 -74
56 -62
56 -74
56 -74
56 -74
56 -74
56 -71
56 -74
56 -74
56 -74
56 -74
56 -75
56 -75
56 -75
56 -75
56 -75
56 -75
56 -75
56 -75
56 -75
56 -74
56 -75
56 -74
56 -74
56 -70
56 -73
56 -74
56 -73
56 -74
56 -74
56 -74
56 -74
56 -74
56 -74
56 -74
56 -75
56 -75
56 -75
56 -75
56 -75
56 -75
56 -74
56 -74
56 -74
56 -75
56 -75
56 -74
56 -74
56 -74
56 -75
56 -74
56 -73
56 -74
56 -73
56 -74
56 -74
56 -73
56 -74
56 -74
56 -74
56 -73
56 -74
56 -74
56 -74
56 -74
56 -75
56 -75
56 -74
56 -75
56 -76
56 -75
56 -75
56 -75
56 -76
56 -75
56 -76
56 -76
56 -75
56 -75
56 -75
56 -75
56 -76
56 -67
56 -76
56 -74
56 -75
56 -75
56 -74
56 -75
56 -74
56 -62
56 -74
56 -75
56 -74
56 -74
56 -75
56 -76
56 -64
56 -76
56 -77
56 -76
56 -77
56 -76
56 -76
56 -76
56 -75
56 -75
56 -75
56 -74
56 -76
56 -54
56 -74
56 -75
56 -75
56 -74
56 -74
56 -74
56 -74
56 -74
56 -74
56 -56
56 -74
56 -74
56 -74
56 -75
56 -74
56 -74
56 -75
56 -75
56 -75
56 -74
56 -75
56 -74
56 -75
56 -74
56 -68
56 -74
56 -75
56 -74
56 -75
56 -74
56 -74
56 -74
56 -74
56 -74
56 -74
56 -74
56 -74
56 -74
56 -74
56 -75
56 -74
56 -75
56 -75
56 -74
56 -75
56 -75
56 -75
56 -75
56 -75
56 -75
56 -75
56 -75
56 -75
56 -75
56 -75
56 -75
56 -75
56 -75
56 -75
56 -75
56 -75
56 -76
56 -76
56 -74
56 -73
56 -72
56 -71
56 -74
56 -75
56 -74
56 -75
56 -75
56 -75
56 -76
56 -74
56 -76
56 -76
57 -76
57 -76
57 -75
57 -76
57 -76
57 -75
57 -76
57 -75
57 -76
57 -76
57 -76
57 -76
57 -76
57 -75
57 -76
57 -76
57 -76
57 -76
57 -77
57 -77
57 -78
57 -77
57 -78
57 -78
57 -78
57 -78
57 -78
57 -78
57 -78
57 -78
57 -77
57 -77
57 -76
57 -76
57 -76
57 -76
57 -76
57 -76
57 -76
57 -76
57 -76
57 -76
57 -76
57 -76
57 -76
57 -76
57 -76
57 -76
57 -75
57 -76
57 -76
57 -76
57 -76
57 -75
57 -76
57 -75
57 -76
57 -75
57 -76
57 -76
57 -76
57 -76
57 -76
57 -76
57 -76
57 -76
57 -76
57 -69
57 -76
57 -76
57 -76
57 -76
57 -76
57 -76
57 -76
57 -76
57 -76
57 -76
57 -76
57 -76
57 -76
57 -76
57 -76
57 -76
57 -76
57 -75
57 -77
57 -77
57 -72
57 -76
57 -76
57 -76
57 -76
57 -76
57 -77
57 -76
57 -76
57 -76
57 -76
57 -76
57 -76
57 -77
57 -76
57 -77
57 -76
57 -75
57 -77
57 -76
57 -76
57 -73
57 -76
57 -76
57 -76
57 -76
57 -76
57 -76
57 -66
57 -76
57 -76
57 -77
57 -79
57 -80
57 -76
57 -72
57 -72
57 -76
57 -75
57 -75
57 -75
57 -74
57 -73
57 -74
57 -74
57 -73
57 -74
57 -73
57 -74
57 -74
57 -74
57 -75
57 -78
57 -78
57 -75
57 -75
57 -75
57 -76
57 -76
57 -75
57 -75
57 -75
57 -75
57 -76
57 -76
57 -76
57 -75
57 -75
57 -75
57 -76
57 -76
57 -77
57 -78
57 -78
57 -77
57 -78
57 -78
57 -77
57 -77
57 -78
57 -77
57 -76
57 -76
57 -76
57 -74
57 -76
57 -76
57 -76
57 -75
57 -75
57 -73
57 -75
57 -75
57 -76
57 -76
57 -76
57 -76
57 -76
57 -76
57 -76
57 -76
57 -76
57 -76
57 -76
57 -76
57 -76
57 -75
57 -76
57 -76
57 -75
57 -75
57 -75
57 -75
57 -76
57 -76
57 -75
57 -71
57 -75
57 -75
57 -75
57 -67
57 -75
57 -76
57 -76
57 -76
57 -76
57 -76
57 -76
57 -76
57 -77
57 -76
57 -76
57 -76
57 -76
57 -76
57 -75
57 -75
57 -75
57 -75
57 -76
57 -75
57 -75
57 -76
57 -75
57 -76
57 -75
57 -75
57 -72
57 -75
57 -74
57 -75
57 -75
57 -75
57 -74
57 -75
57 -75
57 -75
57 -75
57 -75
57 -75
57 -75
57 -75
57 -75
57 -75
57 -75
57 -75
57 -76
57 -74
57 -73
57 -75
57 -74
57 -69
57 -74
57 -74
57 -74
57 -73
57 -75
57 -74
57 -74
57 -74
57 -73
57 -70
57 -69
57 -74
57 -75
57 -74
57 -75
57 -71
57 -76
57 -77
57 -80
57 -82
57 -79
57 -78
57 -78
57 -77
57 -76
57 -75
57 -75
57 -75
57 -75
57 -75
57 -74
57 -74
57 -75
57 -74
57 -75
57 -76
57 -71
57 -75
57 -76
57 -76
57 -76
57 -76
57 -75
57 -75
57 -74
57 -75
57 -75
57 -75
57 -75
57 -75
57 -75
57 -75
57 -75
57 -75
57 -75
57 -76
57 -75
57 -75
57 -75
57 -75
57 -75
57 -75
57 -76
57 -75
57 -75
57 -75
57 -75
57 -75
57 -75
57 -75
57 -75
57 -75
57 -75
57 -75
57 -75
57 -75
57 -75
57 -74
57 -74
57 -75
57 -75
57 -74
57 -75
57 -75
57 -68
57 -74
57 -74
57 -75
57 -74
57 -75
57 -75
57 -74
57 -74
57 -73
57 -72
57 -73
57 -73
57 -76
57 -78
57 -81
57 -76
57 -73
57 -78
57 -77
57 -76
57 -76
57 -75
58 -78
58 -78
58 -78
58 -78
58 -78
58 -78
58 -78
58 -78
58 -78
58 -78
58 -78
58 -78
58 -78
58 -77
58 -77
58 -76
58 -76
58 -76
58 -76
58 -76
58 -76
58 -76
58 -76
58 -76
58 -77
58 -77
58 -77
58 -77
58 -76
58 -76
58 -76
58 -75
58 -75
58 -74
58 -74
58 -75
58 -74
58 -72
58 -74
58 -74
58 -74
58 -74
58 -74
58 -74
58 -73
58 -74
58 -75
58 -74
58 -74
58 -74
58 -74
58 -74
58 -74
58 -75
58 -75
58 -75
58 -75
58 -75
58 -75
58 -75
58 -75
58 -75
58 -70
58 -75
58 -74
58 -75
58 -75
58 -74
58 -74
58 -75
58 -75
58 -75
58 -76
58 -76
58 -75
58 -73
58 -76
58 -76
58 -76
58 -76
58 -76
58 -76
58 -78
58 -75
58 -76
58 -75
58 -76
58 -75
58 -75
58 -72
58 -75
58 -75
58 -75
58 -75
58 -75
58 -75
58 -74
58 -74
58 -74
58 -75
58 -75
58 -74
58 -75
58 -75
58 -75
58 -75
58 -74
58 -75
58 -74
58 -74
58 -75
58 -75
58 -75
58 -75
58 -75
58 -74
58 -75
58 -74
58 -74
58 -72
58 -74
58 -74
58 -75
58 -77
58 -76
58 -76
58 -76
58 -75
58 -74
58 -77
58 -72
58 -72
58 -72
58 -74
58 -74
58 -76
58 -78
58 -78
58 -78
58 -80
58 -79
58 -76
58 -74
58 -76
58 -79
58 -78
58 -77
58 -77
58 -77
58 -77
58 -79
58 -79
58 -78
58 -78
58 -78
58 -76
58 -77
58 -77
58 -76
58 -76
58 -76
58 -76
58 -73
58 -75
58 -75
58 -75
58 -74
58 -74
58 -75
58 -74
58 -75
58 -74
58 -74
58 -74
58 -74
58 -73
58 -73
58 -74
58 -74
58 -74
58 -73
58 -73
58 -72
58 -73
58 -74
58 -73
58 -73
58 -73
58 -73
58 -74
58 -71
58 -73
58 -74
58 -74
58 -74
58 -73
58 -74
58 -71
58 -73
58 -74
58 -74
58 -74
58 -74
58 -73
58 -73
58 -73
58 -73
58 -73
58 -73
58 -72
58 -72
58 -73
58 -73
58 -72
58 -73
58 -72
58 -72
58 -71
58 -72
58 -72
58 -72
58 -72
58 -72
58 -72
58 -72
58 -72
58 -72
58 -72
58 -72
58 -72
58 -72
58 -73
58 -73
58 -73
58 -73
58 -73
58 -73
58 -70
58 -74
58 -74
58 -74
58 -74
58 -74
58 -74
58 -75
58 -75
58 -74
58 -74
58 -74
58 -74
58 -74
58 -74
58 -74
58 -74
58 -74
58 -73
58 -73
58 -73
58 -73
58 -72
58 -72
58 -73
58 -72
58 -72
58 -72
58 -72
58 -72
58 -72
58 -72
58 -71
58 -72
58 -71
58 -73
58 -72
58 -73
58 -73
58 -74
58 -74
58 -73
58 -73
58 -73
58 -74
58 -75
58 -74
58 -73
58 -72
58 -73
58 -73
58 -74
58 -72
58 -73
58 -64
58 -73
58 -74
58 -73
58 -74
58 -74
58 -73
58 -74
58 -74
58 -74
58 -74
58 -75
58 -75
58 -74
58 -74
58 -74
58 -74
58 -75
58 -73
58 -74
58 -74
58 -74
58 -74
58 -74
58 -74
58 -75
58 -75
58 -74
58 -73
58 -75
58 -75
58 -74
58 -74
58 -75
58 -75
58 -74
58 -74
58 -75
58 -75
58 -75
58 -74
58 -74
58 -75
58 -75
58 -74
58 -75
58 -74
58 -74
58 -74
58 -74
58 -74
58 -74
58 -74
58 -72
58 -73
58 -68
58 -73
58 -74
58 -61
58 -74
58 -73
58 -74
58 -72
58 -73
58 -74
58 -75
58 -74
58 -76
58 -75
58 -81
58 -77
58 -72
58 -78
58 -78
58 -76
58 -76
59 -74
59 -74
59 -74
59 -74
59 -74
59 -74
59 -74
59 -74
59 -74
59 -74
59 -75
59 -75
59 -76
59 -75
59 -75
59 -76
59 -75
59 -75
59 -75
59 -75
59 -75
59 -75
59 -75
59 -75
59 -74
59 -76
59 -75
59 -76
59 -75
59 -75
59 -74
59 -74
59 -75
59 -75
59 -75
59 -74
59 -75
59 -75
59 -75
59 -76
59 -74
59 -75
59 -75
59 -75
59 -75
59 -76
59 -76
59 -76
59 -75
59 -76
59 -76
59 -62
59 -76
59 -75
59 -73
59 -76
59 -75
59 -75
59 -75
59 -74
59 -75
59 -75
59 -75
59 -75
59 -74
59 -76
59 -75
59 -75
59 -76
59 -76
59 -75
59 -76
59 -76
59 -76
59 -75
59 -76
59 -75
59 -75
59 -74
59 -75
59 -76
59 -76
59 -77
59 -78
59 -78
59 -76
59 -77
59 -78
59 -77
59 -77
59 -77
59 -78
59 -77
59 -76
59 -77
59 -76
59 -76
59 -77
59 -76
59 -76
59 -76
59 -76
59 -76
59 -76
59 -76
59 -76
59 -76
59 -76
59 -76
59 -76
59 -76
59 -76
59 -76
59 -76
59 -76
59 -76
59 -76
59 -71
59 -76
59 -75
59 -75
59 -79
59 -81
59 -81
59 -80
59 -76
59 -76
59 -76
59 -79
59 -83
59 -77
59 -64
59 -74
59 -76
59 -76
59 -79
59 -82
59 -81
59 -77
59 -81
59 -80
59 -80
59 -82
59 -81
59 -82
59 -82
59 -81
59 -81
59 -81
59 -81
59 -82
59 -68
59 -82
59 -83
59 -82
59 -82
59 -81
59 -82
59 -81
59 -80
59 -81
59 -80
59 -80
59 -80
59 -77
59 -80
59 -80
59 -77
59 -80
59 -80
59 -74
59 -81
59 -82
59 -48
59 -81
59 -81
59 -81
59 -81
59 -81
59 -80
59 -81
59 -81
59 -80
59 -77
59 -79
59 -80
59 -78
59 -78
59 -78
59 -78
59 -78
59 -77
59 -77
59 -77
59 -70
59 -78
59 -78
59 -78
59 -78
59 -79
59 -79
59 -81
59 -81
59 -82
59 -83
59 -80
59 -80
59 -79
59 -79
59 -70
59 -78
59 -78
59 -77
59 -77
59 -76
59 -77
59 -78
59 -78
59 -78
59 -78
59 -78
59 -79
59 -80
59 -80
59 -80
59 -80
59 -79
59 -78
59 -78
59 -78
59 -77
59 -78
59 -78
59 -78
59 -78
59 -78
59 -79
59 -78
59 -78
59 -79
59 -78
59 -77
59 -78
59 -78
59 -77
59 -78
59 -78
59 -77
59 -78
59 -78
59 -78
59 -78
59 -55
59 -77
59 -78
59 -78
59 -78
59 -77
59 -78
59 -78
59 -58
59 -75
59 -78
59 -78
59 -77
59 -72
59 -79
59 -79
59 -79
59 -79
59 -79
59 -78
59 -68
59 -81
59 -78
59 -76
59 -76
59 -78
59 -70
59 -73
59 -73
59 -72
59 -71
59 -72
59 -72
59 -72
60 -77
60 -77
60 -77
60 -79
60 -79
60 -79
60 -79
60 -78
60 -78
60 -76
60 -74
60 -74
60 -74
60 -74
60 -70
60 -74
60 -73
60 -73
60 -74
60 -73
60 -73
60 -74
60 -73
60 -74
60 -74
60 -74
60 -75
60 -75
60 -75
60 -76
60 -78
60 -78
60 -78
60 -78
60 -79
60 -78
60 -79
60 -79
60 -78
60 -78
60 -78
60 -78
60 -77
60 -77
60 -78
60 -77
60 -77
60 -77
60 -77
60 -76
60 -77
60 -77
60 -76
60 -77
60 -77
60 -77
60 -76
60 -76
60 -77
60 -77
60 -77
60 -58
60 -78
60 -78
60 -77
60 -78
60 -77
60 -76
60 -73
60 -76
60 -75
60 -77
60 -78
60 -78
60 -79
60 -61
60 -79
60 -81
60 -80
60 -81
60 -81
60 -82
60 -80
60 -80
60 -76
60 -80
60 -78
60 -78
60 -78
60 -77
60 -76
60 -76
60 -76
60 -75
60 -75
60 -75
60 -75
60 -74
60 -74
60 -73
60 -74
60 -74
60 -74
60 -72
60 -73
60 -73
60 -73
60 -75
60 -75
60 -73
60 -72
60 -70
60 -72
60 -73
60 -74
60 -77
60 -74
60 -76
60 -78
60 -77
60 -77
60 -77
60 -78
60 -76
60 -83
60 -78
60 -76
60 -71
60 -76
60 -75
60 -76
60 -78
60 -80
60 -79
60 -78
60 -79
60 -79
60 -78
60 -78
60 -77
60 -76
60 -76
60 -76
60 -76
60 -76
60 -76
60 -75
60 -76
60 -76
60 -76
60 -76
60 -76
60 -76
60 -76
60 -76
60 -75
60 -75
60 -74
60 -74
60 -74
60 -74
60 -75
60 -75
60 -75
60 -76
60 -74
60 -76
60 -76
60 -76
60 -77
60 -77
60 -78
60 -78
60 -78
60 -78
60 -78
60 -58
60 -77
60 -77
60 -76
60 -76
60 -76
60 -76
60 -75
60 -75
60 -75
60 -75
60 -75
60 -76
60 -76
60 -76
60 -78
60 -76
60 -78
60 -78
60 -78
60 -78
60 -79
60 -79
60 -79
60 -79
60 -79
60 -79
60 -79
60 -79
60 -80
60 -78
60 -78
60 -78
60 -78
60 -78
60 -78
60 -78
60 -78
60 -57
60 -78
60 -77
60 -77
60 -77
60 -77
60 -78
60 -78
60 -79
60 -80
60 -79
60 -79
60 -79
60 -78
60 -78
60 -79
60 -78
60 -78
60 -59
60 -78
60 -78
60 -78
60 -78
60 -79
60 -80
60 -80
60 -79
60 -79
60 -78
60 -78
60 -76
60 -77
60 -67
60 -77
60 -77
60 -76
60 -76
60 -77
60 -77
60 -77
60 -78
60 -78
60 -78
60 -78
60 -78
60 -78
60 -78
60 -78
60 -79
60 -78
60 -77
60 -76
60 -77
60 -77
60 -77
60 -78
60 -75
60 -78
60 -77
60 -77
60 -77
60 -78
60 -77
60 -77
60 -77
60 -76
60 -76
60 -76
60 -76
60 -76
60 -76
60 -76
60 -76
60 -77
60 -78
60 -78
60 -78
60 -78
60 -78
60 -78
60 -78
60 -78
60 -77
60 -78
60 -78
60 -78
60 -76
60 -78
60 -78
60 -78
60 -78
60 -78
60 -78
60 -78
60 -78
60 -78
60 -78
60 -77
60 -77
60 -79
60 -79
60 -74
60 -72
60 -71
60 -80
60 -75
60 -74
60 -74
60 -75
60 -75
60 -75
