Beacon Rssi
2 -83
2 -72
2 -83
2 -83
2 -84
2 -84
2 -87
2 -83
2 -83
2 -86
2 -86
2 -84
2 -87
2 -87
2 -86
2 -86
2 -84
2 -84
2 -85
2 -87
2 -86
2 -62
2 -86
3 -85
3 -85
3 -85
3 -84
3 -84
3 -84
3 -84
3 -85
3 -84
3 -84
3 -83
3 -84
3 -83
3 -82
3 -80
3 -79
3 -81
3 -80
3 -81
3 -81
3 -81
3 -83
3 -84
3 -76
3 -83
3 -83
3 -83
3 -82
3 -82
3 -82
3 -82
3 -83
3 -83
3 -82
3 -82
3 -82
3 -81
3 -84
3 -82
3 -77
3 -80
3 -79
3 -76
3 -79
3 -80
3 -82
3 -84
3 -84
3 -84
3 -83
3 -83
3 -84
3 -84
3 -83
3 -59
3 -84
3 -83
3 -83
3 -82
3 -82
3 -81
3 -82
3 -81
3 -82
3 -82
3 -82
3 -82
3 -83
3 -83
3 -83
3 -83
3 -83
3 -83
3 -82
3 -83
3 -83
3 -83
3 -81
3 -82
3 -82
3 -82
3 -82
3 -82
3 -82
3 -82
3 -83
3 -83
3 -82
3 -83
3 -81
3 -83
3 -83
3 -83
3 -83
3 -83
3 -83
3 -83
3 -83
3 -82
3 -83
3 -83
3 -76
3 -83
3 -79
3 -83
3 -83
3 -83
3 -83
3 -83
3 -84
3 -83
3 -83
3 -83
3 -82
3 -82
3 -82
3 -81
3 -81
3 -81
3 -81
3 -81
3 -80
3 -81
3 -82
3 -82
3 -81
3 -82
3 -82
3 -82
3 -73
3 -83
3 -83
3 -83
3 -75
3 -84
3 -83
3 -83
3 -84
3 -83
3 -83
3 -83
3 -82
3 -81
3 -81
3 -81
3 -82
3 -82
3 -81
3 -81
3 -82
3 -81
3 -81
3 -82
3 -81
3 -82
3 -81
3 -81
3 -82
3 -81
3 -81
3 -81
3 -82
3 -82
3 -81
3 -81
3 -80
3 -81
3 -81
3 -80
3 -81
3 -78
3 -81
3 -80
3 -81
3 -80
3 -80
3 -81
3 -80
3 -81
3 -81
3 -81
3 -81
3 -81
3 -80
3 -81
3 -81
3 -81
3 -80
3 -80
3 -80
3 -80
3 -80
3 -74
3 -81
3 -80
3 -79
3 -80
3 -80
3 -79
3 -79
3 -78
3 -78
3 -79
3 -76
3 -79
3 -78
3 -79
3 -79
3 -64
3 -79
3 -79
3 -78
3 -78
3 -79
3 -79
3 -79
3 -80
3 -80
3 -80
3 -79
3 -80
3 -80
3 -80
3 -79
3 -79
3 -78
3 -80
3 -79
3 -80
3 -79
3 -80
3 -80
3 -79
3 -79
3 -79
3 -79
3 -80
3 -79
3 -79
3 -79
3 -79
3 -79
3 -79
3 -78
3 -78
3 -79
3 -79
3 -78
3 -78
3 -78
3 -79
3 -79
3 -79
3 -78
3 -78
3 -79
3 -78
3 -78
3 -78
3 -78
3 -77
4 -86
4 -86
4 -66
4 -83
4 -85
5 -86
5 -85
5 -86
5 -86
6 -86
6 -86
6 -85
6 -84
6 -83
6 -82
6 -82
6 -83
6 -84
6 -81
6 -82
6 -84
6 -84
6 -84
6 -84
6 -84
6 -82
6 -86
6 -83
6 -81
6 -81
6 -81
6 -81
6 -79
6 -79
6 -78
6 -66
6 -80
6 -81
6 -82
6 -79
6 -83
6 -83
6 -82
6 -79
6 -86
6 -85
6 -84
6 -84
6 -85
6 -85
6 -87
6 -84
6 -86
6 -87
6 -85
6 -85
6 -84
6 -84
6 -87
6 -86
6 -86
6 -84
6 -86
6 -82
6 -86
6 -87
6 -87
6 -84
6 -87
6 -85
6 -84
6 -84
6 -85
6 -85
6 -84
6 -85
6 -85
6 -85
7 -86
7 -86
7 -85
7 -84
7 -86
7 -87
7 -84
7 -83
7 -82
7 -82
7 -85
7 -82
7 -82
7 -82
7 -64
7 -65
7 -83
7 -82
7 -83
7 -83
7 -83
7 -78
7 -84
7 -82
7 -82
7 -82
7 -83
7 -83
7 -83
7 -83
7 -85
7 -85
7 -85
7 -84
7 -84
7 -85
7 -84
7 -75
7 -83
7 -83
7 -83
7 -82
7 -82
7 -81
7 -81
7 -80
7 -81
7 -81
7 -81
7 -82
7 -82
7 -83
7 -82
7 -83
7 -85
7 -87
7 -61
7 -84
7 -85
7 -87
7 -86
7 -84
7 -85
7 -84
7 -84
7 -84
7 -84
7 -83
7 -83
7 -83
7 -83
7 -82
7 -67
7 -82
7 -82
7 -82
7 -82
7 -82
7 -82
7 -82
7 -82
7 -83
7 -84
7 -81
7 -83
7 -83
7 -83
7 -83
7 -84
7 -84
7 -87
7 -83
7 -83
7 -83
7 -83
7 -82
7 -83
7 -82
7 -81
7 -82
7 -82
7 -80
7 -81
7 -81
7 -82
7 -81
7 -82
7 -82
7 -82
7 -82
7 -83
7 -83
7 -83
7 -84
8 -74
8 -74
8 -74
8 -74
8 -74
8 -75
8 -75
8 -75
8 -75
8 -75
8 -75
8 -75
8 -75
8 -76
8 -76
8 -76
8 -77
8 -76
8 -77
8 -77
8 -78
8 -76
8 -76
8 -76
8 -73
8 -76
8 -68
8 -74
8 -76
8 -75
8 -75
8 -75
8 -76
8 -76
8 -76
8 -76
8 -76
8 -76
8 -77
8 -76
8 -77
8 -76
8 -76
8 -76
8 -75
8 -75
8 -76
8 -76
8 -76
8 -76
8 -78
8 -79
8 -78
8 -76
8 -76
8 -76
8 -76
8 -76
8 -77
8 -77
8 -76
8 -76
8 -78
8 -84
8 -82
8 -78
8 -79
8 -77
8 -78
8 -79
8 -78
8 -78
8 -80
8 -80
8 -76
8 -80
8 -80
8 -80
8 -80
8 -80
8 -80
8 -80
8 -78
8 -76
8 -71
8 -78
8 -78
8 -78
8 -80
8 -80
8 -80
8 -79
8 -78
8 -79
8 -79
8 -78
8 -78
8 -78
8 -79
8 -78
8 -79
8 -80
8 -81
8 -82
8 -82
8 -82
8 -82
8 -83
8 -84
8 -84
8 -84
8 -83
8 -83
8 -83
8 -82
8 -80
8 -82
8 -81
8 -81
8 -81
8 -80
8 -82
8 -83
8 -82
8 -82
8 -82
8 -82
8 -79
8 -82
8 -82
8 -82
8 -82
8 -83
8 -82
8 -81
8 -81
8 -81
8 -80
8 -79
8 -79
8 -79
8 -80
8 -79
8 -81
8 -81
8 -81
8 -81
8 -74
8 -80
8 -80
8 -81
8 -82
8 -82
8 -81
8 -81
8 -80
8 -69
8 -81
8 -81
8 -80
8 -81
8 -83
8 -81
8 -83
8 -83
8 -82
8 -82
8 -82
8 -80
8 -80
8 -80
8 -80
8 -81
8 -81
8 -79
8 -81
8 -80
8 -82
8 -83
8 -82
8 -83
8 -79
8 -84
8 -83
8 -84
8 -84
8 -85
8 -85
8 -84
8 -84
8 -82
8 -84
8 -86
8 -86
8 -85
9 -69
9 -69
9 -69
9 -69
9 -69
9 -69
9 -69
9 -69
9 -69
9 -68
9 -68
9 -68
9 -68
9 -68
9 -68
9 -68
9 -67
9 -67
9 -67
9 -66
9 -66
9 -67
9 -66
9 -66
9 -68
9 -67
9 -67
9 -66
9 -67
9 -69
9 -70
9 -69
9 -68
9 -69
9 -69
9 -70
9 -69
9 -69
9 -70
9 -70
9 -70
9 -70
9 -70
9 -70
9 -70
9 -70
9 -70
9 -68
9 -69
9 -69
9 -69
9 -68
9 -68
9 -68
9 -68
9 -68
9 -69
9 -69
9 -69
9 -69
9 -71
9 -72
9 -70
9 -69
9 -67
9 -68
9 -68
9 -68
9 -72
9 -71
9 -72
9 -74
9 -72
9 -70
9 -70
9 -72
9 -70
9 -71
9 -71
9 -70
9 -70
9 -72
9 -72
9 -70
9 -70
9 -70
9 -69
9 -68
9 -68
9 -68
9 -68
9 -68
9 -68
9 -69
9 -69
9 -69
9 -70
9 -70
9 -72
9 -71
9 -70
9 -70
9 -70
9 -70
9 -70
9 -70
9 -70
9 -70
9 -70
9 -70
9 -69
9 -70
9 -69
9 -69
9 -69
9 -68
9 -68
9 -69
9 -68
9 -69
9 -69
9 -69
9 -69
9 -68
9 -69
9 -69
9 -69
9 -69
9 -69
9 -68
9 -68
9 -69
9 -69
9 -69
9 -69
9 -68
9 -68
9 -69
9 -69
9 -69
9 -69
9 -69
9 -69
9 -69
9 -68
9 -68
9 -68
9 -68
9 -69
9 -68
9 -69
9 -69
9 -69
9 -68
9 -68
9 -68
9 -68
9 -68
9 -68
9 -68
9 -68
9 -68
9 -68
9 -68
9 -68
9 -69
9 -68
9 -68
9 -68
9 -68
9 -68
9 -68
9 -68
9 -68
9 -68
9 -68
9 -68
9 -68
9 -68
9 -68
9 -67
9 -68
9 -68
9 -68
9 -68
9 -67
9 -67
9 -67
9 -67
9 -68
9 -68
9 -67
9 -68
9 -68
9 -64
9 -68
9 -68
9 -68
9 -69
9 -68
9 -69
9 -69
9 -68
9 -68
9 -68
9 -68
9 -69
9 -68
9 -68
9 -68
9 -69
9 -68
9 -68
9 -68
9 -68
9 -68
9 -68
9 -68
9 -68
9 -68
9 -68
9 -68
9 -68
9 -68
9 -68
9 -68
9 -68
9 -68
9 -68
9 -59
9 -68
9 -68
9 -68
9 -68
9 -69
9 -69
9 -69
9 -68
9 -68
9 -68
9 -69
9 -69
9 -69
9 -68
9 -69
9 -69
9 -59
9 -69
9 -69
9 -69
9 -69
9 -69
9 -69
9 -69
9 -69
9 -69
9 -69
9 -69
9 -68
9 -68
9 -68
9 -68
9 -68
9 -68
9 -68
9 -68
9 -68
9 -68
9 -68
9 -67
9 -68
9 -68
9 -68
9 -68
9 -67
9 -68
9 -68
9 -67
9 -68
9 -67
9 -67
9 -68
9 -67
9 -67
9 -67
9 -67
9 -67
9 -67
9 -67
9 -67
9 -67
9 -67
9 -67
9 -67
9 -67
9 -67
9 -68
9 -68
9 -67
9 -67
9 -67
9 -67
9 -67
9 -66
9 -67
9 -66
9 -66
9 -67
9 -66
9 -64
9 -66
9 -66
9 -66
9 -66
9 -66
9 -67
9 -66
9 -66
9 -66
9 -66
9 -66
9 -66
9 -58
9 -66
9 -66
9 -66
9 -66
9 -66
9 -67
9 -66
9 -66
9 -66
9 -66
9 -66
9 -66
9 -66
9 -66
9 -66
9 -66
9 -67
9 -67
9 -67
9 -67
9 -67
9 -67
9 -67
9 -67
9 -67
9 -67
9 -66
9 -66
9 -67
9 -66
9 -66
9 -66
9 -67
9 -67
9 -67
9 -67
9 -67
9 -67
9 -68
9 -67
9 -68
9 -67
9 -68
9 -67
9 -67
9 -67
9 -66
9 -66
9 -66
9 -67
9 -67
9 -67
9 -66
9 -67
9 -67
9 -67
9 -67
9 -67
9 -66
9 -66
9 -66
9 -66
9 -66
9 -66
9 -66
9 -66
9 -66
9 -66
9 -66
9 -66
9 -66
9 -66
9 -66
9 -66
9 -66
9 -66
9 -66
9 -66
9 -66
9 -66
9 -66
9 -66
9 -66
9 -66
9 -68
9 -68
9 -67
10 -68
10 -68
10 -69
10 -69
10 -69
10 -69
10 -68
10 -69
10 -69
10 -69
10 -70
10 -70
10 -70
10 -70
10 -71
10 -71
10 -70
10 -72
10 -72
10 -72
10 -73
10 -75
10 -74
10 -71
10 -70
10 -70
10 -68
10 -66
10 -70
10 -72
10 -66
10 -68
10 -69
10 -68
10 -70
10 -68
10 -66
10 -66
10 -64
10 -64
10 -64
10 -64
10 -64
10 -64
10 -64
10 -65
10 -65
10 -65
10 -66
10 -66
10 -65
10 -64
10 -66
10 -66
10 -68
10 -69
10 -70
10 -70
10 -79
10 -73
10 -72
10 -71
10 -72
10 -70
10 -75
10 -75
10 -74
10 -76
10 -72
10 -71
10 -70
10 -69
10 -67
10 -66
10 -66
10 -66
10 -66
10 -66
10 -65
10 -65
10 -64
10 -64
10 -65
10 -65
10 -65
10 -66
10 -66
10 -66
10 -66
10 -65
10 -64
10 -64
10 -65
10 -66
10 -66
10 -66
10 -66
10 -66
10 -66
10 -66
10 -66
10 -66
10 -66
10 -66
10 -66
10 -66
10 -66
10 -66
10 -66
10 -66
10 -66
10 -67
10 -67
10 -67
10 -68
10 -68
10 -68
10 -67
10 -68
10 -69
10 -69
10 -69
10 -69
10 -69
10 -69
10 -68
10 -68
10 -68
10 -67
10 -68
10 -67
10 -68
10 -67
10 -67
10 -68
10 -68
10 -67
10 -67
10 -68
10 -67
10 -67
10 -67
10 -68
10 -68
10 -68
10 -68
10 -69
10 -69
10 -69
10 -70
10 -69
10 -69
10 -69
10 -69
10 -69
10 -69
10 -69
10 -68
10 -69
10 -69
10 -69
10 -68
10 -68
10 -69
10 -69
10 -69
10 -69
10 -69
10 -69
10 -69
10 -69
10 -69
10 -69
10 -68
10 -68
10 -69
10 -68
10 -68
10 -68
10 -68
10 -68
10 -68
10 -69
10 -69
10 -69
10 -69
10 -70
10 -69
10 -69
10 -69
10 -69
10 -69
10 -69
10 -69
10 -68
10 -68
10 -69
10 -69
10 -68
10 -68
10 -68
10 -69
10 -69
10 -69
10 -70
10 -70
10 -69
10 -69
10 -69
10 -69
10 -69
10 -70
10 -69
10 -69
10 -69
10 -68
10 -69
10 -68
10 -68
10 -68
10 -68
10 -68
10 -68
10 -69
10 -70
10 -70
10 -72
10 -72
10 -73
10 -73
10 -72
10 -72
10 -72
10 -72
10 -72
10 -72
10 -72
10 -72
10 -71
10 -70
10 -69
10 -70
10 -70
10 -70
10 -69
10 -69
10 -69
10 -69
10 -68
10 -69
10 -69
10 -69
10 -69
10 -70
10 -70
10 -70
10 -70
10 -70
10 -70
10 -71
10 -70
10 -70
10 -71
10 -72
10 -72
10 -71
10 -72
10 -72
10 -72
10 -72
10 -72
10 -72
10 -72
10 -71
10 -71
10 -71
10 -71
10 -71
10 -71
10 -70
10 -70
10 -71
10 -72
10 -71
10 -74
10 -74
10 -74
10 -75
10 -55
10 -75
10 -75
10 -75
10 -74
10 -75
10 -74
10 -75
10 -74
10 -74
10 -74
10 -74
10 -74
10 -74
10 -73
10 -74
10 -75
10 -74
10 -74
10 -74
10 -73
10 -73
10 -73
10 -74
10 -74
10 -74
10 -75
10 -73
10 -76
10 -75
10 -76
10 -76
10 -77
10 -76
10 -76
10 -75
10 -74
10 -73
10 -73
10 -66
10 -72
10 -72
10 -72
10 -72
10 -70
10 -72
10 -71
10 -71
10 -71
10 -71
10 -72
10 -72
10 -72
10 -71
10 -70
10 -70
10 -70
10 -70
10 -70
10 -71
10 -72
10 -73
10 -75
10 -75
10 -76
10 -76
10 -76
10 -76
10 -76
10 -77
10 -76
10 -76
10 -75
10 -74
10 -73
10 -73
10 -74
10 -74
10 -74
10 -76
10 -76
10 -76
10 -77
10 -78
10 -76
10 -75
10 -76
10 -75
10 -75
10 -74
10 -74
10 -73
10 -73
10 -73
10 -73
10 -74
10 -74
10 -75
10 -74
10 -73
10 -74
10 -74
10 -73
10 -73
10 -74
10 -75
10 -75
10 -76
10 -76
10 -77
10 -80
11 -72
11 -72
11 -72
11 -72
11 -72
11 -72
11 -72
11 -72
11 -72
11 -73
11 -73
11 -72
11 -73
11 -72
11 -72
11 -72
11 -72
11 -73
11 -73
11 -74
11 -76
11 -78
11 -78
11 -76
11 -80
11 -79
11 -76
11 -78
11 -78
11 -77
11 -76
11 -75
11 -72
11 -72
11 -72
11 -71
11 -71
11 -70
11 -70
11 -70
11 -70
11 -71
11 -71
11 -72
11 -72
11 -72
11 -72
11 -73
11 -81
11 -81
11 -79
11 -82
11 -83
11 -77
11 -75
11 -76
11 -75
11 -84
11 -81
11 -82
11 -78
11 -78
11 -75
11 -73
11 -72
11 -72
11 -72
11 -71
11 -71
11 -70
11 -70
11 -71
11 -71
11 -71
11 -70
11 -71
11 -71
11 -71
11 -71
11 -72
11 -72
11 -70
11 -74
11 -76
11 -78
11 -78
11 -78
11 -78
11 -78
11 -77
11 -76
11 -76
11 -76
11 -76
11 -76
11 -75
11 -75
11 -75
11 -74
11 -74
11 -74
11 -74
11 -73
11 -73
11 -73
11 -74
11 -75
11 -76
11 -76
11 -60
11 -76
11 -76
11 -76
11 -77
11 -76
11 -76
11 -76
11 -76
11 -76
11 -75
11 -75
11 -75
11 -74
11 -74
11 -74
11 -74
11 -74
11 -74
11 -58
11 -75
11 -75
11 -76
11 -76
11 -76
11 -76
11 -77
11 -78
11 -78
11 -78
11 -78
11 -78
11 -78
11 -77
11 -66
11 -78
11 -78
11 -78
11 -79
11 -80
11 -80
11 -76
11 -82
11 -82
11 -83
11 -82
11 -82
11 -82
11 -82
11 -81
11 -80
11 -80
11 -78
11 -78
11 -78
11 -77
11 -78
11 -78
11 -78
11 -78
11 -77
11 -76
11 -76
11 -76
11 -75
11 -75
11 -74
11 -74
11 -73
11 -71
11 -72
11 -72
11 -72
11 -72
11 -71
11 -72
11 -72
11 -72
11 -72
11 -72
11 -56
11 -74
11 -75
11 -75
11 -76
11 -77
11 -80
11 -83
11 -76
11 -82
11 -79
11 -80
11 -78
11 -76
11 -76
11 -76
11 -76
11 -75
11 -75
11 -56
11 -75
11 -75
11 -75
11 -75
11 -75
11 -76
11 -76
11 -76
11 -76
11 -76
11 -77
11 -77
11 -76
11 -76
11 -77
11 -77
11 -76
11 -77
11 -76
11 -76
11 -75
11 -76
11 -76
11 -76
11 -76
11 -76
11 -77
11 -77
11 -78
11 -78
11 -78
11 -79
11 -78
11 -79
11 -79
11 -79
11 -79
11 -80
11 -81
11 -80
11 -81
11 -81
11 -81
11 -80
11 -79
11 -78
11 -78
11 -78
11 -76
11 -75
11 -76
11 -76
11 -77
11 -76
11 -76
11 -75
11 -75
11 -74
11 -73
11 -72
11 -72
11 -71
11 -71
11 -70
11 -70
11 -70
11 -70
11 -71
11 -71
11 -70
11 -71
11 -71
11 -71
11 -71
11 -72
11 -71
11 -72
11 -72
11 -72
11 -72
11 -74
11 -75
11 -75
11 -76
11 -76
11 -78
11 -77
11 -77
11 -76
11 -76
11 -76
11 -76
11 -76
11 -76
11 -76
11 -76
11 -76
11 -76
11 -77
11 -78
11 -78
11 -78
11 -77
11 -78
11 -79
11 -79
11 -79
11 -80
11 -80
11 -80
11 -79
11 -79
11 -77
11 -79
11 -79
11 -78
11 -78
11 -78
11 -78
11 -78
11 -76
11 -77
11 -76
11 -76
11 -75
11 -74
11 -74
12 -86
12 -85
12 -86
12 -86
12 -84
12 -84
12 -81
12 -80
12 -80
12 -78
12 -77
12 -78
12 -77
12 -76
12 -76
12 -77
12 -78
12 -78
12 -78
12 -78
12 -78
12 -78
12 -78
12 -78
12 -78
12 -78
12 -79
12 -78
12 -79
12 -79
12 -79
12 -79
12 -82
12 -84
12 -84
12 -84
12 -84
12 -82
12 -81
12 -82
12 -82
12 -80
12 -79
12 -79
12 -79
12 -79
12 -81
12 -84
12 -84
12 -82
12 -81
12 -81
12 -80
12 -81
12 -82
12 -83
12 -83
12 -83
12 -83
12 -83
12 -84
12 -83
12 -83
12 -82
12 -82
12 -82
12 -83
12 -81
12 -81
12 -82
12 -81
12 -81
12 -82
12 -83
12 -84
12 -83
12 -84
12 -84
12 -84
12 -85
12 -85
12 -84
12 -84
12 -83
12 -84
12 -84
12 -85
12 -84
12 -83
12 -83
12 -82
12 -82
12 -80
12 -80
12 -80
12 -79
12 -79
12 -78
12 -78
12 -79
12 -79
12 -79
12 -53
12 -79
12 -80
12 -81
12 -82
12 -82
12 -83
12 -82
12 -82
12 -82
12 -81
12 -82
12 -81
12 -81
12 -82
12 -82
12 -82
12 -82
12 -83
12 -82
12 -83
12 -82
12 -82
12 -83
12 -82
12 -82
12 -83
12 -82
12 -82
12 -82
12 -82
12 -82
12 -82
12 -82
12 -82
12 -83
12 -83
12 -83
12 -83
12 -83
12 -83
12 -84
12 -84
12 -84
12 -84
12 -83
12 -82
12 -83
12 -82
12 -83
12 -82
12 -83
12 -80
12 -82
12 -82
12 -81
12 -81
12 -81
12 -80
12 -79
12 -80
12 -79
12 -79
12 -79
12 -79
12 -79
12 -80
12 -80
12 -79
12 -78
12 -81
12 -80
12 -84
12 -85
12 -86
12 -84
12 -84
12 -83
13 -85
13 -84
13 -84
13 -80
13 -84
13 -86
13 -87
13 -85
14 -82
14 -83
14 -84
14 -84
14 -82
14 -82
14 -81
14 -82
14 -85
14 -85
14 -86
14 -85
14 -86
14 -87
15 -76
15 -76
15 -76
15 -76
15 -77
15 -76
15 -76
15 -76
15 -76
15 -76
15 -77
15 -77
15 -77
15 -78
15 -76
15 -78
15 -77
15 -76
15 -77
15 -77
15 -76
15 -77
15 -76
15 -76
15 -66
15 -78
15 -78
15 -78
15 -78
15 -78
15 -78
15 -78
15 -77
15 -76
15 -76
15 -77
15 -78
15 -75
15 -74
15 -75
15 -74
15 -75
15 -75
15 -76
15 -76
15 -76
15 -76
15 -76
15 -77
15 -78
15 -79
15 -78
15 -76
15 -76
15 -77
15 -78
15 -78
15 -78
15 -77
15 -78
15 -81
15 -83
15 -82
15 -82
15 -78
15 -76
15 -76
15 -76
15 -76
15 -74
15 -76
15 -82
15 -82
15 -82
15 -81
15 -80
15 -78
15 -80
15 -79
15 -82
15 -81
15 -82
15 -79
15 -79
15 -81
15 -79
15 -78
15 -78
15 -78
15 -79
15 -81
15 -71
15 -78
15 -83
15 -83
15 -83
15 -84
15 -84
15 -85
15 -80
15 -84
15 -84
15 -84
15 -84
15 -84
15 -84
15 -83
15 -83
15 -83
15 -81
15 -79
15 -80
15 -81
15 -81
15 -82
15 -82
15 -82
15 -82
15 -79
15 -80
15 -80
15 -80
15 -80
15 -79
15 -79
15 -80
15 -80
15 -79
15 -79
15 -81
15 -81
15 -78
15 -81
15 -80
15 -80
15 -80
15 -76
15 -81
15 -81
15 -80
15 -80
15 -80
15 -80
15 -80
15 -79
15 -80
15 -79
15 -76
15 -80
15 -79
15 -79
15 -80
15 -80
15 -82
15 -83
15 -83
15 -82
15 -84
15 -84
15 -84
15 -83
15 -83
15 -82
15 -80
15 -79
15 -78
15 -77
15 -58
15 -76
15 -77
15 -76
15 -76
15 -77
15 -77
15 -78
15 -77
15 -76
15 -77
15 -78
15 -78
15 -78
15 -79
15 -80
15 -80
15 -81
15 -81
15 -81
15 -81
15 -79
15 -79
15 -77
15 -80
15 -80
15 -80
15 -75
15 -79
15 -80
15 -80
15 -80
15 -80
15 -81
15 -81
15 -80
15 -80
15 -80
15 -81
15 -81
15 -81
15 -81
15 -80
15 -80
15 -81
15 -80
15 -80
15 -81
15 -76
15 -81
15 -81
15 -80
15 -80
15 -80
15 -80
15 -81
15 -80
15 -80
15 -79
15 -80
15 -81
15 -82
15 -82
15 -82
15 -82
15 -82
15 -80
15 -81
15 -81
15 -82
15 -82
15 -83
15 -83
15 -82
15 -82
15 -83
15 -78
15 -83
15 -82
15 -83
15 -82
15 -80
15 -79
15 -80
15 -79
15 -79
15 -78
15 -78
15 -78
15 -77
15 -77
15 -77
15 -75
15 -78
15 -78
15 -78
15 -78
15 -78
15 -78
15 -78
15 -78
15 -78
15 -78
15 -78
15 -78
15 -78
15 -78
15 -78
15 -78
15 -78
15 -79
15 -78
15 -77
15 -79
15 -79
15 -79
15 -79
15 -79
15 -79
15 -78
15 -79
15 -79
15 -79
15 -80
15 -79
15 -79
15 -79
15 -79
15 -81
15 -82
16 -85
16 -83
16 -80
16 -82
16 -82
16 -82
16 -81
16 -83
16 -81
16 -77
16 -81
16 -65
16 -64
16 -64
16 -83
16 -83
16 -84
16 -81
16 -82
16 -83
16 -82
16 -81
16 -78
16 -81
16 -80
16 -78
16 -79
16 -79
16 -79
16 -81
16 -80
16 -81
16 -80
16 -80
16 -80
16 -81
16 -80
16 -79
16 -79
16 -80
16 -81
16 -80
16 -79
16 -79
16 -79
16 -78
16 -78
16 -78
16 -79
16 -77
16 -79
16 -80
16 -78
16 -77
16 -79
16 -79
16 -79
16 -79
16 -79
16 -79
16 -79
16 -79
16 -78
16 -78
16 -78
16 -58
16 -78
16 -78
16 -78
16 -78
16 -78
16 -76
16 -78
16 -78
16 -78
16 -78
16 -78
16 -78
16 -78
16 -79
16 -79
16 -78
16 -78
16 -78
16 -79
16 -79
16 -78
16 -78
16 -79
16 -78
16 -78
16 -79
16 -79
16 -79
16 -78
16 -78
16 -79
16 -79
16 -78
16 -77
16 -78
16 -79
16 -78
16 -78
16 -78
16 -78
16 -78
16 -78
16 -78
16 -78
16 -76
16 -77
16 -78
16 -78
16 -77
16 -78
16 -78
16 -78
16 -78
16 -78
16 -78
16 -78
16 -78
16 -79
16 -79
16 -78
16 -79
16 -79
16 -78
16 -79
16 -79
16 -79
16 -80
16 -79
16 -79
16 -80
16 -80
16 -80
16 -80
16 -79
16 -79
16 -80
16 -80
16 -79
16 -79
16 -79
16 -79
16 -79
16 -80
16 -79
16 -79
16 -79
16 -79
16 -79
16 -79
16 -79
16 -79
16 -78
16 -78
16 -78
16 -78
16 -78
16 -79
16 -78
16 -79
16 -79
16 -79
16 -79
16 -68
16 -79
16 -79
16 -79
16 -80
16 -79
16 -79
16 -79
16 -77
16 -80
16 -80
16 -79
16 -80
16 -80
16 -78
16 -80
16 -77
16 -78
16 -79
16 -79
16 -64
16 -79
16 -79
16 -78
16 -78
16 -79
16 -78
16 -79
16 -79
16 -79
16 -79
16 -79
16 -79
16 -79
16 -78
16 -78
16 -78
16 -78
16 -78
16 -79
16 -78
16 -75
16 -78
16 -78
16 -78
16 -78
16 -78
16 -78
16 -78
16 -72
16 -78
16 -78
16 -78
16 -78
16 -78
16 -78
16 -78
16 -66
16 -78
16 -79
16 -78
16 -79
16 -78
16 -78
16 -78
16 -78
16 -78
16 -78
16 -79
16 -79
16 -77
16 -79
16 -80
16 -79
16 -80
16 -79
16 -79
16 -79
16 -79
16 -79
16 -79
16 -80
16 -80
16 -80
16 -80
16 -78
16 -80
16 -79
16 -79
16 -79
16 -79
16 -78
16 -79
16 -78
16 -78
16 -78
16 -80
16 -80
16 -79
16 -80
16 -79
16 -79
16 -79
16 -78
16 -78
16 -78
16 -79
16 -78
16 -78
16 -78
16 -76
16 -78
16 -78
16 -78
16 -77
16 -78
16 -78
16 -78
16 -78
16 -78
16 -78
16 -78
16 -78
16 -78
16 -78
16 -78
16 -76
16 -78
16 -78
17 -84
17 -84
17 -84
17 -84
17 -83
17 -83
17 -84
17 -83
17 -84
17 -84
17 -83
17 -84
17 -83
17 -83
17 -83
17 -83
17 -85
17 -86
17 -85
17 -86
17 -86
17 -88
17 -87
17 -88
18 -85
18 -83
18 -83
18 -85
18 -85
18 -84
18 -84
18 -81
18 -82
18 -85
18 -84
18 -83
19 -85
19 -84
19 -84
19 -87
19 -86
19 -86
19 -85
19 -86
19 -86
19 -87
20 -88
30 -76
30 -76
30 -76
30 -76
30 -76
30 -76
30 -76
30 -76
30 -76
30 -76
30 -76
30 -77
30 -76
30 -77
30 -77
30 -77
30 -76
30 -77
30 -77
30 -77
30 -78
30 -78
30 -78
30 -78
30 -78
30 -78
30 -78
30 -78
30 -78
30 -76
30 -78
30 -80
30 -79
30 -79
30 -74
30 -80
30 -79
30 -78
30 -78
30 -78
30 -78
30 -78
30 -77
30 -76
30 -76
30 -76
30 -76
30 -77
30 -76
30 -76
30 -76
30 -77
30 -78
30 -79
30 -79
30 -78
30 -80
30 -81
30 -80
30 -80
30 -79
30 -78
30 -76
30 -74
30 -79
30 -79
30 -78
30 -78
30 -78
30 -79
30 -80
30 -81
30 -78
30 -78
30 -77
30 -76
30 -76
30 -75
30 -76
30 -76
30 -76
30 -75
30 -77
30 -78
30 -78
30 -77
30 -77
30 -78
30 -77
30 -76
30 -77
30 -76
30 -76
30 -76
30 -76
30 -76
30 -75
30 -76
30 -75
30 -76
30 -75
30 -76
30 -76
30 -76
30 -76
30 -76
30 -76
30 -73
30 -76
30 -76
30 -76
30 -76
30 -76
30 -76
30 -76
30 -76
30 -73
30 -76
30 -76
30 -76
30 -76
30 -76
30 -76
30 -76
30 -76
30 -76
30 -76
30 -76
30 -76
30 -76
30 -76
30 -75
30 -76
30 -75
30 -76
30 -76
30 -75
30 -75
30 -76
30 -76
30 -76
30 -76
30 -76
30 -76
30 -76
30 -76
30 -76
30 -76
30 -76
30 -76
30 -76
30 -75
30 -76
30 -65
30 -76
30 -76
30 -75
30 -76
30 -76
30 -76
30 -76
30 -76
30 -76
30 -76
30 -76
30 -76
30 -76
30 -68
30 -76
30 -76
30 -76
30 -76
30 -77
30 -76
30 -76
30 -76
30 -76
30 -76
30 -76
30 -76
30 -76
30 -76
30 -76
30 -76
30 -76
30 -76
30 -76
30 -76
30 -75
30 -76
30 -76
30 -75
30 -76
30 -76
30 -76
30 -76
30 -76
30 -77
30 -76
30 -76
30 -77
30 -76
30 -77
30 -77
30 -77
30 -77
30 -78
30 -78
30 -77
30 -78
30 -77
30 -77
30 -76
30 -76
30 -76
30 -76
30 -76
30 -76
30 -76
30 -77
30 -76
30 -76
30 -76
30 -76
30 -76
30 -76
30 -76
30 -72
30 -76
30 -76
30 -76
30 -76
30 -76
30 -75
30 -76
30 -76
30 -77
30 -76
30 -76
30 -76
30 -77
30 -76
30 -76
30 -77
30 -77
30 -76
30 -77
30 -77
30 -77
30 -77
30 -76
30 -77
30 -77
30 -76
30 -76
30 -77
30 -77
30 -76
30 -77
30 -76
30 -77
30 -76
30 -76
30 -77
30 -76
30 -77
30 -77
30 -76
30 -77
30 -77
30 -77
30 -77
30 -77
30 -75
30 -78
30 -78
30 -78
30 -77
30 -77
30 -77
30 -77
30 -77
30 -78
30 -77
30 -78
30 -78
30 -77
30 -77
30 -77
30 -77
30 -77
30 -77
30 -77
30 -77
30 -77
30 -78
30 -77
30 -78
30 -78
30 -77
30 -77
30 -78
30 -78
30 -78
30 -78
30 -76
30 -78
30 -78
30 -78
30 -78
30 -78
30 -78
30 -78
30 -78
30 -78
30 -78
30 -78
30 -78
30 -78
30 -78
30 -78
30 -78
30 -78
30 -78
30 -78
30 -78
30 -78
30 -78
30 -77
30 -77
30 -77
30 -78
30 -77
30 -77
30 -77
30 -77
30 -77
30 -77
30 -78
30 -78
30 -78
30 -77
30 -78
30 -78
30 -78
30 -78
30 -77
30 -78
30 -78
30 -78
30 -78
30 -78
30 -78
30 -78
30 -78
30 -77
30 -76
30 -77
30 -78
30 -78
30 -78
30 -78
30 -78
30 -78
30 -77
30 -77
30 -78
30 -78
30 -78
30 -78
30 -77
30 -77
30 -78
30 -78
32 -75
32 -74
32 -75
32 -75
32 -75
32 -74
32 -75
32 -75
32 -75
32 -75
32 -75
32 -75
32 -75
32 -75
32 -75
32 -75
32 -75
32 -75
32 -74
32 -73
32 -75
32 -76
32 -78
32 -78
32 -78
32 -78
32 -66
32 -78
32 -76
32 -76
32 -76
32 -75
32 -75
32 -75
32 -75
32 -74
32 -74
32 -75
32 -73
32 -73
32 -73
32 -73
32 -73
32 -74
32 -74
32 -74
32 -74
32 -75
32 -76
32 -76
32 -76
32 -76
32 -76
32 -76
32 -78
32 -78
32 -79
32 -78
32 -67
32 -76
32 -75
32 -76
32 -76
32 -77
32 -78
32 -78
32 -78
32 -78
32 -78
32 -76
32 -75
32 -75
32 -76
32 -76
32 -75
32 -75
32 -76
32 -76
32 -76
32 -76
32 -76
32 -76
32 -76
32 -76
32 -76
32 -74
32 -76
32 -76
32 -75
32 -76
32 -76
32 -76
32 -76
32 -76
32 -76
32 -76
32 -76
32 -76
32 -76
32 -76
32 -76
32 -76
32 -76
32 -76
32 -76
32 -76
32 -76
32 -76
32 -76
32 -76
32 -76
32 -76
32 -76
32 -76
32 -76
32 -76
32 -76
32 -76
32 -76
32 -76
32 -76
32 -76
32 -76
32 -76
32 -76
32 -76
32 -76
32 -76
32 -76
32 -76
32 -76
32 -76
32 -76
32 -76
32 -76
32 -76
32 -75
32 -76
32 -76
32 -76
32 -76
32 -76
32 -76
32 -76
32 -76
32 -76
32 -75
32 -76
32 -76
32 -76
32 -76
32 -76
32 -75
32 -76
32 -76
32 -76
32 -76
32 -76
32 -76
32 -76
32 -76
32 -76
32 -76
32 -76
32 -76
32 -76
32 -76
32 -76
32 -77
32 -76
32 -76
32 -76
32 -76
32 -76
32 -76
32 -76
32 -76
32 -76
32 -75
32 -76
32 -76
32 -76
32 -76
32 -75
32 -76
32 -76
32 -76
32 -76
32 -75
32 -76
32 -76
32 -76
32 -76
32 -76
32 -76
32 -76
32 -70
32 -76
32 -76
32 -76
32 -76
32 -74
32 -76
32 -76
32 -76
32 -76
32 -76
32 -76
32 -76
32 -76
32 -76
32 -76
32 -76
32 -76
32 -76
32 -76
32 -76
32 -76
32 -76
32 -76
32 -76
32 -76
32 -76
32 -76
32 -77
32 -76
32 -76
32 -76
32 -76
32 -76
32 -76
32 -76
32 -76
32 -76
32 -73
32 -76
32 -76
32 -76
32 -76
32 -76
32 -76
32 -76
32 -76
32 -76
32 -76
32 -76
32 -76
32 -76
32 -76
32 -76
32 -76
32 -76
32 -76
32 -76
32 -76
32 -76
32 -76
32 -76
32 -76
32 -76
32 -76
32 -76
32 -76
32 -76
32 -76
32 -76
32 -77
32 -76
32 -77
32 -76
32 -77
32 -77
32 -76
32 -77
32 -77
32 -78
32 -78
32 -77
32 -78
32 -78
32 -78
32 -77
32 -77
32 -78
32 -76
32 -78
32 -77
32 -77
32 -77
32 -77
32 -77
32 -76
32 -76
32 -77
32 -77
32 -77
32 -78
32 -77
32 -78
32 -77
32 -78
32 -78
32 -78
32 -77
32 -77
32 -76
32 -77
32 -76
32 -76
32 -76
32 -76
32 -76
32 -76
32 -76
32 -76
32 -77
32 -76
32 -76
32 -76
32 -76
32 -77
32 -77
32 -76
32 -76
32 -76
32 -76
32 -76
32 -76
32 -77
32 -76
32 -77
32 -77
32 -77
32 -78
32 -78
32 -76
32 -78
32 -77
32 -78
32 -77
32 -77
32 -77
32 -77
32 -77
32 -77
32 -78
32 -77
32 -77
32 -77
32 -76
32 -78
32 -77
32 -76
32 -77
32 -78
32 -78
32 -78
32 -78
32 -78
32 -78
32 -78
32 -78
32 -78
32 -78
32 -78
32 -78
32 -78
32 -78
32 -78
32 -78
32 -78
32 -78
32 -78
32 -77
32 -77
32 -77
32 -76
32 -76
32 -75
32 -76
33 -81
33 -81
33 -58
33 -80
33 -81
33 -80
33 -82
33 -81
33 -83
33 -84
33 -83
33 -80
33 -81
33 -84
33 -84
33 -85
33 -84
33 -83
33 -82
33 -81
33 -83
33 -83
33 -83
33 -81
33 -81
33 -81
33 -82
33 -83
33 -84
33 -84
33 -83
33 -82
33 -83
33 -83
33 -83
33 -83
33 -82
33 -76
33 -82
33 -82
33 -81
33 -82
33 -81
33 -82
33 -82
33 -82
33 -82
33 -77
33 -81
33 -81
33 -75
33 -80
33 -80
33 -80
33 -80
33 -79
33 -79
33 -80
33 -80
33 -80
33 -80
33 -80
33 -81
33 -80
33 -80
33 -80
33 -80
33 -80
33 -80
33 -80
33 -81
33 -79
33 -80
33 -81
33 -81
33 -80
33 -80
33 -81
33 -81
33 -81
33 -81
33 -82
33 -82
33 -82
33 -79
33 -82
33 -80
33 -75
33 -79
33 -80
33 -81
33 -81
33 -77
33 -81
33 -81
33 -81
33 -81
33 -81
33 -81
33 -81
33 -82
33 -82
33 -81
33 -81
33 -81
33 -81
33 -81
33 -82
33 -81
33 -83
33 -82
33 -75
33 -69
33 -82
33 -82
33 -81
33 -81
33 -72
33 -78
33 -81
33 -81
33 -82
33 -83
33 -82
33 -82
33 -82
33 -82
33 -82
33 -83
33 -82
33 -83
33 -83
33 -83
33 -82
33 -82
33 -72
33 -83
33 -82
33 -82
33 -81
33 -82
33 -81
33 -81
33 -82
33 -82
33 -82
33 -82
33 -80
33 -82
33 -82
33 -82
33 -82
33 -82
33 -82
33 -82
33 -82
33 -82
33 -82
33 -82
33 -80
33 -81
33 -81
33 -81
33 -81
33 -81
33 -80
33 -80
33 -81
33 -79
33 -80
33 -81
33 -81
33 -81
33 -81
33 -79
33 -81
33 -81
33 -80
33 -81
33 -81
33 -81
33 -81
33 -81
33 -80
33 -81
33 -81
33 -81
33 -67
33 -80
33 -80
33 -80
33 -81
33 -80
33 -80
33 -81
33 -80
33 -79
33 -79
33 -80
33 -80
33 -80
33 -81
33 -81
33 -81
33 -81
33 -80
33 -80
33 -80
33 -81
33 -81
33 -83
33 -83
33 -84
33 -83
33 -84
33 -85
33 -85
33 -86
33 -84
33 -83
33 -84
33 -84
33 -85
33 -83
33 -84
33 -84
33 -84
33 -84
33 -85
33 -84
34 -78
34 -78
34 -78
34 -79
34 -80
34 -79
34 -80
34 -80
34 -80
34 -81
34 -81
34 -80
34 -80
34 -79
34 -81
34 -80
34 -80
34 -79
34 -78
34 -79
34 -79
34 -79
34 -79
34 -75
34 -78
34 -77
34 -78
34 -78
34 -78
34 -77
34 -78
34 -78
34 -78
34 -78
34 -79
34 -79
34 -78
34 -78
34 -78
34 -77
34 -77
34 -77
34 -77
34 -77
34 -77
34 -77
34 -77
34 -77
34 -78
34 -76
34 -77
34 -78
34 -76
34 -76
34 -76
34 -75
34 -76
34 -76
34 -77
34 -77
34 -78
34 -78
34 -76
34 -75
34 -76
34 -76
34 -76
34 -78
34 -78
34 -78
34 -78
34 -80
34 -80
34 -79
34 -79
34 -79
34 -80
34 -80
34 -80
34 -79
34 -79
34 -78
34 -78
34 -78
34 -78
34 -78
34 -78
34 -78
34 -78
34 -74
34 -78
34 -79
34 -79
34 -79
34 -80
34 -80
34 -80
34 -79
34 -81
34 -79
34 -79
34 -80
34 -80
34 -80
34 -64
34 -80
34 -79
34 -79
34 -78
34 -79
34 -79
34 -79
34 -79
34 -79
34 -79
34 -80
34 -79
34 -79
34 -78
34 -79
34 -79
34 -79
34 -79
34 -69
34 -80
34 -80
34 -80
34 -80
34 -80
34 -81
34 -80
34 -80
34 -71
34 -80
34 -79
34 -79
34 -79
34 -78
34 -79
34 -77
34 -78
34 -78
34 -79
34 -79
34 -79
34 -79
34 -79
34 -79
34 -78
34 -40
34 -78
34 -78
34 -78
34 -78
34 -78
34 -78
34 -78
34 -78
34 -78
34 -78
34 -77
34 -78
34 -78
34 -78
34 -78
34 -78
34 -78
34 -68
34 -79
34 -79
34 -78
34 -78
34 -78
34 -78
34 -78
34 -79
34 -80
34 -79
34 -79
34 -79
34 -77
34 -79
34 -80
34 -78
34 -77
34 -80
34 -80
34 -80
34 -79
34 -79
34 -81
34 -79
34 -81
34 -81
34 -81
34 -80
34 -80
34 -80
34 -80
34 -79
34 -79
34 -79
34 -77
34 -78
34 -77
34 -78
34 -78
34 -78
34 -77
34 -77
34 -78
34 -78
34 -78
34 -78
34 -78
34 -78
34 -77
34 -78
34 -78
34 -78
34 -78
34 -78
34 -78
34 -79
34 -79
34 -80
34 -79
34 -80
34 -80
34 -79
34 -79
34 -78
34 -79
34 -80
34 -79
34 -79
34 -79
34 -79
34 -79
34 -78
34 -79
34 -78
34 -78
34 -78
34 -78
34 -78
34 -79
34 -79
34 -79
34 -78
34 -78
34 -79
34 -79
34 -79
34 -80
34 -79
34 -80
34 -79
34 -78
34 -79
34 -78
34 -78
34 -79
34 -78
34 -78
34 -79
34 -78
34 -79
34 -79
34 -78
34 -79
34 -79
34 -72
34 -79
34 -78
34 -79
34 -78
34 -79
34 -78
34 -79
34 -79
34 -77
34 -80
34 -79
34 -79
34 -79
34 -80
34 -79
34 -79
34 -79
34 -79
34 -78
34 -79
34 -79
34 -79
34 -79
34 -75
34 -79
34 -79
34 -79
34 -79
34 -76
34 -80
34 -80
34 -80
34 -80
34 -79
34 -79
34 -79
34 -71
34 -80
34 -79
34 -76
34 -79
34 -79
34 -80
34 -80
34 -78
34 -78
34 -78
34 -78
34 -78
34 -78
34 -78
34 -78
34 -78
34 -78
34 -78
34 -78
34 -78
34 -75
34 -78
34 -78
34 -78
34 -78
34 -61
34 -78
34 -78
34 -78
34 -78
34 -78
34 -78
34 -78
34 -78
34 -76
34 -78
34 -78
34 -75
34 -78
34 -78
34 -78
34 -78
34 -78
34 -78
34 -78
34 -78
34 -78
34 -78
34 -78
34 -77
34 -78
34 -78
34 -78
34 -78
34 -78
34 -78
34 -78
34 -78
34 -78
35 -83
35 -82
35 -82
35 -82
35 -83
35 -82
35 -82
35 -82
35 -81
35 -82
35 -82
35 -82
35 -82
35 -80
35 -79
35 -79
35 -81
35 -84
35 -83
35 -84
35 -84
35 -83
35 -81
35 -82
35 -83
35 -84
35 -84
35 -84
35 -83
35 -80
35 -79
35 -79
35 -80
35 -79
35 -75
35 -67
35 -80
35 -79
35 -77
35 -77
35 -77
35 -77
35 -75
35 -74
35 -74
35 -74
35 -74
35 -76
35 -76
35 -76
35 -76
35 -77
35 -77
35 -77
35 -76
35 -75
35 -76
35 -76
35 -78
35 -79
35 -78
35 -78
35 -79
35 -80
35 -80
35 -79
35 -78
35 -80
35 -80
35 -81
35 -82
35 -83
35 -83
35 -81
35 -82
35 -84
35 -83
35 -83
35 -83
35 -83
35 -83
35 -83
35 -84
35 -87
35 -64
35 -87
35 -87
36 -80
36 -79
36 -78
36 -77
36 -78
36 -81
36 -83
37 -87
37 -86
37 -87
37 -87
37 -87
37 -85
37 -85
37 -85
37 -85
37 -67
37 -85
38 -86
38 -79
40 -86
40 -87
40 -88
48 -79
50 -74
51 -87
51 -86
51 -64
51 -65
52 -86
52 -85
52 -84
52 -84
52 -86
52 -87
52 -87
52 -87
52 -84
52 -85
52 -85
52 -86
53 -86
53 -88
53 -86
54 -85
54 -85
54 -84
54 -84
54 -85
54 -84
54 -84
54 -85
54 -85
54 -85
54 -84
54 -84
54 -85
54 -84
54 -85
54 -84
54 -84
54 -84
54 -84
54 -85
54 -84
54 -86
54 -85
54 -84
54 -84
54 -85
54 -85
54 -83
54 -85
54 -85
54 -85
54 -85
54 -85
54 -52
54 -87
54 -86
54 -85
54 -85
54 -86
54 -85
54 -85
54 -85
54 -85
54 -76
54 -85
54 -84
54 -85
54 -86
54 -85
54 -86
55 -83
55 -83
55 -79
55 -84
55 -84
55 -82
55 -81
55 -76
55 -79
55 -79
55 -82
55 -84
55 -80
55 -81
55 -82
55 -79
55 -82
55 -84
55 -79
55 -80
55 -79
55 -80
55 -82
55 -80
55 -83
55 -83
55 -83
55 -84
55 -84
55 -81
55 -82
55 -84
55 -81
55 -86
55 -84
55 -86
55 -83
55 -84
55 -84
55 -84
55 -84
55 -84
55 -82
55 -82
55 -82
55 -82
55 -82
55 -82
55 -83
55 -83
55 -84
55 -84
55 -86
55 -85
55 -84
56 -81
56 -79
56 -78
56 -80
56 -58
56 -80
56 -78
56 -79
56 -80
56 -80
56 -79
56 -80
56 -78
56 -79
56 -80
56 -80
56 -80
56 -80
56 -79
56 -80
56 -78
56 -80
56 -79
56 -80
56 -82
56 -82
56 -81
56 -81
56 -85
56 -78
56 -82
56 -82
56 -84
56 -84
56 -82
56 -81
56 -82
56 -82
56 -82
56 -81
56 -82
56 -82
56 -81
56 -82
56 -82
56 -81
56 -81
56 -82
56 -82
56 -81
56 -80
56 -79
56 -81
56 -82
56 -82
56 -83
56 -82
56 -82
56 -82
56 -83
56 -82
56 -82
56 -82
56 -82
56 -82
56 -79
56 -82
56 -82
56 -81
56 -82
56 -82
56 -83
56 -83
56 -82
56 -82
56 -82
56 -83
56 -82
56 -82
56 -82
56 -80
56 -82
56 -82
56 -82
56 -81
56 -81
56 -81
56 -82
56 -81
56 -81
56 -81
56 -81
56 -80
56 -81
56 -81
56 -82
56 -82
56 -82
56 -79
56 -83
56 -84
56 -84
56 -83
56 -83
56 -78
56 -82
56 -83
56 -83
56 -82
56 -82
56 -83
56 -82
56 -82
56 -83
56 -82
56 -83
56 -75
56 -82
56 -82
56 -82
56 -81
56 -80
56 -79
56 -70
56 -79
56 -79
56 -79
56 -79
56 -79
56 -79
56 -79
56 -80
56 -79
56 -80
56 -74
56 -80
56 -80
56 -80
56 -80
56 -81
56 -80
56 -81
56 -80
56 -82
56 -76
56 -82
56 -83
56 -83
56 -83
56 -78
56 -82
56 -82
56 -82
56 -81
56 -79
56 -81
56 -81
56 -81
56 -79
56 -80
56 -80
56 -80
56 -80
56 -79
56 -79
56 -79
56 -77
56 -79
56 -79
56 -78
56 -79
56 -80
56 -81
56 -81
56 -81
56 -82
56 -82
56 -81
56 -77
56 -81
56 -80
56 -81
56 -82
56 -82
56 -81
56 -81
56 -79
56 -77
56 -81
56 -82
56 -83
56 -83
56 -83
56 -83
56 -82
56 -83
56 -81
56 -78
56 -81
56 -81
56 -76
56 -81
56 -81
56 -81
56 -81
56 -81
56 -81
56 -78
56 -80
56 -80
56 -80
56 -80
56 -80
56 -79
56 -80
56 -79
56 -79
56 -80
56 -79
56 -79
56 -68
56 -80
56 -81
56 -80
56 -81
56 -81
56 -76
56 -80
56 -79
56 -80
56 -79
56 -78
56 -79
56 -79
56 -80
56 -81
56 -80
56 -81
56 -81
56 -82
56 -81
56 -81
56 -80
56 -81
56 -80
56 -80
56 -78
56 -81
56 -81
56 -81
56 -81
56 -81
56 -81
56 -82
56 -81
56 -81
56 -82
56 -82
56 -83
56 -82
56 -83
56 -82
56 -81
56 -82
56 -82
56 -82
56 -81
56 -81
56 -80
56 -81
56 -81
56 -79
56 -79
56 -81
57 -82
57 -83
57 -86
57 -82
57 -83
57 -78
57 -83
57 -84
57 -83
57 -84
57 -84
57 -85
57 -85
57 -81
57 -85
57 -84
57 -83
57 -81
57 -82
57 -83
57 -85
57 -84
57 -84
57 -65
57 -66
57 -75
57 -87
57 -85
58 -84
58 -83
58 -83
58 -83
58 -83
58 -83
58 -83
58 -83
58 -83
58 -82
58 -82
58 -83
58 -83
58 -74
58 -83
58 -84
58 -83
58 -84
58 -83
58 -84
58 -78
58 -82
58 -82
58 -77
58 -81
58 -84
58 -83
58 -83
58 -83
58 -82
58 -82
58 -83
58 -83
58 -86
58 -84
58 -85
58 -85
58 -86
58 -83
58 -86
58 -85
58 -85
58 -84
58 -84
58 -83
58 -83
58 -83
58 -84
58 -85
58 -85
58 -84
58 -84
58 -83
58 -84
58 -84
58 -67
58 -85
58 -86
58 -86
58 -83
59 -82
59 -81
59 -81
59 -81
59 -81
59 -81
59 -81
59 -81
59 -81
59 -80
59 -81
59 -81
59 -81
59 -82
59 -82
59 -81
59 -77
59 -82
59 -84
59 -84
59 -84
59 -84
59 -84
59 -77
59 -84
59 -82
59 -84
59 -86
59 -84
59 -81
59 -80
59 -78
59 -79
59 -79
59 -78
59 -78
59 -78
59 -78
59 -83
59 -83
59 -85
59 -77
59 -84
59 -84
59 -82
59 -82
59 -83
59 -83
59 -83
59 -84
59 -83
59 -83
59 -83
59 -81
59 -84
59 -83
59 -84
59 -83
59 -83
59 -84
59 -84
59 -84
59 -84
59 -83
59 -81
59 -83
59 -84
59 -84
59 -84
59 -83
59 -83
59 -84
59 -84
59 -85
59 -84
59 -85
59 -84
59 -84
59 -83
59 -83
59 -83
59 -84
59 -72
59 -83
59 -84
59 -68
59 -84
59 -84
59 -84
59 -86
59 -83
59 -83
59 -84
59 -83
59 -83
59 -83
59 -84
59 -83
59 -83
59 -83
59 -83
59 -83
59 -82
59 -82
59 -82
59 -82
59 -82
59 -82
59 -83
59 -83
59 -83
59 -83
59 -83
59 -83
59 -84
59 -83
59 -83
59 -83
59 -83
59 -83
59 -83
59 -83
59 -83
59 -83
59 -82
59 -83
59 -83
59 -83
59 -83
59 -83
59 -82
59 -83
59 -83
59 -83
59 -83
59 -76
59 -83
59 -83
59 -84
59 -83
59 -83
59 -82
59 -84
59 -84
59 -84
59 -84
59 -84
59 -84
59 -84
59 -84
59 -84
59 -84
59 -83
59 -83
59 -83
60 -76
60 -76
60 -77
60 -77
60 -66
60 -77
60 -77
60 -75
60 -53
60 -66
60 -78
60 -78
60 -78
60 -77
60 -78
60 -79
60 -79
60 -80
60 -80
60 -78
60 -79
60 -78
60 -77
60 -76
60 -76
60 -77
60 -77
60 -77
60 -76
60 -79
60 -77
60 -79
60 -78
60 -77
60 -77
60 -78
60 -78
60 -77
60 -67
60 -78
60 -78
60 -78
60 -76
60 -77
60 -77
60 -77
60 -77
60 -78
60 -78
60 -78
60 -78
60 -70
60 -78
60 -78
60 -76
60 -77
60 -68
60 -77
60 -77
60 -77
60 -80
60 -81
60 -80
60 -79
60 -80
60 -77
60 -76
60 -75
60 -75
60 -75
60 -76
60 -82
60 -83
60 -84
60 -84
60 -83
60 -82
60 -84
60 -82
60 -83
60 -83
60 -82
60 -82
