Beacon Rssi
1 -78
1 -78
1 -77
1 -78
1 -79
1 -78
1 -78
1 -78
1 -74
1 -74
1 -51
1 -81
1 -77
1 -78
1 -78
1 -76
1 -76
1 -76
1 -78
1 -79
1 -81
1 -79
1 -78
1 -76
1 -76
1 -74
1 -73
1 -73
1 -73
1 -73
1 -73
1 -72
1 -73
1 -73
1 -73
1 -73
1 -74
1 -74
1 -74
1 -74
1 -75
1 -76
1 -48
1 -76
1 -75
1 -75
1 -74
1 -74
1 -74
1 -75
1 -75
1 -76
1 -76
1 -78
1 -78
1 -79
1 -80
1 -81
1 -80
1 -79
1 -79
1 -78
1 -79
1 -76
1 -72
1 -72
1 -72
1 -74
1 -76
1 -78
1 -82
1 -79
1 -78
1 -78
1 -77
1 -78
1 -78
1 -77
1 -78
1 -79
1 -79
1 -79
1 -79
1 -78
1 -78
1 -78
1 -78
1 -59
1 -78
1 -77
1 -76
1 -76
1 -76
1 -76
1 -75
1 -75
1 -74
1 -74
1 -73
1 -74
1 -75
1 -75
1 -75
1 -75
1 -75
1 -75
1 -75
1 -73
1 -75
1 -75
1 -76
1 -71
1 -77
1 -76
1 -77
1 -76
1 -76
1 -76
1 -79
1 -80
1 -80
1 -80
1 -77
1 -76
1 -76
1 -76
1 -76
1 -76
1 -76
1 -76
1 -76
1 -47
1 -75
1 -74
1 -74
1 -75
1 -75
1 -75
1 -75
1 -74
1 -73
1 -73
1 -73
1 -72
1 -72
1 -71
1 -70
1 -71
1 -70
1 -70
1 -70
1 -71
1 -72
1 -72
1 -72
1 -72
1 -72
1 -72
1 -72
1 -72
1 -72
1 -72
1 -72
1 -72
1 -72
1 -72
1 -72
1 -72
1 -72
1 -72
1 -71
1 -71
1 -60
1 -72
1 -72
1 -72
1 -71
1 -72
1 -71
1 -71
1 -71
1 -71
1 -70
1 -71
1 -71
1 -71
1 -72
1 -72
1 -72
1 -73
1 -74
1 -73
1 -73
1 -73
1 -73
1 -72
1 -72
1 -72
1 -73
1 -73
1 -72
1 -72
1 -72
1 -72
1 -72
1 -47
1 -72
1 -72
1 -72
1 -72
1 -72
1 -72
1 -72
1 -72
1 -71
1 -71
1 -71
1 -70
1 -70
1 -70
1 -70
1 -70
1 -70
1 -71
1 -71
1 -70
1 -70
1 -70
1 -70
1 -70
1 -70
1 -67
1 -70
1 -70
1 -71
1 -72
1 -72
1 -74
1 -74
1 -73
1 -74
1 -74
1 -73
1 -73
1 -73
1 -73
1 -73
1 -73
1 -73
1 -73
1 -73
1 -72
1 -72
1 -72
1 -73
1 -73
1 -73
1 -73
1 -73
1 -73
1 -73
1 -73
1 -73
1 -73
1 -74
1 -74
1 -74
1 -75
1 -75
1 -75
1 -75
1 -75
1 -75
1 -75
1 -75
1 -75
1 -74
1 -74
1 -73
1 -73
1 -73
1 -73
1 -72
1 -72
1 -70
1 -72
1 -71
1 -71
1 -71
1 -70
1 -71
1 -72
1 -74
1 -76
1 -80
1 -84
1 -80
1 -77
1 -75
1 -74
1 -74
1 -73
1 -73
1 -73
1 -73
1 -75
1 -76
1 -76
1 -76
1 -79
1 -81
1 -79
1 -76
1 -53
1 -75
1 -75
1 -75
1 -79
1 -80
1 -78
1 -78
1 -78
1 -78
1 -78
1 -78
1 -77
1 -78
1 -78
1 -79
1 -80
1 -82
1 -81
1 -81
1 -81
1 -82
1 -81
1 -81
1 -81
1 -81
1 -82
1 -80
1 -80
1 -80
1 -80
1 -79
1 -78
1 -79
1 -78
1 -78
1 -76
1 -80
1 -79
1 -80
1 -80
1 -79
1 -79
1 -78
1 -79
1 -80
1 -80
1 -79
1 -79
1 -79
1 -80
1 -79
1 -80
1 -80
1 -79
1 -80
2 -73
2 -76
2 -77
2 -78
2 -74
2 -73
2 -76
2 -76
2 -74
2 -76
2 -74
2 -72
2 -73
2 -59
2 -70
2 -71
2 -76
2 -69
2 -69
2 -66
2 -71
2 -69
2 -76
2 -78
2 -64
2 -73
2 -71
2 -70
2 -70
2 -72
2 -71
2 -70
2 -73
2 -76
2 -83
2 -74
2 -75
2 -76
2 -80
2 -75
2 -73
2 -75
2 -78
2 -79
2 -82
2 -84
2 -82
2 -78
2 -76
2 -77
2 -75
2 -73
2 -80
2 -78
2 -75
2 -81
2 -70
2 -72
2 -76
2 -76
2 -73
2 -75
2 -45
2 -76
2 -75
2 -76
2 -81
2 -81
2 -81
2 -80
2 -81
2 -78
2 -78
2 -78
2 -84
2 -81
2 -79
2 -83
2 -82
2 -73
2 -82
2 -82
2 -83
2 -81
2 -79
2 -79
2 -79
2 -78
2 -76
2 -76
2 -77
2 -77
2 -78
2 -49
2 -76
2 -75
2 -76
2 -75
2 -75
2 -77
2 -82
2 -77
2 -75
2 -74
2 -74
2 -72
2 -73
2 -74
2 -74
2 -71
2 -70
2 -72
2 -72
2 -76
2 -77
2 -82
2 -75
2 -78
2 -78
2 -76
2 -75
2 -75
2 -75
2 -74
2 -74
2 -74
2 -75
2 -76
2 -75
2 -74
2 -75
2 -75
2 -74
2 -75
2 -75
2 -76
2 -74
2 -79
2 -78
2 -76
2 -76
2 -76
2 -74
2 -74
2 -74
2 -75
2 -76
2 -75
2 -75
2 -75
2 -76
2 -75
2 -75
2 -77
2 -76
2 -74
2 -74
2 -76
2 -75
2 -75
2 -54
2 -74
2 -75
2 -75
2 -76
2 -75
2 -75
2 -74
2 -74
2 -75
2 -74
2 -73
2 -71
2 -70
2 -70
2 -70
2 -70
2 -70
2 -70
2 -70
2 -71
2 -71
2 -71
2 -71
2 -71
2 -71
2 -72
2 -71
2 -73
2 -72
2 -71
2 -72
2 -72
2 -71
2 -72
2 -71
2 -71
2 -73
2 -73
2 -74
2 -74
2 -75
2 -76
2 -78
2 -78
2 -77
2 -76
2 -75
2 -74
2 -73
2 -75
2 -73
2 -73
2 -72
2 -72
2 -71
2 -71
2 -69
2 -67
2 -67
2 -66
2 -66
2 -66
2 -66
2 -66
2 -66
2 -66
2 -66
2 -66
2 -66
2 -66
2 -67
2 -67
2 -68
2 -68
2 -67
2 -67
2 -66
2 -66
2 -66
2 -66
2 -66
2 -65
2 -66
2 -66
2 -65
2 -65
2 -65
2 -65
2 -65
2 -64
2 -65
2 -65
2 -65
2 -65
2 -65
2 -65
2 -65
2 -66
2 -66
2 -66
2 -66
2 -66
2 -67
2 -68
2 -69
2 -68
2 -69
2 -68
2 -68
2 -68
2 -68
2 -67
2 -67
2 -67
2 -66
2 -65
2 -64
2 -64
2 -64
2 -64
2 -64
2 -64
2 -65
2 -65
2 -65
2 -67
2 -68
2 -69
2 -68
2 -67
2 -67
2 -68
2 -69
2 -69
2 -69
2 -66
2 -62
2 -62
2 -61
2 -65
2 -69
2 -68
2 -64
2 -64
2 -65
2 -64
2 -63
2 -62
2 -62
2 -62
2 -63
2 -63
2 -63
2 -63
2 -63
2 -63
2 -63
2 -63
2 -63
2 -62
2 -62
2 -62
2 -62
2 -61
2 -61
2 -61
2 -61
2 -61
2 -61
2 -61
2 -61
2 -61
2 -61
2 -61
2 -61
2 -62
2 -62
2 -62
2 -62
2 -62
2 -63
2 -63
2 -62
2 -62
2 -62
2 -63
2 -62
2 -62
2 -62
2 -62
2 -62
2 -62
2 -62
2 -62
2 -62
2 -62
2 -62
2 -62
2 -62
2 -62
2 -61
2 -62
2 -61
2 -61
2 -60
2 -61
2 -61
2 -61
2 -60
2 -61
2 -60
2 -60
2 -60
3 -80
3 -78
3 -77
3 -75
3 -75
3 -75
3 -76
3 -77
3 -79
3 -76
3 -47
3 -76
3 -76
3 -76
3 -75
3 -75
3 -74
3 -74
3 -74
3 -75
3 -74
3 -75
3 -75
3 -76
3 -76
3 -76
3 -76
3 -77
3 -77
3 -79
3 -84
3 -83
3 -82
3 -80
3 -81
3 -84
3 -82
3 -86
3 -85
3 -84
3 -84
3 -83
3 -82
3 -83
3 -82
3 -82
3 -81
3 -80
3 -80
3 -80
3 -80
3 -79
3 -80
3 -81
3 -81
3 -84
3 -86
3 -84
3 -84
3 -83
3 -84
3 -82
3 -78
3 -78
3 -77
3 -79
3 -83
3 -51
3 -84
3 -83
3 -80
3 -81
3 -81
3 -80
3 -80
3 -81
3 -81
3 -81
3 -82
3 -83
3 -82
3 -82
3 -84
3 -84
3 -85
3 -76
3 -83
3 -80
3 -70
3 -81
3 -78
3 -81
3 -82
3 -82
3 -81
3 -81
4 -82
4 -82
4 -81
4 -83
4 -82
4 -78
4 -77
4 -78
4 -78
4 -79
4 -76
4 -77
4 -77
4 -77
4 -78
4 -76
4 -77
4 -78
4 -78
4 -78
4 -78
4 -78
4 -78
4 -78
4 -78
4 -79
4 -79
4 -79
4 -81
4 -78
4 -77
4 -76
4 -76
4 -76
4 -76
4 -76
4 -76
4 -47
4 -76
4 -76
4 -76
4 -76
4 -77
4 -77
4 -76
4 -78
4 -78
4 -78
4 -78
4 -78
4 -77
4 -76
4 -77
4 -76
4 -76
4 -76
4 -76
4 -76
4 -76
4 -76
4 -77
4 -77
4 -77
4 -55
4 -76
4 -76
4 -77
4 -76
4 -78
4 -70
4 -77
4 -78
4 -78
4 -78
4 -79
4 -78
4 -79
4 -78
4 -78
4 -79
4 -79
4 -78
4 -78
4 -79
4 -78
4 -79
4 -79
4 -79
4 -78
4 -78
4 -78
4 -78
4 -78
4 -78
4 -78
4 -78
4 -78
4 -79
4 -78
4 -78
4 -69
4 -78
4 -78
4 -78
4 -78
4 -77
4 -77
4 -78
4 -78
4 -77
4 -78
4 -78
4 -78
4 -78
4 -78
4 -78
4 -79
4 -79
4 -80
4 -79
4 -80
4 -78
4 -73
4 -78
4 -75
4 -75
4 -75
4 -56
4 -74
4 -75
4 -75
4 -75
4 -75
4 -75
4 -74
4 -75
4 -74
4 -76
4 -76
4 -76
4 -77
4 -77
4 -78
4 -76
4 -77
4 -77
4 -77
4 -77
4 -76
4 -76
4 -77
4 -51
4 -76
4 -76
4 -76
4 -76
4 -76
4 -76
4 -76
4 -76
4 -76
4 -76
4 -76
4 -76
4 -76
4 -76
4 -76
4 -76
4 -76
4 -76
4 -76
4 -76
4 -76
4 -76
4 -76
4 -76
4 -76
4 -76
4 -76
4 -76
4 -76
4 -76
4 -76
4 -75
4 -76
4 -76
4 -76
4 -76
4 -76
4 -76
4 -76
4 -76
4 -76
4 -76
4 -76
4 -76
4 -76
4 -76
4 -76
4 -76
4 -76
4 -76
4 -76
4 -77
4 -77
4 -74
4 -78
4 -78
4 -78
4 -79
4 -78
4 -79
4 -78
4 -79
4 -79
4 -75
4 -79
4 -79
4 -79
4 -80
4 -79
4 -78
4 -78
4 -77
4 -77
4 -77
4 -77
4 -76
4 -76
4 -76
4 -76
4 -76
4 -76
4 -77
4 -77
4 -76
4 -76
4 -76
4 -76
4 -76
4 -76
4 -76
4 -76
4 -76
4 -76
4 -76
4 -76
4 -76
4 -76
4 -76
4 -76
4 -76
4 -77
4 -76
4 -76
4 -76
4 -76
4 -76
4 -73
4 -76
4 -76
4 -76
4 -76
4 -76
4 -76
4 -76
4 -76
4 -76
4 -76
4 -76
4 -76
4 -75
4 -76
4 -76
4 -77
4 -77
4 -78
4 -78
4 -77
4 -78
4 -77
4 -76
4 -76
4 -76
4 -76
4 -76
4 -76
4 -76
4 -75
4 -76
4 -78
4 -78
4 -83
4 -82
4 -80
4 -78
4 -78
4 -78
4 -77
4 -50
4 -76
4 -77
4 -77
4 -76
4 -76
4 -75
4 -74
4 -74
4 -75
4 -76
4 -76
4 -76
4 -75
4 -76
4 -72
4 -76
4 -76
4 -76
4 -63
4 -76
4 -76
4 -76
4 -76
4 -77
4 -77
4 -78
4 -78
4 -77
4 -77
4 -76
4 -83
4 -76
4 -77
4 -77
4 -77
4 -77
4 -77
4 -77
4 -77
4 -77
4 -76
4 -77
4 -78
4 -77
4 -77
4 -77
4 -77
4 -77
4 -77
4 -77
4 -78
4 -77
4 -77
4 -77
4 -77
4 -77
4 -77
4 -77
4 -77
4 -78
4 -77
4 -76
4 -77
4 -77
4 -76
4 -77
4 -77
4 -76
4 -77
4 -77
4 -76
5 -84
5 -84
5 -81
5 -81
5 -81
5 -81
5 -82
5 -82
5 -82
5 -83
5 -84
5 -84
5 -85
5 -85
5 -83
5 -84
5 -84
5 -83
5 -83
5 -83
5 -83
5 -83
5 -83
5 -80
5 -83
5 -83
5 -79
5 -82
5 -82
5 -82
5 -83
5 -83
5 -82
5 -83
5 -84
5 -83
5 -80
5 -81
5 -83
5 -82
5 -82
5 -81
5 -82
5 -83
5 -82
5 -83
5 -81
5 -83
5 -82
5 -82
5 -82
5 -82
5 -82
5 -81
5 -81
5 -81
5 -80
5 -81
5 -81
5 -82
5 -81
5 -81
5 -81
5 -81
5 -81
5 -81
5 -82
5 -81
5 -82
5 -81
5 -81
5 -82
5 -80
5 -81
5 -80
5 -80
5 -83
5 -83
5 -84
5 -84
5 -86
5 -85
5 -85
6 -78
6 -78
6 -79
6 -76
6 -78
6 -78
6 -78
6 -78
6 -76
6 -76
6 -78
6 -77
6 -77
6 -77
6 -76
6 -76
6 -76
6 -76
6 -76
6 -76
6 -76
6 -78
6 -78
6 -77
6 -47
6 -81
6 -81
6 -82
6 -81
6 -78
6 -78
6 -70
6 -78
6 -78
6 -76
6 -76
6 -76
6 -77
6 -76
6 -76
6 -76
6 -76
6 -76
6 -76
6 -76
6 -76
6 -76
6 -48
6 -76
6 -75
6 -75
6 -75
6 -75
6 -75
6 -76
6 -76
6 -77
6 -76
6 -76
6 -76
6 -76
6 -78
6 -79
6 -76
6 -76
6 -76
6 -76
6 -76
6 -76
6 -76
6 -76
6 -75
6 -66
6 -76
6 -76
6 -77
6 -77
6 -73
6 -77
6 -77
6 -77
6 -77
6 -78
6 -77
6 -77
6 -78
6 -78
6 -78
6 -78
6 -78
6 -78
6 -78
6 -78
6 -78
6 -79
6 -52
6 -79
6 -80
6 -79
6 -79
6 -79
6 -79
6 -78
6 -72
6 -73
6 -78
6 -78
6 -78
6 -78
6 -77
6 -77
6 -77
6 -77
6 -77
6 -76
6 -76
6 -76
6 -73
6 -76
6 -76
6 -76
6 -76
6 -76
6 -77
6 -78
6 -78
6 -77
6 -76
6 -53
6 -76
6 -77
6 -77
6 -78
6 -78
6 -78
6 -78
6 -78
6 -78
6 -78
6 -77
6 -76
6 -76
6 -76
6 -75
6 -74
6 -74
6 -74
6 -73
6 -74
6 -74
6 -74
6 -74
6 -74
6 -74
6 -73
6 -74
6 -74
6 -75
6 -75
6 -76
6 -75
6 -75
6 -76
6 -76
6 -76
6 -76
6 -76
6 -76
6 -77
6 -77
6 -77
6 -77
6 -76
6 -76
6 -76
6 -77
6 -76
6 -76
6 -76
6 -47
6 -49
6 -76
6 -76
6 -77
6 -77
6 -76
6 -77
6 -77
6 -76
6 -76
6 -76
6 -76
6 -76
6 -62
6 -75
6 -75
6 -75
6 -75
6 -75
6 -74
6 -74
6 -74
6 -74
6 -68
6 -70
6 -69
6 -72
6 -73
6 -72
6 -72
6 -72
6 -72
6 -72
6 -72
6 -72
6 -72
6 -72
6 -72
6 -73
6 -72
6 -73
6 -73
6 -74
6 -74
6 -75
6 -75
6 -74
6 -74
6 -74
6 -74
6 -74
6 -74
6 -75
6 -74
6 -74
6 -75
6 -75
6 -75
6 -75
6 -74
6 -75
6 -75
6 -76
6 -76
6 -76
6 -76
6 -76
6 -76
6 -76
6 -76
6 -76
6 -76
6 -76
6 -76
6 -76
6 -77
6 -76
6 -76
6 -76
6 -76
6 -77
6 -76
6 -48
6 -77
6 -76
6 -76
6 -76
6 -76
6 -76
6 -75
6 -74
6 -75
6 -75
6 -74
6 -72
6 -75
6 -75
6 -75
6 -75
6 -76
6 -76
6 -78
6 -80
6 -81
6 -84
6 -78
6 -77
6 -76
6 -76
6 -76
6 -76
6 -76
6 -76
6 -75
6 -76
6 -76
6 -76
6 -76
6 -78
6 -49
6 -80
6 -80
6 -82
6 -82
6 -82
6 -81
6 -82
6 -83
6 -72
6 -83
6 -84
6 -84
6 -85
6 -84
6 -86
6 -78
6 -85
6 -84
6 -83
6 -85
6 -85
8 -84
8 -84
8 -84
8 -87
9 -82
9 -84
9 -48
9 -79
9 -78
9 -79
9 -80
9 -80
9 -80
9 -79
9 -80
9 -80
9 -80
9 -81
9 -81
9 -82
9 -81
9 -81
9 -81
9 -81
9 -79
9 -79
9 -79
9 -78
9 -81
9 -80
9 -80
9 -80
9 -79
9 -79
9 -81
9 -84
9 -82
9 -80
9 -80
9 -80
9 -80
9 -81
9 -84
9 -83
9 -82
9 -83
9 -82
9 -81
9 -73
9 -81
9 -73
9 -80
9 -81
9 -80
9 -81
9 -81
9 -81
9 -79
9 -81
9 -80
9 -80
9 -80
9 -81
9 -81
9 -81
9 -81
9 -80
9 -80
9 -81
9 -79
9 -80
9 -78
9 -79
9 -80
9 -78
9 -80
9 -81
9 -64
9 -81
9 -81
9 -82
9 -82
9 -81
9 -82
9 -82
9 -83
9 -83
9 -84
9 -82
9 -81
9 -81
9 -60
9 -80
9 -80
9 -80
9 -79
9 -80
9 -78
9 -79
9 -78
9 -78
9 -78
9 -78
9 -79
9 -79
9 -80
9 -80
9 -80
9 -81
9 -82
9 -82
9 -82
9 -82
9 -82
9 -83
9 -82
9 -83
9 -81
9 -82
9 -82
9 -82
9 -81
9 -81
9 -81
9 -81
9 -81
9 -81
9 -81
9 -70
9 -82
9 -82
9 -82
9 -81
9 -82
9 -83
9 -83
9 -83
9 -83
9 -82
9 -82
9 -82
9 -82
9 -82
9 -75
9 -82
9 -82
9 -82
9 -82
9 -83
9 -84
9 -82
9 -83
9 -82
9 -81
9 -82
9 -82
9 -75
9 -80
9 -81
9 -81
9 -66
9 -81
9 -81
9 -81
9 -49
9 -79
9 -82
9 -82
9 -82
9 -78
9 -81
9 -81
9 -81
9 -82
9 -81
9 -81
9 -80
9 -81
9 -80
9 -81
9 -83
9 -82
9 -81
9 -81
9 -81
9 -81
9 -81
9 -80
9 -81
9 -81
9 -82
9 -83
9 -83
9 -82
9 -83
9 -84
9 -83
9 -87
9 -83
9 -84
9 -84
9 -83
9 -84
9 -83
9 -83
9 -52
9 -83
9 -82
9 -82
9 -83
9 -83
9 -83
9 -83
9 -83
9 -78
9 -84
9 -83
9 -83
9 -84
9 -84
11 -87
11 -86
11 -84
11 -85
11 -86
11 -85
11 -85
11 -89
11 -85
11 -83
11 -87
11 -76
11 -85
11 -85
11 -86
11 -85
11 -84
16 -86
16 -83
16 -85
16 -85
16 -85
16 -86
18 -84
18 -84
18 -63
18 -83
18 -83
18 -84
18 -48
18 -86
18 -84
18 -84
18 -85
18 -84
18 -84
18 -85
18 -83
18 -84
18 -84
18 -85
18 -85
18 -84
18 -81
18 -85
18 -84
18 -84
18 -85
18 -61
18 -85
18 -85
19 -86
20 -85
20 -87
21 -87
22 -76
22 -76
22 -76
22 -76
22 -76
22 -77
22 -76
22 -76
22 -76
22 -76
22 -78
22 -76
22 -59
22 -76
22 -76
22 -76
22 -75
22 -76
22 -75
22 -73
22 -75
22 -76
22 -76
22 -76
22 -74
22 -74
22 -75
22 -75
22 -76
22 -76
22 -76
22 -59
22 -77
22 -77
22 -76
22 -78
22 -77
22 -77
22 -76
22 -76
22 -76
22 -76
22 -76
22 -75
22 -75
22 -75
22 -76
22 -76
22 -75
22 -75
22 -74
22 -75
22 -75
22 -75
22 -75
22 -75
22 -50
22 -75
22 -74
22 -74
22 -74
22 -75
22 -73
22 -74
22 -73
22 -73
22 -74
22 -74
22 -75
22 -76
22 -75
22 -74
22 -74
22 -74
22 -74
22 -74
22 -75
22 -75
22 -76
22 -76
22 -76
22 -76
22 -76
22 -76
22 -76
22 -75
22 -76
22 -76
22 -75
22 -75
22 -75
22 -75
22 -75
22 -75
22 -75
22 -75
22 -75
22 -75
22 -75
22 -75
22 -75
22 -75
22 -69
22 -75
22 -75
22 -75
22 -75
22 -75
22 -75
22 -75
22 -75
22 -75
22 -75
22 -75
22 -75
22 -75
22 -74
22 -75
22 -75
22 -74
22 -74
22 -74
22 -74
22 -73
22 -73
22 -73
22 -73
22 -73
22 -73
22 -74
22 -73
22 -73
22 -73
22 -73
22 -72
22 -73
22 -74
22 -73
22 -74
22 -74
22 -75
22 -75
22 -76
22 -77
22 -77
22 -77
22 -47
22 -78
22 -78
22 -77
22 -77
22 -78
22 -78
22 -77
22 -78
22 -77
22 -76
22 -76
22 -77
22 -77
22 -76
22 -76
22 -76
22 -76
22 -77
22 -77
22 -77
22 -77
22 -76
22 -76
22 -76
22 -76
22 -76
22 -76
22 -76
22 -76
22 -76
22 -76
22 -75
22 -76
22 -76
22 -62
22 -76
22 -76
22 -76
22 -76
22 -76
22 -76
22 -76
22 -76
22 -76
22 -76
22 -76
22 -76
22 -76
22 -76
22 -76
22 -75
22 -75
22 -76
22 -76
22 -75
22 -75
22 -76
22 -76
22 -76
22 -75
22 -76
22 -76
22 -76
22 -76
22 -76
22 -76
22 -76
22 -76
22 -76
22 -76
22 -76
22 -76
22 -76
22 -76
22 -76
22 -76
22 -76
22 -49
22 -76
22 -76
22 -76
22 -76
22 -76
22 -77
22 -76
22 -76
22 -77
22 -76
22 -76
22 -76
22 -76
22 -76
22 -76
22 -76
22 -76
22 -76
22 -76
22 -76
22 -76
22 -76
22 -76
22 -76
22 -75
22 -76
22 -76
22 -76
22 -76
22 -76
22 -76
22 -75
22 -75
22 -76
22 -76
22 -76
22 -75
22 -70
22 -76
22 -75
22 -76
22 -75
22 -75
22 -75
22 -75
22 -75
22 -75
22 -75
22 -75
22 -75
22 -75
22 -75
22 -49
22 -75
22 -75
22 -75
22 -75
22 -75
22 -75
22 -75
22 -75
22 -75
22 -75
22 -75
22 -75
22 -75
22 -48
22 -75
22 -75
22 -75
22 -76
22 -75
22 -75
22 -76
22 -75
22 -76
22 -76
22 -76
22 -75
22 -76
22 -75
22 -75
22 -75
22 -75
22 -75
22 -74
22 -75
22 -75
22 -75
22 -74
22 -73
22 -73
22 -74
22 -74
22 -74
22 -75
22 -75
22 -75
22 -74
22 -73
22 -75
22 -75
22 -75
22 -76
22 -76
22 -77
22 -78
22 -78
22 -78
22 -76
22 -75
22 -49
22 -76
22 -77
22 -76
22 -73
22 -76
22 -79
22 -78
22 -77
22 -78
22 -78
22 -78
22 -75
22 -78
22 -78
22 -79
22 -78
22 -79
22 -79
22 -77
22 -78
22 -77
22 -76
22 -77
22 -77
22 -78
22 -76
22 -76
22 -76
22 -76
22 -76
22 -76
22 -76
22 -77
22 -77
22 -76
22 -77
22 -78
22 -78
22 -78
22 -78
22 -78
22 -77
22 -62
22 -76
22 -77
22 -77
22 -76
22 -77
22 -77
22 -76
22 -77
22 -76
22 -77
22 -77
22 -77
22 -77
22 -77
22 -76
22 -76
22 -76
22 -76
22 -76
22 -76
22 -76
22 -76
22 -76
22 -76
24 -81
24 -80
24 -81
24 -80
24 -81
24 -81
24 -80
24 -77
24 -80
24 -79
24 -81
24 -79
24 -81
24 -82
24 -82
24 -83
24 -83
24 -84
24 -83
24 -82
24 -79
24 -82
24 -81
24 -81
24 -81
24 -60
24 -80
24 -81
24 -81
24 -81
24 -82
24 -84
24 -84
24 -82
24 -81
24 -81
24 -81
24 -81
24 -81
24 -81
24 -81
24 -81
24 -82
24 -82
24 -82
24 -84
24 -84
24 -85
24 -85
24 -81
24 -84
24 -83
24 -82
24 -81
24 -81
24 -82
24 -82
24 -82
24 -77
24 -81
24 -80
24 -81
24 -81
24 -82
24 -81
24 -80
24 -82
24 -82
24 -84
24 -82
24 -83
24 -82
24 -82
24 -83
24 -85
24 -86
24 -84
24 -84
24 -84
24 -86
24 -84
24 -83
24 -81
24 -72
24 -83
24 -84
24 -82
24 -82
24 -82
24 -82
24 -81
24 -80
24 -80
24 -81
24 -85
24 -84
24 -84
24 -84
25 -80
25 -78
25 -79
25 -79
25 -79
25 -77
25 -77
25 -77
25 -76
25 -76
25 -77
25 -50
25 -76
25 -77
25 -48
25 -77
25 -78
25 -79
25 -80
25 -80
25 -81
25 -80
25 -81
25 -81
25 -81
25 -81
25 -82
25 -80
25 -79
25 -79
25 -78
25 -77
25 -75
25 -76
25 -76
25 -76
25 -76
25 -77
25 -76
25 -77
25 -77
25 -77
25 -77
25 -79
25 -79
25 -79
25 -77
25 -79
25 -78
25 -77
25 -78
25 -78
25 -78
25 -78
25 -78
25 -77
25 -77
25 -77
25 -77
25 -76
25 -77
25 -77
25 -77
25 -78
25 -78
25 -78
25 -77
25 -78
25 -78
25 -77
25 -76
25 -76
25 -76
25 -76
25 -77
25 -76
25 -76
25 -76
25 -76
25 -76
25 -76
25 -76
25 -76
25 -76
25 -76
25 -76
25 -76
25 -72
25 -76
25 -76
25 -76
25 -76
25 -76
25 -76
25 -76
25 -76
25 -76
25 -76
25 -76
25 -76
25 -76
25 -76
25 -77
25 -77
25 -78
25 -78
25 -79
25 -79
25 -79
25 -79
25 -80
25 -76
25 -81
25 -81
25 -82
25 -82
25 -79
25 -76
25 -76
25 -77
25 -77
25 -77
25 -77
25 -77
25 -77
25 -77
25 -76
25 -76
25 -76
25 -77
25 -76
25 -77
25 -77
25 -77
25 -78
25 -79
25 -79
25 -79
25 -82
25 -82
25 -82
25 -82
25 -82
25 -81
25 -80
25 -78
25 -78
25 -78
25 -78
25 -79
25 -79
25 -80
25 -79
25 -80
25 -80
25 -80
25 -80
25 -81
25 -81
25 -81
25 -65
25 -79
25 -80
25 -81
25 -81
25 -82
25 -82
25 -82
25 -81
25 -81
25 -81
25 -81
25 -81
25 -80
25 -80
25 -80
25 -81
25 -79
25 -80
25 -80
25 -80
25 -80
25 -80
25 -81
25 -80
25 -81
25 -82
25 -82
25 -84
25 -84
25 -84
25 -84
25 -84
25 -83
25 -82
25 -82
25 -82
25 -83
25 -81
25 -80
25 -71
25 -81
25 -82
25 -82
25 -83
25 -83
25 -82
25 -78
25 -81
25 -72
25 -77
25 -77
25 -76
25 -77
25 -77
25 -76
25 -79
25 -82
25 -84
25 -83
25 -82
25 -48
25 -82
25 -82
25 -80
25 -79
25 -80
25 -80
25 -72
25 -78
25 -77
25 -62
25 -76
25 -75
25 -50
25 -77
25 -76
25 -77
25 -76
25 -76
25 -78
25 -78
25 -78
25 -78
25 -78
25 -78
25 -78
25 -70
25 -78
25 -78
25 -78
25 -77
25 -78
25 -78
25 -78
25 -78
25 -78
25 -78
25 -78
25 -78
25 -77
25 -78
25 -78
25 -77
25 -78
25 -78
25 -78
25 -78
25 -51
25 -78
25 -78
25 -78
25 -78
25 -79
25 -79
25 -78
25 -79
25 -79
25 -79
25 -79
25 -79
25 -79
25 -79
25 -79
25 -78
25 -78
25 -79
25 -78
25 -78
25 -78
25 -78
25 -78
25 -75
26 -78
26 -78
26 -76
26 -77
26 -78
26 -79
26 -81
26 -86
26 -84
26 -83
26 -83
26 -82
26 -79
26 -78
26 -77
26 -77
26 -76
26 -77
26 -76
26 -76
26 -77
26 -79
26 -79
26 -82
26 -83
26 -82
26 -81
26 -79
26 -80
26 -81
26 -80
26 -80
26 -78
26 -78
26 -78
26 -77
26 -77
26 -76
26 -77
26 -77
26 -77
26 -78
26 -77
26 -78
26 -78
26 -78
26 -78
26 -78
26 -79
26 -80
26 -80
26 -80
26 -80
26 -80
26 -77
26 -79
26 -78
26 -78
26 -77
26 -77
26 -77
26 -77
26 -77
26 -77
26 -47
26 -76
26 -76
26 -77
26 -76
26 -78
26 -78
26 -78
26 -78
26 -77
26 -52
26 -77
26 -77
26 -76
26 -76
26 -76
26 -76
26 -76
26 -76
26 -76
26 -76
26 -77
26 -77
26 -78
26 -80
26 -81
26 -80
26 -81
26 -81
26 -81
26 -81
26 -82
26 -83
26 -84
26 -82
26 -81
26 -83
26 -83
26 -83
26 -83
26 -83
26 -82
26 -81
26 -80
26 -79
26 -80
26 -79
26 -79
26 -78
26 -79
26 -78
26 -78
26 -78
26 -78
26 -78
26 -78
26 -78
26 -78
26 -77
26 -78
26 -78
26 -64
26 -78
26 -78
26 -78
26 -77
26 -78
26 -78
26 -78
26 -78
26 -78
26 -78
26 -78
26 -78
26 -72
26 -78
26 -78
26 -78
26 -78
26 -79
26 -78
26 -79
26 -78
26 -78
26 -79
26 -79
26 -79
26 -79
26 -80
26 -80
26 -80
26 -81
26 -81
26 -79
26 -80
26 -80
26 -81
26 -48
26 -81
26 -81
26 -81
26 -81
26 -82
26 -81
26 -81
26 -81
26 -80
26 -80
26 -79
26 -79
26 -79
26 -78
26 -78
26 -78
26 -79
26 -79
26 -80
26 -82
26 -80
26 -78
26 -77
26 -77
26 -78
26 -78
26 -78
26 -76
26 -76
26 -76
26 -77
26 -76
26 -77
26 -78
26 -78
26 -80
26 -80
26 -82
26 -82
26 -82
26 -80
26 -81
26 -81
26 -81
26 -82
26 -83
26 -82
26 -84
26 -83
26 -82
26 -83
26 -83
26 -83
26 -82
26 -82
26 -82
26 -80
26 -83
26 -84
26 -52
26 -82
26 -82
26 -82
26 -78
26 -83
26 -83
26 -83
26 -81
26 -81
26 -81
26 -81
26 -81
26 -80
26 -79
27 -79
27 -80
27 -79
27 -76
27 -76
27 -79
27 -78
27 -78
27 -80
27 -82
27 -82
27 -82
27 -81
27 -79
27 -79
27 -79
27 -77
27 -79
27 -80
27 -80
27 -80
27 -80
27 -80
27 -81
27 -80
27 -80
27 -77
27 -78
27 -78
27 -78
27 -78
27 -78
27 -79
27 -78
27 -79
27 -78
27 -77
27 -77
27 -76
27 -77
27 -82
27 -82
27 -83
27 -85
27 -83
27 -83
27 -83
27 -83
27 -83
27 -84
27 -84
27 -84
27 -84
27 -84
27 -83
27 -82
27 -81
27 -81
27 -81
27 -80
27 -78
27 -83
27 -82
27 -83
27 -82
27 -81
27 -79
27 -81
27 -83
27 -86
27 -85
27 -83
27 -83
27 -83
27 -83
27 -83
27 -85
27 -84
27 -83
27 -84
27 -85
27 -84
27 -75
27 -85
27 -84
27 -84
27 -83
27 -82
27 -82
27 -83
27 -82
27 -82
27 -72
27 -78
27 -83
27 -84
27 -82
27 -83
27 -83
27 -83
27 -82
27 -82
27 -83
27 -84
27 -83
27 -83
27 -84
27 -84
27 -84
27 -84
27 -77
27 -81
27 -82
27 -83
27 -83
27 -83
27 -84
27 -81
27 -80
27 -79
27 -79
27 -78
27 -79
27 -49
27 -79
27 -79
27 -79
27 -80
27 -80
27 -82
27 -82
27 -82
27 -82
27 -81
27 -80
27 -78
27 -77
27 -76
27 -79
27 -82
27 -83
27 -82
27 -82
27 -80
27 -81
27 -80
27 -80
27 -80
27 -80
27 -80
27 -80
27 -79
27 -79
27 -79
27 -79
27 -80
27 -80
27 -80
27 -80
27 -80
27 -80
27 -80
27 -80
27 -80
27 -80
27 -79
27 -79
27 -79
27 -79
27 -79
27 -78
27 -79
27 -79
27 -78
27 -78
27 -79
27 -78
27 -78
27 -79
27 -79
27 -79
27 -79
27 -78
27 -79
27 -79
27 -79
27 -80
27 -79
27 -80
27 -80
27 -80
27 -81
27 -80
27 -80
27 -80
27 -80
29 -81
29 -74
29 -81
29 -81
29 -81
29 -80
29 -81
29 -79
29 -79
29 -77
29 -79
29 -80
29 -81
29 -82
29 -83
29 -84
29 -83
29 -83
29 -82
29 -81
29 -82
29 -80
29 -81
29 -80
29 -48
29 -79
29 -79
29 -80
29 -77
29 -79
29 -79
29 -83
29 -82
29 -81
29 -80
29 -79
29 -79
29 -80
29 -81
29 -81
29 -81
29 -81
29 -82
29 -81
29 -80
29 -80
29 -79
29 -79
29 -79
29 -78
29 -79
29 -79
29 -78
29 -79
29 -78
29 -79
29 -79
29 -80
29 -78
29 -76
29 -76
29 -79
29 -80
29 -78
29 -79
29 -47
29 -79
29 -79
29 -78
29 -78
29 -78
29 -78
29 -79
29 -78
29 -78
29 -78
29 -78
29 -78
29 -79
29 -78
29 -79
29 -79
29 -62
29 -80
29 -81
29 -81
29 -85
29 -81
29 -79
29 -82
29 -80
29 -81
29 -83
29 -83
29 -83
29 -82
29 -83
29 -82
29 -82
29 -84
29 -84
29 -78
29 -85
29 -86
29 -85
29 -52
29 -84
29 -84
29 -85
29 -84
29 -83
29 -82
29 -80
29 -75
29 -83
29 -85
29 -84
29 -82
29 -82
29 -82
29 -50
29 -81
29 -81
29 -83
29 -81
29 -62
29 -64
29 -81
29 -81
29 -81
29 -81
29 -81
29 -81
29 -81
29 -81
29 -82
29 -81
29 -81
29 -82
29 -82
29 -82
29 -82
29 -81
29 -80
29 -80
29 -81
29 -81
29 -80
29 -81
29 -80
29 -81
29 -81
29 -81
29 -81
29 -82
29 -81
29 -82
29 -82
29 -82
29 -82
29 -82
31 -83
31 -80
44 -84
44 -84
44 -84
44 -84
44 -84
44 -84
44 -84
44 -84
44 -84
44 -84
44 -84
44 -84
44 -84
44 -84
44 -84
44 -83
44 -83
44 -84
44 -84
44 -83
44 -83
44 -85
44 -88
44 -84
44 -86
44 -84
44 -79
45 -88
46 -86
46 -84
46 -85
46 -87
46 -86
47 -84
47 -76
47 -82
47 -82
47 -83
47 -84
47 -83
47 -82
47 -82
47 -81
47 -81
47 -82
47 -81
47 -82
47 -83
47 -71
47 -87
47 -86
47 -69
47 -85
47 -83
47 -83
47 -83
47 -82
47 -83
47 -83
47 -84
47 -83
47 -82
47 -82
47 -84
47 -83
47 -83
47 -84
47 -84
47 -84
47 -75
47 -84
47 -83
47 -83
47 -83
47 -83
47 -83
47 -67
47 -85
47 -84
47 -70
47 -82
47 -82
47 -83
47 -73
47 -83
47 -80
47 -83
47 -83
47 -83
47 -84
47 -83
47 -83
47 -83
47 -50
47 -83
47 -73
47 -82
47 -82
47 -82
47 -82
47 -81
47 -82
47 -82
47 -81
47 -77
47 -81
47 -81
47 -81
47 -82
47 -50
47 -82
47 -84
47 -82
47 -79
47 -83
47 -82
47 -82
47 -81
47 -81
47 -82
47 -82
47 -82
47 -82
47 -82
47 -82
47 -82
47 -82
47 -82
47 -81
47 -75
47 -82
47 -82
47 -82
47 -81
47 -82
47 -81
47 -81
47 -82
47 -81
47 -82
47 -81
47 -81
47 -81
47 -82
47 -81
47 -81
47 -78
47 -82
47 -81
47 -81
47 -81
47 -80
47 -81
47 -81
47 -80
47 -80
47 -81
47 -81
47 -81
47 -81
48 -66
49 -58
49 -85
49 -86
49 -87
49 -84
49 -86
49 -84
49 -74
49 -83
49 -87
50 -86
50 -70
50 -85
50 -85
50 -86
50 -78
50 -83
50 -83
50 -84
50 -83
50 -84
50 -84
50 -84
50 -83
50 -83
50 -83
50 -83
50 -82
50 -83
50 -83
50 -83
50 -83
50 -83
50 -82
50 -83
50 -84
50 -83
50 -84
50 -83
50 -82
50 -84
50 -84
50 -84
50 -84
50 -60
50 -84
50 -83
50 -83
50 -84
50 -83
50 -83
50 -83
50 -82
50 -83
50 -83
50 -81
50 -81
50 -81
50 -83
50 -87
51 -64
51 -86
51 -84
51 -82
51 -83
51 -84
51 -84
51 -85
51 -84
51 -87
51 -85
51 -85
51 -61
51 -85
52 -77
52 -76
52 -78
52 -80
52 -79
52 -79
52 -79
52 -82
52 -82
52 -80
52 -78
52 -78
52 -78
52 -78
52 -79
52 -78
52 -77
52 -78
52 -77
52 -77
52 -76
52 -77
52 -77
52 -76
52 -76
52 -76
52 -76
52 -76
52 -75
52 -76
52 -76
52 -76
52 -76
52 -76
52 -76
52 -76
52 -77
52 -76
52 -76
52 -69
52 -50
52 -77
52 -78
52 -77
52 -50
52 -79
52 -81
52 -84
52 -82
52 -81
52 -80
52 -79
52 -81
52 -82
52 -81
52 -81
52 -81
52 -82
52 -83
52 -84
52 -83
52 -81
52 -80
52 -80
52 -79
52 -78
52 -79
52 -79
52 -79
52 -79
52 -80
52 -79
52 -78
52 -79
52 -79
52 -73
52 -78
52 -79
52 -79
52 -80
52 -80
52 -79
52 -79
52 -79
52 -80
52 -79
52 -79
52 -79
52 -79
52 -79
52 -48
52 -81
52 -81
52 -81
52 -80
52 -81
52 -82
52 -81
52 -79
52 -80
52 -80
52 -80
52 -79
52 -79
52 -79
52 -69
52 -80
52 -80
52 -79
52 -80
52 -80
52 -80
52 -81
52 -82
52 -82
52 -81
52 -81
52 -80
52 -81
52 -79
52 -80
52 -79
52 -79
52 -81
52 -82
52 -77
52 -82
52 -82
52 -83
52 -54
52 -82
52 -82
52 -82
52 -83
52 -82
52 -81
52 -79
52 -79
52 -82
52 -83
52 -83
52 -84
52 -84
52 -84
52 -84
52 -83
52 -84
52 -83
52 -83
52 -83
52 -83
52 -77
52 -83
52 -84
52 -82
52 -82
52 -82
52 -83
52 -82
52 -83
52 -83
52 -83
52 -83
52 -83
52 -70
52 -80
52 -80
52 -81
52 -83
52 -82
52 -82
52 -80
52 -79
52 -79
52 -78
52 -79
52 -78
52 -78
52 -79
52 -79
52 -80
52 -81
52 -81
52 -81
52 -81
52 -80
52 -79
52 -79
52 -80
52 -80
52 -80
52 -80
52 -78
52 -63
52 -78
52 -78
52 -79
52 -79
52 -79
52 -79
52 -61
52 -79
52 -77
52 -57
52 -79
52 -80
52 -80
52 -80
52 -80
52 -79
52 -76
52 -79
52 -79
52 -79
52 -77
52 -78
52 -78
52 -78
52 -78
52 -79
52 -79
52 -78
52 -79
52 -79
52 -79
52 -79
52 -79
52 -80
52 -78
52 -79
52 -79
52 -78
52 -78
52 -79
52 -80
52 -80
52 -79
52 -79
52 -80
52 -79
52 -80
52 -80
52 -80
53 -84
53 -85
53 -86
53 -85
53 -85
53 -85
53 -86
53 -87
54 -87
54 -85
54 -82
54 -82
54 -84
54 -82
54 -83
54 -84
54 -84
54 -83
54 -84
54 -83
54 -83
54 -83
54 -82
54 -80
54 -81
54 -87
54 -81
54 -82
54 -82
54 -82
54 -84
54 -84
54 -84
54 -85
54 -85
54 -84
54 -83
54 -81
54 -82
54 -82
54 -83
54 -83
54 -82
54 -83
54 -84
54 -84
54 -83
54 -73
54 -85
54 -85
54 -84
54 -83
54 -82
54 -81
54 -81
54 -82
54 -83
54 -83
54 -82
54 -81
54 -80
54 -80
54 -79
54 -80
54 -80
54 -79
54 -78
54 -78
54 -79
54 -85
54 -83
54 -83
54 -85
54 -84
54 -85
54 -84
54 -84
55 -79
55 -78
55 -78
55 -78
55 -79
55 -79
55 -78
55 -79
55 -58
55 -76
55 -76
55 -75
55 -76
55 -75
55 -75
55 -76
55 -76
55 -76
55 -49
55 -76
55 -49
55 -76
55 -76
55 -76
55 -76
55 -75
55 -75
55 -75
55 -75
55 -74
55 -74
55 -74
55 -75
55 -74
55 -75
55 -75
55 -75
55 -75
55 -75
55 -48
55 -76
55 -76
55 -76
55 -76
55 -75
55 -75
55 -75
55 -75
55 -75
55 -75
55 -76
55 -76
55 -76
55 -76
55 -76
55 -75
55 -75
55 -74
55 -74
55 -75
55 -74
55 -74
55 -73
55 -72
55 -73
55 -74
55 -74
55 -74
55 -74
55 -74
55 -74
55 -73
55 -72
55 -72
55 -72
55 -72
55 -71
55 -51
55 -71
55 -72
55 -72
55 -72
55 -72
55 -72
55 -72
55 -72
55 -73
55 -71
55 -74
55 -73
55 -73
55 -73
55 -73
55 -73
55 -73
55 -73
55 -73
55 -73
55 -73
55 -73
55 -73
55 -73
55 -73
55 -73
55 -73
55 -72
55 -73
55 -73
55 -73
55 -73
55 -73
55 -73
55 -73
55 -73
55 -72
55 -72
55 -72
55 -72
55 -73
55 -73
55 -72
55 -72
55 -72
55 -72
55 -72
55 -72
55 -72
55 -72
55 -72
55 -72
55 -72
55 -72
55 -72
55 -71
55 -73
55 -74
55 -75
55 -73
55 -74
55 -74
55 -74
55 -75
55 -75
55 -75
55 -75
55 -76
55 -75
55 -75
55 -74
55 -75
55 -74
55 -74
55 -73
55 -73
55 -73
55 -73
55 -73
55 -74
55 -73
55 -47
55 -74
55 -74
55 -74
55 -73
55 -47
55 -74
55 -74
55 -74
55 -74
55 -74
55 -73
55 -74
55 -74
55 -75
55 -74
55 -74
55 -74
55 -74
55 -74
55 -74
55 -74
55 -63
55 -74
55 -74
55 -73
55 -73
55 -73
55 -73
55 -73
55 -72
55 -74
55 -73
55 -73
55 -73
55 -73
55 -74
55 -74
55 -74
55 -74
55 -74
55 -74
55 -74
55 -74
55 -74
55 -74
55 -74
55 -74
55 -74
55 -73
55 -74
55 -74
55 -74
55 -74
55 -73
55 -72
55 -63
55 -74
55 -73
55 -73
55 -73
55 -73
55 -73
55 -72
55 -73
55 -72
55 -73
55 -73
55 -73
55 -73
55 -73
55 -73
55 -73
55 -73
55 -73
55 -73
55 -73
55 -73
55 -73
55 -73
55 -74
55 -74
55 -74
55 -74
55 -74
55 -74
55 -74
55 -74
55 -72
55 -74
55 -73
55 -74
55 -73
55 -73
55 -73
55 -74
55 -73
55 -73
55 -74
55 -73
55 -73
55 -73
55 -74
55 -74
55 -74
55 -73
55 -74
55 -74
55 -74
55 -74
55 -74
55 -74
55 -74
55 -74
55 -74
55 -74
55 -74
55 -75
55 -74
55 -73
55 -73
55 -74
55 -74
55 -74
55 -73
55 -73
55 -73
55 -72
55 -73
55 -73
55 -66
55 -73
55 -73
55 -73
55 -73
55 -73
55 -73
55 -74
55 -74
55 -73
55 -72
55 -72
55 -72
55 -72
55 -72
55 -73
55 -73
55 -72
55 -72
55 -72
55 -72
55 -72
55 -73
55 -73
55 -74
55 -74
55 -74
55 -74
55 -75
55 -75
55 -75
55 -75
55 -74
55 -74
55 -74
55 -73
55 -75
55 -75
55 -75
55 -77
55 -76
55 -76
55 -76
55 -76
55 -77
55 -76
55 -76
55 -76
55 -77
55 -76
55 -76
55 -76
55 -76
55 -76
55 -76
55 -76
55 -72
55 -76
55 -82
55 -76
55 -76
55 -76
55 -76
55 -76
55 -76
55 -76
55 -76
55 -76
55 -76
55 -76
55 -76
55 -76
55 -76
55 -76
55 -76
55 -76
55 -76
55 -76
55 -76
55 -76
55 -77
55 -76
55 -76
55 -76
55 -76
55 -76
55 -76
55 -76
55 -75
55 -76
55 -75
55 -76
56 -70
56 -73
56 -68
57 -78
60 -82
60 -86
60 -86
60 -87
