Timestamp Beacon Rssi
0.2776 30 -81
0.507754 5 -76
0.665215 21 -77
0.67709 8 -80
0.708892 1 -82
0.766036 2 -79
0.823695 4 -77
0.883472 55 -72
0.936257 53 -78
1.123155 3 -75
1.278593 30 -81
1.515821 5 -76
1.769596 2 -79
1.832626 4 -80
1.885473 55 -72
1.944669 53 -78
2.127587 3 -72
2.283156 30 -81
2.546893 28 -82
2.581325 26 -81
2.670166 21 -78
2.692017 8 -80
2.834019 4 -79
2.945055 53 -77
3.130248 3 -71
3.29306 30 -82
3.365625 27 -82
3.526064 5 -76
3.6787 21 -79
3.69292 8 -78
3.891338 55 -75
4.139593 3 -71
4.372687 27 -81
4.526075 5 -77
4.693853 8 -77
4.724677 1 -77
4.948573 53 -78
5.142682 3 -72
5.685696 21 -81
5.700005 8 -77
5.733109 1 -77
5.906235 55 -76
5.952255 53 -77
6.38431 27 -79
6.538608 5 -78
6.740443 1 -78
6.915041 55 -76
6.952579 53 -77
7.156671 3 -70
7.386733 27 -81
7.71011 8 -79
7.747196 1 -78
7.924855 55 -75
7.959374 53 -78
8.161072 3 -70
8.539428 46 -81
8.550866 5 -76
8.75273 1 -79
8.930213 55 -74
8.968518 53 -79
9.163062 3 -72
9.425331 20 -82
9.559695 5 -75
9.704388 21 -80
9.725251 8 -79
9.973054 53 -80
10.171888 3 -75
10.76642 1 -78
10.810293 2 -78
10.871319 4 -60
11.178577 3 -68
11.415135 27 -79
11.419527 6 -73
11.56405 5 -78
11.591516 28 -76
11.748363 29 -80
11.772075 1 -78
11.88147 4 -64
11.937987 55 -74
11.986551 53 -78
12.042242 31 -82
12.087342 9 -78
12.184809 3 -71
12.42024 6 -73
12.567289 46 -81
12.56998 5 -60
12.701183 50 -85
12.717903 21 -80
12.756459 29 -75
12.889364 4 -67
12.945298 55 -76
12.994719 53 -79
13.087995 9 -79
13.344768 30 -76
13.420495 6 -79
13.421198 16 -82
13.433562 27 -84
13.443593 20 -69
13.536046 10 -81
13.570143 5 -55
13.757108 29 -75
13.895639 4 -80
13.89743 44 -75
13.946384 55 -76
14.00255 53 -72
14.043266 31 -78
14.399787 11 -79
14.426945 6 -64
14.451539 20 -76
14.575677 5 -68
14.673247 34 -84
14.748074 8 -76
14.765723 29 -75
14.821141 56 -80
14.898375 4 -79
14.899518 44 -77
15.049195 31 -78
15.197584 3 -82
15.224686 54 -74
15.312064 60 -79
15.43489 6 -62
15.453197 20 -82
15.577732 5 -71
15.750899 8 -69
15.770369 29 -76
15.900257 4 -79
15.962562 55 -71
16.012334 19 -72
16.094987 9 -74
16.147804 12 -79
16.202992 3 -80
16.314823 60 -76
16.360056 52 -79
16.406787 17 -86
16.444697 6 -54
16.625535 28 -85
16.752137 8 -76
16.779319 29 -74
16.841534 2 -82
16.964655 55 -74
17.017139 19 -76
17.055285 31 -75
17.102047 9 -83
17.237183 54 -85
17.317308 60 -69
17.362228 30 -76
17.368587 52 -78
17.446996 6 -66
17.504631 57 -78
17.595788 5 -75
17.759387 8 -72
17.968976 55 -70
18.10922 32 -81
18.318816 60 -63
18.362581 30 -52
18.443401 16 -80
18.449509 6 -70
18.596042 5 -52
18.76206 8 -68
18.970214 55 -73
19.011279 18 -74
19.02736 19 -78
19.063938 31 -76
19.109272 9 -72
19.118022 32 -72
19.320599 60 -58
19.445003 16 -58
19.455989 6 -81
19.76342 8 -68
19.849096 56 -78
20.012845 18 -75
20.030059 19 -81
20.06416 31 -78
20.097683 59 -83
20.118865 9 -71
20.126396 32 -73
20.329767 60 -69
20.379702 30 -75
20.426485 17 -80
20.463721 6 -76
20.577821 10 -55
20.766733 8 -59
20.831837 15 -81
20.849291 56 -78
21.06606 31 -75
21.109591 36 -83
21.122782 9 -79
21.134221 32 -73
21.158408 12 -78
21.337928 60 -68
21.442607 11 -83
21.468736 6 -76
21.770443 8 -61
21.85321 56 -81
21.990681 55 -78
22.075742 31 -80
22.130026 9 -73
22.136125 32 -76
22.1584 12 -78
22.222042 3 -79
22.338856 60 -73
22.395725 30 -72
22.444063 11 -76
22.473935 6 -75
22.593358 10 -72
22.661427 28 -82
22.7722 8 -68
22.854077 56 -78
22.872163 2 -61
22.937749 4 -82
22.996924 55 -63
23.142821 32 -77
23.346407 60 -76
23.450955 16 -83
23.473946 6 -82
23.497634 40 -81
23.547068 33 -79
23.60076 10 -82
23.633048 5 -80
23.778076 8 -70
23.815143 29 -83
24.091994 31 -82
24.145825 32 -77
24.352675 60 -75
24.55294 33 -78
24.601784 10 -81
24.879525 2 -78
25.012584 55 -78
25.144341 9 -72
25.408256 30 -79
25.787846 8 -72
25.881222 2 -78
26.152226 9 -71
26.289101 54 -81
26.411904 30 -79
26.556784 57 -62
26.643455 5 -79
26.67502 28 -84
26.789359 8 -72
26.885788 2 -77
27.020645 55 -79
27.154129 9 -72
27.295273 54 -79
27.366599 60 -72
27.41787 30 -78
27.610044 10 -77
27.79493 8 -72
27.84394 1 -83
27.877545 56 -83
27.889041 2 -77
27.931636 7 -85
28.020876 55 -78
28.104478 31 -82
28.152584 9 -71
28.173431 32 -82
28.303643 54 -80
28.373295 60 -71
28.419657 30 -78
28.462951 17 -81
28.618667 10 -77
28.650921 5 -78
28.797755 8 -72
28.893516 2 -77
28.937934 7 -85
29.030933 55 -78
29.161499 9 -70
29.1797 32 -79
29.245797 3 -84
29.374681 60 -72
29.425624 30 -79
29.463916 17 -80
29.579528 57 -86
29.620759 10 -78
29.65676 5 -76
29.730803 26 -83
29.800427 8 -75
29.862085 1 -82
29.887702 56 -78
29.898081 2 -78
29.941028 7 -86
30.080152 19 -83
30.161365 9 -70
30.188959 32 -79
30.311074 54 -82
30.377959 60 -74
30.467292 17 -77
30.485334 16 -83
30.519673 6 -78
30.665558 5 -71
30.734202 26 -85
30.809691 8 -64
30.867465 1 -81
30.895984 56 -80
30.901823 2 -82
31.039177 55 -77
31.113505 31 -80
31.164329 9 -70
31.193122 32 -73
31.250601 3 -77
31.378399 60 -74
31.47378 17 -80
31.4818 11 -82
31.523742 6 -76
31.630986 10 -81
31.671123 5 -78
31.817795 8 -58
32.06617 18 -84
32.091002 42 -80
32.164744 9 -70
32.195392 32 -78
32.317894 54 -80
32.385095 60 -76
32.457892 41 -84
32.488629 16 -78
32.489452 11 -79
32.524913 6 -80
32.594055 33 -78
32.818209 8 -60
32.88862 15 -83
32.904737 56 -78
33.045986 55 -76
33.126369 31 -83
33.173024 9 -64
33.205261 32 -75
33.231749 12 -78
33.240437 35 -79
33.38999 60 -82
33.440306 30 -76
33.495999 16 -70
33.498629 11 -84
33.526632 6 -80
33.643379 10 -75
33.818593 8 -74
34.049452 55 -75
34.159521 36 -76
34.183167 9 -56
34.206067 32 -78
34.246521 35 -82
34.46381 41 -75
34.599665 33 -78
34.650598 10 -62
34.779542 34 -82
34.920569 56 -81
35.051392 55 -77
35.191021 9 -64
35.215906 32 -72
35.248637 12 -76
35.251384 35 -70
35.281904 3 -84
35.359098 13 -81
35.402802 60 -85
35.405007 58 -82
35.446808 30 -84
35.506486 11 -77
35.510068 16 -77
35.600135 33 -77
35.625032 57 -82
35.658061 10 -58
35.785475 34 -86
35.828271 8 -77
35.895758 15 -70
36.169366 36 -78
36.198234 9 -81
36.218604 32 -78
36.252228 12 -73
36.257987 35 -78
36.406965 60 -84
36.51078 11 -67
36.60735 33 -79
36.659024 10 -58
36.79339 34 -78
36.905603 15 -78
37.057622 55 -83
37.252554 12 -68
37.2587 35 -72
37.515807 11 -65
37.610994 33 -76
37.66902 10 -64
37.797217 34 -74
37.976766 7 -81
38.062857 55 -82
38.182599 36 -82
38.187218 59 -82
38.256847 12 -68
38.261549 35 -77
38.518973 11 -58
38.781197 37 -82
38.804797 34 -57
39.186546 36 -76
39.258944 12 -74
39.268304 35 -82
39.528852 11 -55
39.838837 8 -80
39.915091 15 -82
40.216191 9 -78
40.259361 12 -74
40.53748 11 -64
40.65309 14 -66
40.680881 10 -82
40.822431 34 -70
40.993555 7 -81
41.075238 55 -76
41.199695 59 -72
41.205455 36 -72
41.264845 12 -61
41.284439 35 -82
41.690022 10 -76
41.826593 34 -72
41.853642 8 -82
41.95404 56 -81
41.997015 7 -77
42.082732 55 -76
42.215504 36 -77
42.274753 12 -59
42.394017 13 -74
42.530987 16 -80
42.663238 14 -79
42.792486 37 -83
42.833624 34 -76
43.006975 7 -74
43.127816 38 -73
43.204838 59 -80
43.224668 36 -79
43.279626 12 -68
43.399005 13 -78
43.455001 58 -78
43.555612 11 -78
43.702018 10 -83
43.796132 37 -78
43.837085 34 -73
43.933754 15 -83
44.016141 7 -74
44.231117 36 -82
44.240282 9 -81
44.286605 12 -67
44.40314 13 -78
44.456386 58 -76
44.556916 11 -78
44.671768 14 -81
44.705361 10 -82
44.878961 8 -79
45.235674 36 -68
45.288243 12 -76
45.412919 13 -71
45.560906 11 -83
45.709864 10 -76
45.8419 34 -82
45.969836 56 -82
46.01946 7 -81
46.103217 55 -81
46.149226 38 -86
46.242305 36 -66
46.254769 9 -76
46.306375 35 -76
46.395849 54 -80
46.419555 13 -81
46.446336 60 -80
46.471578 58 -81
46.649558 33 -81
46.89346 8 -83
46.974181 56 -80
47.028688 7 -76
47.219946 59 -77
47.251836 36 -72
47.260853 9 -77
47.295151 12 -69
47.574194 11 -72
47.64177 40 -84
47.71771 10 -75
47.85108 34 -80
47.949608 15 -79
48.028974 7 -73
48.256057 36 -70
48.266204 9 -82
48.278444 32 -81
48.301611 12 -77
48.309052 35 -82
48.423276 13 -74
48.483535 58 -73
48.565868 16 -85
48.699703 57 -76
48.851367 34 -77
48.980462 56 -81
49.037042 7 -77
49.257226 36 -71
49.307034 12 -76
49.425701 13 -75
49.491542 58 -73
49.553251 41 -83
49.576344 11 -82
49.690241 14 -81
49.704515 57 -75
49.726319 10 -77
49.839615 37 -84
49.853729 34 -78
49.962403 15 -79
50.263156 36 -76
50.281057 9 -76
50.308733 12 -77
50.325736 35 -82
50.433253 13 -75
50.4954 58 -74
50.57661 11 -79
50.699587 14 -79
50.713508 57 -76
50.735918 10 -72
50.860637 34 -79
50.991442 56 -78
51.23655 59 -77
51.265515 36 -76
51.283571 9 -74
51.285438 32 -80
51.315498 12 -81
51.436135 13 -76
51.498403 58 -76
51.586459 11 -79
51.70405 14 -79
51.716702 57 -76
51.744937 10 -73
51.848921 37 -80
51.869621 34 -80
51.930226 8 -83
51.976357 15 -78
51.996236 39 -83
52.000151 56 -80
52.05615 7 -75
52.240037 59 -76
52.272421 36 -76
52.288555 9 -75
52.294544 32 -81
52.322141 12 -84
52.43676 13 -74
52.501131 58 -76
52.562509 41 -82
52.595514 11 -80
52.708697 14 -80
52.724169 57 -76
52.751515 10 -74
52.877721 34 -78
52.931983 8 -84
52.984402 15 -78
53.008494 56 -80
53.062784 7 -76
53.240015 59 -79
53.280762 36 -74
53.292534 9 -76
53.301454 32 -81
53.327655 12 -79
53.444037 13 -72
53.50743 58 -74
53.592188 16 -83
53.599625 11 -82
53.729439 57 -76
53.755956 10 -75
53.886766 34 -77
53.994156 15 -77
54.013328 56 -80
54.072774 7 -79
54.241915 59 -80
54.288095 36 -74
54.296298 9 -76
54.309431 32 -81
54.330544 12 -78
54.444723 13 -72
54.514644 58 -74
54.569251 41 -83
54.717074 14 -82
54.736936 57 -76
54.760978 10 -74
54.856807 37 -83
54.896909 34 -77
54.938761 8 -86
55.000065 15 -77
55.018406 56 -80
55.074799 7 -77
55.250559 59 -80
55.297595 36 -74
55.303388 9 -76
55.316859 32 -81
55.355362 35 -84
55.446324 13 -72
55.522316 58 -74
55.570088 41 -83
55.602319 16 -83
55.745685 57 -75
55.770058 10 -76
55.898508 34 -77
56.008965 15 -77
56.026261 56 -81
56.077893 7 -84
56.256946 59 -84
56.302976 36 -72
56.303857 9 -76
56.319434 32 -84
56.343006 12 -76
56.36233 35 -83
56.45357 13 -72
56.528523 58 -78
56.573673 41 -83
56.605203 16 -84
56.729999 14 -80
56.752907 57 -67
56.775476 10 -76
56.90673 34 -78
57.013897 15 -83
57.032425 39 -83
57.084985 7 -78
57.220478 38 -80
57.263088 59 -81
57.309422 9 -75
57.312293 36 -72
57.344339 12 -78
57.463166 13 -80
57.582567 41 -79
57.622356 11 -78
57.686243 40 -81
57.732113 14 -78
57.762083 57 -77
57.776408 10 -81
57.907169 34 -79
58.035715 56 -83
58.038448 39 -80
58.087895 7 -75
58.271915 59 -74
58.317489 9 -86
58.322579 36 -72
58.351318 12 -68
58.533613 58 -84
58.559691 30 -79
58.585236 41 -82
58.632266 11 -75
58.737949 14 -76
58.769641 57 -82
58.781308 10 -84
58.949602 8 -84
59.037771 56 -82
59.039375 39 -84
59.091691 7 -80
59.158919 55 -76
59.328394 36 -69
59.36086 12 -75
59.382901 35 -75
59.473509 13 -75
59.543696 58 -80
59.616754 16 -76
59.641626 11 -81
59.743724 14 -76
59.782179 10 -80
59.882301 37 -78
60.030098 15 -78
60.040957 56 -78
60.096188 7 -79
60.165925 55 -80
60.282642 59 -74
60.330103 32 -82
60.333255 36 -74
60.365641 12 -75
60.474011 13 -66
60.549323 58 -74
60.589096 17 -85
60.600553 41 -79
60.749012 14 -77
60.788665 10 -85
61.035824 15 -76
61.104042 7 -80
61.17473 55 -79
61.287808 59 -76
61.335645 36 -76
61.365815 12 -67
61.395648 35 -77
61.476589 13 -60
61.584718 52 -85
61.658179 11 -80
61.725669 33 -78
61.758968 14 -75
61.772908 57 -76
61.791764 10 -84
61.92333 34 -75
62.04626 56 -75
62.112202 7 -75
62.18143 55 -84
62.216628 18 -78
62.239942 42 -78
62.250221 38 -80
62.295109 59 -70
62.345816 36 -70
62.367636 12 -64
62.4675 54 -79
62.483438 13 -73
62.564911 58 -75
62.638984 16 -79
62.658323 11 -80
62.766819 14 -66
62.903676 37 -82
62.929018 34 -76
63.049095 39 -83
63.050022 15 -74
63.182637 55 -82
63.298261 59 -69
63.338379 32 -77
63.35022 36 -79
63.370403 12 -76
63.566785 58 -75
63.586961 30 -84
63.60862 41 -81
63.771984 14 -52
63.780426 57 -83
63.80257 10 -82
63.862904 28 -84
63.931411 34 -74
63.97169 8 -85
64.057457 15 -70
64.058291 39 -76
64.183601 55 -78
64.232879 18 -80
64.247849 42 -80
64.253641 38 -80
64.261576 19 -85
64.308004 59 -80
64.34538 32 -79
64.376313 12 -82
64.407674 35 -78
64.494941 13 -80
64.57174 58 -75
64.617545 41 -76
64.669506 11 -68
64.776631 14 -69
64.940608 34 -70
65.055513 56 -75
65.058208 15 -72
65.125999 7 -78
65.193597 55 -67
65.25284 42 -84
65.261347 38 -79
65.262353 19 -84
65.314512 59 -69
65.347131 32 -77
65.38079 12 -79
65.412232 35 -68
65.577002 58 -82
65.616256 17 -83
65.627507 41 -79
65.653128 16 -81
65.669589 11 -72
65.747569 33 -76
65.783535 14 -81
65.79127 57 -78
65.815847 10 -78
65.943916 34 -77
65.975202 8 -83
66.058119 56 -73
66.059936 15 -58
66.073023 39 -78
66.196269 55 -80
66.320104 59 -76
66.322429 31 -81
66.348639 32 -79
66.371925 9 -83
66.418773 35 -66
66.494445 54 -82
66.582415 58 -72
66.621463 17 -78
66.630328 41 -77
66.655829 16 -62
66.673975 11 -79
66.949177 34 -81
67.06847 15 -56
67.130386 7 -79
67.200833 55 -80
67.266301 42 -81
67.27087 38 -83
67.323012 59 -76
67.330585 31 -81
67.349323 32 -78
67.375189 36 -76
67.376117 9 -78
67.422171 35 -72
67.517779 13 -80
67.586608 58 -75
67.636964 41 -81
67.656881 16 -75
67.701511 6 -85
67.757114 33 -78
67.807607 57 -72
67.821923 10 -83
67.951081 34 -78
68.066535 56 -70
68.078529 15 -70
68.208265 55 -74
68.272787 42 -79
68.274151 38 -87
68.323844 59 -78
68.340541 31 -81
68.357879 32 -72
68.382139 9 -80
68.507582 54 -79
68.527649 13 -82
68.596355 58 -72
68.615207 30 -74
68.637612 17 -78
68.657506 16 -51
68.685737 11 -86
68.733656 40 -80
68.761521 33 -70
68.960431 34 -81
68.994631 8 -76
69.008766 21 -81
69.075397 56 -76
69.087398 15 -76
69.148383 7 -83
69.215607 55 -77
69.255137 18 -81
69.330077 59 -83
69.358899 32 -71
69.390542 9 -65
69.434704 35 -78
69.597619 58 -70
69.623859 30 -76
69.647673 41 -76
69.66628 16 -69
69.73745 40 -78
69.761991 33 -72
69.806271 14 -79
69.822449 57 -70
70.076233 56 -70
70.088699 15 -73
70.095102 39 -80
70.156787 7 -82
70.216417 55 -69
70.261127 18 -78
70.265579 53 -81
70.281396 42 -78
70.287489 38 -81
70.353465 31 -79
70.365197 32 -76
70.440941 35 -76
70.518613 54 -82
70.606816 58 -79
70.646713 17 -67
70.64787 41 -72
70.675755 16 -76
70.745547 40 -72
70.763804 33 -78
70.807805 14 -84
70.823202 57 -77
71.083142 56 -73
71.093753 15 -80
71.218661 55 -69
71.264553 18 -78
71.346633 59 -78
71.362231 31 -81
71.610856 58 -72
71.632344 30 -76
71.650355 41 -77
71.652865 17 -72
71.685535 16 -81
71.754407 40 -75
71.767967 33 -74
72.091637 56 -79
72.097861 15 -76
72.105836 39 -79
72.22408 55 -69
72.350334 59 -80
72.368853 32 -69
72.399863 36 -76
72.642003 30 -77
72.653128 17 -71
72.688358 16 -81
72.757408 40 -79
72.772495 33 -74
72.8149 14 -82
72.882122 5 -83
73.015298 8 -86
73.072366 29 -77
73.100993 15 -75
73.105939 39 -80
73.2284 55 -68
73.281351 53 -76
73.353333 59 -79
73.376616 32 -72
73.404023 36 -76
73.617625 58 -73
73.643606 30 -69
73.657266 17 -73
73.766512 40 -76
73.782547 33 -73
73.907318 28 -81
74.074815 29 -77
74.100724 56 -78
74.10379 15 -76
74.10653 39 -82
74.23391 55 -69
74.377727 32 -74
74.412455 36 -76
74.627616 58 -72
74.651006 30 -78
74.661862 17 -73
74.66596 41 -76
74.695194 16 -83
74.767987 40 -76
74.786832 33 -73
75.0758 29 -77
75.102201 56 -78
75.104785 15 -76
75.289293 53 -81
75.367539 59 -80
75.381798 32 -70
75.630466 58 -73
75.666183 17 -72
75.670826 41 -77
75.701312 16 -82
75.796671 33 -74
75.834119 14 -81
75.920675 28 -83
76.08066 29 -78
76.104502 56 -80
76.11283 15 -75
76.235806 55 -68
76.375786 59 -78
76.391789 32 -68
76.422056 36 -76
76.667853 30 -79
76.669946 52 -72
76.705629 16 -82
76.735934 6 -85
76.774019 40 -77
76.800376 33 -76
76.906635 5 -83
76.995805 34 -83
77.085306 29 -81
77.106467 56 -77
77.113337 15 -77
77.24571 55 -70
77.295282 53 -83
77.401841 32 -70
77.470954 35 -76
77.564274 13 -83
77.643094 58 -75
77.706865 16 -75
77.774884 40 -61
77.805301 33 -76
77.841276 14 -79
77.8466 57 -66
78.001584 34 -78
78.254424 55 -67
78.3212 42 -80
78.395855 31 -82
78.411191 32 -76
78.681649 17 -66
78.708956 16 -73
78.808426 33 -70
78.835597 43 -81
78.848851 14 -78
78.853426 57 -79
78.938344 28 -83
79.004495 34 -83
79.049364 8 -83
79.118972 56 -69
79.188718 7 -84
79.262772 55 -70
79.297455 18 -72
79.402454 31 -82
79.415537 32 -75
79.571687 54 -81
79.688259 17 -55
79.701184 41 -80
79.716203 16 -68
79.815091 33 -80
79.857139 57 -73
80.12582 56 -78
80.13024 15 -82
80.267611 55 -67
80.305703 18 -82
80.425619 32 -72
80.428593 9 -71
80.491768 35 -81
80.680275 30 -75
80.695327 17 -54
80.707179 41 -74
80.719148 16 -78
80.862195 57 -80
80.929744 5 -86
81.061544 8 -79
81.128121 56 -72
81.272694 55 -62
81.328361 42 -79
81.411656 31 -75
81.428103 32 -64
81.581772 54 -84
81.680962 30 -73
81.716287 41 -78
81.719193 16 -81
82.064521 8 -66
82.280553 55 -67
82.314386 18 -68
82.321407 53 -73
82.331674 42 -79
82.40306 51 -82
82.430526 32 -72
82.583885 54 -70
82.681558 30 -78
82.703481 17 -80
82.956665 28 -82
83.073265 8 -69
83.137178 56 -73
83.322786 18 -58
83.372606 19 -72
83.439571 32 -74
83.443517 9 -82
83.654826 60 -75
83.676063 58 -81
83.688135 30 -67
83.77287 6 -76
83.784949 27 -81
83.80659 40 -82
83.946773 23 -81
83.960062 28 -80
84.075968 8 -80
84.289986 55 -70
84.329165 53 -77
84.330423 18 -58
84.379119 19 -82
84.429226 31 -71
84.448311 32 -76
84.662743 60 -71
84.691233 30 -68
84.712125 52 -76
84.843654 33 -79
85.079799 8 -82
85.292078 55 -66
85.330222 53 -74
85.339525 18 -76
85.420208 51 -78
85.436954 31 -75
85.452748 32 -72
85.607099 54 -75
85.665898 60 -70
85.700831 30 -72
85.715528 52 -82
85.853072 43 -78
86.022707 26 -79
86.119427 21 -76
86.123034 29 -77
86.295269 55 -70
86.388178 19 -52
86.438641 31 -76
86.615773 54 -70
86.667559 60 -79
86.70164 30 -76
86.725675 52 -72
86.792736 6 -70
86.950286 46 -81
86.974619 28 -74
87.097502 8 -84
87.124755 21 -76
87.223409 44 -75
87.299101 55 -72
87.341948 53 -70
87.395424 19 -57
87.44167 31 -70
87.623654 54 -70
87.727004 52 -75
87.744018 41 -81
87.802054 6 -74
87.807702 27 -75
87.816619 20 -70
87.978749 28 -79
88.079371 47 -82
88.231142 44 -74
88.300582 55 -70
88.3499 53 -74
88.404714 19 -71
88.447537 31 -72
88.628117 54 -71
88.731018 52 -70
88.819193 20 -65
88.97169 5 -78
88.988708 28 -74
89.042301 26 -82
89.117223 50 -78
89.134374 21 -76
89.301027 55 -68
89.350713 53 -70
89.371279 42 -81
89.43991 51 -80
89.447728 31 -70
89.634654 54 -75
89.66812 49 -83
89.737411 52 -76
89.827077 20 -55
89.876512 43 -81
89.971852 5 -68
89.98781 23 -80
89.996622 28 -73
90.049788 26 -82
90.117485 50 -76
90.138263 29 -73
90.140953 21 -76
90.306598 55 -73
90.418473 19 -75
90.449359 51 -73
90.456097 31 -75
90.480609 32 -78
90.617485 25 -76
90.642596 54 -72
90.709625 22 -79
90.745636 52 -72
90.830199 27 -68
90.837219 20 -74
90.975311 5 -76
91.147334 29 -65
91.149516 21 -66
91.248331 44 -76
91.264476 4 -81
91.309819 55 -75
91.357159 53 -75
91.456563 31 -78
91.623058 25 -80
91.651819 54 -76
91.719785 30 -76
91.752427 52 -74
91.756451 16 -77
91.838877 20 -77
91.889147 43 -80
92.159392 21 -68
92.254661 44 -75
92.31243 55 -68
92.359528 53 -66
92.381177 18 -75
92.428967 19 -74
92.462918 31 -72
92.467831 51 -77
92.495281 32 -78
92.653505 54 -78
92.733126 45 -76
92.748811 52 -68
93.012369 28 -78
93.013669 23 -76
93.163584 29 -72
93.165849 21 -69
93.26337 44 -70
93.317726 55 -68
93.364612 53 -66
93.381552 18 -76
93.429896 19 -75
93.468785 31 -76
93.47313 51 -79
93.656686 54 -74
93.759684 52 -48
93.844543 20 -78
93.991858 46 -84
94.020671 23 -76
94.022114 28 -81
94.172716 29 -72
94.174015 21 -72
94.269364 44 -70
94.320886 55 -67
94.374488 53 -67
94.387999 18 -76
94.436562 19 -74
94.508611 32 -76
94.737962 45 -78
94.771266 17 -81
95.026976 28 -75
95.028375 23 -76
95.180567 29 -72
95.273283 44 -72
95.329753 55 -69
95.378749 53 -66
95.394355 18 -74
95.444265 19 -72
95.483845 31 -76
95.511033 32 -76
95.663628 54 -77
95.743218 45 -76
95.770031 52 -47
95.771312 16 -80
95.915119 43 -80
96.032144 28 -76
96.036995 23 -75
96.180491 21 -69
96.181795 29 -72
96.277355 44 -73
96.332456 55 -69
96.387526 53 -67
96.39714 18 -75
96.444462 19 -72
96.517912 32 -76
96.663879 54 -78
96.708299 49 -82
96.726832 22 -84
96.745406 30 -82
96.749328 45 -76
96.773005 16 -79
96.777896 52 -69
96.781435 17 -81
96.858368 20 -82
96.869425 27 -82
96.91547 43 -80
97.00014 46 -83
97.040668 28 -75
97.043203 23 -75
97.18339 29 -72
97.187345 21 -70
97.280541 44 -76
97.336561 55 -69
97.400627 18 -75
97.449144 19 -72
97.494115 31 -75
97.520854 32 -76
97.667427 54 -81
97.715337 49 -81
97.750549 30 -83
97.758247 45 -77
97.773539 16 -80
97.781483 17 -81
97.786883 52 -70
97.861308 20 -82
97.878562 27 -79
97.916585 43 -82
98.046904 28 -76
98.048283 23 -76
98.187973 21 -70
98.18944 29 -72
98.289495 44 -74
98.346466 55 -68
98.397032 42 -85
98.401551 18 -75
98.403127 53 -67
98.457305 19 -73
98.502484 31 -75
98.524619 32 -77
98.65914 25 -83
98.668197 54 -78
98.761153 45 -78
98.782709 16 -81
98.794101 52 -70
98.863699 20 -81
99.054695 28 -78
99.057056 23 -76
99.18961 21 -70
99.19073 29 -71
99.28822 4 -84
99.291583 44 -74
99.317489 48 -85
99.35521 55 -68
99.406991 18 -76
99.410348 53 -67
99.466809 19 -73
99.511494 31 -75
99.526737 32 -78
99.670005 54 -80
99.718917 49 -82
99.760162 30 -84
99.770224 45 -78
99.787715 17 -82
99.799397 52 -70
99.894607 27 -79
99.928518 43 -82
100.059741 28 -76
100.064455 23 -76
100.192008 21 -69
100.301605 44 -76
100.359927 55 -69
100.411424 18 -75
100.415799 53 -61
100.473933 19 -72
100.517483 31 -76
100.533798 32 -76
100.72263 49 -82
100.757956 22 -59
100.762192 30 -81
100.775083 45 -76
100.787856 17 -81
100.794213 16 -78
100.803471 52 -70
100.871775 20 -79
100.903102 27 -82
100.931983 43 -79
100.980397 14 -85
101.060362 28 -76
101.194926 21 -70
101.19749 29 -70
101.294393 4 -85
101.301801 44 -75
101.365132 55 -69
101.41601 18 -76
101.416855 53 -67
101.475594 19 -74
101.518712 31 -77
101.538266 32 -78
101.677435 54 -73
101.763826 30 -75
101.781499 45 -82
101.806844 52 -84
101.809882 41 -82
101.878774 20 -77
101.904824 27 -83
101.93325 43 -78
102.064492 28 -74
102.075926 23 -78
102.109335 26 -80
102.19768 29 -66
102.201352 21 -64
102.30276 44 -71
102.418461 53 -72
102.519696 31 -81
102.679945 54 -73
102.682928 25 -81
102.768053 30 -77
102.802452 16 -80
102.814947 52 -74
102.886871 20 -81
102.912221 27 -84
103.071277 28 -73
103.080121 23 -85
103.111055 26 -81
103.204981 29 -64
103.210984 21 -67
103.310158 44 -72
103.374717 55 -64
103.424113 18 -78
103.428153 53 -76
103.48743 19 -76
103.520253 31 -81
103.683156 54 -77
103.729952 49 -82
103.776554 22 -76
103.792712 45 -76
103.816763 52 -75
103.893046 20 -81
104.042292 46 -86
104.047547 5 -75
104.071745 28 -76
104.117932 26 -76
104.179623 50 -81
104.20563 29 -78
104.216342 21 -60
104.314351 44 -72
104.33388 48 -81
104.375192 55 -76
104.431285 53 -68
104.492357 19 -80
104.555666 32 -82
104.731132 49 -76
104.777636 22 -82
104.816993 52 -67
104.897847 20 -78
104.921217 27 -76
105.222098 21 -52
105.241441 56 -85
105.309362 4 -73
105.379512 55 -78
105.435454 53 -75
105.559484 51 -78
105.686345 54 -75
105.696169 25 -83
105.740307 49 -78
105.782014 22 -76
105.823051 52 -76
105.824127 41 -81
105.923366 27 -76
106.083428 23 -76
106.085345 28 -61
106.166298 24 -78
106.314569 4 -70
106.385907 55 -74
106.564082 51 -76
106.810495 45 -79
106.875914 6 -85
107.061988 46 -76
107.087562 23 -64
107.091825 28 -75
107.143111 26 -76
107.232144 21 -83
107.322431 4 -63
107.446325 53 -79
107.564468 51 -78
107.704386 25 -78
107.751882 49 -82
107.834587 52 -78
107.936725 27 -81
108.068868 46 -78
108.090933 23 -54
108.147546 26 -78
108.189491 50 -78
108.233566 21 -79
108.399673 55 -75
108.54791 31 -84
108.566501 51 -73
108.66327 3 -72
108.701411 54 -80
108.755045 49 -81
108.797194 22 -74
108.841835 52 -83
108.941529 27 -69
109.077366 46 -83
109.177275 24 -76
109.191523 50 -72
109.330947 2 -82
109.343192 44 -68
109.402376 55 -75
109.576195 51 -76
109.664283 3 -65
109.707583 54 -83
109.709673 25 -75
109.762267 49 -81
109.801847 22 -63
109.846154 52 -84
109.950452 27 -81
110.080463 46 -79
110.105792 23 -78
110.161636 26 -78
110.17837 47 -83
110.200482 50 -81
110.236166 21 -78
110.334505 2 -72
110.35303 44 -76
110.362466 48 -76
110.46402 53 -76
110.586376 51 -78
110.674358 3 -71
110.71723 25 -77
110.764393 49 -75
110.801923 22 -57
110.850351 52 -75
111.111519 28 -84
111.167049 26 -66
111.190522 24 -79
111.210448 50 -69
111.244119 21 -79
111.251795 29 -83
111.342336 2 -68
111.354356 44 -84
111.410435 55 -74
111.469562 53 -82
111.772469 49 -68
111.810024 22 -78
111.855708 52 -79
112.167975 26 -69
112.19649 24 -66
112.275675 1 -82
112.346931 2 -66
112.777647 49 -78
112.956104 27 -78
113.11154 23 -79
113.195501 24 -58
113.201604 47 -76
113.279316 1 -70
113.377506 48 -85
113.737184 25 -68
113.81756 22 -86
113.866328 52 -79
113.960327 27 -81
114.104231 46 -80
114.208515 47 -78
114.223136 50 -74
114.259859 21 -84
114.382347 48 -82
114.743275 25 -76
114.783759 49 -74
114.970105 27 -81
115.199502 24 -81
115.215731 47 -81
115.231515 50 -83
115.260336 21 -84
115.286352 1 -76
115.387798 48 -83
115.746499 25 -79
115.827598 22 -84
115.974419 27 -84
116.215989 47 -84
116.432126 55 -80
116.750333 25 -80
116.791642 49 -77
117.125941 46 -80
117.13601 23 -79
117.402118 48 -79
117.436049 55 -67
118.227949 47 -77
118.246675 50 -76
118.44043 55 -73
118.737982 54 -86
118.847722 22 -80
118.887739 52 -81
118.990447 27 -78
119.199697 26 -78
119.416102 48 -78
119.441637 55 -70
119.807876 49 -82
119.911566 41 -85
120.220211 24 -79
120.312182 1 -83
120.42256 48 -76
120.451785 55 -70
120.522525 53 -78
121.208264 26 -79
121.242181 47 -79
121.264244 50 -75
121.375904 2 -85
121.428988 48 -77
121.454915 55 -70
122.153569 46 -86
122.272533 50 -74
122.297847 21 -82
122.460273 55 -70
123.231622 24 -83
123.25051 47 -78
123.275388 50 -75
123.436105 48 -77
123.463127 55 -70
123.651634 51 -82
124.226576 26 -80
124.254338 47 -78
124.275498 50 -74
124.44055 48 -78
124.470621 55 -71
124.989574 20 -88
125.263721 47 -79
125.276828 50 -75
125.447496 48 -78
125.480403 55 -70
125.664277 51 -83
126.241795 26 -80
126.281942 50 -74
126.33613 1 -77
126.490582 55 -70
127.286385 50 -74
127.490782 55 -72
127.810478 25 -84
127.943849 52 -81
128.255122 26 -76
128.271758 47 -85
128.289607 50 -76
128.571625 53 -79
129.173841 46 -84
129.213811 23 -78
129.29228 50 -81
129.581623 53 -83
129.86685 49 -75
130.217609 23 -81
130.279812 47 -73
130.293518 50 -74
130.328022 21 -78
130.464131 48 -78
130.54029 42 -83
130.819446 25 -81
131.281779 47 -83
131.331916 21 -78
131.472542 48 -78
131.504307 55 -75
131.878364 49 -72
131.916755 22 -73
131.947757 45 -81
132.278711 24 -76
132.287805 47 -75
132.459812 44 -75
132.510458 55 -74
132.830684 25 -76
132.885739 49 -68
132.920188 22 -81
132.950389 45 -73
132.97002 52 -76
133.090445 43 -83
133.202187 46 -79
133.288311 24 -79
133.295356 47 -68
133.300774 50 -73
133.344159 21 -78
133.474442 48 -71
133.516395 55 -72
133.591438 18 -80
133.83229 25 -83
133.886583 49 -52
133.926733 22 -76
133.954547 45 -82
134.073756 27 -81
134.096838 43 -82
134.211906 46 -78
134.218258 28 -82
134.288847 24 -78
134.291075 26 -77
134.302237 47 -65
134.305003 50 -66
134.346039 21 -84
134.468718 44 -78
134.524682 55 -70
134.616627 53 -82
134.700036 51 -76
134.819029 54 -81
134.889624 49 -68
135.219 46 -76
135.239437 23 -76
135.29548 26 -69
135.305607 47 -75
135.350421 21 -81
135.475628 44 -81
135.480735 48 -75
135.560666 42 -78
135.602715 18 -83
135.623268 53 -78
135.708082 51 -82
135.892543 49 -80
135.941715 22 -70
135.978002 52 -70
136.078816 27 -75
136.226948 46 -72
136.302113 26 -70
136.308124 47 -76
136.319168 50 -51
136.351874 21 -73
136.380173 56 -84
136.475793 44 -76
136.488292 48 -73
136.529904 55 -78
136.630062 53 -74
136.657052 19 -80
136.836314 25 -84
136.901748 49 -76
136.944933 22 -74
136.960763 45 -71
136.980673 52 -77
137.02764 41 -85
137.085267 27 -77
137.229313 46 -71
137.24978 23 -82
137.304889 24 -79
137.311371 26 -84
137.317781 47 -70
137.328555 50 -63
137.482306 44 -76
137.489898 48 -80
137.666709 19 -80
137.720054 51 -76
137.830799 54 -79
137.908635 49 -80
137.949739 22 -79
137.964799 45 -75
137.990484 52 -73
138.048299 20 -77
138.085371 27 -72
138.117195 43 -78
138.310002 24 -80
138.320419 47 -83
138.355694 21 -64
138.483509 44 -83
138.495898 48 -76
138.543487 55 -77
138.566087 42 -78
138.637362 53 -66
138.696454 31 -80
138.725413 51 -55
138.835842 54 -80
138.914941 49 -82
138.969048 45 -74
138.993094 52 -66
139.087214 27 -82
139.242524 46 -70
139.252884 28 -76
139.26116 23 -78
139.316672 24 -83
139.327635 47 -81
139.341316 50 -78
139.364746 21 -78
139.502631 48 -85
139.551347 55 -76
139.569003 42 -77
139.642569 53 -70
139.677508 19 -82
139.72876 51 -57
139.80187 3 -84
139.921919 49 -79
139.953674 22 -79
139.971009 45 -79
140.000617 52 -66
140.043824 41 -84
140.055125 20 -79
140.122568 43 -80
140.25029 46 -72
140.253016 28 -73
140.270909 23 -78
140.374743 21 -77
140.397432 56 -82
140.489576 44 -71
140.645273 53 -64
140.731098 51 -68
140.816249 35 -79
140.849711 54 -72
141.058889 20 -76
141.129724 43 -84
141.271686 23 -78
141.345362 47 -83
141.380559 21 -76
141.403238 29 -80
141.494319 44 -66
141.508406 48 -82
141.557545 55 -69
141.652799 53 -67
141.691297 19 -72
141.716039 31 -79
141.741189 51 -70
141.974441 45 -75
142.062348 20 -76
142.257032 46 -71
142.275057 23 -79
142.330925 26 -79
142.356444 50 -78
142.389275 21 -74
142.403254 56 -81
142.498665 44 -79
142.517794 48 -78
142.566351 55 -70
142.639971 18 -82
142.662308 53 -78
142.691616 19 -80
142.748807 51 -82
142.820909 35 -76
142.967748 22 -78
142.979148 45 -77
143.015862 52 -67
143.060744 40 -80
143.276108 23 -74
143.33591 26 -84
143.338377 24 -85
143.397838 21 -80
143.519857 48 -76
143.567039 55 -72
143.648341 18 -81
143.750627 51 -76
143.859559 54 -72
143.973751 22 -78
144.024514 52 -70
144.068628 40 -81
144.072867 20 -81
144.272807 46 -78
144.277984 23 -78
144.352454 47 -85
144.515871 44 -75
144.526712 48 -75
144.569162 55 -76
144.596184 42 -83
144.657626 18 -82
144.760321 51 -74
144.867226 54 -72
144.978885 22 -77
145.025018 52 -70
145.077579 40 -83
145.275782 46 -78
145.280439 23 -79
145.365684 50 -83
145.523635 44 -72
145.529722 48 -75
145.569178 55 -75
145.662304 18 -83
145.688395 53 -83
145.764216 51 -71
145.868942 54 -72
145.947855 49 -83
145.985162 22 -77
146.034006 52 -70
146.078014 20 -82
146.134386 27 -82
146.149304 43 -81
146.278786 46 -77
146.281307 23 -79
146.529324 44 -72
146.533738 48 -75
146.57359 55 -74
146.600246 42 -84
146.669331 18 -83
146.696349 53 -83
146.770949 51 -72
146.877311 54 -72
146.986184 22 -77
147.043481 52 -68
147.279045 46 -76
147.362658 47 -83
147.534581 48 -75
147.538125 44 -72
147.581266 55 -72
147.602643 42 -84
147.676022 18 -83
147.775669 51 -72
147.886778 54 -72
147.994437 22 -78
148.048991 52 -68
148.092377 20 -81
148.280341 46 -77
148.295617 23 -79
148.536371 48 -75
148.547476 44 -71
148.581619 55 -72
148.610472 42 -83
148.775749 51 -70
148.894354 54 -72
149.002051 22 -78
149.032596 17 -85
149.056513 52 -68
149.100444 20 -81
149.161924 43 -82
149.285787 46 -77
149.305519 23 -80
149.380403 50 -81
149.53642 48 -75
149.58838 55 -71
149.613936 42 -82
149.77696 51 -70
149.901044 54 -72
150.005208 22 -78
150.059917 52 -68
150.160282 27 -82
150.162337 43 -81
150.290776 46 -77
150.305654 23 -79
150.382039 50 -80
150.533928 2 -84
150.539582 48 -75
150.560379 44 -71
150.588489 55 -70
150.785371 51 -70
150.906361 54 -74
150.980425 49 -82
151.01035 22 -80
151.068996 52 -64
151.108612 20 -79
151.164383 27 -78
151.169768 43 -80
151.294361 46 -76
151.313206 23 -82
151.383552 50 -78
151.421574 21 -78
151.547963 48 -72
151.59174 55 -69
151.697233 18 -81
151.71936 53 -70
151.754599 19 -83
151.79125 51 -72
151.913747 25 -82
151.91589 54 -73
151.98783 49 -73
152.012256 22 -83
152.071483 52 -58
152.11195 40 -83
152.171432 43 -78
152.320452 23 -80
152.383966 50 -78
152.428367 21 -76
152.467134 29 -78
152.566874 44 -70
152.598288 55 -64
152.623386 42 -78
152.70246 18 -80
152.727204 38 -82
152.729541 53 -73
152.762241 19 -84
152.797831 51 -73
152.919528 54 -74
153.021304 22 -84
153.034517 45 -75
153.078182 52 -59
153.113455 20 -81
153.16807 27 -80
153.177124 43 -80
153.313633 28 -82
153.39198 50 -76
153.43812 21 -75
153.47538 29 -74
153.559322 48 -78
153.56771 44 -73
153.600136 55 -75
153.624623 42 -83
153.738593 53 -57
153.770677 19 -76
153.787205 31 -79
153.799437 51 -76
153.876685 3 -85
153.923045 54 -70
154.061995 16 -81
154.083936 52 -81
154.087716 41 -78
154.31459 28 -85
154.333419 23 -79
154.38962 24 -84
154.394798 47 -83
154.45619 56 -81
154.49788 15 -84
154.573369 44 -76
154.60769 55 -78
154.624974 42 -76
154.741388 59 -83
154.748469 53 -57
154.774932 19 -77
154.788677 31 -77
154.805317 51 -79
154.929918 54 -66
154.980378 58 -86
154.997929 49 -82
155.092221 52 -76
155.094871 41 -79
155.107961 6 -66
155.125071 40 -78
155.129832 20 -80
155.186036 43 -76
155.316817 46 -82
155.483239 29 -78
155.501286 15 -84
155.54258 39 -84
155.578996 44 -67
155.613292 55 -70
155.625785 42 -84
155.757306 53 -67
155.781872 19 -75
155.806548 32 -80
155.930994 54 -64
155.982343 58 -84
156.043754 45 -78
156.075818 16 -76
156.093183 52 -78
156.13091 40 -80
156.135396 20 -78
156.194322 43 -70
156.444309 21 -76
156.492493 29 -78
156.588286 44 -80
156.617307 55 -74
156.633858 42 -70
156.717689 18 -82
156.752596 38 -81
156.757539 53 -76
156.791346 19 -82
156.79797 31 -70
156.810039 32 -85
156.820065 51 -82
156.891834 35 -86
156.940613 54 -52
157.016635 30 -76
157.038847 22 -83
157.102537 52 -80
157.104358 41 -76
157.140624 40 -76
157.197695 43 -74
157.333266 28 -85
157.459155 56 -78
157.55429 39 -84
157.593791 44 -77
157.62129 55 -63
157.637964 42 -75
157.746112 59 -81
157.797126 19 -70
157.802189 31 -78
157.947548 54 -58
158.018024 30 -84
158.065231 17 -83
158.111878 41 -76
158.149851 20 -84
158.199572 43 -76
158.338677 28 -84
158.40996 47 -83
158.462319 21 -78
158.46524 56 -75
158.588194 48 -83
158.593896 44 -75
158.630523 55 -65
158.640605 42 -69
158.773628 53 -78
158.797384 19 -76
158.823765 32 -75
158.956802 54 -67
159.024143 30 -75
159.148242 40 -78
159.203067 43 -79
159.259659 57 -83
159.296664 5 -84
159.305239 14 -85
159.415266 37 -82
159.470775 56 -77
159.520374 15 -79
159.577339 7 -83
159.633042 55 -51
159.641567 42 -74
159.738679 18 -70
159.750461 59 -81
159.770405 38 -83
159.798557 19 -74
159.803521 36 -84
159.82573 32 -82
159.957419 54 -73
160.030506 30 -78
160.067189 45 -79
160.072805 17 -81
160.097666 16 -75
160.113432 41 -70
160.151457 40 -73
160.210804 43 -70
160.470656 21 -82
160.477412 8 -82
160.529884 15 -83
160.642764 55 -50
160.738962 18 -78
160.782424 53 -84
160.801133 19 -75
160.828244 32 -74
160.961058 54 -80
161.076852 17 -80
161.099665 16 -72
161.12138 41 -69
161.271297 57 -72
161.485233 56 -70
161.531642 15 -79
161.606019 44 -78
161.650532 55 -56
161.652312 42 -75
161.785054 38 -79
161.788149 53 -81
161.810759 19 -82
161.830728 32 -73
162.082974 17 -77
162.106119 16 -78
162.166552 40 -69
162.182229 33 -81
162.274064 57 -72
162.48787 56 -58
162.589945 7 -80
162.657811 55 -56
162.749598 18 -82
162.768734 59 -75
162.797842 53 -81
162.970105 54 -78
163.077556 45 -80
163.086989 17 -76
163.11541 16 -82
163.123269 41 -77
163.130768 52 -77
163.170315 40 -78
163.178008 20 -81
163.280767 57 -77
163.437719 50 -84
163.488584 56 -61
163.496108 8 -86
163.593541 39 -81
163.657828 55 -64
163.659333 42 -71
163.754977 18 -74
163.768681 59 -83
163.803415 53 -77
163.804251 38 -74
163.820429 19 -76
163.83948 32 -79
163.840076 31 -83
163.978291 54 -78
164.005396 13 -82
164.084338 45 -82
164.08948 17 -83
164.123435 41 -72
164.134019 52 -76
164.17768 40 -80
164.178263 20 -82
164.191286 33 -83
164.241932 43 -76
164.286769 57 -77
164.444878 37 -80
164.497079 56 -64
164.594376 39 -81
164.625526 44 -76
164.667946 55 -58
164.66884 42 -76
164.764659 18 -75
164.806515 53 -76
164.813726 38 -71
164.827125 19 -72
164.841933 32 -76
165.007698 13 -81
165.019651 58 -79
165.051458 30 -81
165.091726 17 -82
165.093164 45 -80
165.125297 16 -76
165.140626 52 -76
165.179918 40 -82
165.188008 20 -79
165.250371 43 -78
165.362612 46 -87
165.449897 37 -78
165.502126 56 -64
165.562204 15 -82
165.599575 39 -82
165.606855 7 -83
165.628438 44 -77
165.669855 55 -58
165.771197 18 -76
165.779438 59 -80
165.81218 53 -75
165.815756 38 -80
165.828023 19 -72
166.00939 13 -81
166.028879 58 -83
166.055471 30 -80
166.101845 17 -79
166.129096 16 -76
166.136462 41 -70
166.148668 52 -76
166.184535 40 -78
166.188964 20 -80
166.259633 43 -78
166.293524 57 -80
166.456656 37 -78
166.484827 34 -82
166.507356 56 -63
166.567868 15 -84
166.614679 7 -81
166.628786 44 -79
166.669933 55 -59
166.674122 42 -75
166.774379 18 -78
166.788418 59 -79
166.819218 53 -75
166.825507 38 -79
166.837466 19 -73
166.851906 32 -76
166.888069 51 -81
167.000071 54 -81
167.010564 13 -80
167.057471 30 -78
167.106545 45 -80
167.109981 17 -80
167.129813 16 -76
167.144044 41 -70
167.157259 52 -76
167.18659 40 -77
167.19523 20 -79
167.269811 43 -78
167.465947 37 -78
167.507551 56 -62
167.6153 7 -83
167.635482 44 -78
167.679297 42 -59
167.779881 18 -78
167.790715 59 -79
167.820793 53 -75
167.831627 38 -80
167.838151 19 -72
167.857014 32 -75
167.893002 51 -80
168.005144 54 -82
168.010822 13 -80
168.062033 30 -79
168.110611 45 -81
168.13825 16 -75
168.146957 41 -72
168.164873 52 -76
168.189865 40 -78
168.195942 20 -79
168.277761 43 -79
168.304306 57 -84
168.354135 14 -84
168.472584 37 -79
168.496264 34 -83
168.509333 56 -63
168.63583 44 -78
168.679954 42 -76
168.689589 55 -60
168.78175 18 -82
168.798657 59 -78
168.828349 53 -74
168.846861 19 -72
168.866425 32 -76
168.893449 51 -79
169.00863 54 -83
169.01346 13 -81
169.050734 58 -81
169.070716 30 -78
169.119254 45 -79
169.122926 17 -82
169.14739 16 -73
169.151884 41 -74
169.168612 52 -76
169.196441 20 -80
169.208467 33 -82
169.281958 43 -79
169.308782 57 -84
169.516974 56 -63
169.622111 39 -54
169.642923 44 -76
169.696838 55 -57
169.786824 18 -77
169.802815 59 -78
169.837309 53 -77
169.844018 38 -80
169.849957 19 -72
169.872235 32 -77
170.014298 13 -83
170.054927 58 -79
170.151524 16 -79
170.172686 52 -76
170.206639 40 -78
170.357904 14 -78
170.464191 26 -83
170.475634 37 -83
170.519275 56 -70
170.588513 15 -81
170.622519 39 -82
170.644187 44 -80
170.697527 55 -57
170.787016 18 -78
170.837999 53 -76
170.853342 38 -76
170.858392 19 -72
171.0615 58 -81
171.124396 45 -79
171.159962 16 -78
171.160975 41 -70
171.180728 52 -74
171.206258 20 -79
171.215621 40 -78
171.293219 43 -80
171.481324 37 -76
171.526641 56 -67
171.592499 15 -82
171.622957 39 -78
171.627064 7 -82
171.654148 44 -77
171.702243 55 -58
171.788641 18 -81
171.816289 59 -80
171.844305 53 -78
171.86117 38 -76
171.8646 19 -72
171.884161 32 -76
172.023267 13 -81
172.068867 58 -78
172.131574 45 -80
172.162052 16 -78
172.166268 41 -69
172.190204 52 -76
172.207397 20 -80
172.222497 40 -78
172.375436 14 -79
172.489364 37 -81
172.5228 34 -83
172.531963 56 -76
172.595844 15 -83
172.66005 44 -82
172.703792 42 -76
172.711568 55 -58
172.795363 18 -81
172.820234 59 -81
172.845117 53 -76
172.867838 38 -78
173.031123 13 -80
173.076935 58 -81
173.094307 30 -83
173.136335 17 -83
173.141194 45 -78
173.169574 16 -71
173.19434 52 -77
173.227481 40 -77
173.305031 43 -79
173.335505 57 -79
173.383225 14 -82
173.53997 56 -57
173.601204 15 -76
173.638835 7 -78
173.66992 44 -76
173.714422 55 -70
173.847974 53 -76
173.868922 38 -77
173.891051 32 -80
173.92144 51 -83
174.017517 54 -75
174.031473 13 -80
174.077924 58 -77
174.143129 17 -82
174.148373 45 -82
174.176976 41 -65
174.232862 40 -72
174.338211 57 -83
174.498853 37 -81
174.545627 56 -64
174.601284 15 -80
174.642735 39 -73
174.705413 42 -78
174.717461 55 -66
174.850159 53 -82
174.898021 32 -84
175.081842 58 -75
175.14687 17 -73
175.17348 16 -70
175.187029 41 -71
175.236442 40 -75
175.341101 57 -54
175.398041 14 -76
175.645188 39 -80
175.710373 42 -81
175.717417 55 -69
175.874417 38 -76
175.89714 36 -81
175.899132 32 -81
176.043829 13 -81
176.091986 58 -71
176.117821 30 -79
176.156562 17 -81
176.196747 41 -69
176.237581 40 -66
176.267251 11 -85
176.346919 57 -60
176.398781 14 -82
176.506847 37 -78
176.541829 34 -81
176.552914 56 -81
176.614413 15 -78
176.646176 39 -70
176.711763 42 -82
176.806931 18 -81
176.833204 59 -79
176.875501 38 -76
176.899273 19 -83
176.90009 32 -81
176.904443 36 -84
176.979784 35 -75
177.052723 13 -79
177.098101 58 -66
177.180101 16 -72
177.20674 41 -78
177.238141 40 -82
177.350907 57 -80
177.402177 14 -76
177.548676 34 -83
177.559945 56 -85
177.614952 15 -76
177.651039 39 -67
177.655848 7 -72
177.723218 55 -74
177.840322 59 -72
177.878751 38 -77
177.904405 32 -79
178.101836 58 -55
178.135277 30 -83
178.209439 41 -79
178.24639 40 -74
178.275931 11 -86
178.40252 14 -75
178.510903 37 -83
178.555188 34 -76
178.617229 15 -76
178.655688 39 -70
178.665929 7 -76
178.723479 55 -78
178.844481 59 -68
178.882216 38 -76
178.9156 36 -82
179.049747 54 -83
179.066789 13 -80
179.10255 58 -69
179.174347 17 -78
179.365993 57 -78
179.411591 14 -84
179.520805 37 -71
179.564263 34 -78
179.573976 56 -83
179.62393 15 -79
179.656951 39 -79
179.669633 7 -74
179.731308 55 -76
179.847785 59 -53
179.886107 38 -66
180.108757 58 -76
180.192504 16 -77
180.253978 40 -78
180.527136 37 -73
180.569158 34 -78
180.62633 15 -72
180.658397 39 -73
180.670286 7 -78
180.739107 55 -76
180.849258 59 -60
180.8936 38 -73
180.923125 36 -71
181.069105 13 -84
181.416673 14 -80
181.527792 37 -64
181.58172 56 -80
181.659659 39 -76
181.678109 7 -61
181.742968 55 -75
181.857444 59 -67
181.927651 36 -78
181.95623 9 -87
182.077084 13 -82
182.195098 16 -81
182.228905 52 -85
182.533665 37 -66
182.58753 56 -81
182.682606 7 -57
182.745366 55 -82
182.866301 59 -75
182.901688 38 -81
182.933397 36 -82
183.081828 13 -77
183.537616 37 -76
183.643598 15 -81
183.669325 39 -82
183.686737 7 -66
183.75057 55 -84
183.903016 38 -81
183.934566 36 -76
184.123087 58 -81
184.271748 40 -81
184.311246 11 -83
184.546755 37 -75
184.687023 7 -76
184.75132 55 -76
184.875045 59 -82
185.132558 58 -82
185.239044 41 -75
185.281901 33 -86
185.552537 37 -76
185.589358 34 -83
185.611765 56 -82
185.654561 15 -80
185.752222 55 -81
185.760036 42 -82
185.904838 53 -84
185.90729 38 -79
185.937843 12 -85
185.939894 36 -78
186.098562 13 -81
186.28663 40 -79
186.437646 14 -76
186.553436 37 -68
186.61907 56 -74
186.687595 7 -73
186.689164 39 -77
186.755412 55 -78
186.912768 38 -79
187.318941 11 -82
187.554366 37 -76
187.59692 34 -83
187.621127 56 -83
187.67059 15 -53
187.692032 7 -72
187.88575 59 -78
187.922733 38 -79
187.943011 12 -78
187.946566 36 -74
187.988062 9 -80
188.114702 13 -76
188.149531 58 -81
188.244059 41 -83
188.45298 14 -82
188.505709 10 -81
188.560514 37 -76
188.601418 34 -79
188.698146 7 -69
188.890609 59 -80
188.92455 38 -79
188.94474 12 -76
188.953258 36 -76
188.969934 32 -84
189.118287 13 -77
189.158118 58 -81
189.248772 41 -84
189.461624 14 -80
189.565197 37 -82
189.706488 7 -70
189.899833 59 -80
189.930516 38 -79
189.954313 12 -75
189.957356 36 -79
190.120803 13 -83
190.162617 58 -82
190.303293 33 -82
190.309648 40 -87
190.471397 14 -79
190.517491 10 -81
190.570613 37 -76
190.608796 34 -83
190.632942 56 -84
190.686333 15 -79
190.715838 7 -70
190.907196 59 -76
190.933614 38 -82
190.960986 12 -76
191.121213 13 -82
191.304007 33 -84
191.473633 14 -80
191.52123 10 -78
191.576883 37 -74
191.617352 34 -82
191.696513 15 -74
191.722379 7 -72
191.780459 55 -81
191.91111 59 -79
191.965523 36 -72
191.969246 12 -78
192.123516 13 -81
192.244103 16 -82
192.475349 14 -78
192.528418 10 -78
192.585747 37 -72
192.626 34 -81
192.645264 56 -86
192.700713 15 -76
192.723947 7 -71
192.91954 59 -79
192.97244 12 -64
193.12594 13 -80
193.316329 33 -84
193.484359 14 -78
193.537925 10 -78
193.588966 37 -72
193.632054 34 -82
193.71007 15 -75
193.729695 7 -72
193.792547 42 -84
193.793615 55 -82
193.929649 59 -77
193.94004 38 -80
193.974116 36 -73
193.975512 12 -78
194.133889 13 -77
194.181462 58 -82
194.281341 41 -81
194.326351 33 -84
194.598624 37 -76
194.736237 7 -76
194.936096 59 -74
194.979069 36 -80
195.011969 9 -82
195.490844 14 -77
195.547663 10 -86
195.603826 37 -73
195.661984 8 -83
195.743156 39 -79
195.802987 55 -81
195.939949 59 -78
195.984769 12 -80
195.988691 36 -74
196.143803 13 -81
196.25394 17 -79
196.5008 14 -80
196.604755 37 -83
196.673966 56 -81
196.748802 7 -72
196.804072 55 -78
196.94606 59 -76
196.948388 38 -74
196.99224 36 -81
197.364556 40 -81
197.379185 11 -81
197.50511 14 -75
197.608554 37 -81
197.652212 34 -82
197.748813 7 -64
197.752242 39 -82
197.814128 55 -77
197.948967 59 -77
197.95466 38 -81
197.992348 12 -80
198.095086 35 -82
198.155152 13 -78
198.298546 41 -80
198.381007 11 -83
198.611375 37 -76
198.750198 7 -69
198.75384 39 -78
198.818601 55 -77
198.95337 59 -74
198.955775 38 -76
199.002237 36 -81
199.160324 13 -77
199.267095 16 -83
199.505859 14 -76
199.612611 37 -72
199.739602 15 -81
199.826491 55 -74
199.957225 38 -82
199.96061 59 -64
200.000995 12 -83
200.164152 13 -80
200.208725 58 -80
200.275258 16 -82
200.369102 40 -79
200.515296 14 -82
200.619857 37 -74
200.74191 15 -74
200.763281 7 -71
200.814878 44 -82
200.833435 55 -76
200.963314 38 -76
200.964615 59 -66
201.009438 12 -83
201.119104 35 -80
201.283513 16 -76
201.317262 41 -84
201.376924 40 -83
201.525282 14 -78
201.7426 15 -86
201.762785 39 -80
201.763811 7 -75
201.834123 55 -84
201.964306 38 -75
201.97152 59 -64
202.121892 35 -83
202.169629 54 -81
202.174281 13 -76
202.215096 58 -73
202.287649 17 -83
202.324234 41 -75
202.379345 40 -76
202.465917 57 -80
202.623884 37 -86
202.76724 7 -84
202.767953 39 -76
202.836368 55 -69
202.841643 42 -82
202.965329 38 -73
202.974977 59 -73
203.222798 58 -75
203.384329 40 -76
203.472559 57 -79
203.678223 34 -82
203.715582 56 -84
203.746238 15 -82
203.843372 55 -83
203.85109 42 -76
203.976632 59 -83
204.033715 36 -82
204.13 35 -86
204.230286 58 -76
204.295397 16 -82
204.392883 40 -73
204.543768 14 -81
204.636668 37 -80
204.775452 39 -81
204.846319 55 -76
204.851503 42 -79
205.052825 32 -83
205.374455 33 -80
205.40272 40 -74
205.483586 57 -72
206.056194 32 -83
206.176006 54 -81
206.293944 30 -81
206.305528 16 -83
206.30829 17 -84
206.345558 41 -75
206.412342 40 -75
206.486872 57 -79
206.725902 56 -81
206.757007 15 -80
206.852059 55 -69
206.862461 42 -83
207.301833 30 -86
207.312184 17 -84
207.386656 33 -86
207.419981 40 -77
207.490066 57 -81
207.726188 56 -79
207.854212 55 -66
207.866719 42 -77
207.984421 38 -81
208.316482 16 -84
208.35651 41 -76
208.85899 55 -67
208.871466 42 -82
208.990252 59 -82
209.364153 41 -76
209.801844 39 -80
209.868131 55 -66
209.873374 42 -83
209.9938 59 -83
209.995652 38 -81
210.369385 41 -76
210.744808 56 -85
210.807165 39 -80
210.876113 55 -67
210.880226 42 -83
211.001345 59 -82
211.205338 54 -83
211.272788 58 -83
211.328337 16 -82
211.377669 41 -78
211.814989 39 -80
211.8844 55 -68
212.000506 38 -83
212.010661 59 -82
212.046494 53 -86
212.214713 54 -83
212.337263 16 -81
212.344104 17 -83
212.38638 41 -78
212.759754 56 -85
212.822293 39 -81
212.892289 55 -67
213.01665 59 -81
213.344876 16 -82
213.388773 41 -78
213.748319 21 -85
213.768463 56 -81
213.798917 15 -82
213.824868 39 -85
213.894894 42 -79
213.899936 55 -67
214.024623 59 -82
214.346783 16 -82
214.775708 56 -80
214.802567 15 -81
214.902173 42 -76
214.903706 55 -70
215.229688 54 -80
215.352382 16 -76
215.524317 57 -82
215.75194 34 -85
215.785302 56 -83
215.809788 15 -81
215.908606 55 -70
215.912321 42 -77
216.018757 38 -84
216.031107 59 -81
216.357341 16 -80
216.411091 41 -70
216.462733 40 -79
216.794865 56 -71
216.814445 15 -81
216.914115 55 -72
216.915176 42 -78
217.040453 59 -85
217.079118 53 -82
217.366084 16 -78
217.421145 41 -75
217.445216 33 -81
217.463719 40 -76
217.537388 57 -75
217.886714 44 -80
218.037298 18 -84
218.363953 30 -82
218.424637 41 -64
218.534218 43 -80
218.800687 56 -70
218.922563 42 -70
218.923762 55 -67
219.048343 59 -83
219.135723 32 -80
219.24763 54 -81
219.370691 16 -75
219.425749 41 -67
219.480432 40 -77
219.536889 43 -78
219.636291 46 -84
219.806131 56 -64
219.850874 39 -84
219.925814 42 -85
219.928814 55 -68
220.042471 18 -80
220.098827 53 -81
220.145164 32 -78
220.250689 54 -76
220.370706 16 -79
220.434094 41 -70
220.484531 40 -84
220.539011 43 -83
220.814198 56 -75
220.934192 42 -72
220.935422 55 -64
221.049071 18 -76
221.134604 31 -84
221.260584 54 -75
221.344873 22 -82
221.375817 16 -76
221.392302 17 -76
221.438166 41 -81
221.4886 40 -78
221.544154 43 -76
221.617474 14 -84
221.638944 46 -83
221.791748 8 -83
221.935124 42 -75
222.261934 54 -72
222.371492 30 -82
222.393846 17 -81
222.441414 41 -76
222.496116 40 -82
222.549143 43 -77
222.904156 48 -83
222.938141 55 -67
223.061629 18 -66
223.203247 51 -81
223.265359 54 -70
223.384727 16 -83
223.418999 52 -83
223.443503 41 -78
223.654169 46 -83
223.876767 39 -86
223.923653 44 -74
223.939898 55 -75
224.123773 53 -78
224.156355 31 -79
224.270584 54 -70
224.380831 30 -82
224.424874 52 -78
224.561413 43 -79
224.662088 46 -78
224.930136 44 -80
224.942356 55 -70
224.954857 42 -83
225.104641 19 -83
225.130445 53 -77
225.156973 31 -78
225.278098 54 -64
225.430444 52 -77
225.565914 43 -77
225.935946 44 -70
225.942953 55 -79
226.133881 53 -73
226.164213 31 -82
226.216794 51 -86
226.681189 46 -73
226.936905 44 -76
226.950263 55 -75
226.970728 42 -80
227.143879 53 -70
227.294134 54 -76
227.434906 45 -79
227.437128 52 -73
227.572934 43 -80
227.829199 21 -81
227.856761 56 -84
227.940976 44 -76
227.956322 55 -74
227.98048 42 -79
228.112585 19 -83
228.150642 53 -80
228.226415 51 -84
228.436501 45 -81
228.44047 52 -74
228.578717 43 -81
228.688724 46 -79
228.778688 47 -82
228.924563 48 -81
228.942973 44 -76
228.961496 55 -77
229.153865 53 -77
229.444717 45 -81
229.448664 52 -75
229.588559 43 -82
229.926169 48 -83
229.951225 44 -76
229.992963 42 -80
230.12259 19 -82
230.306972 54 -82
230.446372 45 -81
230.451763 52 -74
230.592787 43 -82
230.788786 47 -82
230.958989 44 -78
231.165712 53 -76
231.310428 54 -84
231.451079 45 -81
231.456661 52 -74
231.600737 43 -82
231.702316 46 -79
231.708549 28 -82
231.796612 47 -82
231.934446 48 -83
231.959093 44 -78
232.002243 42 -82
232.167256 53 -76
232.461834 52 -73
232.798365 47 -81
232.962462 44 -77
233.132334 19 -82
233.169564 53 -76
233.462262 45 -81
233.467861 52 -74
233.802987 47 -82
233.853142 21 -80
233.886586 56 -86
233.965984 44 -80
233.990449 55 -79
234.171933 53 -77
234.476391 52 -76
234.706193 23 -84
234.855021 21 -80
234.99071 55 -78
235.024234 42 -84
235.469204 45 -82
235.485593 52 -75
235.723033 46 -82
235.975195 44 -79
235.995213 55 -80
236.183292 53 -76
236.494641 52 -75
236.725031 46 -82
236.999777 55 -75
237.15625 19 -82
237.474741 45 -81
237.501157 52 -76
237.524777 41 -84
237.724509 28 -85
238.007178 55 -72
238.156905 19 -80
238.350638 54 -83
238.506239 52 -74
238.640793 43 -84
238.738443 23 -80
238.968574 48 -81
238.99751 44 -74
239.011162 55 -72
239.202329 53 -78
239.509764 52 -74
239.528344 41 -84
