Timestamp Beacon Rssi
0.000477 5 -66
0.007195 32 -74
0.01499 35 -84
0.024587 38 -77
0.042618 15 -82
0.058931 7 -74
0.07163 12 -48
0.205921 20 -76
0.323704 4 -63
0.34847 23 -76
0.362829 6 -63
0.395989 1 -64
0.485431 2 -71
0.496511 36 -84
0.500979 16 -81
0.591491 31 -79
0.622264 13 -73
0.708449 10 -76
0.717501 11 -70
0.7611 21 -79
0.793028 29 -80
0.806523 18 -78
0.837725 8 -71
0.866884 24 -77
0.925297 3 -66
1.001923 5 -66
1.015449 32 -72
1.033028 38 -79
1.047887 15 -83
1.063858 7 -72
1.081082 12 -48
1.25677 26 -81
1.328578 4 -64
1.353887 23 -80
1.371692 6 -64
1.400303 1 -66
1.493051 2 -70
1.506824 16 -76
1.626919 13 -80
1.686803 17 -82
1.714571 10 -78
1.727833 11 -70
1.76246 33 -83
1.79487 29 -78
1.833071 9 -76
1.838538 8 -69
1.928113 3 -64
2.002942 5 -63
2.020407 32 -71
2.03802 38 -79
2.040759 34 -81
2.053341 15 -73
2.088551 12 -47
2.133052 19 -81
2.214765 20 -76
2.328359 22 -76
2.331284 4 -62
2.377258 6 -65
2.409683 1 -63
2.498993 2 -78
2.515081 16 -81
2.593432 37 -84
2.636181 13 -78
2.696162 17 -84
2.719259 10 -77
2.736378 11 -70
2.753389 28 -84
2.76516 33 -84
2.7735 21 -77
2.802845 29 -78
2.814631 18 -76
2.842057 9 -80
2.879862 24 -82
2.931967 3 -64
3.008874 5 -62
3.021947 32 -71
3.031203 35 -85
3.037717 27 -78
3.043867 38 -78
3.045687 34 -82
3.07597 7 -70
3.334418 22 -76
3.336524 4 -61
3.386701 6 -66
3.418269 1 -64
3.505086 2 -78
3.515891 16 -78
3.596958 37 -86
3.636441 13 -77
3.721445 10 -71
3.744397 11 -60
3.761946 28 -75
3.774741 21 -68
3.817419 18 -73
3.881224 24 -79
3.935393 3 -66
4.010228 5 -64
4.023702 32 -76
4.042035 27 -83
4.061104 15 -77
4.085261 7 -79
4.094609 12 -54
4.196292 14 -76
4.231849 20 -88
4.271152 26 -76
4.34417 22 -72
4.386958 6 -70
4.422003 1 -64
4.517434 16 -81
4.60674 37 -83
4.721983 10 -68
4.752234 11 -76
4.768062 28 -84
4.780499 21 -68
4.819108 18 -79
4.848361 8 -73
4.856913 9 -74
4.936867 3 -64
5.031559 32 -78
5.042032 35 -83
5.050381 27 -78
5.054993 34 -80
5.066496 15 -80
5.087503 7 -73
5.098416 12 -51
5.200514 14 -74
5.236866 20 -79
5.280534 26 -82
5.348224 4 -61
5.350259 22 -75
5.379402 23 -82
5.387887 6 -64
5.423296 1 -73
5.516205 2 -70
5.518214 16 -74
5.612311 37 -76
5.722093 10 -82
5.75238 11 -63
5.774147 28 -80
5.78647 21 -74
5.85772 9 -68
5.940476 3 -72
6.020169 5 -66
6.036486 32 -74
6.049308 35 -84
6.060378 34 -80
6.091575 7 -80
6.099416 12 -50
6.202935 14 -76
6.237856 20 -79
6.350656 4 -64
6.385522 23 -78
6.392385 6 -69
6.423826 1 -69
6.51943 2 -70
6.526196 16 -82
6.621086 37 -82
6.648025 13 -83
6.725347 10 -66
6.761436 11 -60
6.782339 33 -75
6.79299 21 -70
6.819487 29 -78
6.858558 9 -73
6.893916 24 -78
6.950188 3 -68
7.026467 5 -64
7.054966 35 -82
7.05639 38 -76
7.060698 34 -80
7.099378 12 -54
7.161725 19 -81
7.246717 20 -74
7.357086 4 -63
7.357647 22 -78
7.389139 23 -76
7.396792 6 -66
7.432381 1 -72
7.523998 2 -69
7.731652 10 -68
7.764512 11 -59
7.779879 28 -80
7.787388 33 -76
7.797375 21 -69
7.86383 8 -78
7.866169 9 -72
8.027547 5 -64
8.050065 32 -86
8.060197 35 -85
8.062086 34 -82
8.066265 38 -76
8.104664 7 -76
8.10761 12 -55
8.251338 20 -74
8.302911 26 -84
8.360227 22 -80
8.363211 4 -64
8.405929 6 -68
8.434101 1 -68
8.524477 2 -66
8.528677 36 -78
8.538801 16 -76
8.73222 10 -67
8.772379 11 -60
8.800355 21 -73
8.834491 29 -79
8.836147 18 -78
8.875154 9 -70
8.953928 3 -64
9.028444 5 -69
9.062158 27 -84
9.073821 38 -76
9.089835 15 -81
9.114316 12 -54
9.25962 20 -75
9.311682 26 -79
9.364454 22 -78
9.370556 4 -64
9.397685 23 -73
9.40936 6 -66
9.439696 1 -70
9.530173 2 -66
9.543457 16 -77
9.740905 10 -68
9.778842 11 -59
9.797274 33 -83
9.804282 21 -72
9.845068 18 -81
9.876632 9 -71
9.881782 8 -77
9.963091 3 -64
10.030988 5 -70
10.064711 32 -79
10.07087 27 -84
10.078569 38 -79
10.09309 15 -82
10.116501 7 -82
10.124196 12 -55
10.260152 20 -73
10.317097 26 -79
10.368316 22 -79
10.376284 4 -66
10.406703 23 -73
10.41688 6 -66
10.449808 1 -70
10.540601 36 -79
10.552843 16 -78
10.747913 10 -67
10.780788 11 -58
10.798043 28 -80
10.802752 33 -81
10.806255 21 -72
10.881496 9 -70
10.887355 8 -78
10.969935 3 -66
11.033837 5 -68
11.063696 30 -83
11.066251 32 -78
11.077754 34 -82
11.0783 27 -82
11.087742 38 -79
11.095369 15 -31
11.1174 7 -83
11.124921 12 -58
11.195112 19 -84
11.260958 20 -73
11.319093 26 -82
11.373246 22 -84
11.385216 4 -73
11.407543 23 -74
11.425742 6 -68
11.45049 1 -76
11.545473 2 -75
11.677615 13 -83
11.750495 10 -70
11.783498 11 -60
11.803213 28 -78
11.808167 33 -76
11.815003 21 -72
11.851702 29 -80
11.855312 18 -77
11.887155 9 -69
11.896163 8 -75
11.921875 24 -77
12.039067 5 -75
12.094534 38 -78
12.101372 15 -81
12.118176 7 -72
12.125981 12 -56
12.261733 20 -30
12.381868 22 -81
12.392684 4 -60
12.41351 23 -81
12.429661 6 -69
12.456726 1 -64
12.541936 36 -77
12.548973 2 -71
12.562306 16 -75
12.682025 13 -82
12.75387 10 -82
12.784009 11 -61
12.813462 33 -75
12.857031 18 -75
12.85806 29 -80
12.977458 3 -58
13.040971 5 -60
13.08086 35 -81
13.094076 27 -78
13.105665 15 -69
13.122798 7 -73
13.133969 12 -56
13.242984 14 -72
13.266628 20 -80
13.323514 26 -79
13.398808 4 -64
13.418897 23 -81
13.430681 6 -66
13.461589 1 -65
13.554365 2 -68
13.650315 37 -80
13.748422 17 -75
13.792608 11 -54
13.805771 28 -78
13.814575 33 -81
13.82252 21 -67
13.936196 24 -81
13.981403 3 -62
14.045468 5 -67
14.094276 34 -83
14.095373 27 -81
14.110661 15 -77
14.127938 7 -78
14.13741 12 -57
14.25163 14 -72
14.274574 20 -77
14.327464 26 -79
14.391239 22 -69
14.404902 4 -59
14.427243 23 -77
14.434844 6 -68
14.465262 1 -66
14.558194 36 -76
14.559421 2 -64
14.693378 13 -83
14.753906 17 -83
14.763368 10 -73
14.79428 11 -52
14.805845 28 -80
14.824158 21 -67
14.869433 29 -88
14.906663 9 -69
14.909587 8 -78
14.987088 3 -58
15.0532 5 -76
15.099569 34 -84
15.104542 27 -83
15.112868 38 -74
15.134574 7 -75
15.142315 12 -64
15.21327 19 -81
15.256156 14 -74
15.280263 20 -78
15.396261 22 -67
15.41063 4 -60
15.432996 23 -74
15.465456 1 -68
15.561578 2 -73
15.575783 16 -72
15.63644 25 -84
15.762624 17 -74
15.771566 10 -70
15.801201 11 -48
15.821592 33 -78
15.829061 21 -64
15.871649 18 -75
15.913054 9 -71
15.918395 8 -72
15.93892 24 -77
15.991185 3 -61
16.054127 5 -78
16.08768 30 -83
16.103187 32 -76
16.103908 35 -78
16.104406 34 -75
16.115388 38 -82
16.116349 15 -74
16.137884 7 -76
16.149662 12 -62
16.216063 19 -83
16.263155 14 -76
16.287111 20 -76
16.331884 26 -76
16.400091 22 -70
16.41352 4 -70
16.442717 23 -72
16.470167 1 -63
16.561086 36 -78
16.571577 2 -73
16.64409 25 -79
16.671086 37 -82
16.776467 10 -64
16.802781 11 -53
16.826703 33 -78
16.832469 21 -68
16.872178 18 -77
16.880042 29 -76
16.919048 9 -66
16.927233 8 -69
16.94074 24 -76
17.000898 3 -56
17.055298 5 -67
17.112021 32 -83
17.118811 15 -75
17.145831 7 -77
17.152248 12 -64
17.265972 14 -78
17.335193 26 -84
17.408103 22 -75
17.420377 4 -64
17.448775 23 -72
17.449957 6 -79
17.47094 1 -61
17.567353 36 -71
17.571933 2 -60
17.581248 16 -75
17.665396 31 -84
17.679067 37 -84
17.771667 17 -78
17.778744 10 -58
17.809122 11 -57
17.813785 28 -79
17.842529 21 -68
17.882066 29 -76
17.920679 9 -64
17.930182 8 -74
18.006735 3 -57
18.062755 5 -67
18.096932 30 -83
18.10961 35 -81
18.120785 15 -73
18.127264 38 -79
18.150118 7 -75
18.155384 12 -64
18.449523 23 -82
18.455982 6 -69
18.47147 1 -66
18.572217 36 -71
18.573877 2 -63
18.685828 37 -84
18.712668 13 -85
18.786819 10 -58
18.814608 11 -56
18.846852 21 -69
18.884436 18 -83
18.886165 29 -75
18.92942 9 -66
18.938532 8 -72
19.012083 3 -57
19.105372 30 -82
19.115587 34 -83
19.127947 15 -76
19.129472 27 -83
19.157882 7 -75
19.161175 12 -64
19.436989 4 -63
19.452652 23 -83
19.457154 6 -70
19.477523 1 -69
19.577569 36 -71
19.59358 16 -83
19.678478 31 -85
19.777995 17 -85
19.792117 10 -58
19.820156 11 -56
19.894781 29 -76
19.934833 9 -65
19.943038 8 -76
19.951021 24 -81
20.018622 3 -57
20.067386 5 -68
20.126999 35 -82
20.12806 15 -77
20.130494 27 -84
20.162443 7 -76
20.171145 12 -64
20.278576 14 -82
20.442168 4 -62
20.460585 6 -70
20.485193 1 -72
20.578038 2 -63
20.585117 36 -73
20.716087 13 -81
20.800344 10 -58
20.823109 11 -54
20.854888 21 -70
20.900437 29 -76
20.936403 9 -63
20.949557 8 -75
21.021041 3 -56
21.075973 5 -67
21.129941 35 -81
21.132017 15 -76
21.134628 27 -84
21.136491 32 -82
21.165417 7 -76
21.177485 12 -64
21.237899 19 -84
21.283072 14 -81
21.445058 4 -62
21.468806 6 -69
21.49024 1 -69
21.586329 2 -63
21.594467 36 -73
21.601883 16 -83
21.671538 25 -87
21.719399 13 -81
21.80369 10 -58
21.824811 11 -55
21.861805 21 -69
21.91009 29 -76
21.941054 9 -64
21.952139 8 -75
22.022056 3 -57
22.085292 5 -68
22.130107 35 -81
22.138245 32 -81
22.139087 15 -77
22.170954 7 -76
22.183703 12 -64
22.447124 4 -61
22.467622 23 -86
22.4748 6 -70
22.490586 1 -70
22.587356 2 -63
22.720513 13 -80
22.810727 10 -58
22.834051 11 -54
22.862921 33 -84
22.869851 21 -69
22.943814 9 -63
22.955668 8 -75
23.024506 3 -57
23.091894 5 -68
23.133232 35 -81
23.145877 38 -83
23.147562 15 -77
23.17646 7 -76
23.185313 12 -64
23.587774 2 -63
23.597632 36 -75
23.605426 16 -81
23.727762 13 -81
23.812424 10 -58
23.8374 11 -54
23.872679 21 -69
23.945322 9 -62
24.031746 3 -56
24.102007 5 -70
24.141698 35 -80
24.146971 32 -76
24.14975 15 -78
24.195071 12 -64
24.293081 14 -80
24.436263 22 -86
24.449668 4 -61
24.478182 6 -70
24.501136 1 -64
24.588832 2 -64
24.603076 36 -76
24.712415 37 -81
24.733301 13 -82
24.811301 17 -81
24.822086 10 -57
24.843497 11 -51
24.876499 33 -76
24.881824 21 -75
24.913091 18 -82
24.946128 9 -64
24.967516 8 -68
25.033432 3 -52
25.108579 5 -75
25.143602 35 -78
25.159536 15 -77
25.161598 38 -78
25.193088 7 -78
25.201349 12 -66
25.262496 19 -82
25.295898 14 -80
25.37924 26 -85
25.445678 22 -83
25.449659 4 -60
25.485732 6 -70
25.505602 1 -64
25.597428 2 -64
25.604613 36 -76
25.688009 25 -87
25.741587 13 -80
25.831321 10 -58
25.885394 33 -78
25.887215 21 -72
25.923619 29 -82
25.94962 9 -64
25.972357 8 -69
26.033715 3 -54
26.10917 5 -72
26.15042 35 -80
26.159817 32 -73
26.161876 15 -77
26.169276 38 -79
26.199053 7 -76
26.264312 19 -82
26.296428 14 -80
26.450119 22 -82
26.455631 4 -61
26.495205 6 -69
26.511563 1 -66
26.600622 2 -64
26.607341 36 -75
26.690837 25 -73
26.714132 31 -84
26.719955 37 -82
26.835978 10 -58
26.849418 28 -79
26.854164 11 -54
26.887845 21 -69
26.925491 29 -75
26.959093 9 -64
26.981317 8 -76
26.989485 24 -74
27.040254 3 -52
27.115163 5 -76
27.154949 35 -76
27.163185 34 -78
27.166514 32 -84
27.179181 38 -81
27.203887 7 -81
27.214608 12 -67
27.302235 14 -85
27.351881 20 -76
27.392327 26 -80
27.454439 22 -80
27.457025 4 -62
27.494097 23 -83
27.498879 6 -72
27.513894 1 -58
27.606837 2 -62
27.617484 36 -72
27.626 16 -72
27.696229 25 -81
27.725373 37 -78
27.831015 17 -76
27.842893 10 -55
27.857759 11 -66
27.859226 28 -77
27.890185 21 -76
27.891251 33 -76
27.931157 18 -78
27.968169 9 -63
27.983534 8 -76
27.993166 24 -73
28.042795 3 -60
28.142977 30 -73
28.159051 35 -78
28.174521 15 -81
28.180054 38 -81
28.211744 7 -77
28.354304 20 -76
28.462844 4 -65
28.496891 23 -78
28.501181 6 -74
28.61783 36 -76
28.628702 16 -80
28.697684 25 -78
28.734117 37 -79
28.848619 10 -66
28.864892 11 -63
28.894622 33 -82
28.898475 21 -71
28.932083 18 -76
28.945529 29 -82
28.976055 9 -57
28.985993 8 -74
29.002553 24 -77
29.050829 3 -57
29.126171 5 -73
29.16883 35 -76
29.176953 15 -78
29.179265 34 -76
29.218074 7 -81
29.27684 19 -76
29.313791 14 -76
29.360175 20 -76
29.394215 26 -78
29.461612 22 -76
29.464208 4 -76
29.526853 1 -58
29.610693 2 -56
29.627913 36 -79
29.699506 25 -86
29.765118 13 -78
29.852055 10 -81
29.868528 28 -83
29.871386 11 -76
29.932978 18 -73
29.948286 29 -73
29.983941 9 -65
29.991903 8 -66
30.052821 3 -64
30.131676 5 -76
30.181479 32 -72
30.18616 15 -83
30.186803 38 -73
30.219004 7 -82
30.226975 12 -70
30.285034 19 -75
30.322498 14 -72
30.39734 26 -81
30.47195 4 -72
30.504979 23 -84
30.518509 6 -73
30.532815 1 -62
30.63244 36 -84
30.636181 16 -79
30.743488 37 -79
30.852501 10 -62
30.912003 21 -75
30.941533 18 -83
30.948754 29 -78
30.989386 9 -59
30.994973 8 -67
31.056674 3 -66
31.13187 5 -78
31.171205 35 -85
31.182991 27 -78
31.183721 32 -76
31.228737 12 -79
31.294906 19 -72
31.322935 14 -71
31.368958 20 -78
31.467504 22 -83
31.481523 4 -78
31.520658 6 -78
31.53542 1 -59
31.620042 2 -61
31.641118 36 -78
31.750859 37 -79
31.778912 13 -80
31.858379 10 -68
31.880619 11 -76
31.913855 21 -72
31.915875 33 -78
31.943649 18 -83
31.958743 29 -77
32.000577 8 -70
32.06483 3 -76
32.140578 5 -79
32.179762 35 -78
32.193349 32 -76
32.195329 34 -82
32.201913 38 -75
32.234344 12 -74
32.302001 19 -73
32.328713 14 -69
32.371381 20 -78
32.53656 1 -58
32.621955 2 -66
32.648362 36 -82
32.754293 37 -80
32.785153 13 -78
32.868223 10 -67
32.919399 33 -78
32.923549 21 -72
32.96806 29 -77
33.00789 8 -68
33.065082 3 -70
33.195347 15 -74
33.204651 34 -76
33.209988 38 -76
33.228077 7 -79
33.243217 12 -71
33.309921 19 -74
33.334826 14 -70
33.378198 20 -77
33.41105 26 -76
33.477882 22 -82
33.533255 6 -77
33.541392 1 -56
33.630612 2 -71
33.657623 16 -74
33.757636 37 -80
33.787946 13 -84
33.869128 10 -66
33.97161 29 -81
33.996809 9 -58
34.007878 8 -66
34.021234 24 -82
34.065975 3 -67
34.148017 5 -81
34.186074 35 -73
34.200159 15 -84
34.202501 32 -73
34.211928 34 -80
34.251204 12 -71
34.31256 19 -74
34.341886 14 -70
34.385229 20 -77
34.536777 6 -76
34.546346 1 -52
34.63701 2 -70
34.655098 36 -80
34.663376 16 -74
34.866163 17 -86
34.872656 10 -64
34.900831 11 -74
35.000332 9 -59
35.016045 8 -63
35.074589 3 -68
35.156084 5 -77
35.221067 34 -78
35.233414 7 -76
35.252723 12 -76
35.312698 19 -81
35.345801 14 -71
35.393603 20 -73
35.42017 26 -79
35.533316 23 -81
35.546632 1 -54
35.643165 2 -70
35.65868 36 -78
35.665895 16 -74
35.799147 13 -81
35.882744 10 -64
35.908972 11 -70
35.9378 21 -85
35.978234 18 -74
35.979961 29 -82
36.003121 9 -58
36.027559 24 -82
36.162473 5 -76
36.190664 30 -82
36.19681 35 -82
36.208236 32 -55
36.242888 7 -76
36.258666 12 -76
36.316497 19 -77
36.355668 14 -71
36.393707 20 -73
36.429978 26 -77
36.496241 22 -82
36.542906 6 -76
36.548413 1 -52
36.644681 2 -67
36.66333 36 -76
36.672198 16 -76
36.806181 13 -80
36.886211 10 -64
36.913237 11 -70
36.983706 18 -75
37.007834 9 -57
37.030294 24 -83
37.081715 3 -70
37.167581 5 -76
37.199379 30 -86
37.209472 32 -78
37.213534 27 -72
37.22964 34 -82
37.263602 12 -74
37.323715 19 -76
37.359584 14 -72
37.395001 20 -74
37.438109 26 -80
37.550914 6 -75
37.551505 1 -54
37.651659 2 -68
37.67216 36 -76
37.681889 16 -77
37.806289 13 -78
37.894256 10 -64
37.914512 11 -69
37.98523 29 -79
37.990338 18 -74
38.031046 24 -82
38.043537 8 -60
38.177418 5 -76
38.210415 35 -80
38.21864 32 -78
38.219926 27 -75
38.247734 38 -84
38.273756 12 -75
38.331359 19 -75
38.364263 14 -72
38.402367 20 -72
38.446666 26 -79
38.551933 6 -76
38.557497 1 -52
38.652045 2 -72
38.675406 36 -77
38.69164 16 -77
38.753311 25 -84
38.816314 13 -76
38.900042 10 -64
38.919846 11 -70
38.995402 29 -85
38.996696 18 -75
39.008287 9 -57
39.031126 24 -85
39.047645 8 -63
39.090184 3 -73
39.178162 5 -77
39.221889 32 -79
39.228699 27 -76
39.262123 7 -76
39.278569 12 -73
39.335189 19 -76
39.370438 14 -76
39.44909 26 -80
39.515412 4 -76
39.547538 23 -83
39.55579 6 -77
39.56352 1 -51
39.660061 2 -65
39.68384 36 -78
39.701055 16 -78
39.826187 13 -84
39.908514 10 -66
39.917203 28 -78
39.928139 11 -78
39.951002 21 -82
39.998219 29 -78
40.004884 18 -74
40.014006 9 -78
40.056392 8 -73
40.099164 3 -64
40.229995 27 -83
40.231364 32 -78
40.249305 34 -80
40.264639 7 -77
40.26669 38 -83
40.339904 19 -77
40.377162 14 -74
40.416734 20 -84
40.5184 22 -82
40.549568 23 -86
40.570518 1 -60
40.665422 2 -72
40.690351 36 -78
40.794584 37 -80
40.911523 10 -72
40.932161 11 -76
40.954028 33 -79
40.956881 21 -76
41.007854 18 -75
41.016429 9 -64
41.059188 8 -64
41.194877 5 -76
41.220842 30 -84
41.237058 27 -76
41.239404 32 -72
41.27222 7 -76
41.291859 12 -64
41.343032 19 -76
41.519759 22 -82
41.529644 4 -82
41.576296 1 -60
41.672156 2 -69
41.705697 16 -78
41.834305 13 -76
41.932734 11 -78
41.956422 33 -77
42.012015 18 -74
42.02575 9 -64
42.06708 8 -68
42.225907 35 -75
42.23719 15 -80
42.243878 27 -76
42.245003 32 -70
42.292492 12 -77
42.34375 19 -78
42.466828 26 -75
42.535372 4 -78
42.581526 1 -66
42.680111 2 -73
42.84076 13 -74
42.96507 21 -80
43.01767 18 -70
43.026922 9 -70
43.11344 3 -66
43.238066 15 -83
43.253592 32 -82
43.267321 34 -71
43.274433 38 -68
43.279846 7 -80
43.300724 12 -72
43.345505 19 -80
43.428886 20 -81
43.529679 22 -79
43.564691 23 -84
43.58529 1 -70
43.684496 2 -83
43.779781 25 -74
43.920032 10 -74
43.949809 11 -80
43.970949 21 -82
44.020275 18 -80
44.031482 9 -81
44.081216 8 -68
44.118391 3 -75
44.209956 5 -80
44.242838 35 -74
44.243732 15 -73
44.255931 27 -72
44.25858 32 -70
44.26999 34 -81
44.277747 38 -78
44.286726 7 -75
44.306179 12 -71
44.435184 20 -72
44.534487 22 -76
44.543562 4 -87
44.572397 23 -81
44.685676 2 -71
44.711667 16 -75
44.845186 13 -72
44.903385 17 -77
44.92536 10 -75
45.020729 29 -78
45.024191 18 -73
45.039612 9 -72
45.083219 8 -76
45.125723 3 -64
45.213171 5 -68
45.248771 35 -84
45.253 15 -77
45.262318 32 -70
45.276657 34 -85
45.294399 7 -78
45.353989 19 -76
45.414075 14 -71
45.444932 20 -75
45.48008 26 -75
45.543583 4 -77
45.575769 23 -79
45.586107 6 -75
45.592788 1 -72
45.692471 2 -76
45.712807 36 -72
45.839963 31 -78
45.852587 13 -78
45.951424 28 -75
45.978207 33 -75
45.984447 21 -72
46.021014 29 -84
46.027466 18 -66
46.042615 9 -72
46.072153 24 -78
46.083482 8 -79
46.246564 30 -78
46.251682 35 -85
46.258493 27 -78
46.266391 32 -64
46.277313 34 -76
46.286144 38 -82
46.294351 7 -83
46.354065 19 -72
46.419883 14 -77
46.481558 26 -77
46.546268 22 -76
46.552149 4 -84
46.580423 23 -80
46.586151 6 -76
46.597467 1 -68
46.721546 36 -72
46.909286 17 -64
46.992737 21 -83
47.049799 9 -77
47.13938 3 -72
47.265801 27 -65
47.268757 15 -77
47.274431 32 -67
47.315615 12 -76
47.354233 19 -76
47.42502 14 -76
47.486545 26 -72
47.548879 22 -79
47.559799 4 -78
47.594677 6 -75
47.602421 1 -69
47.702491 2 -72
47.73204 16 -75
47.786487 25 -69
47.842671 37 -82
47.861285 13 -82
47.931855 10 -78
47.971296 11 -77
47.98971 33 -73
47.993703 21 -75
48.035421 18 -86
48.059303 9 -72
48.096246 8 -75
48.16104 7 -82
48.234505 5 -78
48.256884 30 -80
48.273234 15 -79
48.27436 27 -67
48.283905 32 -66
48.32577 12 -76
48.427502 14 -76
48.489212 26 -72
48.550299 22 -82
48.56336 4 -76
48.596948 6 -74
48.610275 1 -70
48.70651 2 -70
48.736735 36 -77
48.738679 16 -74
48.796609 25 -80
48.846593 37 -81
48.915674 17 -77
48.937123 10 -78
48.97666 11 -78
48.991159 33 -73
48.994029 21 -76
49.036865 18 -77
49.042681 29 -81
49.066975 9 -75
49.103925 8 -73
49.151725 3 -77
49.242298 5 -78
49.265202 30 -82
49.276236 27 -69
49.285351 34 -74
49.290358 32 -69
49.329699 12 -76
49.362107 19 -73
49.435385 14 -77
49.466006 20 -75
49.467342 20 -70
49.49365 26 -74
49.550175 21 -83
49.556906 22 -75
49.570034 4 -83
49.599341 6 -72
49.713854 2 -77
49.740038 16 -76
49.7984 25 -76
49.851889 37 -74
49.873859 13 -79
49.972285 28 -78
49.979247 11 -82
49.996056 33 -76
50.039652 18 -68
50.050075 29 -84
50.072451 9 -75
50.160949 3 -78
50.243805 5 -80
50.281423 15 -74
50.290858 34 -75
50.300199 32 -69
50.309133 38 -80
50.334055 12 -76
50.366974 19 -75
50.439423 14 -75
50.470254 20 -70
50.503062 26 -76
50.602153 23 -84
50.619299 1 -69
50.647264 29 -78
50.721962 2 -74
50.74155 16 -77
50.74579 36 -79
50.806477 25 -79
50.859168 37 -80
50.879215 13 -75
50.982032 28 -74
51.000526 33 -72
51.045064 18 -72
51.083328 15 -78
51.092725 24 -82
51.112446 8 -79
51.144704 25 -81
51.166359 3 -74
51.173043 7 -74
51.246013 5 -83
51.262305 35 -79
51.28893 27 -70
51.294046 34 -72
51.309276 32 -70
51.319221 38 -78
51.343141 12 -80
51.373154 19 -70
51.445048 14 -77
51.477498 20 -70
51.503197 26 -72
51.564751 22 -81
51.566694 21 -73
51.58448 4 -79
51.618347 6 -82
51.621019 1 -73
51.655788 29 -78
51.696633 4 -78
51.743397 16 -77
51.748902 6 -76
51.751569 36 -72
51.760194 8 -71
51.767052 23 -77
51.777632 1 -83
51.862633 37 -78
51.878322 31 -72
51.887471 13 -77
51.927485 17 -80
51.947096 10 -61
51.985459 11 -81
51.989247 28 -74
52.007986 33 -74
52.014388 36 -80
52.050598 18 -67
52.079983 9 -78
52.08927 15 -79
52.123096 34 -71
52.152355 25 -80
52.169296 3 -67
52.219336 12 -70
52.244104 37 -78
52.250175 5 -81
52.265643 35 -84
52.27449 19 -78
52.29105 27 -72
52.309992 32 -72
52.314891 13 -70
52.38447 17 -84
52.424587 10 -82
52.440861 14 -73
52.483888 20 -78
52.51029 26 -72
52.535158 26 -73
52.54721 33 -81
52.568002 22 -78
52.576327 21 -73
52.633978 18 -67
52.66303 29 -75
52.695888 9 -72
52.701537 4 -76
52.753156 6 -74
52.767171 8 -78
52.782404 1 -85
53.017031 5 -78
53.018305 36 -79
53.089992 15 -76
53.137123 32 -80
53.184765 38 -79
53.22537 12 -74
53.283294 19 -76
53.31979 13 -73
53.424576 10 -79
53.44493 14 -78
53.492811 20 -71
53.544509 26 -72
53.643845 18 -70
53.653469 22 -75
53.69825 9 -76
53.732877 24 -81
53.753199 6 -72
53.771569 23 -83
53.777107 8 -78
53.870965 3 -78
53.988733 2 -82
54.017164 5 -78
54.020453 36 -84
54.091279 30 -83
54.099382 15 -83
54.13704 34 -80
54.181902 7 -76
54.192747 38 -83
54.230825 12 -70
54.252834 37 -85
54.286026 19 -76
54.299152 31 -81
54.329265 13 -75
54.449823 14 -83
54.500117 20 -72
54.504433 11 -82
54.513824 28 -84
54.584424 21 -79
54.644435 18 -81
54.678918 29 -74
54.703288 4 -75
54.736313 24 -76
54.774973 23 -80
54.7803 8 -74
54.875886 3 -70
55.022265 36 -75
55.033363 16 -82
55.109107 15 -82
55.139094 27 -80
55.143005 34 -73
55.169781 25 -77
55.262036 37 -81
55.329373 13 -74
55.441519 10 -80
55.453525 14 -74
55.506721 20 -74
55.50705 11 -83
55.51817 28 -81
55.559915 26 -74
55.646032 18 -75
55.666349 22 -76
55.685734 29 -79
55.70804 4 -82
55.78926 8 -73
55.795955 1 -70
55.880808 3 -73
56.000798 2 -74
56.022551 36 -87
56.03571 5 -77
56.038079 16 -78
56.0912 35 -77
56.100714 30 -78
56.110135 15 -80
56.140543 27 -76
56.148695 34 -77
56.14928 32 -72
56.172304 25 -73
56.249149 12 -74
56.262358 37 -76
56.312661 31 -81
56.331098 13 -76
56.510181 20 -83
56.525964 28 -71
56.559958 26 -75
56.568507 33 -72
56.597464 21 -66
56.655747 18 -70
56.667434 22 -83
56.689009 29 -78
56.707627 9 -76
56.710746 4 -80
56.770204 6 -75
56.788034 23 -72
56.793949 8 -73
56.796881 1 -75
56.885942 3 -67
57.008478 2 -72
57.044876 5 -80
57.102502 30 -81
57.112353 15 -65
57.14071 27 -66
57.150418 34 -74
57.195676 7 -76
57.25082 12 -76
57.271957 37 -78
57.29248 19 -76
57.321551 31 -78
57.339902 13 -78
57.405386 17 -78
57.447843 10 -78
57.463036 14 -64
57.512696 20 -69
57.518053 11 -84
57.533148 28 -74
57.569553 26 -72
57.606883 21 -67
57.66421 18 -60
57.694725 29 -76
57.793818 23 -83
57.800951 1 -76
57.802085 8 -76
57.892451 3 -70
58.035756 36 -76
58.098488 35 -70
58.105877 30 -84
58.143319 27 -75
58.165635 32 -72
58.179609 25 -76
58.198374 7 -79
58.207832 38 -70
58.279541 37 -72
58.301345 19 -77
58.346906 13 -70
58.408275 17 -78
58.467349 14 -61
58.517804 20 -70
58.5385 28 -82
58.57869 26 -80
58.583855 33 -68
58.61673 21 -68
58.712627 9 -73
58.756959 24 -78
58.786373 6 -83
58.797984 23 -78
58.803921 1 -70
58.80598 8 -83
58.897097 3 -68
59.015141 2 -68
59.047401 5 -64
59.104848 35 -68
59.162104 34 -64
59.167419 32 -64
59.205834 7 -74
59.213343 38 -75
59.261149 12 -84
59.283708 37 -83
59.303894 19 -66
59.353087 13 -70
59.408234 17 -76
59.467755 14 -69
59.523044 11 -78
59.52392 20 -70
59.578672 26 -78
59.617116 21 -66
59.674117 18 -64
59.688874 22 -72
59.707501 29 -72
59.731713 4 -72
59.796547 6 -76
59.804237 1 -80
59.905497 3 -67
60.019678 2 -75
60.045408 16 -68
60.050457 36 -79
60.051593 5 -80
60.116078 15 -79
60.118027 30 -80
60.16459 34 -70
60.209143 7 -80
60.2198 38 -83
60.266116 12 -76
60.288943 37 -84
60.311294 19 -60
60.357893 13 -63
60.415213 17 -77
60.461173 10 -75
60.474632 14 -68
60.524288 11 -80
60.528632 20 -62
60.579632 26 -71
60.598654 33 -70
60.625254 21 -66
60.682947 18 -58
60.689379 22 -68
60.72614 9 -69
60.737838 4 -83
60.766427 24 -81
60.807422 1 -68
60.816546 8 -73
60.816692 23 -70
61.020187 2 -70
61.053176 16 -64
61.057335 36 -76
61.057982 5 -78
61.116866 35 -72
61.118998 15 -42
61.120151 30 -77
61.157339 27 -76
61.165002 34 -78
61.183438 32 -69
61.19731 25 -77
61.218006 7 -84
61.228088 38 -75
61.271815 12 -73
61.295001 37 -81
61.321441 19 -63
61.338407 31 -78
61.360259 13 -60
61.419536 17 -71
61.464488 10 -75
61.483125 14 -65
61.527578 11 -79
61.53078 20 -61
61.58352 26 -72
61.607975 33 -75
61.627593 21 -62
61.691776 22 -71
61.692875 18 -72
61.710726 29 -74
61.728747 9 -68
61.738957 4 -77
61.769864 24 -81
61.799685 6 -76
61.808622 1 -68
61.820522 23 -74
61.921656 3 -76
62.025884 2 -75
62.053742 16 -60
62.067301 5 -78
62.120571 35 -84
62.120728 15 -72
62.126119 30 -76
62.163183 27 -74
62.187176 32 -74
62.235491 38 -78
62.304325 37 -72
62.32457 19 -59
62.348152 31 -74
62.424653 17 -70
62.483349 14 -56
62.531342 20 -69
62.556157 28 -74
62.616352 33 -72
62.632557 21 -61
62.695082 18 -72
62.695728 22 -72
62.713451 29 -74
62.737335 9 -76
62.74496 4 -76
62.771592 24 -71
62.802444 6 -79
62.817635 1 -63
62.825085 23 -76
62.834559 8 -80
62.926272 3 -82
63.032099 2 -68
63.060747 16 -61
63.072104 5 -76
63.073043 36 -78
63.126352 35 -70
63.130911 15 -65
63.183065 34 -78
63.196924 32 -67
63.215051 25 -76
63.240117 38 -73
63.276224 12 -68
63.31191 37 -80
63.326233 19 -64
63.354235 31 -78
63.367676 13 -63
63.475664 10 -53
63.487296 14 -58
63.531446 20 -60
63.540014 11 -82
63.566271 28 -58
63.592457 26 -72
63.616397 33 -71
63.635477 21 -60
63.697106 18 -62
63.699071 22 -63
63.737775 9 -69
63.749314 4 -76
63.77155 24 -72
63.806088 6 -74
63.817982 1 -69
63.831265 23 -70
64.041153 2 -68
64.080196 36 -77
64.134116 35 -70
64.136669 15 -69
64.170993 27 -76
64.18308 34 -78
64.236387 7 -74
64.281526 12 -71
64.315588 37 -70
64.330398 19 -64
64.372178 13 -62
64.534662 20 -60
64.595643 26 -80
64.618578 33 -72
64.641081 21 -61
64.704183 22 -78
64.725007 29 -78
64.746546 9 -66
64.750251 4 -76
64.777184 24 -74
64.822387 1 -76
64.840425 8 -81
64.94411 3 -73
65.064411 16 -62
65.084327 36 -71
65.135633 30 -78
65.136903 15 -30
65.137973 35 -64
65.17525 27 -78
65.184589 34 -81
65.209007 32 -72
65.245311 7 -74
65.248117 38 -75
65.287347 12 -69
65.31887 37 -75
65.331909 19 -64
65.380707 13 -66
65.435732 17 -76
65.497752 14 -57
65.54096 20 -60
65.570324 28 -78
65.642963 21 -60
65.705397 18 -66
65.714179 22 -66
65.727092 29 -81
65.750587 9 -80
65.758054 4 -84
65.778699 24 -75
65.818106 6 -81
65.831797 1 -69
65.840513 23 -68
65.944515 3 -69
66.050074 2 -68
66.066137 16 -59
66.09215 36 -72
66.137291 15 -70
66.13974 30 -76
66.145279 35 -64
66.179445 27 -83
66.21662 32 -69
66.226252 25 -82
66.25152 7 -74
66.255733 38 -76
66.295701 12 -69
66.32679 37 -75
66.33992 19 -64
66.384111 13 -66
66.439292 17 -80
66.498373 14 -58
66.541553 20 -63
66.557388 11 -73
66.571099 28 -78
66.634017 33 -73
66.643502 21 -61
66.709099 18 -68
66.716514 22 -68
66.750661 9 -76
66.763415 4 -81
66.780763 24 -76
66.834035 1 -66
66.845288 23 -71
66.848245 8 -82
66.949162 3 -72
67.05513 2 -67
67.074942 16 -59
67.090733 5 -86
67.093351 36 -72
67.14018 15 -68
67.147509 30 -76
67.154264 35 -64
67.198869 34 -82
67.223806 32 -69
67.255745 7 -67
67.261976 38 -75
67.298287 12 -69
67.331384 37 -76
67.345215 19 -64
67.390138 13 -64
67.501495 14 -57
67.550201 20 -72
67.561715 11 -83
67.573492 28 -83
67.643797 33 -81
67.648069 21 -60
67.717471 18 -63
67.723519 22 -69
67.753939 9 -74
67.769051 4 -85
67.790395 24 -76
67.827988 6 -83
67.841858 1 -69
67.846983 23 -72
67.953717 3 -72
68.057256 2 -70
68.082679 16 -63
68.093576 36 -73
68.144321 15 -65
68.147862 30 -76
68.162699 35 -64
68.196655 27 -78
68.200348 34 -78
68.233066 32 -68
68.255789 7 -76
68.268922 38 -80
68.29892 12 -69
68.34578 19 -63
68.39464 13 -68
68.507578 14 -55
68.557202 20 -72
68.569429 11 -76
68.652722 33 -73
68.657458 21 -60
68.718397 18 -66
68.729425 22 -69
68.759262 9 -73
68.77072 4 -78
68.794381 24 -73
68.851329 1 -66
68.853346 23 -73
68.857042 8 -83
68.961385 3 -68
69.067256 2 -75
69.087579 16 -72
69.097402 36 -73
69.150077 30 -76
69.167533 35 -65
69.200423 27 -77
69.236529 32 -70
69.260868 7 -76
69.276965 38 -81
69.308037 12 -70
69.348236 19 -62
69.396121 13 -62
69.514943 14 -58
69.559777 20 -72
69.653408 33 -75
69.65998 21 -60
69.722343 18 -63
69.730418 22 -72
69.762418 9 -70
69.78014 4 -80
69.802396 24 -72
69.842752 6 -78
69.851553 1 -66
69.861235 23 -74
70.067642 2 -77
70.090677 16 -69
70.107209 36 -76
70.150308 30 -82
70.154922 15 -68
70.177189 35 -66
70.218442 34 -80
70.240572 32 -70
70.265215 7 -81
70.285619 38 -76
70.317428 12 -70
70.350602 19 -60
70.400806 13 -61
70.519438 14 -58
70.563177 20 -60
70.575427 11 -86
70.66279 33 -78
70.669765 21 -63
70.725802 18 -63
70.733761 22 -70
70.7572 29 -73
70.764231 9 -70
70.789286 4 -86
70.802751 24 -72
70.84661 6 -77
70.853029 1 -64
70.863244 8 -84
70.869429 23 -72
70.975225 3 -69
71.069555 2 -78
71.092921 16 -70
71.108807 36 -76
71.118243 5 -83
71.160985 15 -59
71.180894 35 -66
71.213177 27 -70
71.226818 34 -80
71.24379 32 -69
71.272522 7 -76
71.293449 38 -76
71.324256 12 -69
71.358856 19 -60
71.405063 13 -61
71.519418 14 -57
71.564898 20 -66
71.586877 28 -77
71.666162 33 -79
71.679642 21 -58
71.734723 22 -68
71.763192 29 -70
71.774375 9 -70
71.789948 4 -84
71.810918 24 -73
71.847813 6 -77
71.854962 1 -66
71.871441 8 -81
71.878081 23 -71
71.977613 3 -69
72.072048 2 -74
72.098217 16 -70
72.110161 36 -76
72.122801 5 -84
72.165613 15 -76
72.184721 35 -66
72.216976 27 -75
72.234888 34 -79
72.247863 32 -69
72.282026 7 -77
72.297129 38 -75
72.357619 37 -86
72.365952 19 -67
72.399217 31 -85
72.412861 13 -64
72.468651 17 -82
72.528583 14 -54
72.572631 20 -64
72.586246 11 -78
72.591222 28 -81
72.668465 33 -80
72.685094 21 -58
72.743742 22 -70
72.772051 29 -72
72.775425 9 -70
72.816277 24 -73
72.852219 6 -84
72.855979 1 -66
72.881087 23 -74
72.98641 3 -67
73.073716 2 -72
73.100431 16 -72
73.162294 30 -79
73.16658 15 -56
73.193553 35 -64
73.221842 27 -81
73.245003 34 -76
73.248884 32 -75
73.2868 7 -78
73.297238 38 -78
73.334006 12 -78
73.364776 37 -70
73.375763 19 -83
73.416203 13 -72
73.471204 17 -67
73.528989 14 -68
73.550309 10 -79
73.580821 20 -64
73.594601 11 -76
73.597551 28 -73
73.622613 26 -78
73.672355 33 -72
73.69134 21 -73
73.745943 18 -69
73.748366 22 -64
73.778745 29 -75
73.780077 9 -70
73.857058 1 -72
73.883167 8 -76
73.884247 23 -72
74.082007 2 -79
74.108687 16 -68
74.162556 30 -69
74.169531 15 -51
74.195 35 -64
74.252067 34 -79
74.300338 38 -75
74.343367 12 -70
74.382767 19 -74
74.420491 13 -80
74.471438 17 -69
74.53431 14 -58
74.553624 10 -78
74.602009 11 -75
74.627051 26 -74
74.678717 33 -74
74.692398 21 -66
74.754253 18 -73
74.757934 22 -72
74.780974 9 -76
74.787391 29 -72
74.833069 24 -82
74.861982 1 -74
74.884895 8 -77
74.887985 23 -69
74.998815 3 -70
75.115722 16 -58
75.140473 5 -76
75.162634 30 -78
75.19962 35 -68
75.240456 27 -71
75.255712 34 -83
75.256847 32 -76
75.290336 7 -73
75.308016 38 -74
75.346075 12 -84
75.373719 37 -78
75.419724 31 -79
75.478752 17 -74
75.540667 14 -64
75.587986 20 -65
75.680471 33 -75
75.693059 21 -65
75.759262 22 -72
75.760855 18 -74
75.781476 9 -78
75.789903 29 -75
75.796715 4 -73
75.84026 24 -72
75.858085 6 -76
75.868249 1 -74
75.886928 8 -81
76.00099 3 -70
76.150616 5 -76
76.20006 35 -71
76.244499 27 -75
76.263478 34 -70
76.268116 25 -81
76.298772 7 -75
76.315846 38 -70
76.382738 37 -73
76.397048 19 -80
76.424891 31 -82
76.437764 13 -76
76.480604 17 -76
76.544705 14 -70
76.568187 10 -74
76.596055 20 -66
76.615837 28 -76
76.633577 26 -82
76.697503 21 -65
76.761842 18 -73
76.765351 22 -64
76.790035 29 -76
76.800398 4 -69
76.850074 24 -76
76.86176 6 -81
76.875186 1 -76
76.894761 23 -69
77.003043 3 -72
77.084541 2 -76
77.126467 16 -54
77.133441 36 -70
77.154564 5 -75
77.19245 15 -58
77.208465 35 -70
77.249549 27 -78
77.269051 32 -76
77.27167 34 -70
77.272287 25 -82
77.303943 7 -75
77.317786 38 -73
77.356343 12 -69
77.390567 37 -69
77.401855 19 -73
77.433568 31 -76
77.443883 13 -79
77.488895 17 -64
77.553077 14 -72
77.568785 10 -78
77.601347 20 -66
77.614409 11 -71
77.625523 28 -75
77.639876 26 -80
77.689654 33 -64
77.703871 21 -65
77.76765 18 -81
77.791998 29 -76
77.800358 4 -72
77.852505 24 -74
77.869493 6 -81
77.876113 1 -73
77.902101 23 -69
78.009764 3 -73
78.135711 36 -72
78.160526 5 -72
78.20068 15 -70
78.210827 35 -66
78.269371 32 -74
78.275451 25 -82
78.281847 34 -68
78.309449 7 -76
78.32531 38 -70
78.393177 37 -78
78.409072 19 -76
78.444021 13 -72
78.498009 17 -61
78.55742 14 -71
78.609568 20 -67
78.619041 11 -73
78.634446 28 -78
78.643581 26 -72
78.692873 33 -79
78.708927 21 -66
78.772176 18 -76
78.775546 22 -57
78.79686 29 -77
78.807703 4 -70
78.853531 24 -78
78.878259 1 -81
78.908555 23 -70
79.144328 36 -74
79.16954 5 -72
79.181595 30 -76
79.201128 15 -60
79.214807 35 -70
79.271338 32 -82
79.286621 34 -68
79.312301 7 -76
79.328045 38 -71
79.368626 12 -65
79.402959 37 -73
79.414855 19 -80
79.443903 31 -74
79.451178 13 -68
79.499159 17 -64
79.560329 14 -69
79.611197 20 -70
79.637754 28 -76
79.643655 26 -72
79.697373 33 -76
79.718834 21 -68
79.778778 18 -76
79.783649 22 -60
79.801661 29 -69
79.815842 4 -67
79.857212 24 -76
79.877941 6 -81
79.882268 1 -78
79.90909 23 -78
80.102515 2 -76
80.141256 16 -58
80.146109 36 -82
80.178339 5 -73
80.189883 30 -76
80.204536 15 -60
80.220527 35 -72
80.259816 27 -78
80.271382 32 -82
80.293593 34 -68
80.313749 7 -78
80.336607 38 -70
80.378444 12 -71
80.412343 37 -72
80.419418 19 -76
80.445836 31 -71
80.457511 13 -70
80.505557 17 -59
80.560797 14 -69
80.610873 20 -69
80.634865 11 -76
80.643882 26 -71
80.645579 28 -76
80.700561 33 -76
80.721906 21 -69
80.785258 18 -81
80.790868 22 -63
80.809697 29 -78
80.816778 4 -69
80.863151 24 -75
80.879357 6 -83
80.890396 1 -73
80.916045 8 -88
80.918627 23 -76
81.0205 3 -76
81.104916 2 -73
81.146979 16 -58
81.187719 5 -69
81.190419 30 -77
81.208341 15 -61
81.228198 35 -69
81.264896 27 -76
81.299802 34 -68
81.314067 7 -79
81.342728 38 -67
81.385089 12 -70
81.41944 37 -72
81.420165 19 -72
81.453506 31 -71
81.459693 13 -72
81.509637 17 -60
81.564286 14 -70
81.638551 11 -76
81.706343 33 -75
81.731935 21 -67
81.787557 18 -83
81.792257 22 -65
81.819594 29 -77
81.823116 4 -69
81.863171 24 -76
81.887151 6 -81
81.890925 1 -73
81.9238 23 -75
82.029479 3 -75
82.106402 2 -78
82.148003 16 -56
82.156965 36 -76
82.19423 5 -70
82.209736 15 -60
82.274706 27 -76
82.309002 34 -69
82.31521 7 -83
82.344393 38 -68
82.390452 12 -68
82.427963 19 -73
82.429191 37 -72
82.458795 31 -71
82.462395 13 -72
82.518141 17 -60
82.574397 14 -70
82.584076 10 -82
82.616941 20 -68
82.653429 26 -72
82.654788 28 -76
82.707334 33 -75
82.734336 21 -69
82.787689 18 -78
82.79801 22 -65
82.822656 29 -75
82.830705 4 -68
82.86914 24 -74
82.893804 1 -76
82.894884 6 -84
82.924883 23 -78
83.035103 3 -80
83.109901 2 -76
83.151437 16 -54
83.161157 36 -79
83.20068 5 -72
83.206781 30 -80
83.219888 15 -60
83.231397 35 -69
83.276582 27 -76
83.312678 34 -69
83.320167 7 -78
83.345968 38 -68
83.39374 12 -69
83.431976 19 -73
83.468849 13 -72
83.524448 17 -62
83.583225 14 -70
83.592547 10 -70
83.623239 20 -69
83.650774 11 -76
83.65535 28 -78
83.658843 26 -71
83.710186 33 -75
83.738598 21 -64
83.794473 18 -83
83.825504 29 -74
83.839057 4 -69
83.876484 24 -72
83.902787 1 -74
84.040756 3 -78
84.115719 2 -76
84.157313 16 -54
84.164158 36 -78
84.202065 5 -72
84.209973 30 -78
84.224151 15 -60
84.236873 35 -69
84.276688 27 -77
84.32723 7 -70
84.347176 38 -66
84.399958 12 -69
84.432632 19 -72
84.432672 37 -73
84.472313 13 -76
84.47264 31 -71
84.527215 17 -60
84.592421 14 -70
84.627371 20 -64
84.662229 28 -78
84.667858 26 -72
84.713465 33 -78
84.740449 21 -58
84.799885 18 -76
84.81498 22 -64
84.831892 29 -73
84.840365 9 -84
84.843961 4 -70
84.910167 6 -81
84.910915 1 -73
85.048454 3 -76
85.164592 16 -54
85.170517 36 -76
85.211445 5 -69
85.227651 15 -60
85.244057 35 -69
85.283477 27 -77
85.322289 34 -70
85.32825 7 -76
85.353511 38 -67
85.407091 12 -68
85.436839 37 -72
85.479699 31 -71
85.482064 13 -76
85.53343 17 -60
85.59533 14 -71
85.601251 10 -82
85.663578 11 -74
85.668375 28 -78
85.669305 26 -72
85.717386 33 -78
85.748312 21 -56
85.801024 18 -78
85.8247 22 -63
85.834831 29 -70
85.844989 4 -70
85.88528 24 -72
85.913353 6 -86
85.919867 1 -75
85.944431 23 -73
86.126288 2 -82
86.174404 16 -52
86.177517 36 -77
86.213836 5 -70
86.223893 30 -73
86.235758 15 -64
86.247426 35 -68
86.284011 27 -77
86.322247 25 -72
86.334031 7 -73
86.359021 38 -68
86.411661 12 -69
86.438472 37 -73
86.444686 19 -74
86.480442 31 -71
86.485101 13 -76
86.538059 17 -62
86.599673 14 -68
86.608135 10 -82
86.628433 20 -66
86.669363 28 -76
86.675574 26 -72
86.719445 33 -78
86.756022 21 -72
86.809304 18 -76
86.82612 22 -63
86.843325 29 -74
86.885757 24 -70
86.917883 6 -76
86.950214 23 -71
86.953542 8 -82
87.054391 3 -75
87.132718 2 -75
87.177961 16 -55
87.179023 36 -65
87.215313 5 -69
87.230106 30 -77
87.237855 15 -61
87.253755 35 -70
87.286344 27 -75
87.326601 25 -82
87.335195 34 -68
87.343444 7 -77
87.364928 38 -76
87.414643 12 -78
87.445966 37 -73
87.448089 19 -83
87.48686 31 -75
87.494455 13 -72
87.538354 17 -66
87.601026 14 -72
87.60849 10 -78
87.634671 20 -80
87.673665 11 -72
87.678622 28 -75
87.813159 18 -72
87.82992 22 -61
87.852093 29 -70
87.868692 9 -83
87.895328 24 -74
87.918933 6 -77
87.956089 23 -79
88.063248 3 -69
88.138842 2 -72
88.179992 16 -66
88.185809 36 -74
88.224326 5 -71
88.241232 15 -69
88.263808 35 -72
88.310588 32 -75
88.340824 34 -69
88.348859 7 -72
88.367876 38 -79
88.417016 12 -67
88.449491 37 -75
88.486962 31 -78
88.540785 17 -55
88.605736 14 -79
88.681489 26 -80
88.684707 28 -81
88.725241 33 -73
88.764759 21 -74
88.816709 18 -78
88.834789 22 -57
88.86089 4 -69
88.871786 9 -81
88.896904 24 -77
88.927276 6 -71
88.929236 1 -71
88.959614 23 -66
89.063531 3 -78
89.189971 36 -70
89.190048 16 -61
89.26556 35 -66
89.298275 27 -70
89.315973 32 -70
89.332685 25 -85
89.348345 34 -70
89.37714 38 -70
89.455275 37 -72
89.488834 31 -83
89.507974 13 -75
89.543613 17 -64
89.609682 14 -72
89.643392 20 -73
89.684676 26 -78
89.684881 11 -72
89.691586 28 -66
89.726385 33 -77
89.770822 21 -68
89.836666 22 -57
89.860322 29 -76
89.868723 4 -80
89.901836 24 -60
89.931652 6 -77
89.937364 1 -76
89.965244 23 -64
90.06537 3 -68
90.147366 2 -77
90.195994 36 -70
90.19809 16 -64
90.235029 5 -80
90.237391 30 -76
90.253084 15 -74
90.271035 35 -72
90.318246 32 -71
90.338962 25 -61
90.357392 34 -80
90.364632 7 -78
90.384909 38 -66
90.430824 12 -76
90.45932 37 -69
90.466567 19 -74
90.517999 13 -81
90.550958 17 -58
90.615521 14 -80
90.685024 26 -75
90.69233 28 -82
90.693236 11 -77
90.779478 21 -68
90.83946 22 -79
90.8661 29 -74
90.875763 4 -72
90.90213 24 -60
90.937554 6 -80
90.973713 23 -64
91.147753 2 -80
91.199515 36 -72
91.201616 16 -70
91.236902 5 -67
91.245953 30 -61
91.271567 35 -78
91.306086 27 -75
91.32299 32 -74
91.36589 34 -84
91.366446 7 -82
91.462419 37 -78
91.497826 31 -73
91.521494 13 -77
91.618491 14 -76
91.655166 20 -73
91.695548 11 -74
91.736057 33 -83
91.782214 21 -69
91.833707 18 -71
91.841277 22 -72
91.869863 29 -71
91.902729 24 -59
91.939306 6 -73
91.946663 1 -76
91.977299 23 -64
92.155738 2 -81
92.204469 36 -66
92.2074 16 -64
92.253539 30 -64
92.27872 35 -75
92.365874 34 -85
92.372197 7 -79
92.394924 38 -64
92.445457 12 -77
92.464388 37 -74
92.473128 19 -76
92.56879 17 -60
92.659053 20 -73
92.691672 26 -72
92.698104 11 -76
92.700076 28 -76
92.789528 21 -70
92.846267 22 -68
92.878338 4 -83
92.907081 24 -63
92.944476 6 -75
92.953784 1 -76
92.982594 23 -62
93.082453 3 -76
93.16113 2 -84
93.210438 16 -69
93.212415 36 -68
93.249314 5 -76
93.262987 30 -75
93.271823 15 -76
93.281876 35 -77
93.315667 27 -73
93.374438 7 -74
93.404554 38 -64
93.449935 12 -76
93.464679 37 -70
93.577569 17 -58
93.70854 28 -73
93.743746 33 -83
93.790769 21 -70
93.843248 18 -79
93.847108 22 -66
93.873729 29 -70
93.884493 4 -82
93.914791 24 -64
93.947479 6 -75
93.979431 8 -84
93.990514 23 -61
94.086764 3 -74
94.214819 16 -68
94.219597 36 -67
94.259304 5 -78
94.269901 30 -78
94.285184 35 -74
94.318214 27 -72
94.335331 32 -70
94.377808 7 -68
94.380489 34 -81
94.455481 12 -78
94.467869 37 -72
94.584212 17 -58
94.630911 14 -79
94.671437 20 -72
94.710435 26 -72
94.71307 28 -73
94.714021 11 -84
94.746873 33 -84
94.798876 21 -70
94.879018 29 -70
94.886956 4 -83
94.924178 24 -64
94.955548 6 -75
94.96592 1 -84
94.986621 8 -84
94.993734 23 -61
95.095896 3 -75
95.218497 16 -67
95.222844 36 -67
95.267799 5 -78
95.274863 30 -80
95.285139 15 -76
95.290934 35 -76
95.368026 25 -85
95.378188 7 -76
95.382365 34 -79
95.458067 12 -76
95.519015 31 -72
95.584629 17 -58
95.637421 14 -80
95.678712 20 -73
95.712126 26 -75
95.71354 28 -72
95.752105 33 -84
95.802985 21 -71
95.862886 22 -66
95.887953 4 -79
95.932254 24 -63
95.965387 6 -76
95.993811 23 -62
96.103869 3 -77
96.22654 16 -67
96.226548 36 -66
96.272723 5 -79
96.274881 30 -82
96.28928 15 -74
96.32575 27 -71
96.340211 32 -69
96.383173 34 -79
96.384397 7 -72
96.424931 38 -64
96.467978 12 -75
96.481909 37 -72
96.52757 31 -75
96.589563 17 -58
96.688276 20 -74
96.712841 26 -75
96.716909 28 -72
96.725359 11 -74
96.752852 33 -87
96.810482 21 -74
96.872515 22 -69
96.893564 29 -72
96.894016 4 -81
96.941276 24 -63
96.974737 6 -75
96.995719 23 -62
97.108271 3 -78
97.228936 16 -68
97.229275 36 -66
97.279171 30 -76
97.289271 15 -71
97.327596 27 -72
97.34166 32 -70
97.375636 25 -85
97.385293 34 -83
97.431419 38 -64
97.469251 12 -76
97.49108 37 -72
97.594711 17 -58
97.650136 14 -83
97.696039 20 -70
97.716241 26 -75
97.72574 28 -72
97.72816 11 -81
97.879948 22 -70
97.903308 29 -75
97.949107 24 -64
97.980578 6 -75
97.999824 23 -63
98.109378 3 -76
98.234293 16 -67
98.237647 36 -67
98.282847 5 -78
98.298996 15 -69
98.312364 35 -75
98.33588 27 -72
98.379959 25 -81
98.39373 34 -85
98.39605 7 -64
98.435831 38 -64
98.477055 12 -76
98.493782 37 -71
98.537691 31 -75
98.602726 17 -58
98.725287 26 -74
98.729465 11 -82
98.73503 28 -72
98.767986 33 -86
98.82221 21 -80
98.879964 22 -70
98.904282 4 -79
98.905546 29 -70
98.959044 24 -64
98.98648 6 -74
99.000267 23 -55
99.003359 8 -86
99.112164 3 -76
99.241054 16 -69
99.242847 36 -67
99.285645 30 -80
99.299169 15 -71
99.313048 35 -73
99.344989 27 -72
99.351973 32 -72
99.397956 7 -68
99.399817 34 -80
99.445431 38 -63
99.480588 12 -76
99.502343 37 -74
99.511901 19 -79
99.539044 31 -75
99.604059 17 -60
99.667123 14 -75
99.708484 20 -79
99.729755 26 -70
99.737331 28 -74
99.868882 18 -78
99.88526 22 -78
99.906807 29 -81
99.911413 4 -76
99.966235 24 -65
99.992475 6 -76
99.993347 1 -80
100.12035 3 -73
100.195818 2 -82
100.241468 16 -66
100.243469 36 -66
100.28789 30 -72
100.305812 15 -67
100.318981 35 -70
100.346132 27 -78
100.356198 32 -76
100.403584 34 -75
100.405781 7 -83
100.452772 38 -70
100.487782 12 -84
100.503275 37 -84
100.516677 19 -86
100.547728 13 -81
100.607345 17 -55
100.667682 14 -81
100.737519 26 -69
100.739797 11 -78
100.778482 33 -81
100.831375 21 -82
100.886649 22 -78
100.916521 29 -73
100.920284 4 -82
100.967505 24 -60
100.99351 1 -79
101.001977 6 -78
101.006554 23 -68
101.012522 8 -83
101.124325 3 -82
101.248747 16 -70
101.305955 15 -76
101.323357 35 -73
101.352525 27 -76
101.400651 25 -80
101.406863 7 -75
101.460694 38 -66
101.503475 37 -73
101.521422 19 -70
101.546389 31 -74
101.676511 14 -79
101.74098 26 -74
101.785973 33 -78
101.832311 21 -78
101.892006 22 -78
101.976557 24 -64
102.008218 23 -76
102.008429 6 -66
102.130528 3 -76
102.256338 36 -76
102.257216 16 -74
102.30285 5 -82
102.410376 25 -82
102.415787 7 -81
102.469012 38 -66
102.498508 12 -70
102.525344 19 -79
102.553589 13 -77
102.743434 26 -78
102.753118 11 -82
102.833368 21 -77
102.901849 22 -67
102.933966 29 -76
102.986708 24 -67
103.008783 23 -69
103.01839 6 -62
103.263703 16 -74
103.306859 5 -72
103.31373 30 -74
103.317654 15 -73
103.416899 7 -79
103.477148 38 -74
103.507991 12 -72
103.508573 37 -74
103.621353 17 -76
103.757276 28 -70
103.7619 11 -70
103.789267 33 -76
103.836928 21 -79
103.910501 22 -73
103.936997 29 -70
103.955349 9 -78
104.003063 1 -78
104.026153 6 -78
104.136434 3 -69
104.215676 2 -84
104.272474 36 -77
104.31917 15 -74
104.322231 30 -75
104.341125 35 -80
104.370354 32 -84
104.371397 27 -73
104.419568 7 -76
104.422105 25 -80
104.478417 38 -78
104.508929 12 -78
104.525924 19 -85
104.566438 31 -69
104.74431 20 -78
104.753225 26 -76
104.766382 28 -65
104.794805 33 -78
104.838566 21 -77
104.920008 22 -76
104.933643 4 -81
104.996603 24 -76
105.009452 1 -76
105.035412 6 -73
105.037103 8 -86
105.271548 16 -74
105.278466 36 -73
105.312862 5 -70
105.324288 15 -79
105.330641 30 -83
105.374158 27 -73
105.420253 7 -76
105.428108 25 -76
105.486766 38 -70
105.511576 12 -76
105.569042 31 -72
105.755924 26 -76
105.769965 28 -69
105.772079 11 -78
105.937688 29 -68
105.942453 4 -82
105.996958 24 -80
106.012819 1 -83
106.019115 23 -82
106.037775 6 -74
106.230243 2 -71
106.278417 36 -78
106.327086 15 -76
106.331788 30 -71
106.342646 35 -83
106.380367 27 -76
106.383321 32 -77
106.421059 7 -78
106.430997 25 -82
106.431653 34 -78
106.492093 38 -70
106.528732 37 -72
106.577658 31 -68
106.697983 14 -77
106.765152 26 -78
106.772683 11 -81
106.779987 28 -68
106.800663 33 -69
106.851881 21 -82
106.901575 18 -79
106.940415 29 -74
106.997282 24 -81
107.023524 23 -81
107.042669 6 -85
107.27744 16 -69
107.28746 36 -70
107.338702 30 -73
107.342841 35 -76
107.38499 27 -72
107.392795 32 -74
107.424826 7 -76
107.496108 38 -72
107.533784 37 -76
107.542633 19 -77
107.58426 31 -65
107.648748 17 -78
107.766019 26 -85
107.780701 28 -70
107.944361 29 -79
107.955892 4 -76
108.025566 1 -73
108.026226 23 -80
108.04964 6 -70
108.24368 2 -82
108.279044 16 -68
108.29092 36 -74
108.328429 5 -81
108.334177 15 -75
108.340948 30 -74
108.344898 35 -75
108.385279 27 -65
108.431768 7 -84
108.436717 34 -84
108.534838 37 -74
108.53502 12 -84
108.588298 31 -69
108.654322 17 -83
108.703741 14 -77
108.759617 20 -67
108.779505 11 -82
108.78468 28 -73
108.863243 21 -81
108.950657 29 -81
109.003699 24 -75
109.034792 1 -70
109.049774 6 -81
109.253405 2 -82
109.287116 16 -69
109.334808 15 -74
109.341149 30 -73
109.353578 35 -76
109.387704 27 -68
109.40735 32 -73
109.442987 34 -75
109.536533 37 -72
109.59435 31 -78
109.597369 13 -82
109.663803 17 -80
109.7126 14 -75
109.766556 20 -83
109.778557 26 -76
109.781908 11 -76
109.788812 28 -72
109.867688 21 -78
110.005061 24 -76
110.03883 23 -80
110.042554 1 -76
110.059888 6 -81
110.292138 16 -69
110.299121 36 -75
110.342611 15 -73
110.34431 30 -74
110.390527 27 -70
110.416549 32 -74
110.443643 34 -75
110.453265 25 -81
110.506508 19 -81
110.514136 38 -77
110.54189 37 -71
110.548523 12 -74
110.605349 13 -82
110.664068 17 -78
110.717218 14 -76
110.786418 11 -78
110.788122 26 -78
110.791418 28 -72
110.823088 33 -80
110.869173 21 -80
110.957422 29 -82
111.010726 24 -78
111.047116 23 -80
111.047417 1 -76
111.263944 2 -82
111.298593 16 -69
111.301879 36 -76
111.348512 5 -82
111.353574 30 -72
111.397865 27 -73
111.425596 32 -73
111.448234 34 -76
111.455698 25 -81
111.507347 19 -87
111.522637 38 -80
111.600566 31 -74
111.612231 13 -64
111.664974 17 -78
111.717229 14 -70
111.787113 11 -78
111.794269 26 -76
111.796039 28 -72
111.829328 33 -80
111.877768 21 -82
111.95792 29 -84
112.010714 24 -77
112.053937 23 -83
112.055393 1 -75
112.302882 16 -68
112.30955 36 -73
112.355286 15 -72
112.357495 5 -83
112.359817 30 -74
112.407981 27 -72
112.431867 32 -73
112.447812 7 -75
112.450476 34 -75
112.457152 25 -83
112.515144 19 -82
112.523143 38 -75
112.553031 37 -71
112.558822 12 -77
112.608144 31 -76
112.620303 13 -83
112.66948 17 -80
112.717197 10 -84
112.71907 14 -73
112.795285 11 -76
112.797699 28 -73
112.800873 26 -78
112.965254 29 -78
113.019705 24 -75
113.054746 23 -84
113.056471 1 -67
113.079456 6 -76
113.194396 3 -84
113.274391 2 -82
113.306378 16 -69
113.359124 5 -79
113.360953 15 -74
113.415685 27 -72
113.436916 32 -75
113.561958 12 -76
113.610077 31 -73
113.623646 13 -81
113.721551 14 -72
113.799939 28 -72
113.803609 11 -78
113.807507 26 -73
113.887085 21 -80
113.944766 18 -84
113.96596 22 -83
113.971428 29 -76
114.02421 24 -70
114.060438 23 -85
114.064599 1 -75
114.306608 16 -69
114.361767 15 -74
114.362813 30 -70
114.424458 27 -72
114.440287 32 -73
114.451409 7 -79
114.461612 34 -75
114.462809 25 -81
114.557153 37 -71
114.618845 31 -72
114.631382 13 -82
114.683071 17 -80
114.807061 28 -73
114.812696 11 -76
114.817499 26 -74
114.973575 29 -78
115.0343 24 -74
115.063658 23 -83
115.070926 1 -75
115.317457 36 -79
115.368293 30 -68
115.370638 15 -75
115.373062 5 -82
115.431094 27 -73
115.443841 32 -75
115.452124 7 -69
115.463061 34 -75
115.471588 25 -80
115.547366 38 -81
115.560648 37 -70
115.574454 12 -78
115.623402 31 -73
115.633595 13 -80
115.686478 17 -80
115.727736 14 -64
115.809973 28 -75
115.819372 11 -77
115.819526 26 -73
115.845498 33 -85
115.974659 22 -84
115.976209 29 -64
116.037371 24 -73
116.06526 23 -78
116.080855 1 -75
116.291268 2 -80
116.316376 16 -69
116.323266 36 -78
116.371055 15 -72
116.375911 5 -83
116.431506 27 -71
116.448951 32 -76
116.473054 34 -76
116.562831 37 -72
116.626495 31 -72
116.639622 13 -82
116.812518 28 -74
116.82318 11 -79
116.827229 26 -72
116.848839 33 -85
116.898498 21 -77
116.974889 22 -84
117.070861 23 -80
117.086847 1 -73
117.293302 2 -76
117.331487 36 -35
117.376751 30 -68
117.379865 15 -80
117.44979 32 -70
117.460421 7 -81
117.480056 34 -86
117.488231 25 -78
117.552223 38 -73
117.578954 12 -76
117.63154 31 -66
117.745455 14 -77
117.823905 11 -86
117.834352 26 -55
117.858923 33 -72
117.904804 21 -76
117.98459 29 -64
118.04696 24 -76
118.100452 6 -71
118.22367 3 -71
118.302539 2 -82
118.330904 16 -76
118.337327 36 -78
118.386534 30 -64
118.387057 15 -79
118.391283 5 -75
118.417135 35 -68
118.441544 27 -64
118.450475 32 -70
118.464127 7 -75
118.481657 34 -74
118.557947 38 -66
118.579831 37 -73
118.587034 12 -79
118.635273 31 -78
118.706834 17 -79
118.753827 14 -73
118.825973 11 -79
118.836837 26 -67
118.912545 21 -78
118.990185 29 -70
119.008245 4 -78
119.225448 3 -80
119.332141 16 -70
119.338375 36 -74
119.388421 15 -77
119.391861 30 -64
119.392027 5 -84
119.449584 27 -64
119.452473 32 -80
119.488598 34 -82
119.499594 25 -76
119.560467 38 -75
119.581709 37 -70
119.596913 12 -83
119.839748 26 -78
119.875736 33 -82
119.922422 21 -77
120.060548 24 -84
120.087722 23 -81
120.097956 1 -78
120.118421 6 -69
120.308604 7 -87
120.315153 2 -81
120.340614 36 -75
120.393385 15 -80
120.401797 30 -60
120.436598 35 -78
120.450911 27 -66
120.460635 32 -70
120.566405 38 -62
120.590117 37 -75
120.599804 12 -77
120.639413 31 -63
120.664587 13 -80
120.712002 17 -72
120.769163 10 -80
120.833532 28 -58
120.835298 11 -76
120.840158 26 -77
120.881335 33 -70
120.928148 21 -76
121.002816 22 -78
121.007019 29 -64
121.012529 4 -81
121.054897 9 -82
121.064321 24 -75
121.089813 23 -82
121.118617 6 -70
121.23645 3 -82
121.313195 7 -73
121.322222 2 -76
121.342977 16 -73
121.349841 36 -76
121.398777 15 -74
121.400197 5 -76
121.407185 30 -64
121.441219 35 -81
121.454191 27 -64
121.463762 32 -74
121.575425 38 -63
121.592331 37 -78
121.639515 31 -58
121.664755 13 -83
121.720994 17 -76
121.771189 14 -78
121.835894 28 -54
121.838923 11 -81
121.93775 21 -76
122.004113 22 -79
122.010843 29 -72
122.015144 4 -77
122.090988 23 -73
122.110122 1 -83
122.124366 6 -74
122.135673 13 -77
122.244453 3 -70
122.319312 7 -76
122.328773 2 -74
122.351782 16 -72
122.35556 36 -69
122.400941 5 -63
122.401178 15 -70
122.411078 30 -66
122.448708 35 -77
122.455731 27 -70
122.467438 32 -71
122.51525 25 -73
122.577335 38 -56
122.60199 37 -70
122.614528 12 -74
122.641082 31 -66
122.722754 17 -77
122.777089 14 -77
122.830127 20 -78
122.837218 28 -56
122.852512 26 -78
122.877656 20 -82
122.893692 33 -81
122.946834 21 -78
123.01121 22 -78
123.016194 29 -57
123.099701 23 -72
123.112178 1 -76
123.113065 8 -82
123.133961 6 -76
123.141396 13 -84
123.33273 2 -77
123.354453 16 -66
123.360056 36 -60
123.40361 15 -76
123.404339 5 -74
123.41723 30 -72
123.458364 35 -69
123.464138 27 -63
123.473922 32 -64
123.509894 34 -70
123.519787 25 -75
123.57085 21 -73
123.579885 38 -54
123.603319 37 -69
123.646005 31 -65
123.727138 17 -71
123.780731 14 -78
123.84199 11 -83
123.843181 28 -30
123.860673 26 -70
123.992746 18 -83
124.016627 22 -80
124.022643 29 -52
124.088913 24 -72
124.122198 1 -74
124.141846 6 -73
124.147081 22 -78
124.254997 3 -81
124.320437 7 -82
124.340105 2 -83
124.357766 16 -73
124.367361 36 -64
124.403661 15 -68
124.462496 35 -70
124.46818 27 -68
124.474851 32 -61
124.510946 34 -72
124.525271 25 -69
124.582894 38 -52
124.585254 12 -78
124.607729 37 -64
124.649211 29 -55
124.653461 31 -66
124.72901 9 -82
124.733171 17 -76
124.758337 24 -74
124.789285 14 -80
124.84954 28 -63
124.870298 26 -67
124.898786 33 -81
124.913726 25 -76
125.030495 4 -69
125.127091 1 -74
125.136347 4 -69
125.143049 6 -69
125.148141 13 -80
125.151125 22 -82
125.189 15 -72
125.235339 30 -69
125.262207 3 -78
125.305418 1 -76
125.327256 7 -79
125.366754 16 -67
125.37079 36 -70
125.385988 34 -79
125.46318 35 -61
125.476282 27 -60
125.477673 32 -74
125.505293 38 -66
125.616931 37 -55
125.650594 29 -52
125.651194 36 -63
125.662992 31 -64
125.663151 16 -78
125.737934 9 -82
125.765314 24 -83
125.791685 10 -81
125.813105 14 -76
125.84995 28 -52
125.855404 11 -76
125.872753 26 -70
125.892858 20 -81
125.902333 26 -64
125.907162 33 -83
125.921467 25 -70
125.999328 18 -81
126.128031 31 -68
126.136765 4 -76
126.15484 13 -76
126.159381 22 -80
126.192714 15 -69
126.241582 30 -67
126.264046 3 -71
126.296253 23 -76
126.327997 35 -60
126.364765 28 -55
126.392411 34 -76
126.423659 5 -77
126.477242 27 -60
126.479846 33 -72
126.480159 32 -69
126.507386 38 -63
126.588427 21 -75
126.609444 18 -76
126.652374 29 -54
126.659872 36 -64
126.668691 16 -76
126.73877 9 -78
126.902559 26 -59
126.923288 25 -69
127.022343 37 -58
127.023948 3 -67
127.136463 31 -73
127.157053 13 -74
127.16425 22 -82
127.244926 30 -66
127.321277 1 -73
127.330933 27 -55
127.334144 35 -70
127.339856 7 -80
127.349925 32 -66
127.371094 28 -52
127.392577 34 -68
127.398782 11 -78
127.51189 38 -64
127.64518 2 -76
127.661264 29 -52
127.6691 36 -70
127.67652 16 -75
127.809321 8 -86
127.906127 20 -82
127.909163 26 -78
127.931884 25 -70
128.022573 37 -51
128.137206 31 -70
128.147427 4 -72
128.158106 13 -74
128.199744 15 -70
128.227793 17 -85
128.262762 5 -78
128.3226 1 -71
128.337605 35 -70
128.346369 7 -80
128.35425 6 -77
128.358667 32 -76
128.379895 28 -52
128.39549 34 -74
128.485155 33 -66
128.515142 38 -62
128.589932 21 -72
128.646543 2 -76
128.66988 29 -55
128.672468 36 -58
128.810744 8 -85
128.910275 26 -61
128.937703 25 -67
129.025855 37 -54
129.033638 3 -72
129.139078 31 -70
129.148882 4 -72
129.160838 13 -72
129.174444 22 -82
129.200833 15 -67
129.270372 5 -78
129.33201 1 -66
129.341887 27 -52
129.345368 35 -66
129.355446 7 -76
129.389032 28 -48
129.395688 34 -67
129.405665 11 -80
129.488038 33 -74
129.516869 38 -59
129.650378 2 -77
129.670439 29 -56
129.676019 36 -58
129.688912 16 -78
129.748787 9 -80
129.910684 26 -64
129.921257 20 -78
130.028648 37 -52
130.037002 3 -74
130.141804 31 -66
130.168575 13 -72
130.176322 22 -81
130.259963 30 -74
130.280453 5 -78
130.323293 23 -76
130.339771 1 -67
130.343061 27 -56
130.361532 7 -73
130.365317 32 -65
130.398687 28 -50
130.401622 34 -68
130.414874 11 -77
130.495712 33 -67
130.523326 38 -60
130.60105 21 -70
130.604742 19 -85
130.637804 18 -82
130.650368 2 -77
130.675363 29 -54
130.682316 36 -59
130.695948 16 -81
130.75112 9 -79
130.782469 24 -79
130.847303 14 -74
130.916037 26 -70
130.928471 20 -81
130.940613 25 -67
131.033852 37 -53
131.044121 3 -74
131.150115 31 -66
131.156614 4 -69
131.176921 13 -72
131.209694 15 -66
131.285133 5 -79
131.330419 23 -76
131.342406 1 -67
131.346982 27 -66
131.348598 35 -67
131.368963 32 -67
131.369724 7 -72
131.40243 34 -69
131.408892 28 -50
131.419353 11 -78
131.50421 33 -67
131.528196 38 -60
131.60397 21 -71
131.65344 2 -76
131.67818 29 -55
131.682877 36 -59
131.758151 9 -78
131.786303 24 -78
131.851402 14 -71
131.920963 26 -69
131.93239 20 -81
132.042657 37 -53
132.05304 3 -75
132.152017 31 -66
132.158802 4 -70
132.181301 13 -72
132.190606 22 -82
132.217862 15 -66
132.269122 30 -78
132.286487 5 -79
132.33193 23 -76
132.347973 27 -65
132.348581 1 -66
132.376848 7 -79
132.407724 34 -69
132.419804 11 -50
132.506696 33 -68
132.534653 38 -60
132.610978 21 -70
132.619634 19 -84
132.663623 2 -76
132.685666 29 -55
132.691769 36 -58
132.704831 16 -76
132.76387 9 -80
132.786993 24 -78
132.823057 8 -87
132.927598 26 -64
132.957347 25 -66
133.049693 37 -52
133.060951 3 -72
133.152211 31 -66
133.181805 13 -73
133.196359 22 -85
133.219623 15 -65
133.276311 30 -76
133.334143 23 -77
133.351583 1 -67
133.355739 27 -63
133.388187 32 -66
133.412712 34 -69
133.418254 28 -50
133.42236 11 -76
133.510616 33 -69
133.538241 38 -60
133.618566 21 -71
133.671578 2 -76
133.690589 29 -56
133.697456 36 -60
133.705396 16 -76
133.771542 9 -79
133.787592 24 -67
133.865307 14 -70
133.929107 26 -66
133.948435 20 -78
133.963288 25 -66
134.055263 37 -54
134.06511 3 -71
134.156004 31 -68
134.170593 4 -70
134.184842 13 -82
134.222451 15 -65
134.285118 30 -70
134.332642 10 -59
134.341421 23 -76
134.356692 35 -66
134.364695 27 -61
134.389116 32 -67
134.415717 34 -69
134.421043 28 -51
134.515391 33 -70
134.542592 38 -61
134.627191 21 -73
134.659114 18 -83
134.674894 2 -76
134.697832 29 -58
134.705157 36 -59
134.7106 16 -78
134.794172 24 -78
134.93449 26 -65
134.953451 20 -81
134.969687 25 -66
135.060711 37 -52
135.071068 3 -72
135.176076 4 -70
135.191724 13 -70
135.225951 15 -65
135.286967 30 -70
135.297263 5 -82
135.356395 1 -67
135.366378 35 -65
135.392365 32 -68
135.421102 34 -68
135.424413 28 -51
135.431349 11 -76
135.517908 33 -70
135.546455 38 -61
135.640676 19 -86
135.660056 12 -82
135.676776 2 -70
135.70541 29 -69
135.709624 36 -58
135.879883 14 -72
135.935876 26 -63
135.954654 20 -82
135.977337 25 -67
136.069455 37 -52
136.078675 3 -70
136.172534 31 -66
136.184886 4 -71
136.200681 13 -75
136.212704 22 -84
136.233021 15 -66
136.275136 17 -80
136.287656 30 -74
136.301637 5 -83
136.365163 1 -68
136.373299 27 -61
136.375759 35 -65
136.390268 6 -83
136.401961 32 -68
136.42133 34 -78
136.424516 28 -50
136.436652 11 -77
136.524514 33 -69
136.554163 38 -65
136.66905 12 -83
136.68589 2 -75
136.711008 36 -58
136.713324 29 -58
136.77802 9 -79
136.813772 24 -76
136.88978 14 -73
136.937628 26 -61
136.955856 20 -80
136.980776 25 -76
137.076246 37 -51
137.088357 3 -72
137.179258 31 -66
137.193146 4 -78
137.20799 13 -72
137.276316 17 -73
137.290298 30 -64
137.371277 1 -70
137.378702 35 -64
137.379325 27 -63
137.408048 32 -67
137.431914 28 -49
137.528129 33 -69
137.559948 38 -66
137.675511 12 -76
137.71816 36 -54
137.722763 29 -65
137.72774 16 -73
137.784197 9 -80
137.890217 14 -79
137.945575 26 -67
137.982628 25 -69
138.179726 31 -73
138.202292 4 -74
138.20825 13 -74
138.290255 30 -77
138.303888 5 -78
138.378947 1 -70
138.38053 27 -54
138.385519 35 -61
138.411839 7 -83
138.411907 32 -64
138.436747 28 -51
138.536658 33 -68
138.641706 21 -77
138.700793 2 -82
138.723872 29 -58
138.724153 36 -52
138.732669 16 -69
138.816953 24 -82
138.899534 14 -68
138.948457 26 -60
138.967324 20 -78
138.987164 25 -64
139.084396 37 -55
139.098321 3 -77
139.185565 31 -72
139.22496 22 -72
139.284597 17 -73
139.291127 30 -88
139.375709 23 -78
139.389486 27 -51
139.392673 35 -57
139.402329 6 -78
139.420001 7 -84
139.442527 28 -55
139.444535 11 -78
139.445663 34 -72
139.54128 33 -64
139.572037 38 -68
139.685505 12 -75
139.689192 18 -79
139.70591 2 -70
139.726758 36 -53
139.740162 16 -66
139.793407 9 -81
139.854561 8 -82
139.907143 14 -78
139.95616 26 -68
139.976247 20 -78
140.093538 37 -72
140.186338 31 -77
140.220155 4 -84
140.232818 22 -71
140.257548 15 -73
140.293311 30 -73
140.314042 5 -80
140.358235 10 -81
140.382264 1 -66
140.396652 35 -55
140.397709 27 -53
140.411893 6 -79
140.424661 32 -75
140.427582 7 -84
140.449197 11 -77
140.451542 28 -55
140.452055 34 -61
140.544041 33 -62
140.580386 38 -30
140.690777 12 -78
140.6961 18 -81
140.733717 29 -64
140.733727 36 -53
140.747045 16 -69
140.825964 24 -83
140.858242 8 -80
140.915575 14 -74
140.958827 26 -68
140.977511 20 -79
140.992486 25 -66
141.097673 37 -70
141.103311 3 -66
141.196205 31 -77
141.225944 4 -69
141.236221 22 -74
141.286896 17 -82
141.318722 5 -70
141.382942 23 -82
141.385144 1 -66
141.403705 27 -53
141.419656 6 -76
141.4291 32 -67
141.451296 11 -77
141.454053 34 -72
141.459488 28 -54
141.54436 33 -72
141.655499 21 -82
141.669301 19 -82
141.696689 18 -80
141.720843 2 -78
141.737278 36 -60
141.737542 29 -70
141.752737 16 -70
141.810797 9 -84
141.915707 14 -75
141.962594 26 -54
141.984877 20 -77
141.998731 25 -74
142.098361 37 -66
142.107225 3 -70
142.198046 31 -80
142.228742 4 -66
142.238771 22 -72
142.265219 15 -75
142.286947 17 -78
142.376796 10 -80
142.387016 1 -65
142.400126 35 -58
142.413088 27 -57
142.426047 6 -79
142.43714 32 -55
142.437923 7 -83
142.46014 34 -58
142.46127 28 -64
142.54645 33 -64
142.591346 38 -68
142.707026 12 -80
142.740524 36 -61
142.741122 29 -61
142.753791 16 -69
142.819781 9 -83
142.835431 24 -79
142.866366 8 -78
142.923926 14 -73
142.968191 26 -64
142.993647 20 -77
143.007785 25 -64
143.106189 37 -81
143.108637 3 -68
143.20358 31 -78
143.234287 4 -58
143.242785 22 -72
143.26878 15 -80
143.293986 17 -78
143.306731 30 -84
143.322071 5 -80
143.397188 1 -64
143.403709 35 -52
143.416154 27 -57
143.442586 32 -64
143.463236 34 -65
143.551621 33 -60
143.597193 38 -71
143.714251 12 -78
143.727354 2 -83
143.744489 29 -68
143.750514 36 -66
143.758538 16 -66
143.828735 9 -73
143.873282 8 -75
143.926866 14 -74
143.973453 26 -58
144.000923 20 -76
144.0169 25 -64
144.109134 3 -70
144.237695 4 -70
144.275515 15 -72
144.298859 17 -76
144.314377 30 -84
144.329528 5 -70
144.403913 1 -64
144.412754 35 -55
144.423706 27 -52
144.441269 6 -80
144.444664 7 -84
144.445377 32 -76
144.464959 34 -60
144.474478 28 -68
144.555419 33 -62
144.715708 12 -78
144.73189 2 -83
144.750206 29 -73
144.753089 36 -67
144.762094 16 -67
144.836194 9 -82
144.845388 24 -83
144.936885 14 -72
144.975235 26 -58
145.001057 20 -77
145.022292 25 -72
145.117391 37 -76
145.117991 3 -70
145.245101 4 -70
145.250538 22 -78
145.276817 15 -71
145.308614 17 -76
145.336985 5 -72
145.411705 1 -64
145.422623 35 -53
145.432051 27 -51
145.449542 32 -70
145.471531 11 -79
145.479586 28 -68
145.563734 33 -62
145.604766 38 -73
145.723237 12 -77
145.735176 2 -78
145.755511 36 -60
145.759951 29 -67
145.764522 16 -70
145.8435 9 -83
145.848458 24 -82
145.884977 8 -81
145.941228 14 -70
145.98248 26 -56
146.007325 20 -81
146.027347 25 -75
146.120551 37 -70
146.121661 3 -68
146.251225 4 -70
146.252568 22 -79
146.255768 13 -75
146.281171 15 -69
146.331227 30 -76
146.345022 5 -73
146.420321 1 -64
146.429869 35 -54
146.454927 32 -72
146.4775 34 -55
146.480252 11 -80
146.48915 28 -61
146.571286 33 -62
146.612413 38 -80
146.695896 19 -83
146.732019 12 -76
146.736875 2 -78
146.759276 36 -59
146.765911 29 -70
146.771618 16 -72
146.848303 9 -81
146.853513 24 -81
146.891954 8 -84
146.942154 14 -70
146.988322 26 -58
147.00749 20 -79
147.030939 25 -76
147.12249 37 -70
147.131434 3 -66
147.226752 31 -86
147.256068 4 -71
147.258713 13 -80
147.261129 22 -76
147.288119 15 -76
147.345491 5 -73
147.421949 1 -64
147.43693 35 -54
147.438062 27 -53
147.480321 34 -60
147.487142 11 -83
147.494045 28 -59
147.580333 33 -63
147.615726 38 -68
147.705952 19 -87
147.732713 12 -77
147.762613 36 -60
147.767935 29 -65
147.776975 16 -70
147.945551 14 -74
147.998344 26 -60
148.040939 25 -69
148.124215 37 -74
148.13486 3 -66
148.235459 31 -77
148.262702 22 -78
148.265091 4 -70
148.296684 15 -75
148.346052 5 -72
148.43206 1 -66
148.439175 27 -54
148.439598 35 -51
148.465606 32 -70
148.485981 34 -62
148.587275 33 -60
148.621603 38 -69
148.766897 36 -60
148.772736 29 -62
148.779005 16 -70
148.90191 8 -77
148.94962 14 -81
149.007512 26 -54
149.041325 25 -72
149.124781 37 -73
149.136852 3 -66
149.242763 31 -72
149.271354 22 -76
149.273474 4 -69
149.351678 5 -70
149.438327 1 -68
149.444585 35 -53
149.494478 34 -60
149.505177 28 -68
149.591653 33 -60
149.629189 38 -69
149.768282 36 -62
149.780364 16 -72
149.868544 9 -78
149.903546 8 -81
150.017259 26 -54
150.019397 20 -81
150.044001 25 -69
150.126109 37 -74
150.138508 3 -67
150.248266 31 -74
150.272957 22 -75
150.281429 4 -69
150.306461 15 -76
150.345854 30 -84
150.444166 1 -67
150.449183 27 -53
150.473111 6 -83
150.479366 32 -61
150.498857 34 -67
150.501311 11 -83
150.514833 28 -61
150.592705 33 -61
150.691171 21 -78
150.740532 12 -76
150.756731 2 -82
150.783681 29 -63
150.784012 16 -70
150.876049 24 -83
150.877925 9 -77
150.954675 14 -79
151.023101 26 -54
151.143185 3 -68
151.255692 31 -74
151.27614 13 -73
151.27868 22 -78
151.289354 4 -71
151.307001 15 -76
151.354813 30 -74
151.370834 5 -72
151.444391 1 -66
151.45765 27 -54
151.47407 6 -76
151.482585 32 -61
151.508483 34 -64
151.519057 28 -64
151.600013 33 -63
151.644452 38 -70
151.761818 2 -77
151.777184 36 -62
151.786834 29 -70
151.791353 16 -69
151.883331 24 -85
152.023602 20 -78
152.025829 26 -57
152.048163 25 -74
152.1349 37 -76
152.148259 3 -67
152.263239 31 -76
152.2956 4 -70
152.315566 15 -77
152.338054 17 -72
152.35715 30 -74
152.378505 5 -70
152.451541 1 -70
152.454174 35 -56
152.465843 27 -52
152.477439 6 -77
152.484887 32 -63
152.51103 34 -63
152.513473 11 -81
152.526027 28 -63
152.603597 33 -62
152.705676 21 -74
152.744331 12 -85
152.765043 2 -74
152.777836 36 -62
152.78779 29 -62
152.799609 16 -61
152.886983 9 -84
153.032983 26 -51
153.053554 25 -64
153.13632 37 -68
153.153119 3 -68
153.266057 31 -72
153.3009 4 -70
153.318425 15 -75
153.383154 5 -77
153.453292 1 -72
153.469367 27 -53
153.483768 6 -78
153.511258 34 -60
153.514351 11 -88
153.533088 28 -61
153.604191 33 -64
153.654924 38 -67
153.75531 18 -80
153.77431 2 -76
153.784225 36 -70
153.792621 29 -62
153.982017 14 -75
154.054582 25 -60
154.140395 37 -77
154.266037 31 -72
154.29774 22 -87
154.310442 4 -75
154.324061 15 -73
154.343801 17 -72
154.390733 5 -73
154.458612 1 -70
154.466528 35 -59
154.474478 27 -61
154.512737 34 -57
154.541431 28 -62
154.607441 33 -61
154.662723 38 -76
154.721432 21 -75
154.753867 12 -82
154.760996 18 -82
154.778602 2 -82
154.796476 29 -62
154.805501 16 -79
155.040149 26 -52
155.055 25 -58
155.165585 3 -68
155.27038 31 -58
155.319496 4 -75
155.353496 17 -80
155.430104 10 -80
155.458776 1 -70
155.476183 35 -61
155.476964 27 -47
155.502416 32 -57
155.515864 34 -64
155.522028 11 -85
155.549957 28 -60
155.617556 33 -52
155.666037 38 -76
155.755445 12 -79
155.783505 2 -72
155.800698 29 -72
155.987957 14 -68
156.039061 20 -84
156.043549 26 -56
156.060605 25 -72
156.149888 37 -78
156.168584 3 -70
156.277257 31 -78
156.309543 13 -75
156.3244 4 -81
156.39219 5 -76
156.466384 1 -72
156.475062 23 -84
156.479309 35 -74
156.484974 27 -56
156.508503 32 -58
156.525826 34 -75
156.54997 28 -64
156.667703 38 -74
156.735143 21 -79
156.76328 12 -79
156.764159 18 -81
156.799792 36 -74
156.807513 29 -74
156.814414 16 -76
156.993765 14 -77
157.051008 26 -49
157.157107 37 -75
157.168836 3 -72
157.28575 31 -78
157.311634 13 -75
157.328418 4 -74
157.391844 30 -80
157.472895 1 -69
157.481091 35 -72
157.481212 23 -83
157.486575 27 -61
157.507778 32 -64
157.535484 34 -67
157.555627 28 -66
157.624542 33 -56
157.676051 38 -81
157.765146 18 -81
157.766172 12 -81
157.800597 36 -73
157.808316 29 -76
157.820015 16 -70
158.057917 26 -63
158.320255 13 -77
158.328805 4 -75
158.347123 15 -75
158.395829 30 -75
158.482935 35 -72
158.490435 27 -60
158.50963 32 -48
158.535864 34 -67
158.559454 28 -77
158.629622 33 -60
158.678327 38 -75
158.740676 21 -78
158.765156 18 -78
158.77358 12 -82
158.798123 2 -77
158.80076 36 -69
158.818427 29 -71
158.825006 16 -76
159.003886 14 -78
159.067085 26 -66
159.074857 25 -61
159.165867 37 -74
159.176664 3 -77
159.287724 31 -76
159.338469 4 -77
159.348914 15 -84
159.401653 5 -80
159.490093 23 -70
159.492341 27 -58
159.504106 6 -82
159.515472 32 -47
159.542867 34 -68
159.544338 11 -85
159.565112 28 -77
159.637845 33 -54
159.681427 38 -75
159.745457 21 -80
159.770812 18 -84
159.774334 12 -80
159.805742 2 -77
159.805807 36 -66
159.822923 29 -77
159.826213 16 -76
160.012135 14 -74
160.070699 26 -63
160.165975 37 -83
160.182104 3 -72
160.296675 31 -80
160.345448 4 -76
160.389822 17 -30
160.488887 1 -70
160.489093 35 -65
160.494381 23 -81
160.495743 27 -58
160.522628 32 -48
160.549198 34 -68
160.566345 28 -71
160.641613 33 -53
160.691454 38 -76
160.777744 12 -80
160.80948 36 -72
160.813056 2 -78
160.826229 29 -76
161.020934 14 -76
161.076113 26 -62
161.078713 25 -61
161.187086 3 -78
161.306145 31 -77
161.33083 13 -76
161.353807 15 -81
161.35554 4 -76
161.409884 5 -76
161.505767 27 -58
161.526548 32 -49
161.559191 34 -67
161.566418 28 -73
161.647029 33 -54
161.693028 38 -75
161.754194 21 -79
161.778103 12 -78
161.779499 18 -78
161.81056 36 -74
161.819302 2 -81
161.832311 29 -76
161.833692 16 -71
162.022287 14 -80
162.078704 25 -60
162.085433 26 -64
162.193106 3 -76
162.306796 31 -78
162.333471 13 -76
162.341204 22 -82
162.36261 4 -76
162.410964 5 -75
162.451381 10 -84
162.497972 1 -66
162.499128 35 -66
162.505032 23 -81
162.513014 27 -57
162.531842 32 -51
162.559815 34 -69
162.648599 33 -54
162.69506 38 -74
162.755954 21 -78
162.778644 12 -80
162.814752 36 -81
162.840744 29 -77
163.028339 14 -83
163.094571 26 -63
163.17115 37 -77
163.200529 3 -78
163.309737 31 -78
163.340658 13 -78
163.349734 22 -82
163.371145 4 -76
163.416285 5 -74
163.506649 1 -69
163.51286 23 -82
163.538905 32 -51
163.569534 34 -69
163.649926 33 -55
163.695627 38 -74
163.784768 18 -78
163.819127 36 -72
163.830237 2 -82
163.846002 29 -76
164.036283 14 -83
164.07767 20 -84
164.086466 25 -57
164.096475 26 -61
164.176049 37 -60
164.207739 3 -76
164.310235 31 -76
164.372448 4 -76
164.41892 5 -76
164.425994 30 -81
164.513781 6 -82
164.514014 35 -66
164.515439 23 -82
164.517041 27 -60
164.541085 32 -51
164.565421 11 -84
164.571074 34 -70
164.587938 28 -83
164.652382 33 -55
164.698361 38 -75
164.772168 21 -78
164.788912 12 -80
164.824021 36 -72
164.851292 29 -76
164.857941 16 -75
165.094024 25 -58
165.181528 37 -78
165.311466 31 -76
165.372469 4 -77
165.42473 5 -75
165.429308 30 -80
165.517086 27 -59
165.51891 35 -66
165.521989 1 -70
165.548424 32 -50
165.58914 28 -78
165.65615 33 -54
165.704665 38 -74
165.795682 18 -83
165.825924 36 -71
165.854872 29 -76
165.865494 16 -74
166.100454 25 -57
166.106999 26 -61
166.184169 37 -79
166.215537 3 -75
166.318891 31 -76
166.375511 4 -77
166.415762 17 -84
166.432187 5 -75
166.517834 6 -83
166.52054 35 -66
166.525889 27 -57
166.529781 1 -70
166.558203 32 -50
166.574764 34 -70
166.577613 11 -83
166.597697 28 -80
166.657018 33 -54
166.833076 36 -72
167.0509 14 -81
167.110154 26 -60
167.190441 37 -81
167.215942 3 -76
167.382245 4 -76
167.437874 5 -76
167.480587 10 -86
167.528161 27 -58
167.528853 35 -66
167.564138 32 -49
167.585724 11 -82
167.599663 28 -76
167.659993 33 -54
168.119688 26 -61
168.218971 3 -76
168.530557 27 -57
168.573856 32 -49
