Timestamp Beacon Rssi
0.1087 1 -78
0.136488 6 -75
0.158103 3 -73
0.169823 12 -66
0.192778 15 -81
0.407788 8 -81
0.439559 4 -70
0.444774 10 -80
0.617952 1 -77
0.638672 33 -74
0.660274 3 -75
0.67606 12 -67
0.695901 15 -80
0.721372 7 -82
0.911612 8 -82
0.946863 4 -70
0.971236 2 -80
1.119788 1 -79
1.148158 6 -76
1.164459 3 -76
1.17836 12 -69
1.201923 15 -79
1.369987 11 -83
1.372503 5 -76
1.4198 8 -83
1.446934 4 -71
1.471368 2 -77
1.622449 1 -77
1.65572 9 -85
1.669559 3 -73
1.682705 12 -62
1.929788 8 -82
1.971866 2 -82
2.122637 1 -78
2.157557 9 -79
2.158363 6 -76
2.1735 3 -77
2.189644 12 -63
2.384414 11 -79
2.386978 5 -76
2.452357 4 -69
2.454943 10 -78
2.476363 2 -78
2.661469 9 -82
2.673565 3 -83
2.69234 12 -67
2.891409 5 -75
2.958135 4 -72
3.195556 12 -66
3.39233 5 -77
3.465032 10 -81
3.465957 4 -72
3.486636 2 -76
3.675745 6 -78
3.678852 3 -85
3.697367 12 -69
3.892885 5 -73
3.968593 4 -68
3.992261 2 -79
4.174336 9 -80
4.185394 6 -77
4.186975 3 -84
4.206839 12 -83
4.360247 29 -84
4.394385 5 -82
4.412963 11 -84
4.450316 18 -78
4.472771 10 -79
4.477178 4 -68
4.493676 2 -83
4.674403 9 -82
4.688574 6 -74
4.690335 3 -78
4.7092 12 -65
4.894971 5 -84
4.955966 18 -78
4.96152 8 -84
4.973025 10 -78
5.100329 19 -86
5.134534 24 -87
5.154955 1 -82
5.182832 9 -79
5.217939 12 -62
5.369503 29 -83
5.457924 18 -78
5.47398 10 -80
5.486446 4 -69
5.600643 19 -85
5.6361 24 -85
5.660362 1 -81
5.689949 9 -79
5.698522 3 -76
5.719262 12 -62
5.722126 16 -85
5.869997 29 -84
5.921635 11 -83
5.967267 18 -79
5.97074 13 -85
6.003502 2 -81
6.101138 19 -85
6.136659 24 -86
6.194685 9 -79
6.202889 3 -76
6.204644 6 -72
6.221318 12 -61
6.224811 31 -84
6.270446 15 -85
6.371009 29 -85
6.42717 11 -81
6.469439 18 -79
6.478516 8 -83
6.490874 10 -78
6.493332 4 -68
6.51163 2 -79
6.67151 1 -83
6.702473 9 -78
6.703443 3 -75
6.70758 6 -73
6.879466 29 -84
6.928128 11 -80
6.971976 18 -78
6.975547 13 -85
6.993435 4 -69
7.205683 9 -78
7.209825 3 -75
7.212224 6 -75
7.229214 12 -70
7.29546 7 -86
7.437203 11 -84
7.475582 18 -78
7.489491 8 -83
7.498064 10 -68
7.522697 2 -80
7.707887 9 -78
7.719442 3 -75
7.721416 6 -73
7.733376 12 -66
7.743154 16 -87
7.984223 18 -78
7.995084 8 -83
8.000118 10 -79
8.025405 22 -88
8.026826 2 -79
8.187853 1 -83
8.208595 9 -78
8.222215 6 -72
8.22622 3 -75
8.237141 12 -64
8.391352 29 -85
8.394366 21 -85
8.424366 5 -82
8.44452 11 -84
8.485205 18 -79
8.504432 8 -83
8.506597 10 -67
8.527722 2 -78
8.690025 1 -82
8.718733 9 -78
8.731656 3 -74
8.805764 7 -86
8.989586 13 -85
9.011063 8 -84
9.015639 10 -76
9.035331 2 -82
9.172054 24 -84
9.192685 1 -83
9.226063 9 -78
9.239805 6 -71
9.240601 3 -73
9.242778 12 -64
9.311813 7 -82
9.399757 21 -83
9.427459 5 -81
9.51989 10 -78
9.537721 2 -79
9.677922 24 -83
9.700319 1 -86
9.727351 9 -76
9.744631 33 -88
9.747885 12 -62
9.749271 6 -72
9.750188 3 -74
9.761739 31 -78
9.929296 5 -83
9.955389 11 -73
10.037731 2 -80
10.066079 34 -86
10.185805 24 -80
10.208655 1 -82
10.236695 9 -77
10.252207 6 -58
10.255746 3 -78
10.271235 31 -82
10.434715 32 -85
10.528911 10 -80
10.540915 2 -75
10.738594 9 -77
10.757796 12 -61
10.759869 3 -69
10.760452 6 -70
10.777008 31 -80
10.827182 7 -83
10.935166 5 -84
10.965421 11 -70
11.037859 4 -72
11.247999 9 -76
11.26409 6 -74
11.269211 3 -76
11.278507 31 -79
11.278977 16 -84
11.327769 7 -84
11.538785 4 -76
11.543211 10 -80
11.576881 22 -84
11.769994 12 -60
11.788674 31 -84
12.039314 4 -72
12.05239 2 -85
12.077072 22 -85
12.253291 9 -82
12.276322 12 -72
12.284569 3 -78
12.294202 31 -81
12.296144 16 -83
12.479708 11 -62
12.537244 18 -84
12.546404 4 -71
12.556001 2 -77
12.559403 10 -74
12.741181 1 -77
12.782558 12 -67
12.790676 3 -75
12.796252 31 -83
12.986097 11 -64
13.042741 18 -82
13.055051 4 -78
13.059141 8 -83
13.285682 12 -58
13.298188 3 -70
13.301353 31 -80
13.328329 15 -80
13.486476 11 -64
13.570102 10 -84
13.752208 1 -75
13.788532 12 -80
13.806339 3 -67
13.806546 31 -81
13.83664 15 -82
13.920152 29 -86
13.967241 5 -78
13.989813 11 -64
14.056609 20 -82
14.067522 4 -74
14.252058 36 -84
14.28963 9 -78
14.291747 12 -74
14.306618 3 -66
14.308961 31 -81
14.3455 15 -83
14.441115 21 -80
14.47567 5 -79
14.492145 11 -60
14.573161 2 -71
14.576779 4 -80
14.587912 10 -70
14.76943 1 -71
14.790613 9 -76
14.800608 12 -76
14.81571 31 -80
14.816387 3 -62
14.998137 11 -62
15.07845 2 -70
15.084846 4 -75
15.097198 10 -72
15.271144 1 -78
15.305716 12 -75
15.317368 3 -66
15.487459 5 -78
15.502025 11 -60
15.574015 18 -81
15.581695 2 -69
15.590166 4 -76
15.602609 10 -66
15.774323 1 -79
15.807314 12 -85
15.823658 3 -70
15.82753 31 -80
15.872809 7 -80
15.955305 21 -79
15.995582 5 -79
16.00756 11 -60
16.078666 20 -83
16.086527 2 -68
16.09686 4 -76
16.105609 10 -66
16.277502 1 -80
16.328942 3 -70
16.332265 31 -78
16.373426 7 -80
16.461845 21 -81
16.504041 5 -78
16.511294 11 -60
16.588825 18 -81
16.590321 2 -66
16.601509 4 -76
16.610775 10 -66
16.67884 19 -85
16.779185 1 -78
16.829678 3 -77
16.971651 21 -82
17.010974 5 -79
17.011947 11 -59
17.091454 18 -81
17.096465 2 -66
17.110247 4 -77
17.117559 10 -66
17.289169 1 -82
17.336028 31 -79
17.336064 12 -85
17.37765 7 -64
17.517662 5 -80
17.521022 11 -60
17.595396 18 -79
17.602701 2 -66
17.61987 4 -77
17.835892 12 -84
17.837987 3 -76
17.838529 16 -84
17.842777 31 -80
17.878053 7 -81
18.024299 11 -60
18.026914 5 -81
18.112354 2 -67
18.126136 4 -81
18.128166 10 -66
18.311255 9 -85
18.336635 12 -76
18.343817 16 -84
18.344582 3 -71
18.348122 31 -81
18.525623 11 -60
18.602699 18 -82
18.606618 20 -82
18.621214 2 -67
18.635057 4 -73
18.802276 1 -82
18.840064 12 -78
18.854321 3 -73
18.888777 7 -82
19.029266 11 -60
19.106091 18 -81
19.107479 20 -83
19.119213 28 -87
19.138652 10 -67
19.204359 19 -83
19.310155 1 -78
19.355485 3 -75
19.355945 31 -81
19.394491 7 -82
19.535289 11 -62
19.542158 5 -76
19.612764 20 -82
19.625598 2 -68
19.63824 8 -85
19.642903 10 -68
19.857048 31 -81
19.864521 3 -71
20.042835 5 -82
20.11016 18 -81
20.144347 10 -67
20.159227 4 -78
20.317216 36 -82
20.362558 12 -77
20.366539 3 -65
20.552707 11 -62
20.627271 20 -83
20.632484 2 -68
20.651069 10 -66
20.659299 4 -76
20.825184 1 -84
20.837073 9 -82
20.872372 3 -70
21.053207 11 -62
21.129291 20 -81
21.142321 2 -68
21.158799 10 -67
21.167304 4 -75
21.327844 1 -83
21.338055 9 -81
21.373632 31 -84
21.376069 12 -75
21.556179 11 -63
21.623968 18 -80
21.650906 2 -67
21.65945 10 -68
21.661714 8 -83
21.677385 4 -74
21.837279 1 -78
21.875328 6 -84
21.876286 3 -70
21.878552 12 -75
21.883708 31 -79
22.057778 11 -68
22.155096 2 -67
22.160893 10 -68
22.170756 8 -84
22.183407 4 -75
22.345066 1 -79
22.378213 3 -70
22.387718 12 -76
22.38887 31 -84
22.427426 7 -83
22.537248 21 -83
22.561324 5 -80
22.56313 11 -62
22.638381 18 -79
22.657457 2 -68
22.661299 10 -67
22.678853 8 -81
22.692664 4 -75
22.884259 3 -69
22.888401 12 -76
22.892476 31 -86
22.937015 7 -83
23.064911 11 -63
23.067464 5 -80
23.157894 2 -68
23.170158 10 -68
23.200334 4 -73
23.359442 9 -78
23.393906 3 -66
23.556127 21 -84
23.568171 5 -79
23.574383 11 -62
23.658148 2 -67
23.678833 10 -74
23.801566 24 -84
23.858631 1 -73
23.897633 3 -70
23.903376 12 -79
24.058609 21 -80
24.078972 11 -62
24.156095 18 -88
24.166703 2 -70
24.188737 8 -76
24.21012 4 -75
24.255122 19 -84
24.360559 1 -76
24.364612 9 -76
24.402977 3 -70
24.456717 7 -84
24.577336 5 -84
24.582798 11 -61
24.656131 18 -82
24.671199 2 -72
24.689326 8 -82
24.69347 10 -67
24.694761 22 -84
24.864378 1 -77
24.87478 9 -76
24.902981 3 -67
24.904558 12 -78
25.084941 5 -83
25.086838 11 -61
25.175939 2 -75
25.220059 4 -83
25.367313 1 -70
25.405946 3 -67
25.406522 12 -72
25.415784 31 -82
25.585404 5 -79
25.596096 11 -64
25.60542 32 -85
25.619638 13 -83
25.685684 2 -76
25.704299 22 -82
25.707189 10 -82
25.728095 4 -78
25.876138 1 -70
25.881964 9 -77
25.90656 3 -74
26.075066 21 -78
26.097542 11 -67
26.122331 13 -83
26.174394 18 -87
26.189478 2 -72
26.213577 10 -65
26.235246 4 -77
26.409555 3 -76
26.598988 11 -70
26.674765 18 -82
26.717004 10 -64
26.739956 4 -78
26.8875 9 -77
26.919263 3 -70
26.925049 12 -76
26.93124 31 -80
26.981149 14 -82
27.101563 11 -74
27.126436 32 -82
27.195094 20 -84
27.197982 2 -77
27.211956 8 -83
27.225527 10 -64
27.24079 4 -83
27.397118 9 -70
27.399376 1 -72
27.439057 31 -76
27.440578 16 -85
27.475161 15 -84
27.488876 26 -85
27.608044 11 -76
27.628396 32 -79
27.7026 2 -69
27.733531 10 -64
27.900052 1 -80
27.90515 9 -64
27.923665 3 -75
27.942113 31 -82
28.104981 21 -79
28.109185 11 -82
28.205723 2 -64
28.243489 10 -66
28.30291 19 -86
28.401614 1 -76
28.411077 9 -74
28.432092 3 -78
28.602098 5 -84
28.61082 21 -81
28.61826 11 -79
28.637229 32 -84
28.654809 13 -84
28.706618 2 -72
28.721474 8 -74
28.738998 34 -84
28.7442 10 -74
28.904518 1 -72
28.911419 9 -64
28.935727 3 -82
29.001906 38 -84
29.12468 11 -78
29.137511 32 -83
29.2091 2 -73
29.223681 8 -83
29.305763 19 -84
29.408711 36 -85
29.419603 9 -62
29.444062 3 -81
29.662577 13 -83
29.732418 8 -80
29.77731 4 -84
29.92061 1 -72
29.92498 9 -62
29.948887 3 -75
29.975304 31 -83
30.169512 13 -84
30.208306 18 -83
30.209883 2 -78
30.235814 8 -80
30.259028 10 -72
30.433958 9 -61
30.457192 3 -74
30.461869 12 -81
30.502016 15 -86
30.522594 14 -77
30.60166 27 -84
30.640736 11 -78
30.671503 13 -84
30.711606 18 -83
30.722886 2 -73
30.73799 8 -74
30.762364 10 -73
30.94196 9 -62
30.958874 3 -73
30.973653 16 -87
30.98282 31 -76
31.174227 13 -85
31.230959 2 -75
31.23803 8 -72
31.268079 10 -75
31.320837 19 -83
31.435304 1 -78
31.465958 3 -75
31.476356 12 -84
31.489081 31 -80
31.534108 14 -78
31.652509 11 -80
31.740094 2 -74
31.777762 10 -75
31.828108 19 -83
31.958237 9 -62
31.975849 3 -74
31.986437 12 -83
32.037867 14 -78
33.009237 31 -83
33.514521 31 -70
34.023009 31 -81
34.523685 31 -82
34.767734 18 -30
34.778849 2 -74
34.793391 8 -72
34.805221 10 -73
34.978643 1 -83
34.981284 9 -62
35.012401 3 -73
35.033547 31 -82
35.074393 14 -78
35.209263 13 -84
35.270942 18 -83
35.280843 2 -75
35.301793 8 -72
35.315209 10 -73
35.373843 19 -84
35.483091 9 -62
35.519332 3 -73
35.54231 31 -80
35.583981 14 -78
35.716991 13 -85
35.774671 18 -82
35.786407 2 -74
35.805342 8 -73
35.989108 9 -63
36.021716 3 -75
36.026595 12 -83
36.045824 31 -80
36.086641 14 -79
36.29606 2 -76
36.308372 8 -73
36.321849 10 -75
36.381579 19 -82
36.492665 1 -76
36.496438 9 -63
36.524375 3 -76
36.553305 31 -80
36.595251 14 -79
36.708012 11 -80
36.804645 2 -75
36.815003 8 -74
36.822347 10 -75
36.885431 19 -82
36.992884 1 -76
36.99916 9 -63
37.025813 3 -76
37.033941 12 -84
37.102855 14 -79
37.28799 18 -82
37.306425 2 -74
37.31959 8 -74
37.394289 19 -84
37.500518 1 -78
37.506063 9 -62
37.524556 6 -86
37.530059 3 -75
37.537706 12 -84
37.606918 14 -79
37.721737 11 -80
37.791474 18 -82
37.809273 2 -76
37.824391 8 -75
37.840919 10 -75
38.006558 9 -63
38.037875 3 -76
38.064092 31 -82
38.316333 2 -75
38.344468 10 -75
38.516146 9 -62
38.724263 11 -78
38.801218 18 -80
38.832924 8 -73
38.844996 10 -76
39.023263 9 -60
39.042827 3 -76
39.053516 12 -81
39.327033 2 -78
39.335619 8 -72
39.52309 1 -72
39.524825 9 -60
39.555999 12 -81
39.572133 31 -77
39.625278 14 -81
39.812305 18 -82
39.827255 20 -80
39.83571 2 -73
39.841579 8 -67
40.02456 1 -64
40.025167 9 -68
40.027747 36 -86
40.05553 3 -76
40.082238 31 -74
40.341762 2 -80
40.34409 8 -70
40.359519 10 -76
40.385097 4 -85
40.529326 1 -65
40.531429 9 -69
40.53584 36 -85
40.569327 12 -80
40.72769 21 -83
40.744237 11 -84
40.773529 32 -79
40.846785 8 -67
41.032046 9 -69
41.065272 3 -81
41.083286 31 -80
41.245194 11 -84
41.343813 20 -83
41.354698 8 -62
41.368723 22 -84
41.370584 10 -80
41.536446 9 -72
41.541665 1 -76
41.56607 3 -82
41.740741 21 -84
41.785181 31 -84
41.788466 32 -82
41.85348 2 -78
41.856172 8 -31
42.045539 9 -70
42.050947 1 -74
42.338604 18 -82
42.355871 2 -84
42.365642 8 -69
42.378995 10 -80
42.554829 9 -81
42.860614 20 -84
42.870778 8 -73
43.13911 15 -84
43.371092 8 -74
43.570554 1 -85
43.571992 9 -84
43.5977 3 -80
43.607731 16 -84
43.660869 14 -79
43.889123 10 -83
44.107012 3 -83
44.176199 7 -85
44.458722 19 -86
44.580427 9 -83
44.589793 6 -85
44.854252 18 -78
44.885919 2 -78
45.387088 2 -80
45.574894 36 -74
45.594926 1 -78
45.603934 6 -83
46.12131 33 -84
46.27341 27 -83
46.410314 34 -86
46.604895 9 -78
46.610073 1 -81
46.627935 3 -81
46.66638 26 -86
46.774668 27 -80
46.841481 32 -83
46.87368 18 -81
46.924275 28 -83
47.150081 25 -85
47.432856 28 -80
47.659124 25 -86
47.690044 15 -81
47.93332 28 -83
48.126916 9 -83
48.142897 16 -78
48.160721 25 -84
48.192404 15 -82
48.298606 21 -84
48.356393 32 -81
48.440583 34 -87
48.46891 17 -84
48.621476 1 -84
48.635253 9 -82
48.805635 21 -85
48.941662 28 -85
49.201152 15 -84
49.308116 21 -85
49.332322 11 -84
49.438833 2 -82
49.604356 36 -84
49.634974 1 -82
49.653606 9 -82
49.808706 21 -86
49.837338 11 -84
49.859435 32 -82
49.87577 31 -83
50.111197 36 -85
50.144287 1 -82
50.346749 11 -84
50.57224 35 -87
50.66497 9 -82
50.818094 21 -87
50.866682 32 -82
50.88353 31 -87
50.958455 2 -82
50.97211 34 -85
51.167173 9 -81
51.358399 11 -83
51.372853 32 -85
51.384299 31 -82
51.476145 34 -85
51.635352 36 -83
51.656112 1 -82
51.674076 9 -81
51.881709 32 -83
51.966592 2 -83
52.144237 36 -84
52.157887 1 -82
52.181345 9 -81
52.21928 15 -84
52.333809 21 -84
52.384249 32 -84
52.391846 31 -83
52.472889 2 -84
52.47579 28 -86
52.690109 9 -81
52.69963 25 -82
52.876591 11 -84
52.97653 2 -83
53.16989 1 -82
53.199423 9 -81
53.205708 12 -86
53.228089 15 -84
53.377152 11 -84
53.403604 31 -83
53.480294 2 -82
53.679783 1 -81
53.703732 9 -83
53.887051 11 -85
53.970314 8 -86
53.985451 28 -83
54.212069 9 -81
54.346792 27 -81
54.392647 11 -84
54.438905 18 -84
54.491896 28 -82
54.493985 2 -84
54.703822 16 -85
54.856686 27 -80
54.898396 11 -83
54.941534 18 -83
54.999763 2 -83
55.000965 28 -83
55.055799 19 -82
55.420758 32 -78
55.441844 18 -82
55.50738 28 -84
55.754867 26 -83
55.987929 8 -78
56.010189 2 -82
56.012024 28 -80
56.459858 18 -81
57.322302 14 -82
57.469276 13 -88
57.47775 18 -77
57.537382 34 -83
57.985475 18 -70
58.037864 28 -80
58.245107 9 -85
58.288219 15 -81
58.394576 27 -82
58.454611 32 -75
58.485069 13 -82
58.488898 18 -70
58.494803 23 -87
58.537932 28 -81
58.731315 1 -79
58.761684 16 -79
58.786946 26 -80
58.83807 14 -81
58.993071 13 -76
58.997967 18 -70
59.094859 19 -77
59.232602 1 -79
59.256441 9 -84
59.273798 33 -86
59.274925 25 -85
59.348329 29 -81
59.406644 27 -85
59.467076 32 -75
59.478732 31 -82
59.495673 13 -77
59.501053 18 -69
59.713381 31 -83
59.742585 1 -82
59.799685 17 -80
59.847388 14 -76
59.913365 27 -84
59.97221 32 -80
60.004323 18 -85
60.057968 28 -83
60.106653 19 -72
60.21836 31 -82
60.248511 1 -79
60.306783 15 -75
60.420908 21 -81
60.472953 11 -85
60.477221 32 -77
60.501457 13 -73
60.513392 18 -64
60.665773 35 -78
60.728221 31 -83
60.728646 36 -81
60.777615 16 -79
60.813202 15 -79
60.983606 32 -79
61.003632 13 -71
61.013671 18 -69
61.03779 20 -82
61.073318 34 -80
61.091904 4 -81
61.119119 19 -74
61.231064 31 -83
61.263993 1 -77
61.31425 15 -77
61.376179 29 -82
61.43704 21 -78
61.489503 32 -84
61.504372 13 -72
61.520694 18 -69
61.543991 20 -81
61.592006 4 -85
61.598707 22 -79
61.629075 19 -71
61.667616 35 -78
61.733571 31 -82
61.738972 36 -84
61.765738 1 -79
61.823812 15 -72
61.872949 14 -76
61.944588 21 -80
62.008652 13 -72
62.029122 18 -64
62.032086 23 -81
62.047994 20 -74
62.083097 34 -82
62.090415 2 -78
62.107772 22 -88
62.138237 19 -76
62.174451 35 -62
62.239008 31 -82
62.333282 15 -72
62.375792 14 -78
62.445239 21 -72
62.514794 13 -67
62.530408 18 -71
62.552303 20 -75
62.593766 4 -82
62.611205 22 -83
62.626896 37 -85
62.794493 16 -78
62.83967 15 -70
62.885775 14 -72
62.953213 21 -74
63.017609 13 -66
63.038378 18 -72
63.058412 20 -75
63.093486 34 -81
63.108563 2 -80
63.149757 19 -70
63.251713 36 -81
63.278844 1 -76
63.302699 12 -83
63.342305 15 -70
63.391334 29 -82
63.393806 14 -77
63.427164 5 -83
63.520577 13 -68
63.542258 18 -76
63.562599 20 -72
63.639759 37 -83
63.654983 19 -66
63.724106 24 -84
63.760628 31 -81
63.788279 1 -74
63.801253 16 -78
63.842926 15 -74
63.901623 14 -66
63.959733 21 -74
64.008793 32 -85
64.027024 13 -72
64.046764 23 -77
64.047695 18 -76
64.071179 20 -71
64.159384 19 -71
64.266492 31 -82
64.307517 16 -77
64.319078 12 -84
64.340692 26 -82
64.406603 14 -70
64.466273 21 -75
64.527884 11 -79
64.535638 13 -75
64.551288 23 -78
64.554963 18 -72
64.575946 20 -69
64.620052 4 -85
64.648195 5 -83
64.663207 19 -71
64.769521 36 -84
64.80431 1 -81
64.824407 9 -76
64.843292 26 -84
64.849996 15 -70
64.876836 38 -84
64.96668 21 -76
65.03705 13 -77
65.052548 23 -78
65.084039 20 -72
65.165838 19 -75
65.270442 36 -84
65.308465 1 -78
65.328201 33 -82
65.344214 26 -87
65.356842 15 -72
65.386854 38 -85
65.411555 29 -83
65.415981 14 -63
65.467911 21 -76
65.529229 32 -78
65.543801 13 -76
65.555454 23 -78
65.569437 18 -81
65.591155 20 -76
65.61122 34 -83
65.669111 19 -82
65.773713 36 -83
65.82698 16 -81
65.837058 33 -79
65.840685 9 -76
65.8603 15 -70
65.903193 12 -84
65.921722 29 -82
65.976496 7 -78
65.977441 21 -76
66.036224 32 -78
66.050096 13 -74
66.06068 23 -78
66.069411 18 -75
66.098668 20 -50
66.114614 34 -80
66.172811 19 -79
66.341881 9 -77
66.346097 33 -78
66.369466 15 -70
66.42197 29 -83
66.426152 14 -66
66.480198 21 -77
66.542731 32 -79
66.56496 23 -79
66.574329 18 -75
66.60493 20 -75
66.622494 34 -79
66.676816 19 -82
66.817758 1 -81
66.849364 9 -76
66.872772 15 -70
66.92817 29 -66
66.983076 21 -78
66.98667 7 -81
67.043414 11 -85
67.049513 32 -79
67.069301 23 -79
67.079491 18 -76
67.107774 20 -75
67.124332 28 -83
67.291062 36 -82
67.320235 1 -80
67.336434 16 -87
67.352306 33 -79
67.355473 9 -77
67.380869 15 -70
67.417752 12 -82
67.429061 14 -65
67.438123 29 -81
67.487633 21 -77
67.495832 7 -78
67.552266 32 -79
67.571359 13 -76
67.572261 23 -79
67.613059 20 -76
67.638285 34 -76
67.666842 5 -83
67.693615 19 -79
67.800619 36 -82
67.829547 1 -73
67.854358 33 -80
67.861766 9 -78
67.922249 12 -78
67.937763 14 -64
67.995913 21 -77
68.001087 7 -83
68.052379 11 -87
68.077897 13 -76
68.114468 20 -74
68.143876 34 -78
68.169045 5 -84
68.304958 36 -82
68.334099 1 -82
68.363214 33 -78
68.369981 9 -79
68.385467 15 -72
68.430591 12 -83
68.442681 14 -64
68.448294 29 -81
68.502253 7 -72
68.559043 11 -71
68.569674 32 -81
68.581323 13 -76
68.62427 20 -75
68.699703 19 -77
68.836363 1 -82
68.836866 6 -84
68.866761 33 -78
68.876426 9 -80
68.89448 15 -72
68.946775 14 -64
68.957148 29 -81
69.005484 21 -77
69.006349 7 -81
69.075907 32 -80
69.085261 23 -79
69.08777 13 -76
69.131355 20 -75
69.134884 28 -84
69.184069 5 -83
69.317603 36 -82
69.342257 1 -81
69.375801 33 -79
69.400959 15 -72
69.451419 14 -64
69.509468 7 -70
69.579605 32 -81
69.58851 13 -76
69.591463 23 -79
69.631453 20 -75
69.641512 28 -84
69.658545 34 -83
69.660833 4 -89
69.710185 19 -80
69.820904 36 -82
69.845253 1 -79
69.882674 33 -78
69.904449 15 -72
69.952156 14 -64
69.969609 29 -81
70.017988 7 -71
70.022013 21 -76
70.087791 32 -80
70.096209 13 -76
70.10201 18 -85
70.141499 20 -73
70.160597 34 -82
70.196042 5 -78
70.351392 1 -80
70.382925 33 -78
70.393869 9 -79
70.409464 15 -73
70.434607 38 -85
70.460034 14 -63
70.477792 29 -83
70.522694 21 -71
70.524342 7 -75
70.60351 13 -76
70.607112 18 -84
70.651422 20 -74
70.82537 36 -81
70.858465 6 -83
70.889127 33 -79
70.89888 9 -80
70.918049 15 -72
70.941329 38 -86
70.962083 14 -63
70.963819 12 -84
70.986616 29 -81
71.028289 21 -76
71.102239 32 -79
71.104647 13 -76
71.108154 18 -83
71.160187 20 -75
71.166683 34 -83
71.22159 19 -78
71.331845 36 -82
71.368522 1 -81
71.393254 33 -79
71.39971 9 -80
71.422393 15 -73
71.466332 12 -83
71.47106 14 -63
71.493243 29 -82
71.532937 21 -76
71.535219 7 -81
71.605572 32 -78
71.613321 13 -76
71.617161 18 -84
71.6648 20 -72
71.671237 34 -83
71.725839 19 -79
71.840731 36 -82
71.875149 1 -81
71.902524 9 -79
71.923227 15 -73
71.951142 38 -86
71.973545 12 -78
71.978541 14 -64
72.037402 21 -76
72.039833 7 -85
72.110035 32 -76
72.121286 18 -82
72.122728 13 -76
72.168315 20 -75
72.173797 28 -84
72.22481 5 -81
72.233964 19 -78
72.376131 1 -78
72.403918 33 -80
72.409091 9 -79
72.423207 15 -72
72.478317 12 -82
72.488525 14 -64
72.502315 29 -83
72.539335 21 -68
72.540175 7 -85
72.619776 32 -81
72.624098 18 -82
72.62584 23 -79
72.628595 13 -76
72.834137 31 -84
72.855267 36 -82
72.885046 1 -78
72.910287 9 -79
72.913293 33 -78
72.918583 26 -81
72.930358 15 -72
72.992039 14 -63
73.044837 21 -76
73.049214 7 -86
73.126619 32 -78
73.127343 23 -79
73.13431 13 -76
73.178153 20 -74
73.33579 31 -85
73.355364 36 -81
73.388524 6 -84
73.389659 1 -79
73.414444 9 -80
73.423493 33 -79
73.430796 15 -73
73.494394 14 -63
73.520482 29 -81
73.54915 21 -76
73.63279 32 -78
73.640634 13 -76
73.680235 20 -74
73.686265 28 -84
73.692778 34 -83
73.757209 19 -78
73.895524 1 -80
73.917654 9 -80
73.930897 15 -74
73.99623 14 -63
74.049313 21 -75
74.187686 20 -71
74.258864 19 -78
74.390805 16 -78
74.403829 1 -76
74.420742 3 -81
74.427059 9 -80
74.435577 15 -75
74.464873 6 -85
74.500293 14 -65
74.557257 21 -75
74.629776 23 -83
74.636659 18 -73
74.645834 32 -79
74.649042 13 -73
74.688821 20 -72
74.719192 4 -86
74.750489 22 -82
74.768607 19 -72
74.805129 35 -82
74.844973 24 -80
74.904628 1 -85
74.944314 15 -77
74.957818 17 -80
75.00869 14 -66
75.145544 18 -75
75.156405 13 -76
75.258431 22 -84
75.276427 19 -68
75.311086 35 -76
75.378273 36 -80
75.40019 16 -83
75.40622 1 -72
75.441475 9 -82
75.565821 21 -72
75.646739 18 -76
75.653447 32 -72
75.657755 13 -80
75.698934 20 -71
75.710061 28 -78
75.724146 34 -78
75.785131 19 -74
75.816798 35 -79
75.904775 16 -76
75.952035 26 -83
75.957156 33 -82
75.95941 15 -75
75.97096 17 -80
76.021699 14 -65
76.050418 26 -84
76.066655 21 -66
76.156052 18 -77
76.16112 13 -77
76.208247 20 -70
76.292401 19 -77
76.329756 31 -87
76.390032 36 -77
76.406248 16 -85
76.455342 9 -79
76.467256 13 -84
76.467599 15 -74
76.472496 17 -81
76.523871 14 -68
76.553391 27 -81
76.5717 21 -74
76.653152 23 -80
76.660603 18 -76
76.662799 32 -80
76.712952 20 -72
76.724507 28 -82
76.7594 22 -76
76.760109 37 -79
76.79247 19 -76
76.891747 36 -79
76.914343 16 -69
76.970204 15 -70
76.976137 17 -76
76.999597 38 -84
77.027904 14 -64
77.079155 21 -63
77.155174 23 -82
77.218329 20 -72
77.22732 28 -82
77.232955 34 -84
77.260873 22 -72
77.268082 37 -82
77.336743 35 -80
77.372394 24 -80
77.398649 36 -78
77.421431 16 -76
77.428242 1 -81
77.471556 15 -75
77.479235 13 -80
77.508303 38 -83
77.534958 14 -83
77.555644 29 -79
77.556152 27 -83
77.583071 21 -71
77.655731 23 -78
77.741476 34 -81
77.768236 22 -75
77.804539 19 -82
77.842517 35 -78
77.882046 24 -78
77.906039 36 -82
77.923148 16 -72
77.980722 15 -58
77.985495 17 -76
78.017374 38 -83
78.044332 14 -78
78.087048 21 -65
78.119528 28 -84
78.228265 29 -80
78.236467 20 -80
78.246579 34 -81
78.268763 22 -79
78.306286 19 -78
78.35003 35 -81
78.408486 36 -82
78.430693 16 -76
78.459254 3 -82
78.48653 15 -61
78.49463 17 -79
78.527118 38 -78
78.553827 14 -72
78.593314 21 -68
78.733702 29 -81
78.744713 20 -75
78.767949 4 -84
78.7735 22 -72
78.806384 19 -80
78.913557 36 -81
78.935218 16 -65
78.961791 3 -79
78.995421 15 -67
79.093782 21 -72
79.184582 18 -84
79.203477 38 -83
79.237368 29 -79
79.243117 14 -79
79.268172 4 -78
79.281778 22 -74
79.310473 21 -76
79.395196 24 -79
79.406174 24 -81
79.418567 36 -83
79.441024 16 -66
79.453408 1 -82
79.45828 36 -86
79.467318 3 -72
79.491093 16 -63
79.499947 15 -70
79.551149 3 -80
79.601318 15 -64
79.659725 30 -84
79.67639 23 -84
79.690336 11 -82
79.694577 32 -83
79.717585 19 -84
79.739326 29 -78
79.742006 2 -84
79.745167 14 -80
79.754961 34 -83
79.786943 22 -82
79.816525 21 -72
79.845569 35 -82
79.960017 23 -77
79.967745 36 -83
79.994702 16 -70
80.060979 3 -80
80.1085 15 -66
80.117706 17 -83
80.128637 20 -80
80.215487 38 -85
80.245293 14 -83
80.322577 21 -81
80.496142 18 -79
80.502675 16 -73
80.506603 11 -82
80.526746 1 -84
80.56315 3 -80
80.608907 15 -66
80.617001 34 -82
80.62443 17 -81
80.640492 28 -83
80.681564 22 -78
80.722697 38 -85
80.750352 29 -78
80.831834 21 -70
80.919659 24 -84
80.972117 23 -80
81.006707 11 -84
81.009031 16 -70
81.015788 13 -85
81.062761 12 -88
81.11123 15 -67
81.131856 17 -79
81.134732 7 -76
81.181572 22 -80
81.252963 14 -78
81.253256 29 -81
81.270296 27 -82
81.334102 21 -79
81.35758 35 -85
81.472888 23 -77
81.509435 16 -64
81.511105 18 -78
81.523455 13 -73
81.612525 26 -83
81.617289 15 -74
81.640563 17 -76
81.689911 22 -72
81.706666 4 -81
81.732232 19 -84
81.76028 29 -83
81.779519 27 -83
81.840856 21 -72
81.861004 35 -82
82.015974 16 -66
82.031184 13 -82
82.039789 6 -83
82.080068 3 -81
82.1191 15 -72
82.232606 19 -80
82.283767 27 -83
82.366473 35 -83
82.487917 23 -80
82.497587 36 -82
82.518301 16 -70
82.625519 15 -71
82.64928 17 -78
82.710226 4 -85
82.857751 21 -72
82.941974 24 -81
83.021889 11 -80
83.02429 16 -79
83.045369 32 -82
83.048378 1 -83
83.050206 6 -80
83.084655 12 -85
83.09158 3 -82
83.134318 15 -65
83.153257 17 -80
83.202691 22 -83
83.21814 4 -81
83.26835 29 -82
83.277822 14 -83
83.361331 21 -70
83.443387 24 -83
83.528174 16 -65
83.554394 1 -84
83.594737 12 -85
83.644032 15 -65
83.661324 17 -78
83.748832 19 -83
83.769545 29 -82
83.779841 14 -83
83.864484 21 -70
83.878789 35 -86
83.945288 24 -83
84.006433 23 -83
84.032776 11 -83
84.033706 16 -64
84.1059 3 -82
84.145355 15 -64
84.16585 17 -71
84.217812 22 -77
84.219137 4 -82
84.254281 38 -84
84.370628 21 -69
84.522998 36 -67
84.537437 16 -63
84.562705 1 -84
84.617709 33 -86
84.652201 15 -66
84.666379 17 -72
84.678645 20 -86
84.70575 9 -86
84.720353 22 -76
84.724946 4 -79
84.757128 38 -80
84.790653 14 -76
84.873659 21 -68
85.025902 36 -79
85.043029 16 -62
85.077708 13 -85
85.112592 12 -86
85.117413 3 -80
85.158833 15 -69
85.227563 22 -81
85.227611 4 -76
85.257106 38 -76
85.279568 29 -77
85.295938 14 -80
85.379467 21 -70
85.449986 24 -83
85.535704 36 -84
85.545143 16 -63
85.665771 15 -67
85.730714 22 -76
85.759098 38 -80
85.781265 37 -80
85.786958 29 -77
85.796553 14 -78
86.047989 16 -69
86.121606 33 -80
86.164743 34 -83
86.170969 15 -74
86.235452 22 -79
86.267591 38 -78
86.28855 29 -79
86.303424 14 -78
86.390869 21 -69
86.404759 35 -80
86.537384 23 -79
86.558098 16 -70
86.57871 32 -78
86.625084 3 -81
86.672505 15 -71
86.691067 28 -86
86.699316 17 -75
86.702716 20 -78
86.743424 22 -69
86.743602 4 -79
86.835189 27 -83
87.04206 23 -78
87.059785 16 -67
87.125363 3 -76
87.13534 12 -84
87.180491 26 -84
87.20781 17 -66
87.209954 20 -78
87.246636 22 -69
87.272338 38 -81
87.288006 19 -84
87.295509 37 -86
87.404224 21 -73
87.568398 16 -72
87.579456 11 -87
87.588336 32 -75
87.680948 15 -79
87.692176 2 -81
87.709773 17 -65
87.752717 4 -82
87.752748 22 -70
87.805348 29 -77
87.964558 24 -75
88.060019 23 -76
88.067376 36 -73
88.070023 16 -68
88.141025 3 -86
88.189533 15 -83
88.199327 2 -83
88.215245 17 -73
88.262338 22 -81
88.308983 37 -84
88.419105 21 -79
88.473112 24 -77
88.570794 16 -69
88.691955 15 -78
88.763078 22 -73
88.788293 38 -74
88.798526 19 -85
88.831157 14 -81
88.882725 5 -86
88.979957 24 -77
89.07041 23 -70
89.076145 36 -81
89.077119 16 -74
89.160774 12 -84
89.193857 15 -86
89.22677 17 -72
89.427395 21 -83
89.483812 24 -74
89.57527 23 -75
89.57728 16 -70
89.582498 36 -82
89.609878 32 -78
89.651687 3 -84
89.698841 15 -73
89.716721 2 -72
89.733402 17 -75
89.73461 20 -83
89.774232 22 -74
89.792552 38 -81
89.815101 29 -85
89.933517 35 -84
89.985621 24 -83
90.081621 16 -78
90.082418 23 -75
90.206634 15 -77
90.240217 17 -76
90.240963 20 -76
90.246144 4 -85
90.258939 33 -82
90.293293 38 -83
90.43663 21 -80
90.493992 24 -69
90.71694 26 -85
90.743166 20 -85
90.745995 17 -75
90.748931 4 -85
90.801724 38 -81
90.828401 19 -85
90.85324 14 -84
90.937739 21 -87
91.001722 24 -67
91.089816 16 -77
91.095586 23 -75
91.201126 34 -82
91.213551 15 -83
91.247592 17 -75
91.253793 4 -83
91.274791 33 -85
91.304022 38 -80
91.331368 19 -85
91.50457 24 -70
91.637085 5 -88
91.643095 1 -84
91.718169 15 -77
91.74864 20 -82
91.751966 17 -77
91.779193 33 -84
91.809614 38 -78
91.832078 19 -79
91.88378 27 -86
92.008332 24 -69
92.093433 16 -80
92.099171 23 -73
92.099492 36 -83
92.150438 32 -83
92.150577 1 -85
92.224435 15 -79
92.234993 26 -85
92.257194 17 -77
92.269009 28 -83
92.285242 33 -84
92.336236 19 -78
92.338897 29 -84
92.452203 21 -81
92.513469 24 -70
92.59576 16 -81
92.608761 23 -70
92.655175 32 -84
92.734211 15 -82
92.741988 26 -86
92.7586 20 -80
92.759951 17 -76
92.786439 33 -83
92.823242 38 -78
92.838501 19 -78
92.839329 29 -83
92.957583 21 -81
93.015431 24 -72
93.106796 36 -83
93.109013 23 -68
93.242552 15 -83
93.262402 17 -76
93.275043 4 -83
93.281776 28 -82
93.329659 38 -79
93.339852 29 -86
93.345527 19 -79
93.522429 24 -72
93.607617 16 -83
93.60787 36 -82
93.618541 23 -68
93.744332 15 -82
93.771459 20 -82
93.771933 17 -77
93.772219 2 -83
93.777892 4 -84
93.790083 28 -83
93.798903 33 -83
93.822252 12 -88
93.831804 38 -79
93.848952 19 -78
94.030036 24 -72
94.113972 16 -83
94.12099 23 -69
94.274609 2 -82
94.33813 38 -80
94.349994 29 -78
94.467378 21 -55
94.537278 24 -71
94.613587 36 -83
94.619931 16 -81
94.629238 23 -69
94.686024 32 -84
94.753447 15 -82
94.784168 4 -83
94.785655 17 -80
94.788682 20 -80
94.804864 28 -83
94.814327 33 -77
94.840763 38 -79
94.972393 21 -78
95.037501 24 -70
95.121068 16 -82
95.137759 23 -69
95.187587 32 -84
95.261269 15 -81
95.286803 4 -84
95.289674 2 -82
95.294333 20 -77
95.295796 17 -79
95.314671 33 -82
95.349408 38 -78
95.417763 27 -85
95.63632 6 -84
95.641185 23 -69
95.720365 3 -84
95.761554 15 -79
95.780444 26 -86
95.79188 2 -83
95.802243 20 -80
95.802581 17 -79
95.858693 38 -78
95.873352 29 -83
95.987884 21 -78
96.045057 24 -71
96.144535 6 -80
96.144824 23 -69
96.308999 17 -76
96.310335 20 -80
96.358938 19 -77
96.36508 38 -78
96.403126 14 -85
96.489969 21 -78
96.546836 24 -71
96.632078 16 -83
96.64863 6 -78
96.651941 23 -69
96.729802 3 -84
96.773568 15 -80
96.797668 2 -83
96.809986 17 -76
96.863768 19 -76
96.870459 38 -80
96.991443 21 -82
97.050111 24 -72
97.153275 6 -78
97.156832 23 -68
97.230338 25 -86
97.30485 2 -83
97.306253 4 -84
97.315032 17 -75
97.321058 20 -83
97.37293 19 -80
97.55421 24 -71
97.664529 23 -69
97.706359 32 -84
97.78787 15 -80
97.815987 17 -76
97.839759 33 -81
97.867527 25 -84
97.873742 38 -80
97.880932 19 -64
98.055257 24 -70
98.168077 23 -51
98.210974 32 -84
98.214539 1 -86
98.251481 3 -83
98.289345 15 -79
98.31549 4 -84
98.320128 2 -82
98.324084 17 -76
98.375014 25 -84
98.377107 38 -78
98.42881 14 -84
98.562437 24 -69
98.649504 16 -80
98.667788 6 -71
98.670831 23 -72
98.755665 3 -82
98.789538 15 -79
98.818032 4 -84
98.824715 2 -82
98.828855 17 -75
98.850362 33 -82
98.883738 38 -77
98.894374 19 -78
98.937939 14 -82
99.063271 24 -69
99.173646 23 -70
99.176278 6 -79
99.256096 3 -82
99.297025 15 -80
99.325201 20 -81
99.336006 17 -73
99.358242 33 -72
99.384067 25 -84
99.391375 38 -51
99.402286 19 -80
99.405092 29 -77
99.442247 14 -81
99.516303 21 -83
99.572038 24 -71
99.655563 16 -81
99.679391 23 -69
99.839597 2 -81
99.841234 17 -78
99.860829 28 -82
99.884291 25 -83
99.895565 38 -75
100.020279 21 -84
100.077876 24 -72
100.163597 16 -79
100.179707 6 -83
100.186661 23 -68
100.223492 18 -85
100.335924 20 -86
100.351437 17 -79
100.364847 33 -70
100.416866 37 -85
100.418406 29 -83
100.525721 21 -83
100.581364 24 -74
100.663971 16 -80
100.692802 23 -73
100.811856 15 -77
100.852088 17 -83
100.865559 22 -77
100.873093 33 -81
100.90079 25 -82
100.909375 38 -83
101.081679 24 -73
101.170906 16 -80
101.179603 36 -80
101.247893 1 -84
101.277717 3 -81
101.37661 33 -75
101.417044 38 -84
101.485359 33 -75
101.58297 24 -74
101.684247 36 -78
101.702552 23 -75
101.85151 4 -84
101.867589 22 -78
101.919395 25 -81
101.924102 38 -84
101.935205 29 -84
101.992599 33 -76
102.083071 24 -70
102.203964 23 -76
102.251554 32 -82
102.330991 15 -81
102.367749 22 -76
102.372075 17 -83
102.425936 25 -81
102.493216 33 -75
102.587352 24 -66
102.701282 6 -82
102.712943 23 -78
102.834022 15 -75
102.930741 38 -76
102.931317 25 -81
102.979938 14 -88
102.996885 33 -75
103.088796 24 -72
103.191435 36 -84
103.215697 23 -77
103.453254 29 -80
103.500371 33 -75
103.595245 24 -77
103.694156 36 -82
103.894413 28 -83
103.940828 25 -83
103.959881 29 -81
104.00053 33 -75
104.007142 27 -81
104.105385 24 -86
104.346382 15 -82
104.395522 17 -86
104.504473 33 -75
104.607775 24 -83
104.727408 23 -80
104.782994 13 -88
104.789429 32 -84
104.945151 25 -82
104.954503 37 -80
104.968709 29 -72
105.013971 33 -75
105.117885 24 -82
105.363674 15 -83
105.459897 38 -78
105.476831 29 -76
105.519898 33 -75
105.618596 24 -85
105.893255 22 -84
105.960552 25 -82
105.97882 29 -74
106.028938 33 -74
106.46218 25 -84
106.465605 37 -84
106.513173 14 -86
106.535262 33 -76
106.732029 36 -79
106.974357 38 -78
106.98478 29 -80
107.035971 33 -79
107.235758 16 -84
107.246255 6 -84
107.324069 32 -82
107.334799 3 -86
107.47525 38 -78
107.487531 29 -79
107.925129 28 -84
107.968649 25 -81
107.984109 38 -75
107.988603 29 -79
108.019871 14 -30
108.045109 33 -79
108.2089 18 -83
108.247425 36 -81
108.388118 15 -83
108.392685 26 -84
108.426936 28 -81
108.478089 25 -80
108.490861 38 -84
108.549479 33 -72
108.982127 25 -78
109.05916 33 -78
109.225815 18 -85
109.24887 36 -72
109.265169 6 -83
109.351561 32 -79
109.354259 34 -85
109.398759 15 -87
109.401669 26 -86
109.437104 2 -84
109.497531 38 -83
109.559259 33 -76
109.753911 36 -73
109.86275 34 -83
109.866708 3 -84
110.018498 29 -84
110.060608 33 -65
110.263834 36 -82
110.35835 32 -80
110.369256 34 -84
110.407904 15 -84
110.449788 2 -86
110.492228 25 -75
110.562171 33 -72
110.715878 13 -84
110.786457 6 -81
110.786868 30 -84
110.865741 32 -79
110.909532 15 -83
111.071882 33 -63
111.217717 13 -84
111.272694 36 -81
111.370936 32 -79
111.38169 34 -69
111.505584 25 -80
111.538073 29 -84
111.550024 14 -82
111.579549 33 -67
111.72688 13 -84
111.77508 36 -81
111.87784 32 -79
111.958729 2 -85
111.975392 1 -87
111.978091 28 -81
112.008402 25 -80
112.088802 33 -66
112.173246 35 -87
112.228688 13 -84
112.248639 18 -82
112.305425 6 -85
112.385427 34 -72
112.425401 15 -80
112.48533 28 -80
112.516895 25 -82
112.58887 33 -68
112.676514 25 -81
112.679226 35 -63
112.729032 13 -83
112.884781 32 -77
112.890072 34 -83
112.929927 15 -80
112.994094 28 -80
113.018871 3 -82
113.054749 29 -79
113.079836 27 -85
113.090678 33 -66
113.389243 32 -80
113.439764 15 -79
113.448072 26 -82
113.458634 21 -84
113.468586 2 -85
113.536509 38 -87
113.559209 29 -82
113.575342 14 -83
113.588601 27 -84
113.592241 33 -66
113.691548 25 -81
113.744184 13 -84
113.763484 18 -85
113.816764 6 -81
113.889982 32 -79
113.950733 26 -84
114.029773 3 -81
114.063547 29 -83
114.092889 33 -66
114.193939 25 -80
114.251638 13 -84
114.326752 30 -86
114.396763 32 -82
114.441799 15 -81
114.497878 1 -78
114.564803 29 -79
114.579288 14 -84
114.593933 33 -66
114.598594 27 -83
114.703196 25 -80
114.759824 13 -84
114.826889 27 -66
114.941191 18 -84
114.948614 15 -81
115.005634 1 -70
115.047602 3 -81
115.056492 38 -83
115.072558 29 -75
115.080453 14 -84
115.100318 33 -66
115.211262 25 -80
115.330283 27 -67
115.40346 32 -80
115.418426 34 -83
115.449174 15 -81
115.511773 1 -83
115.556745 38 -77
115.57827 29 -72
115.60652 33 -66
115.837583 27 -66
115.905695 32 -80
115.966626 26 -78
116.013853 1 -77
116.059267 3 -79
116.078915 29 -78
116.106618 33 -67
116.217965 25 -82
116.275319 13 -79
116.34229 27 -68
116.408113 32 -81
116.433698 34 -83
116.455023 15 -80
116.455427 18 -83
116.46425 2 -88
116.517825 1 -76
116.524132 28 -88
116.546785 37 -76
116.563635 3 -81
116.564483 38 -78
116.613094 33 -66
116.652288 1 -80
116.720936 25 -80
116.78317 13 -79
116.831132 36 -81
116.849773 27 -67
116.938648 34 -84
116.960466 15 -84
116.963091 18 -83
116.979728 37 -66
116.981653 26 -77
117.027465 28 -84
117.068367 38 -78
117.087072 29 -74
117.155589 1 -79
117.160303 26 -73
117.33348 16 -84
117.335104 36 -82
117.350604 27 -67
117.466055 18 -83
117.485046 37 -66
117.529576 28 -79
117.572218 3 -79
117.595653 29 -82
117.603364 14 -84
117.625925 33 -67
117.66063 1 -80
117.661286 26 -74
117.727367 24 -84
117.800549 13 -81
117.845241 36 -76
117.855219 27 -67
117.956746 33 -66
117.971909 2 -85
117.977909 28 -65
117.987434 37 -66
118.079271 3 -79
118.081445 38 -78
118.099685 29 -76
118.162025 26 -74
118.169881 1 -80
118.24126 25 -83
118.302998 13 -85
118.328564 14 -81
118.348146 36 -84
118.356813 27 -68
118.420744 32 -80
118.458828 33 -67
118.4788 28 -65
118.495163 37 -67
118.583517 3 -79
118.585177 38 -74
118.608112 29 -76
118.669507 26 -75
118.679072 1 -80
118.74954 25 -79
118.807218 13 -82
118.810887 29 -70
118.834855 14 -82
118.84104 32 -84
118.849341 36 -84
118.86091 27 -70
118.961154 33 -66
118.982804 28 -65
118.985479 2 -84
119.000481 37 -66
119.174488 26 -76
119.240131 35 -84
119.251503 25 -78
119.308111 13 -81
119.317056 29 -62
119.351334 16 -83
119.355724 36 -83
119.371078 27 -70
119.381982 30 -78
119.432319 16 -79
119.45106 36 -75
119.464518 33 -66
119.484885 28 -64
119.504517 37 -66
119.592548 38 -80
119.674524 26 -76
119.685826 1 -31
119.755877 25 -83
119.759098 35 -81
119.764046 30 -78
119.803997 38 -75
119.821638 29 -63
119.850519 14 -82
119.880729 27 -70
119.938766 16 -79
119.952775 36 -74
119.970475 33 -66
119.999067 18 -83
120.007821 37 -66
120.094545 3 -81
120.175751 26 -78
120.192758 1 -80
120.259732 25 -74
120.261789 35 -82
120.266191 30 -77
120.312673 13 -83
120.321704 29 -64
120.38986 27 -70
120.447258 16 -79
120.462576 36 -75
120.470647 34 -66
120.490969 28 -64
120.508592 37 -64
120.594702 3 -84
120.678504 26 -79
120.776331 30 -79
120.809964 38 -74
120.831809 29 -64
120.848209 32 -78
120.895696 27 -70
120.96548 36 -73
120.976928 33 -66
120.991646 28 -64
121.018517 37 -64
121.095102 3 -78
121.230781 13 -81
121.264483 25 -74
121.271749 35 -83
121.276309 30 -81
121.312048 38 -74
121.340267 29 -64
121.357706 32 -82
121.402202 27 -70
121.456062 16 -80
121.472382 36 -72
121.483893 33 -66
121.493331 28 -64
121.704583 1 -80
121.737716 13 -81
121.776303 35 -82
121.784984 30 -80
121.814223 38 -72
121.84665 29 -64
121.868055 14 -86
121.904437 27 -69
121.966202 16 -80
121.976599 36 -72
121.988904 33 -66
122.000111 28 -64
122.032815 37 -64
122.238181 13 -80
122.273567 25 -66
122.277102 35 -81
122.293141 30 -81
122.319512 38 -73
122.353825 29 -61
122.365318 32 -83
122.404414 27 -69
122.467583 16 -80
122.484478 36 -73
122.492359 33 -66
122.508051 28 -64
122.542131 37 -63
122.707156 1 -77
122.743377 13 -80
122.821504 38 -70
122.861368 29 -61
122.873565 32 -82
122.911134 27 -69
122.974213 16 -80
122.991349 36 -71
122.998927 33 -66
123.014862 28 -63
123.037864 2 -88
123.05111 37 -63
123.21122 1 -75
123.283902 25 -72
123.286971 35 -78
123.326822 38 -70
123.367689 29 -60
123.420357 27 -69
123.481026 16 -79
123.494773 36 -70
123.499148 33 -68
123.523718 28 -63
123.555817 37 -63
123.712568 1 -78
123.751968 13 -81
123.789327 35 -77
123.807449 30 -81
123.868518 29 -62
123.880902 32 -79
123.922928 27 -70
123.982286 16 -83
123.999843 36 -71
124.008157 33 -68
124.027142 28 -63
124.053966 2 -79
124.058175 37 -63
124.220202 1 -78
124.262016 13 -81
124.292069 25 -77
124.297084 35 -76
124.313194 30 -81
124.335476 38 -70
124.362386 34 -85
124.37188 29 -62
124.384938 32 -80
124.429007 27 -69
124.483881 16 -82
124.501161 36 -72
124.510422 33 -76
124.527239 28 -63
124.567064 37 -63
124.763764 13 -80
124.796322 25 -72
124.797426 35 -74
124.821045 30 -78
124.841313 38 -70
124.873532 29 -62
124.888942 32 -83
124.938108 27 -72
124.988283 16 -82
125.001899 36 -75
125.030266 28 -64
125.063934 2 -79
125.068018 37 -63
125.144539 3 -82
125.265114 13 -79
125.298254 25 -70
125.302711 35 -75
125.328103 30 -81
125.349774 38 -72
125.377046 29 -60
125.393099 32 -83
125.438268 27 -74
125.505078 36 -74
125.537595 28 -63
125.565195 2 -78
125.569612 37 -63
125.802659 25 -70
125.806776 35 -76
125.855367 38 -71
125.878058 29 -62
125.901162 32 -84
125.946056 27 -78
125.996233 16 -82
126.00664 36 -72
126.041721 28 -64
126.078561 37 -62
126.241554 1 -77
126.310077 35 -76
126.310939 25 -70
126.331722 30 -82
126.357787 38 -72
126.379467 29 -63
126.450671 27 -72
126.498713 16 -82
126.50692 36 -74
126.550211 28 -64
126.586473 37 -63
126.780212 13 -83
126.813055 25 -70
126.820032 35 -75
126.841038 30 -80
126.867164 38 -72
126.881516 29 -62
127.015317 36 -76
127.054092 28 -64
127.093859 37 -63
127.252855 1 -82
127.315781 25 -70
127.32489 35 -76
127.37471 38 -73
127.387044 29 -63
127.457215 27 -76
127.510356 16 -81
127.517306 36 -76
127.562795 28 -64
127.598451 37 -64
127.753355 26 -76
127.785813 13 -32
127.821986 25 -70
127.833044 35 -76
127.851705 30 -81
127.882836 38 -74
127.893671 29 -64
127.918432 32 -74
127.960152 27 -76
128.018441 36 -75
128.019977 16 -81
128.063991 28 -68
128.255863 26 -79
128.331059 25 -70
128.342449 35 -74
128.388979 38 -69
128.395629 29 -64
128.461776 27 -64
128.52815 36 -74
128.530116 16 -82
128.569673 28 -53
128.730131 15 -84
128.738755 25 -69
128.756999 26 -73
128.851763 35 -75
128.857978 30 -83
128.893534 38 -74
128.902561 29 -58
128.920245 14 -76
128.96572 27 -66
129.028797 36 -76
129.036899 16 -81
129.123804 37 -78
129.240016 25 -70
129.260056 26 -67
129.272863 1 -84
129.322779 3 -85
129.403033 38 -76
129.403877 29 -54
129.422722 14 -76
129.475339 27 -73
129.536889 36 -80
129.543315 16 -82
129.574079 28 -66
129.630525 37 -70
129.76171 26 -74
129.775828 1 -86
129.863096 35 -72
129.907544 29 -53
129.908809 38 -76
129.937989 32 -75
130.044401 36 -70
130.076679 28 -67
130.13392 37 -84
130.257889 25 -70
130.263578 26 -71
130.371982 35 -73
130.381349 30 -78
130.409581 38 -75
130.412126 29 -58
130.439668 14 -80
130.446724 32 -77
130.553378 36 -70
130.579126 28 -58
130.764307 25 -70
130.765934 26 -72
130.877176 35 -81
130.885813 30 -78
130.911085 38 -80
130.91857 29 -64
130.953414 32 -73
131.056557 36 -66
131.057255 16 -78
131.088744 28 -58
131.256731 15 -81
131.267278 25 -70
131.274362 26 -62
131.34797 3 -84
131.378129 35 -76
131.391284 30 -79
131.419276 29 -66
131.421225 38 -74
131.559614 36 -62
131.56538 16 -80
131.763272 15 -82
131.769973 25 -70
131.783951 26 -69
131.822984 13 -82
131.879752 35 -64
131.889401 30 -81
131.920807 29 -76
131.93295 34 -76
131.950075 15 -82
131.961606 32 -71
132.060993 36 -64
132.09788 28 -68
132.165842 37 -82
132.280054 25 -70
132.285666 26 -63
132.291295 1 -84
132.422643 29 -72
132.432564 38 -77
132.435215 34 -79
132.45155 15 -81
132.455044 26 -61
132.463383 32 -75
132.569696 36 -68
132.649511 1 -84
132.789097 25 -70
132.834596 13 -85
132.869374 3 -84
132.898715 35 -68
132.922678 29 -78
132.939463 34 -85
132.955345 15 -81
132.968456 32 -72
133.003677 27 -64
133.079344 36 -75
133.106528 28 -66
133.290572 25 -70
133.373863 3 -84
133.402413 35 -62
133.442163 38 -82
133.443285 34 -75
133.462014 26 -61
133.475908 32 -74
133.557601 28 -67
133.579746 36 -66
133.622696 2 -84
133.762013 27 -65
133.907119 35 -66
133.935565 29 -78
133.950838 38 -78
133.969954 26 -61
133.970776 15 -84
133.985772 32 -75
134.067006 28 -68
134.087472 36 -76
134.165151 1 -83
134.26968 27 -65
134.296085 25 -74
134.413045 35 -67
134.430697 32 -75
134.454956 34 -70
134.471242 26 -61
134.471793 15 -82
134.471891 35 -62
134.573572 28 -67
134.592299 36 -79
134.601895 16 -84
134.704913 36 -75
134.778262 27 -64
134.80052 25 -72
134.888187 3 -86
134.916765 30 -78
134.93989 32 -76
134.97336 15 -82
134.978236 26 -61
135.080719 28 -67
135.210534 36 -74
135.227917 16 -84
135.283731 27 -64
135.304253 25 -72
135.357065 13 -85
135.441056 32 -76
135.479768 26 -61
135.481243 15 -83
135.481851 35 -63
135.58695 28 -66
135.687229 1 -84
135.71832 36 -73
135.788926 27 -65
135.807407 25 -72
135.899059 3 -83
135.94207 32 -74
135.964985 34 -73
135.987296 15 -82
135.987534 35 -63
135.988227 26 -61
135.999777 14 -81
136.089672 28 -67
136.151371 2 -82
136.193246 1 -84
136.228244 36 -74
136.295403 27 -66
136.33089 34 -75
136.363215 13 -85
136.445007 32 -74
136.487795 15 -84
136.494986 35 -63
136.498212 26 -61
136.595476 28 -68
136.734779 36 -74
136.740239 16 -83
136.796264 27 -65
136.954778 32 -75
136.998676 26 -61
137.003597 35 -56
137.096764 28 -67
137.238477 36 -74
137.250782 14 -79
137.303351 27 -65
137.349732 34 -74
137.455915 32 -75
137.503046 26 -60
137.508486 35 -62
137.598631 28 -69
137.716458 37 -82
137.748309 36 -74
137.754814 14 -79
137.757069 16 -84
137.809217 27 -66
137.836052 30 -83
137.855231 34 -74
137.956135 32 -75
138.003761 38 -81
138.012848 26 -63
138.015511 35 -62
138.108188 28 -70
138.21909 37 -81
138.25193 38 -65
138.252037 36 -74
138.26019 14 -79
138.263242 16 -84
138.313496 27 -70
138.336304 30 -83
138.357405 34 -74
138.459377 32 -75
138.513317 15 -86
138.516852 26 -71
138.520063 35 -62
138.546943 13 -85
138.617258 28 -64
138.688041 29 -84
138.756486 38 -79
138.761594 36 -75
138.768191 14 -78
138.823207 27 -66
138.840432 30 -82
138.866689 34 -75
138.964602 32 -76
139.023487 35 -62
139.024212 26 -64
139.126602 28 -70
139.192593 29 -78
139.230934 1 -82
139.233021 37 -78
139.259088 38 -81
139.262363 36 -74
139.329379 27 -66
139.347551 30 -81
139.369595 34 -76
139.466073 32 -78
139.475276 37 -86
139.524684 35 -62
139.525287 26 -58
139.559836 13 -84
139.632527 28 -64
139.693391 29 -79
139.733868 1 -84
139.770607 36 -67
139.78419 14 -78
139.836709 27 -64
139.857631 30 -78
139.874148 34 -75
139.968613 32 -70
140.026879 26 -62
140.033967 35 -64
140.134608 28 -70
140.196661 29 -82
140.27992 36 -79
140.284287 14 -78
140.342362 27 -63
140.363498 30 -80
140.383829 34 -75
140.472069 32 -70
140.482829 37 -86
140.530181 26 -67
140.644807 28 -77
140.703227 29 -72
140.779682 38 -84
140.787677 36 -73
140.789083 14 -78
140.849296 27 -65
140.88765 34 -63
140.976836 32 -76
141.039373 26 -60
141.049145 35 -67
141.153632 28 -76
141.208572 29 -76
141.297297 14 -77
141.356963 27 -78
141.376394 30 -82
141.389977 34 -75
141.478216 32 -72
141.544017 26 -66
141.553546 35 -66
141.659863 28 -70
141.710926 29 -75
141.799468 14 -82
141.865026 27 -67
142.0515 26 -62
142.058648 35 -76
142.157482 28 -74
142.211266 29 -72
142.30286 36 -77
142.36665 27 -75
142.406621 34 -73
142.487751 32 -70
142.506725 37 -82
142.556785 26 -66
142.567718 35 -73
142.666924 28 -77
142.716581 29 -71
142.792411 38 -83
142.805795 36 -81
142.864488 3 -85
142.873523 27 -70
142.908825 34 -71
142.994288 32 -68
143.049571 15 -85
143.05966 26 -66
143.074407 35 -81
143.220613 29 -75
143.310591 36 -81
143.413135 34 -76
143.559133 15 -79
143.723914 29 -81
143.819233 36 -82
143.879244 27 -83
143.913325 34 -60
144.004281 32 -69
144.060974 15 -80
144.073527 26 -75
144.327263 36 -79
144.38096 27 -84
144.420595 34 -66
144.510055 32 -61
144.57014 15 -81
144.578019 26 -85
144.69194 28 -78
144.88649 27 -75
144.923684 34 -70
145.012625 32 -66
145.07195 15 -81
145.086905 26 -83
145.092985 35 -80
145.33115 36 -81
145.394493 27 -71
145.425461 34 -68
145.519407 32 -63
145.830023 14 -80
145.831675 36 -78
145.904723 27 -70
145.92681 34 -76
146.026921 32 -60
146.080912 15 -81
146.414617 27 -69
146.53532 32 -59
146.587727 15 -82
146.602036 35 -83
146.916882 27 -69
147.043413 32 -59
147.104819 35 -83
147.226148 28 -85
147.425708 27 -69
147.449291 34 -76
147.548333 32 -60
147.603372 15 -84
147.619313 26 -79
147.843469 14 -84
147.927271 27 -69
147.952288 34 -76
148.047014 15 -82
148.122402 26 -81
148.433198 27 -69
148.460046 34 -75
148.54794 15 -82
148.553108 32 -60
148.624123 35 -86
148.783651 29 -83
148.940316 27 -69
148.965088 34 -78
148.984461 27 -70
149.056908 26 -82
149.059858 32 -60
149.132734 35 -85
149.370797 38 -84
149.466743 34 -79
149.489443 27 -69
149.560506 32 -60
149.565232 15 -84
149.794219 29 -81
149.973859 34 -79
149.991677 27 -69
150.065191 26 -74
150.070248 32 -59
150.254752 32 -58
150.278291 29 -81
150.478658 34 -78
150.498306 27 -70
150.573955 26 -76
150.759824 32 -58
150.786871 29 -79
151.004722 27 -70
151.075822 26 -78
151.077684 15 -81
151.269475 32 -58
151.287211 29 -83
151.355952 14 -85
151.480373 35 -84
151.492678 34 -80
151.50894 27 -70
151.581932 26 -79
151.582882 15 -81
151.778728 32 -58
151.792098 29 -79
152.001382 34 -74
152.013219 27 -70
152.088743 26 -79
152.091162 15 -81
152.122854 34 -78
152.284045 32 -58
152.29665 29 -83
152.362156 14 -85
152.519116 27 -69
152.589726 26 -78
152.6246 34 -78
152.787531 32 -59
152.800103 29 -80
153.01932 28 -76
153.028766 27 -69
153.091593 26 -79
153.094753 15 -81
153.131351 34 -80
153.295716 32 -58
153.369215 14 -84
153.524452 28 -81
153.528742 27 -70
153.593675 26 -70
153.604803 15 -82
153.640696 34 -79
153.803169 32 -58
153.875354 14 -83
154.030611 27 -70
154.094322 26 -76
154.148545 34 -79
154.311171 32 -59
154.53307 28 -78
154.535195 27 -69
154.60214 26 -70
154.654045 34 -79
154.821126 32 -59
154.824779 29 -83
155.01676 35 -85
155.039688 27 -66
155.1077 26 -76
155.115423 15 -79
155.156432 34 -79
155.327663 32 -58
155.329178 29 -75
155.545798 27 -70
155.610514 26 -74
155.65766 34 -78
155.834248 29 -79
155.934785 38 -85
156.05374 27 -70
156.162213 34 -78
156.337961 32 -76
156.343347 29 -74
156.536828 35 -83
156.668293 34 -78
156.840409 32 -66
156.850035 29 -76
157.177638 34 -77
157.349449 32 -60
157.358035 29 -78
157.683138 34 -77
158.69313 34 -79
159.20159 34 -82
