Timestamp Beacon Rssi
0.087617 9 -80
0.124281 2 -83
0.128268 34 -87
0.158664 11 -73
0.386501 5 -81
0.391733 4 -76
0.435184 6 -77
0.439848 3 -72
0.588081 9 -77
0.660995 11 -73
0.673444 12 -72
0.893971 4 -82
0.895265 5 -76
0.898468 1 -77
0.941958 3 -72
0.945291 6 -80
1.022472 24 -76
1.168911 11 -76
1.175653 12 -75
1.285162 19 -87
1.3226 10 -76
1.353911 18 -86
1.400152 1 -78
1.55551 32 -83
1.651593 2 -78
1.67173 11 -78
1.677037 12 -68
1.825386 10 -80
1.904797 5 -76
1.905712 1 -77
1.949198 3 -75
1.956839 6 -72
2.180653 11 -73
2.184375 20 -83
2.186173 12 -63
2.228882 7 -80
2.293325 19 -84
2.401693 4 -72
2.407883 1 -75
2.408465 5 -71
2.460385 6 -75
2.557813 32 -85
2.623278 15 -82
2.664767 2 -75
2.683991 11 -72
2.692837 12 -64
2.743282 8 -83
2.905365 4 -72
2.911245 1 -78
2.966051 3 -79
2.968844 6 -78
3.060383 32 -84
3.124905 15 -84
3.165296 2 -79
3.187909 11 -85
3.190429 20 -85
3.197883 12 -64
3.471901 6 -78
3.475912 3 -73
3.568935 32 -82
3.658392 16 -84
3.671561 2 -72
3.692284 11 -75
3.707568 12 -71
3.826025 13 -87
3.926669 5 -76
3.981684 3 -71
4.042207 21 -83
4.054907 24 -82
4.121358 9 -82
4.177309 2 -72
4.195592 11 -76
4.207946 12 -64
4.258538 8 -81
4.357841 10 -80
4.421479 4 -80
4.426919 5 -76
4.485472 3 -70
4.586984 32 -83
4.626064 9 -78
4.634305 15 -82
4.683209 2 -72
4.717082 12 -64
4.928325 1 -81
4.930617 5 -81
4.980831 6 -76
4.986361 3 -70
5.092637 32 -82
5.116839 26 -88
5.134645 9 -74
5.192161 2 -78
5.208707 11 -77
5.220419 12 -63
5.257333 7 -80
5.428641 4 -76
5.436417 1 -81
5.440693 5 -82
5.486488 3 -72
5.488924 6 -81
5.593224 32 -85
5.635933 9 -75
5.715554 11 -81
5.722689 12 -61
5.9386 4 -76
5.940512 1 -83
5.990703 3 -73
5.99427 6 -84
6.137404 9 -76
6.160825 15 -84
6.186927 14 -84
6.224348 12 -62
6.328084 19 -88
6.375426 10 -76
6.444988 4 -76
6.450347 5 -81
6.49565 6 -83
6.645497 9 -76
6.663948 15 -82
6.724817 12 -61
6.725435 11 -81
6.877327 10 -74
6.950226 1 -84
7.007068 3 -70
7.108228 32 -86
7.145992 9 -75
7.169696 15 -87
7.195618 16 -84
7.235021 12 -61
7.378282 10 -74
7.454691 5 -79
7.5111 3 -71
7.612263 32 -83
7.651705 9 -74
7.721172 2 -82
7.735795 12 -63
7.739862 11 -74
7.780742 7 -81
7.884333 10 -75
7.95686 4 -78
7.960922 5 -75
8.011897 3 -72
8.112545 32 -83
8.160957 9 -70
8.230154 2 -81
8.238522 12 -65
8.240576 11 -77
8.283494 7 -78
8.392338 10 -74
8.463798 4 -76
8.46932 5 -76
8.518615 3 -72
8.622745 32 -83
8.665999 9 -74
8.736511 2 -81
8.743578 11 -74
8.744179 12 -66
8.868737 13 -84
8.895094 10 -74
8.972438 5 -72
9.02164 3 -71
9.101295 21 -83
9.166097 9 -74
9.2226 14 -85
9.24467 2 -77
9.249714 12 -65
9.25247 11 -72
9.291412 7 -83
9.374208 13 -82
9.400993 10 -74
9.473492 4 -78
9.479829 5 -76
9.53025 3 -72
9.609056 21 -83
9.63878 32 -82
9.671321 9 -77
9.752075 12 -67
9.753957 2 -76
9.757944 11 -76
9.910767 10 -76
9.977561 4 -70
9.984534 5 -83
10.025477 6 -83
10.032909 3 -76
10.210131 15 -83
10.254741 12 -63
10.263793 2 -73
10.266714 11 -74
10.302136 7 -82
10.330274 8 -83
10.391832 13 -86
10.416925 18 -86
10.420481 10 -80
10.487439 5 -73
10.532563 6 -76
10.533768 3 -68
10.650757 32 -83
10.659539 26 -84
10.685585 9 -79
10.76168 12 -59
10.769404 20 -83
10.770083 11 -74
10.837119 8 -83
10.929584 10 -74
10.991411 5 -74
11.00535 1 -78
11.042896 3 -71
11.124406 21 -80
11.188399 9 -82
11.265201 12 -68
11.277637 2 -76
11.340637 8 -78
11.497154 4 -78
11.500175 5 -78
11.505602 22 -82
11.510238 1 -83
11.538495 6 -78
11.547203 3 -72
11.771162 12 -60
11.784941 2 -76
11.844553 8 -84
11.927621 18 -85
11.945807 10 -73
12.009488 5 -77
12.040088 6 -82
12.051815 3 -69
12.172993 32 -74
12.195217 9 -84
12.277826 12 -63
12.287268 11 -70
12.288827 2 -77
12.328772 7 -80
12.506818 4 -76
12.51819 5 -76
12.754392 16 -84
12.784368 12 -66
12.789082 2 -74
12.791888 11 -64
12.844483 23 -84
12.937579 18 -82
12.961876 10 -84
13.018745 5 -84
13.028686 1 -75
13.065219 3 -68
13.2383 15 -79
13.288071 12 -66
13.291071 20 -81
13.296782 11 -66
13.510501 4 -72
13.528577 5 -81
13.530553 1 -78
13.569191 3 -65
13.720472 9 -76
13.769579 14 -85
13.792081 12 -73
13.796886 11 -61
13.802376 2 -79
13.843653 7 -83
13.966473 10 -75
14.022731 22 -83
14.039529 1 -75
14.075603 3 -68
14.227711 9 -76
14.294594 12 -52
14.304191 11 -57
14.308826 2 -76
14.516351 4 -77
14.524082 22 -82
14.543257 1 -76
14.57872 3 -76
14.79546 12 -74
14.812106 11 -59
14.814848 2 -73
14.925773 19 -83
15.051075 1 -76
15.085285 3 -69
15.24402 9 -74
15.296753 12 -78
15.307574 20 -86
15.318306 2 -70
15.319655 11 -63
15.485695 10 -72
15.519454 4 -80
15.594902 3 -76
15.753211 9 -80
15.822375 2 -70
15.823482 11 -63
15.883323 8 -78
15.992693 10 -70
16.027307 4 -75
16.180442 21 -83
16.32858 2 -69
16.330299 11 -64
16.392182 8 -76
16.500026 10 -72
16.532108 4 -74
16.66125 24 -84
16.833961 2 -70
16.836963 11 -63
16.896159 8 -78
17.005284 10 -73
17.038802 4 -76
17.110508 3 -78
17.185314 21 -84
17.336688 2 -70
17.338104 11 -62
17.402729 8 -77
17.514204 10 -76
17.543482 4 -75
17.587995 1 -76
17.615486 3 -78
17.674544 24 -85
17.694998 21 -83
17.840923 11 -62
17.842892 2 -70
18.022697 10 -77
18.053592 4 -76
18.092852 1 -76
18.124492 3 -79
18.343742 11 -61
18.344398 2 -70
18.391593 7 -86
18.408668 8 -78
18.532258 10 -75
18.562636 4 -77
18.602531 1 -76
18.843491 12 -82
18.844469 2 -70
18.84531 11 -61
18.910966 8 -78
19.038279 10 -75
19.06994 4 -77
19.103605 1 -76
19.140155 3 -82
19.34694 11 -62
19.353878 2 -70
19.408176 7 -85
19.412136 8 -77
19.456816 19 -86
19.542408 10 -74
19.573704 4 -76
19.607333 1 -76
19.642021 3 -82
19.858527 2 -70
19.860085 20 -85
19.915776 8 -78
20.046903 10 -72
20.0764 4 -78
20.107575 1 -76
20.357227 12 -82
20.357827 11 -62
20.364763 2 -70
20.419234 8 -79
20.554297 10 -72
20.580408 4 -76
20.612562 1 -76
20.647796 3 -81
20.694742 24 -85
20.863972 11 -61
20.868336 20 -84
20.874813 2 -70
20.929406 8 -78
21.060044 10 -72
21.37147 12 -83
21.373292 11 -62
21.379309 2 -70
21.422362 7 -84
21.434359 8 -78
21.483822 19 -85
21.562067 10 -72
21.593764 4 -77
21.618645 1 -77
21.707059 24 -84
21.882276 11 -31
21.888321 2 -70
21.936931 8 -78
22.067905 10 -74
22.102991 4 -76
22.119108 1 -76
22.171885 3 -80
22.439687 8 -78
22.570691 10 -73
22.605626 4 -76
22.621829 1 -78
22.721665 24 -84
22.890271 20 -84
22.892552 11 -62
22.898992 2 -70
23.072012 10 -74
23.115249 4 -76
23.184314 3 -78
23.402726 11 -63
23.407119 2 -70
23.575653 10 -72
23.621088 4 -76
23.634259 1 -79
23.693411 3 -76
23.761551 21 -84
23.904202 11 -64
23.91601 2 -70
23.958697 8 -76
24.082223 10 -84
24.128575 4 -71
24.136218 1 -79
24.197322 3 -73
24.319538 9 -74
24.410348 11 -63
24.418583 2 -72
24.464871 8 -76
24.552586 18 -83
24.586169 10 -70
24.63066 4 -78
24.64196 1 -79
24.702666 3 -76
24.772984 21 -82
24.824274 9 -80
24.918538 11 -63
24.921615 2 -78
25.026018 19 -68
25.062051 18 -83
25.089138 10 -73
25.135187 4 -76
25.203769 3 -77
25.274245 21 -84
25.41154 20 -83
25.422613 12 -75
25.427094 11 -63
25.430749 2 -75
25.526453 19 -84
25.568555 18 -84
25.595831 10 -70
25.652804 1 -69
25.712988 3 -75
25.82714 26 -84
25.920487 20 -82
25.922899 12 -74
25.92912 11 -63
25.932224 2 -79
26.103439 10 -67
26.142693 5 -82
26.158515 1 -70
26.221903 3 -73
26.278873 21 -80
26.347149 9 -75
26.429105 12 -76
26.433394 2 -73
26.434014 11 -68
26.55703 13 -84
26.607903 10 -70
26.664013 1 -80
26.730116 3 -66
26.934239 11 -75
26.943291 2 -76
27.085903 18 -83
27.11307 10 -63
27.154973 4 -76
27.17122 1 -73
27.23189 3 -66
27.338694 26 -83
27.359338 9 -77
27.435139 12 -80
27.448215 2 -73
27.502126 8 -78
27.623058 10 -66
27.736929 3 -72
27.777025 24 -83
27.794619 21 -85
27.94911 2 -78
28.009521 8 -66
28.090796 18 -83
28.12914 10 -67
28.176052 1 -65
28.237848 3 -83
28.370428 9 -66
28.4488 11 -74
28.454918 2 -70
28.516549 8 -77
28.549355 19 -80
28.632811 10 -66
28.682435 1 -69
28.809195 21 -83
28.816926 32 -75
28.871227 9 -69
28.958743 2 -72
29.022875 8 -84
29.137245 10 -71
29.192511 1 -73
29.2475 3 -76
29.371447 9 -63
29.456148 11 -81
29.465009 2 -77
29.531703 8 -75
29.64348 10 -74
29.694286 1 -72
29.753363 3 -78
29.824839 21 -83
29.872827 9 -61
29.935899 14 -84
29.970756 2 -81
30.145655 10 -76
30.199753 1 -75
42.758348 18 -79
42.969977 32 -79
43.010418 15 -83
43.025264 9 -83
43.082007 2 -78
43.163543 8 -83
43.525271 9 -83
43.603655 11 -81
43.845119 1 -76
43.891865 3 -80
44.020248 36 -82
44.021668 15 -86
44.094081 2 -84
44.105375 11 -81
44.27536 18 -78
44.350038 1 -76
44.59992 2 -80
44.635543 7 -83
44.775762 18 -79
44.985965 32 -82
45.108999 11 -86
45.61684 12 -85
45.685582 29 -85
45.787673 18 -78
45.988817 32 -79
46.424781 3 -87
46.497429 32 -78
46.623947 2 -78
46.700014 8 -82
46.704282 19 -81
47.498511 26 -80
47.507239 32 -74
47.548078 28 -84
47.552602 36 -84
47.557903 15 -85
47.870337 1 -79
48.04505 34 -84
48.13986 11 -82
48.30503 18 -82
48.516315 26 -83
48.516896 32 -79
48.584809 9 -82
48.876512 1 -79
49.023433 32 -76
49.053578 34 -82
49.149679 11 -82
49.223009 8 -83
49.316514 18 -84
49.532382 32 -78
49.557582 34 -83
49.573284 36 -77
49.653506 11 -84
49.654493 2 -84
49.892451 1 -82
50.034643 26 -82
50.156722 11 -85
50.241256 29 -80
50.655276 2 -88
50.8971 1 -81
51.093746 36 -86
51.159223 2 -82
51.191065 20 -86
51.2445 29 -83
51.256816 27 -80
51.407267 1 -82
51.556029 32 -83
51.569664 34 -83
51.618353 9 -81
51.672534 11 -87
51.757524 27 -83
51.907669 1 -81
52.058874 32 -82
52.076201 34 -83
52.250186 29 -84
52.339064 18 -87
52.606305 36 -84
52.704297 14 -84
52.75428 29 -82
53.101644 25 -84
53.185599 2 -84
53.344292 18 -84
53.678165 11 -86
53.850247 18 -78
54.355531 18 -81
54.583708 26 -79
54.624391 28 -85
54.703542 2 -84
54.776851 8 -86
55.058753 21 -81
55.081559 32 -73
55.203919 2 -80
55.277287 8 -83
55.588298 26 -82
55.655019 15 -86
55.71046 2 -86
55.735758 14 -79
55.782017 29 -85
55.843735 13 -82
56.083446 33 -83
56.090483 32 -79
56.134478 28 -83
56.288348 27 -84
56.449797 1 -82
56.551747 3 -79
56.594335 32 -79
56.627622 34 -84
56.811789 19 -78
56.849091 13 -85
56.876337 18 -71
56.954136 1 -78
57.05346 3 -88
57.102093 32 -75
57.134983 34 -82
57.385436 18 -73
57.611133 32 -76
57.617832 26 -78
57.687774 15 -79
57.759489 14 -82
57.773689 20 -82
57.811271 29 -82
57.828496 19 -76
57.860215 13 -81
57.891575 18 -72
58.060701 3 -80
58.07169 21 -77
58.154275 36 -82
58.324613 8 -80
58.334332 19 -78
58.362694 13 -78
58.391854 18 -72
58.469226 1 -76
58.6164 17 -83
58.618302 26 -83
58.622987 32 -77
58.697621 15 -76
58.822113 29 -84
58.86731 13 -77
58.894422 18 -72
58.972888 22 -81
59.159729 34 -81
59.16103 36 -80
59.184922 35 -78
59.268018 14 -83
59.286675 20 -83
59.301318 23 -83
59.342648 19 -77
59.371102 13 -77
59.399646 18 -71
59.577985 3 -80
59.626186 17 -84
59.637008 32 -77
59.690513 35 -77
59.712381 15 -76
59.749845 2 -81
59.774248 14 -82
59.823704 27 -83
59.900871 18 -70
60.092451 21 -31
60.136114 17 -80
60.173872 34 -78
60.17557 28 -84
60.213703 15 -75
60.275047 14 -69
60.358226 19 -75
60.381189 13 -73
60.40585 18 -67
60.496375 1 -78
60.593831 3 -83
60.700961 35 -81
60.716482 9 -82
60.723632 15 -73
60.75484 2 -83
60.804545 20 -85
60.836628 29 -85
60.849698 38 -81
60.907533 18 -69
60.954912 4 -87
61.004986 1 -81
61.107332 21 -73
61.141344 33 -83
61.188686 34 -83
61.19023 28 -76
61.226315 9 -77
61.22825 15 -72
61.276247 14 -74
61.307542 20 -78
61.308554 16 -78
61.321001 23 -83
61.342553 29 -84
61.363459 19 -66
61.382242 13 -68
61.458035 4 -79
61.588251 24 -87
61.737446 15 -78
61.812949 20 -71
61.823114 23 -80
61.84802 29 -86
61.869692 19 -72
61.890551 13 -78
61.916576 18 -74
62.120748 21 -72
62.167162 32 -78
62.242675 15 -78
62.278637 14 -76
62.318213 16 -86
62.322018 20 -78
62.3697 19 -70
62.418168 18 -79
62.516811 1 -81
62.602399 24 -80
62.615268 3 -82
62.626281 21 -76
62.654291 17 -80
62.675531 32 -74
62.721493 35 -78
62.73854 9 -73
62.829996 23 -83
62.83179 20 -70
62.843613 27 -82
62.873766 19 -69
62.898257 13 -76
62.924764 18 -79
63.016224 22 -78
63.10308 24 -82
63.126688 21 -73
63.202507 34 -78
63.230715 35 -78
63.248159 9 -71
63.254077 15 -84
63.282538 2 -83
63.289588 11 -79
63.295217 14 -64
63.33915 20 -83
63.4051 13 -76
63.63625 21 -78
63.684768 26 -82
63.708892 34 -80
63.735909 35 -79
63.764067 15 -76
63.784105 2 -85
63.799342 14 -60
63.830872 16 -74
63.839858 20 -70
63.856321 27 -84
63.881715 19 -82
63.941405 18 -76
64.029704 1 -81
64.06071 6 -85
64.146269 21 -78
64.189498 32 -80
64.217993 34 -79
64.244338 35 -79
64.261415 9 -70
64.271523 15 -76
64.303497 14 -60
64.334481 16 -73
64.340016 20 -70
64.386422 19 -79
64.415705 13 -70
64.44321 18 -78
64.46681 25 -83
64.534008 22 -87
64.647896 21 -79
64.682773 17 -82
64.723828 34 -83
64.754353 35 -79
64.779041 15 -74
64.80698 14 -60
64.839128 16 -74
64.844905 20 -72
64.886826 19 -76
64.925265 13 -70
64.944497 18 -78
64.971306 25 -82
65.149768 21 -80
65.192273 17 -83
65.224506 34 -81
65.267897 9 -70
65.283323 15 -75
65.30275 2 -82
65.304221 11 -84
65.313943 14 -61
65.348207 20 -74
65.388634 19 -76
65.550288 1 -78
65.704929 32 -82
65.728053 34 -78
65.762879 35 -79
65.768605 9 -71
65.790169 15 -74
65.807368 2 -82
65.809787 11 -82
65.821424 14 -63
65.857179 16 -77
65.89025 38 -46
65.938373 13 -75
65.951159 18 -84
66.054722 22 -83
66.055298 1 -78
66.212993 32 -79
66.29198 15 -72
66.317214 11 -81
66.329181 14 -64
66.351209 20 -80
66.406593 19 -83
66.442134 13 -76
66.451835 18 -79
66.558629 1 -76
66.562542 22 -81
66.666704 21 -78
66.703503 17 -81
66.736947 34 -80
66.770887 35 -78
66.781404 9 -71
66.799528 15 -72
66.83242 14 -64
66.851794 20 -75
66.888925 27 -84
66.943759 13 -76
66.952969 18 -80
67.061289 1 -76
67.168941 21 -76
67.205894 17 -81
67.240494 34 -80
67.277088 35 -78
67.283973 9 -71
67.309731 15 -74
67.340939 14 -64
67.352472 20 -75
67.367447 23 -86
67.393662 27 -84
67.444866 13 -75
67.56575 1 -78
67.576992 22 -81
67.670294 21 -78
67.710359 17 -81
67.720704 32 -80
67.742271 34 -79
67.786696 9 -70
67.818652 15 -74
67.83385 11 -81
67.843416 14 -64
67.855987 20 -82
67.873375 23 -85
67.902915 27 -84
67.91931 19 -82
67.953815 13 -75
68.075215 1 -78
68.080174 22 -81
68.248992 34 -79
68.287994 35 -78
68.293904 9 -71
68.328794 15 -74
68.342406 11 -81
68.343879 14 -64
68.381806 23 -85
68.383127 16 -78
68.410429 27 -84
68.428564 19 -79
68.460781 13 -75
68.505006 25 -82
68.584497 1 -79
68.724387 17 -82
68.749029 34 -79
68.794042 35 -78
68.80218 9 -71
68.834161 2 -83
68.835304 15 -74
68.846447 14 -63
68.852488 11 -81
68.88576 16 -76
68.935407 19 -79
68.968418 13 -75
68.975052 18 -81
69.085988 22 -84
69.091612 1 -79
69.186527 21 -80
69.225068 17 -81
69.232809 32 -81
69.250715 34 -79
69.296002 35 -78
69.303315 9 -71
69.340611 2 -81
69.344164 15 -76
69.346574 14 -63
69.36016 11 -82
69.393733 16 -77
69.422558 27 -86
69.469829 13 -74
69.475576 18 -82
69.515219 25 -79
69.592222 22 -84
69.601627 1 -79
69.752827 34 -81
69.799517 35 -77
69.808448 9 -70
69.846097 15 -77
69.854391 14 -64
69.894443 16 -78
69.940183 19 -79
69.979084 13 -73
70.107125 1 -76
70.217608 33 -86
70.230398 17 -81
70.25098 32 -80
70.3005 35 -79
70.317609 9 -70
70.347572 15 -75
70.350823 2 -83
70.358028 14 -60
70.401928 16 -75
70.441197 19 -76
70.482695 18 -79
70.484249 13 -71
70.619624 6 -86
70.726648 33 -83
70.756533 34 -84
70.758063 26 -80
70.808715 35 -80
70.819385 9 -70
70.85454 15 -75
70.861114 14 -59
70.898867 20 -72
70.988834 13 -70
70.992038 18 -77
71.268139 26 -81
71.325556 9 -72
71.361234 15 -76
71.368657 14 -60
71.400369 20 -74
71.420406 16 -75
71.442894 29 -85
71.495159 13 -70
71.625053 1 -77
71.746418 17 -81
71.769707 32 -82
71.817058 35 -80
71.835388 9 -70
71.866066 15 -75
71.909957 20 -73
71.921574 16 -75
71.99767 13 -70
72.006055 18 -77
72.074765 4 -84
72.127958 1 -76
72.250655 33 -82
72.273278 26 -78
72.317278 35 -79
72.340918 9 -70
72.373091 14 -64
72.410146 20 -70
72.424847 16 -75
72.4686 19 -81
72.502408 13 -70
72.507738 18 -78
72.636782 1 -83
72.709453 21 -74
72.755666 33 -83
72.774231 26 -78
72.847851 9 -72
72.875538 14 -63
72.882382 15 -73
72.917109 20 -74
72.930196 16 -76
72.956121 29 -82
72.967039 27 -84
72.978495 19 -77
73.005681 13 -58
73.015738 18 -82
73.049377 25 -84
73.139961 1 -74
73.215933 21 -81
73.282545 32 -78
73.285772 34 -79
73.315352 36 -81
73.351489 9 -74
73.376153 14 -66
73.382392 15 -70
73.425446 20 -30
73.431181 16 -75
73.479235 19 -77
73.514386 13 -79
73.517116 18 -73
73.592289 10 -86
73.633574 22 -75
73.723999 21 -75
73.759886 17 -78
73.791005 32 -85
73.818424 28 -81
73.819019 36 -81
73.855554 9 -78
73.881071 14 -65
73.888811 15 -72
73.901572 12 -78
73.931647 20 -76
73.940923 16 -75
73.964543 38 -79
73.980341 19 -78
74.019196 18 -78
74.134314 22 -76
74.136353 5 -83
74.22587 21 -71
74.267129 17 -79
74.323754 36 -78
74.334147 35 -78
74.389712 14 -64
74.391659 15 -69
74.441448 20 -74
74.44264 16 -72
74.465712 38 -77
74.483143 29 -77
74.488313 19 -80
74.529119 18 -79
74.638494 5 -82
74.641371 22 -69
74.735323 3 -80
74.769549 17 -78
74.823851 36 -78
74.891243 14 -74
74.894874 15 -72
74.948381 20 -71
74.952597 16 -75
74.969626 38 -82
74.983093 31 -82
74.989311 29 -83
75.066263 25 -83
75.087491 4 -84
75.14382 22 -78
75.237181 21 -70
75.301332 34 -81
75.34246 35 -84
75.399309 15 -73
75.427667 12 -81
75.45529 16 -83
75.492917 29 -82
75.49669 19 -73
75.645141 22 -76
75.658296 1 -85
75.719216 24 -78
75.74247 21 -66
75.847196 35 -78
75.903134 15 -58
75.9559 20 -84
75.959051 16 -76
75.986123 38 -81
76.005791 19 -76
76.037435 13 -86
76.088367 4 -83
76.1444 5 -84
76.252062 21 -86
76.413276 15 -60
76.424099 37 -80
76.425008 2 -83
76.469632 23 -81
76.494065 38 -77
76.55111 18 -83
76.582865 25 -78
76.654293 5 -82
76.79028 17 -75
76.821593 32 -86
76.856211 35 -81
76.91833 14 -83
76.922685 15 -76
76.941646 12 -79
76.965586 20 -79
76.96923 16 -62
77.00033 38 -79
77.00288 29 -80
77.054013 18 -79
77.156578 22 -70
77.159181 5 -77
77.254233 3 -88
77.266943 21 -72
77.425628 14 -78
77.427029 15 -69
77.47174 16 -66
77.510226 38 -81
77.55641 13 -81
77.66593 5 -78
77.740646 24 -81
77.755488 3 -84
77.776139 21 -70
77.7986 17 -80
77.843418 34 -84
77.854614 36 -78
77.921573 11 -80
77.927467 15 -65
77.975105 16 -67
77.988117 23 -83
78.016643 38 -79
78.091684 25 -76
78.241449 24 -79
78.276942 21 -72
78.30508 17 -76
78.340504 32 -82
78.356237 36 -83
78.428697 15 -66
78.440255 14 -84
78.482102 16 -69
78.490139 23 -82
78.519464 29 -86
78.520863 38 -78
78.600483 25 -74
78.669388 22 -82
78.674577 5 -76
78.749972 24 -80
78.78568 21 -75
78.806647 17 -76
78.853044 34 -79
78.883269 28 -88
78.938534 15 -66
79.023496 38 -78
79.03559 31 -83
79.252423 24 -84
79.312729 17 -77
79.352846 32 -82
79.440467 15 -68
79.442329 11 -82
79.454236 37 -80
79.455523 14 -81
79.491066 20 -83
79.496308 16 -68
79.49934 23 -84
79.536053 31 -83
79.614816 25 -80
79.671265 22 -78
79.681515 5 -80
79.802239 21 -75
79.855538 32 -84
79.856751 34 -80
79.944994 15 -67
79.960899 14 -76
80.001717 16 -67
80.043076 31 -84
80.174111 22 -76
80.253052 24 -86
80.323064 17 -80
80.446927 15 -68
80.454345 11 -83
80.467893 37 -81
80.469448 14 -76
80.508418 23 -86
80.511491 16 -65
80.541821 29 -84
80.683274 22 -78
80.69535 5 -79
80.760874 24 -86
80.808362 21 -75
80.854526 26 -85
80.865187 34 -79
80.95478 15 -68
80.960368 11 -84
80.972444 14 -75
81.020257 16 -64
81.189599 22 -76
81.312766 21 -75
81.337763 17 -82
81.463975 15 -67
81.473853 14 -74
81.480838 12 -83
81.521844 27 -83
81.559548 38 -81
81.637072 25 -76
81.691285 22 -76
81.704729 5 -78
81.821412 21 -76
81.969479 15 -67
81.981151 14 -73
81.982711 12 -82
82.025247 16 -64
82.146757 25 -72
82.197519 22 -74
82.211479 5 -78
82.331249 21 -76
82.353102 17 -82
82.384036 34 -80
82.47544 15 -67
82.482844 12 -82
82.484146 14 -73
82.566096 38 -81
82.65171 25 -74
82.704515 22 -76
82.714993 5 -78
82.810548 3 -86
82.832754 21 -75
82.858666 17 -83
82.868619 26 -85
82.894205 34 -80
82.977006 15 -67
82.984797 11 -72
82.990423 12 -83
82.996008 37 -83
83.029108 16 -64
83.072544 38 -82
83.157702 25 -79
83.205225 22 -78
83.359164 17 -84
83.459204 33 -84
83.486538 15 -66
83.492713 11 -83
83.50038 37 -83
83.532137 16 -64
83.577588 38 -80
83.715211 22 -75
83.72721 5 -76
83.817727 3 -85
83.847268 21 -74
83.868207 17 -84
83.988165 15 -66
83.990631 14 -72
83.997891 12 -79
84.00231 37 -83
84.035045 16 -64
84.171882 25 -82
84.220956 22 -73
84.355487 21 -73
84.404235 34 -82
84.445814 8 -85
84.463429 33 -81
84.49254 15 -66
84.495488 14 -72
84.5019 12 -78
84.539081 16 -64
84.549288 20 -85
84.722704 22 -72
84.737261 5 -76
84.861753 21 -73
84.910314 34 -82
84.997494 15 -65
84.99949 14 -73
85.044613 16 -64
85.049318 23 -84
85.225153 22 -72
85.241051 5 -78
85.368202 21 -75
85.381726 17 -79
85.405238 26 -84
85.416769 32 -84
85.500288 14 -73
85.502692 15 -64
85.521148 12 -79
85.546238 16 -64
85.587662 38 -83
85.735201 22 -74
85.74777 5 -78
85.833093 3 -82
85.873796 21 -78
85.889792 17 -81
85.906801 26 -85
85.919889 32 -82
86.003373 15 -64
86.005359 14 -77
86.020072 37 -78
86.023692 12 -82
86.049908 16 -63
86.094995 38 -79
86.151202 18 -83
86.152609 13 -83
86.209632 4 -81
86.238749 22 -74
86.249118 5 -76
86.33862 3 -85
86.426334 32 -78
86.455803 28 -83
86.460842 36 -81
86.511867 15 -70
86.521423 37 -84
86.557545 16 -65
86.600801 38 -78
86.703701 25 -83
86.715563 4 -84
86.73955 22 -70
86.828763 24 -82
86.848725 3 -85
86.885565 21 -80
86.902354 17 -82
86.934276 32 -76
86.938238 35 -84
86.940034 34 -80
86.953289 30 -76
86.960878 36 -82
87.017828 15 -70
87.063382 16 -68
87.067261 20 -72
87.10139 38 -78
87.118112 29 -82
87.166724 13 -84
87.205511 25 -82
87.259046 5 -76
87.357334 3 -79
87.394424 21 -70
87.417531 26 -84
87.436663 32 -79
87.448193 35 -82
87.519442 14 -80
87.525987 15 -80
87.563786 16 -66
87.571845 20 -83
87.706956 25 -80
87.752536 22 -66
87.860268 3 -74
87.90426 21 -73
87.916869 17 -79
87.944116 32 -79
87.96763 28 -85
88.017749 11 -78
88.024634 14 -81
88.025997 15 -73
88.065384 23 -76
88.071942 16 -64
88.141416 31 -85
88.14308 19 -80
88.257151 22 -79
88.339899 24 -76
88.36671 3 -79
88.40424 21 -75
88.425119 17 -70
88.475054 36 -65
88.533789 15 -76
88.550231 37 -76
88.578725 16 -70
88.713446 25 -77
88.764941 22 -75
88.909834 21 -76
88.95227 35 -84
88.981529 36 -83
89.039079 15 -76
89.074555 23 -80
89.077478 20 -83
89.079893 16 -73
89.117354 38 -87
89.214616 25 -77
89.23661 4 -59
89.266353 22 -72
89.418632 21 -45
89.433897 17 -79
89.539388 14 -83
89.576485 23 -79
89.578923 27 -84
89.638673 29 -82
89.658397 31 -81
89.719203 25 -79
89.819001 6 -81
89.970968 32 -81
89.984559 28 -84
90.040747 15 -75
90.042353 14 -80
90.055687 37 -81
90.079087 23 -70
90.088841 20 -84
90.090773 16 -73
90.127625 38 -75
90.142401 29 -78
90.192832 13 -86
90.228277 25 -79
90.275066 22 -79
90.356782 24 -74
90.455072 26 -82
90.471162 37 -81
90.472612 34 -87
90.507301 36 -82
90.586509 23 -84
90.590811 16 -79
90.635049 38 -78
90.666311 31 -80
90.78493 22 -82
90.857096 24 -68
90.947965 17 -74
91.090026 23 -72
91.101853 20 -83
91.120371 7 -81
91.144121 38 -82
91.175228 19 -76
91.23437 25 -79
91.358418 24 -77
91.439881 21 -80
91.455421 17 -75
91.486704 32 -83
91.582405 12 -85
91.591133 23 -69
91.605795 20 -85
91.644465 38 -77
91.740911 25 -75
91.860685 24 -80
91.90763 3 -84
91.959063 17 -72
91.987504 32 -85
91.99511 37 -80
92.020805 36 -81
92.029478 33 -82
92.071433 2 -84
92.073535 11 -84
92.092457 12 -84
92.093032 23 -69
92.152652 38 -77
92.183818 19 -81
92.307017 22 -81
92.422199 27 -85
92.452961 21 -81
92.459653 17 -73
92.596671 23 -67
92.605492 16 -84
92.660809 38 -76
92.687884 19 -82
92.755488 25 -68
92.810413 22 -82
92.87526 24 -75
92.968756 17 -59
92.985978 35 -87
92.994458 11 -85
93.000976 32 -80
93.104777 12 -86
93.106536 23 -67
93.140355 7 -81
93.262272 25 -71
93.381373 24 -72
93.38345 30 -85
93.465951 21 -83
93.47725 17 -72
93.510595 32 -80
93.534615 36 -82
93.608863 23 -68
93.61271 16 -79
93.668699 38 -81
93.762588 25 -68
93.850754 37 -86
93.882817 24 -74
93.915549 3 -83
93.940682 27 -80
93.966388 21 -80
93.98611 17 -75
94.016431 32 -80
94.04408 36 -82
94.101043 2 -86
94.116255 23 -69
94.176306 38 -80
94.272149 25 -75
94.392194 24 -72
94.419887 3 -83
94.469693 21 -80
94.489721 17 -75
94.618124 23 -70
94.626977 16 -78
94.648522 7 -83
94.676345 38 -80
94.689499 29 -87
94.710527 19 -84
94.898125 30 -78
94.902244 24 -72
95.022945 32 -81
95.04998 36 -84
95.052804 33 -82
95.101761 15 -88
95.122282 23 -70
95.185876 38 -79
95.216768 31 -84
95.405061 24 -72
95.453978 27 -76
95.482377 21 -79
95.503687 17 -76
95.625035 12 -85
95.630437 23 -70
95.641305 16 -79
95.688051 38 -78
95.764428 31 -81
95.906352 24 -71
95.985805 21 -81
96.010344 26 -85
96.011295 17 -76
96.067222 33 -84
96.117746 2 -84
96.136671 23 -70
96.148423 16 -76
96.168896 7 -86
96.193511 29 -85
96.306979 25 -80
96.41045 24 -70
96.486303 21 -83
96.537217 32 -81
96.655877 16 -76
96.701877 29 -84
96.732956 19 -84
96.872254 37 -78
96.916471 24 -70
97.014367 17 -74
97.021701 35 -85
97.145444 23 -70
97.165468 16 -77
97.240989 19 -83
97.324067 1 -84
97.420478 24 -71
97.493402 21 -82
97.521671 17 -74
97.526414 26 -88
97.553343 32 -78
97.573475 36 -83
97.651921 23 -69
97.666757 16 -76
97.788068 31 -84
97.827151 25 -78
97.858817 26 -84
97.921068 24 -70
98.025649 35 -85
98.026258 17 -71
98.1342 15 -85
98.161236 23 -68
98.186224 7 -82
98.221575 29 -83
98.392724 37 -73
98.42892 24 -70
98.482156 27 -79
98.502302 21 -84
98.535759 17 -72
98.56065 32 -80
98.581084 36 -84
98.590846 33 -76
98.669727 23 -67
98.674028 30 -83
98.676569 16 -76
98.692609 7 -81
98.717978 38 -82
98.724264 29 -85
98.750471 19 -83
98.839805 25 -79
98.84819 1 -84
98.897768 37 -80
98.938023 24 -71
99.003228 21 -82
99.04294 17 -72
99.081608 36 -82
99.091402 33 -82
99.171108 23 -68
99.224944 38 -78
99.234248 29 -89
99.259908 19 -81
99.346834 25 -78
99.375454 22 -82
99.403817 37 -76
99.448163 24 -79
99.49642 27 -76
99.546124 17 -72
99.586222 36 -81
99.625523 16 -78
99.650635 12 -84
99.658621 14 -83
99.707147 7 -80
99.711066 38 -81
99.714693 3 -84
99.754123 29 -82
99.809265 31 -80
99.853313 25 -78
99.854242 1 -84
99.909746 37 -83
99.919671 6 -78
99.948173 24 -76
99.996885 27 -76
100.014081 21 -87
100.015006 22 -82
100.055289 17 -73
100.064569 14 -80
100.0895 28 -85
100.102279 33 -72
100.111443 23 -84
100.115576 6 -86
100.165205 24 -70
100.189204 20 -84
100.221022 38 -82
100.233353 34 -82
100.257087 29 -82
100.313176 31 -78
100.323962 32 -87
100.359091 25 -71
100.368886 17 -76
100.415093 37 -80
100.55786 15 -83
100.569365 14 -83
100.674064 24 -70
100.705037 30 -81
100.801348 4 -83
100.805001 21 -83
100.808243 19 -86
100.859284 25 -70
100.877167 17 -76
100.995821 32 -83
101.074252 14 -83
101.113615 33 -73
101.115914 23 -83
101.134051 6 -83
101.175416 24 -70
101.205994 7 -82
101.238984 38 -78
101.310504 21 -83
101.498483 32 -83
101.531416 22 -82
101.624832 23 -89
101.679301 24 -76
101.714331 7 -76
101.741655 3 -85
101.829578 31 -82
101.942094 37 -72
102.001419 32 -82
102.009089 27 -76
102.038413 22 -82
102.071746 15 -83
102.12907 33 -72
102.184682 24 -79
102.22038 7 -72
102.253002 34 -78
102.3797 25 -78
102.443109 37 -66
102.559042 3 -82
102.635119 33 -72
102.646275 6 -76
102.65204 20 -81
102.688933 24 -71
102.727165 30 -79
102.84152 31 -84
102.886607 25 -78
102.946748 37 -63
102.980507 36 -84
103.145044 33 -73
103.223994 7 -76
103.235993 30 -80
103.267359 34 -61
103.282231 29 -70
103.347323 31 -78
103.388906 25 -82
103.401316 15 -83
103.415676 26 -75
103.455514 37 -59
103.516189 27 -76
103.65213 33 -73
103.662186 6 -70
103.730439 7 -74
103.742624 30 -81
103.893524 25 -83
103.905996 15 -82
103.963639 37 -60
103.977704 28 -83
104.020469 27 -76
104.142769 2 -83
104.161201 33 -72
104.167899 6 -76
104.169142 16 -87
104.203853 24 -60
104.231483 7 -73
104.471826 37 -64
104.523986 27 -77
104.527179 32 -84
104.577948 3 -83
104.599031 12 -85
104.663039 33 -72
104.672146 6 -82
104.720295 13 -83
104.738692 7 -79
104.757563 30 -77
104.975405 37 -66
105.032592 2 -83
105.033269 27 -71
105.169698 33 -72
105.262398 38 -82
105.266117 30 -71
105.307242 29 -78
105.479105 37 -64
105.5341 27 -70
105.628706 14 -84
105.677456 33 -73
105.731816 13 -79
105.76759 30 -71
105.902139 35 -87
105.939265 26 -82
105.980364 37 -66
106.044971 2 -84
106.181125 33 -73
106.185103 6 -82
106.241863 13 -79
106.257136 31 -82
106.277333 30 -76
106.306216 34 -75
106.536098 27 -78
106.589773 3 -82
106.684166 16 -80
106.689189 33 -73
106.692311 6 -79
106.779997 30 -76
106.781618 38 -78
106.823034 29 -73
106.859003 2 -84
106.915151 35 -83
106.98813 37 -64
107.012313 28 -77
107.037997 27 -79
107.04404 16 -84
107.096643 3 -86
107.196458 33 -73
107.268497 31 -78
107.2891 30 -70
107.290019 38 -72
107.316056 34 -77
107.325052 29 -76
107.365482 2 -84
107.49827 37 -64
107.544198 27 -79
107.705681 33 -72
107.754918 13 -84
107.773904 31 -77
107.797439 30 -69
107.799915 38 -76
107.869246 2 -85
108.000628 37 -65
108.045499 36 -80
108.046097 27 -76
108.214049 33 -73
108.256513 13 -84
108.320373 34 -82
108.334644 29 -78
108.401404 15 -79
108.503809 37 -66
108.554081 16 -82
108.554283 27 -81
108.607274 3 -82
108.663494 14 -84
108.710767 6 -85
108.716925 33 -76
108.770093 29 -83
108.811067 30 -77
108.817355 16 -84
108.903367 15 -81
109.011721 37 -65
109.059661 27 -74
109.066394 32 -78
109.086803 35 -84
109.114942 7 -84
109.151833 26 -80
109.218295 21 -84
109.225354 33 -77
109.263883 13 -81
109.271502 29 -83
109.38194 2 -86
109.505715 14 -80
109.519968 37 -64
109.562811 27 -75
109.568262 32 -77
109.731495 33 -75
109.731924 38 -78
109.778952 29 -83
109.80922 18 -84
110.01576 14 -80
110.02608 37 -65
110.070477 27 -70
110.075898 32 -77
110.239711 33 -77
110.266655 14 -79
110.268354 13 -83
110.279812 29 -78
110.29474 31 -76
110.330135 16 -84
110.349429 6 -83
110.419144 15 -85
110.530421 37 -65
110.579731 27 -70
110.630208 3 -84
110.773122 13 -82
110.795111 31 -76
110.83234 16 -86
110.924866 1 -79
111.035281 37 -66
111.088618 27 -73
111.091963 32 -77
111.135996 29 -79
111.246652 33 -74
111.271487 14 -80
111.273244 6 -85
111.297618 31 -78
111.334272 30 -78
111.432591 1 -84
111.539562 37 -67
111.593305 38 -82
111.59548 32 -80
111.61738 35 -81
111.644942 29 -78
111.682594 26 -82
111.740057 28 -80
111.754563 33 -67
111.772163 14 -79
111.781713 13 -79
111.834738 30 -76
112.040881 37 -65
112.103445 38 -79
112.149249 29 -77
112.183973 26 -77
112.255332 33 -63
112.274609 14 -63
112.281996 13 -84
112.28653 6 -82
112.311696 31 -77
112.314642 36 -83
112.339507 30 -72
112.366294 34 -76
112.543423 37 -64
112.606505 38 -76
112.629019 35 -84
112.658958 29 -78
112.755583 33 -69
112.77968 14 -79
112.820171 36 -81
112.821771 31 -80
112.870206 34 -78
113.053012 37 -66
113.106285 27 -84
113.112312 38 -83
113.11265 32 -83
113.261388 33 -63
113.326933 31 -75
113.375157 34 -80
113.431697 4 -88
113.558727 37 -67
113.611144 27 -70
113.616441 32 -85
113.672029 29 -77
113.761015 28 -83
113.767651 33 -65
113.795527 14 -82
113.820056 19 -85
113.830875 31 -76
113.847803 30 -80
114.06673 37 -67
114.121483 32 -83
114.145455 35 -85
114.178594 29 -68
114.215643 26 -83
114.266575 28 -75
114.272144 33 -65
114.331093 31 -76
114.4614 15 -81
114.571865 37 -70
114.622622 38 -77
114.627423 27 -76
114.631713 32 -81
114.658284 3 -80
114.679088 29 -75
114.718853 26 -78
114.7689 28 -78
114.840375 31 -70
114.843049 36 -84
114.862834 30 -85
115.078129 37 -68
115.135352 32 -76
115.162041 3 -80
115.185622 29 -76
115.223956 26 -72
115.277053 28 -75
115.30866 6 -74
115.378034 16 -82
115.632411 27 -76
115.669461 3 -79
115.693348 29 -70
115.779256 28 -76
115.784737 33 -65
115.792913 21 -84
115.851126 31 -80
115.868498 30 -85
115.912329 34 -80
115.940723 2 -84
115.998144 5 -87
116.080311 37 -81
116.134951 27 -74
116.141965 38 -76
116.174225 3 -79
116.194695 29 -72
116.283535 28 -76
116.290939 33 -65
116.317369 6 -79
116.416181 34 -76
116.4584 4 -81
116.481582 15 -76
116.639657 27 -66
116.646917 38 -71
116.66886 35 -76
116.675266 3 -84
116.698606 29 -70
116.73673 26 -81
116.795188 33 -64
116.803125 21 -84
116.836539 13 -81
116.858796 31 -83
116.876815 30 -79
116.983393 15 -73
117.147383 38 -71
117.173841 35 -83
117.18 3 -84
117.246532 26 -78
117.285835 28 -81
117.305387 33 -64
117.322569 6 -84
117.327084 14 -87
117.356087 19 -84
117.364385 31 -78
117.371822 36 -77
117.386955 30 -76
117.430813 34 -80
117.475174 4 -84
117.492864 15 -77
117.644908 32 -79
117.657553 38 -76
117.682598 3 -81
117.709662 29 -72
117.746629 26 -84
117.793134 28 -75
117.808537 33 -64
117.816786 21 -85
117.894013 30 -80
117.899045 18 -86
117.935977 34 -70
118.001022 15 -78
118.152465 27 -66
118.188562 35 -81
118.214427 29 -72
118.248955 26 -71
118.294879 28 -73
118.311626 33 -64
118.317558 21 -85
118.37712 31 -83
118.385443 36 -81
118.401733 16 -79
118.437723 34 -76
118.487126 4 -83
118.501062 15 -78
118.55336 11 -85
118.651726 32 -82
118.656958 27 -62
118.668557 38 -76
118.689575 35 -84
118.699817 3 -77
118.72377 29 -70
118.751463 26 -76
118.796228 28 -68
118.818225 33 -64
118.834579 6 -84
118.862448 13 -84
118.938554 34 -73
119.155761 32 -77
119.160291 27 -62
119.177659 38 -74
119.230793 29 -64
119.254551 26 -72
119.305816 28 -66
119.319788 33 -64
119.324078 21 -84
119.338461 6 -87
119.386979 36 -84
119.447197 34 -70
119.506118 15 -75
119.669972 27 -64
119.682672 38 -65
119.705211 35 -75
119.709285 3 -77
119.730951 29 -67
119.762248 26 -79
119.826783 33 -60
119.857015 14 -81
119.89498 36 -75
119.91591 18 -87
119.949126 34 -67
120.013849 15 -75
120.161451 32 -81
120.175899 27 -63
120.190707 38 -67
120.236143 29 -64
120.268723 26 -82
120.314518 28 -74
120.33207 33 -61
120.363336 14 -77
120.670582 32 -80
120.67737 27 -63
120.694133 38 -59
120.710758 3 -84
120.736972 29 -64
120.773246 26 -77
120.81743 28 -72
120.838912 33 -61
120.839732 21 -80
120.856575 6 -83
120.870598 13 -87
120.901094 36 -72
120.926325 18 -84
120.957623 34 -68
120.992732 2 -83
121.023971 15 -75
121.171017 32 -78
121.177561 27 -64
121.200459 38 -59
121.23184 35 -76
121.239082 29 -68
121.273924 26 -64
121.325186 28 -70
121.34844 33 -61
121.349629 21 -80
121.358168 6 -86
121.409614 36 -77
121.420879 31 -80
121.433121 16 -85
121.441832 30 -84
121.46706 34 -67
121.629103 37 -77
121.685075 27 -64
121.705258 38 -62
121.734775 35 -71
121.740826 29 -67
121.777714 26 -75
121.830228 28 -72
121.856686 33 -62
121.886024 13 -83
121.916638 36 -84
121.939182 18 -88
122.044144 1 -82
122.187706 27 -64
122.214218 3 -79
122.214727 38 -64
122.236643 35 -79
122.250474 29 -30
122.331882 28 -75
122.357304 33 -62
122.378553 14 -85
122.387436 13 -85
122.424211 36 -81
122.427815 31 -82
122.693145 27 -64
122.716811 38 -66
122.743973 35 -77
122.752584 29 -57
122.794388 26 -74
122.838998 28 -75
122.86671 33 -62
122.926841 36 -70
122.950204 16 -78
122.954236 18 -85
122.982918 34 -70
123.193335 27 -64
123.196518 32 -76
123.226585 38 -67
123.24816 35 -71
123.256007 29 -58
123.301809 26 -72
123.343031 28 -67
123.370104 33 -62
123.43356 36 -69
123.456742 16 -79
123.46303 18 -81
123.483688 34 -70
123.6994 32 -83
123.701764 27 -64
123.733947 38 -72
123.752591 35 -71
123.76123 29 -64
123.851521 28 -68
123.878381 33 -62
123.933657 36 -70
123.962518 16 -78
123.990165 34 -70
124.205663 32 -78
124.242653 38 -75
124.266453 29 -64
124.315676 26 -84
124.38739 33 -62
124.469362 16 -71
124.478687 30 -81
124.576836 15 -76
124.707379 32 -75
124.712459 27 -66
124.771737 35 -71
124.773171 29 -61
124.815744 26 -76
124.865753 28 -69
124.906029 13 -86
124.939588 36 -73
124.992162 34 -69
125.079085 1 -83
125.080478 15 -76
125.16764 37 -84
125.222445 27 -65
125.254969 38 -74
125.277417 29 -62
125.32585 26 -73
125.366125 28 -64
125.444384 36 -69
125.494671 34 -70
125.581836 1 -82
125.58827 15 -75
125.716792 32 -76
125.725473 27 -69
125.757754 38 -31
125.781054 29 -59
125.783803 35 -70
125.906417 14 -76
125.961875 31 -82
125.974207 16 -82
126.002581 34 -70
126.098015 15 -78
126.185813 37 -84
126.220064 32 -76
126.229753 27 -68
126.263775 38 -72
126.287192 29 -75
126.287714 35 -74
126.375139 28 -84
126.454527 36 -75
126.493535 17 -84
126.597196 1 -79
126.724557 32 -76
126.733635 27 -70
126.790559 35 -71
126.795528 29 -61
126.878685 28 -71
126.936425 13 -82
126.958713 36 -72
126.974152 31 -85
127.012025 34 -78
127.106234 1 -81
127.229172 32 -75
127.243438 27 -66
127.291969 35 -73
127.301025 29 -58
127.379912 28 -71
127.428465 14 -85
127.437134 13 -79
127.460671 36 -70
127.49422 16 -81
127.520668 34 -68
127.6128 1 -81
127.729393 32 -78
127.782416 38 -73
127.801374 35 -72
127.802129 29 -59
127.861463 26 -80
127.934817 14 -82
127.965712 36 -70
128.00204 16 -84
128.023025 34 -74
128.113019 1 -75
128.211417 37 -78
128.233122 32 -75
128.254682 27 -68
128.284438 38 -73
128.305591 35 -74
128.309274 29 -62
128.441322 14 -83
128.468586 36 -75
128.525556 17 -83
128.532155 34 -69
128.577173 4 -83
128.617601 1 -75
128.716277 37 -79
128.737371 32 -67
128.75475 27 -66
128.786125 38 -74
128.806513 35 -75
128.809309 29 -64
128.865656 26 -79
128.896134 28 -72
128.977929 36 -74
129.012279 16 -80
129.015326 18 -84
129.040737 34 -60
129.124748 1 -76
129.147757 15 -79
129.243267 32 -68
129.26083 27 -72
129.293488 38 -76
129.309509 35 -76
129.318042 29 -60
129.367341 26 -70
129.399252 28 -69
129.460694 13 -84
129.486205 36 -70
129.544681 34 -61
129.625729 1 -75
129.728317 37 -79
129.752308 32 -70
129.764651 27 -72
129.796518 38 -76
129.814123 35 -75
129.821281 29 -60
129.876899 26 -85
129.903408 28 -68
129.991917 36 -72
130.004095 19 -85
130.022427 16 -79
130.040028 30 -86
130.0543 34 -66
130.126741 1 -75
130.255457 32 -69
130.267466 27 -76
130.305529 38 -80
130.325405 29 -66
130.377942 26 -75
130.406771 28 -68
130.494912 36 -70
130.530583 16 -80
130.543424 30 -83
130.55568 34 -72
130.632331 1 -75
130.673774 12 -87
130.772355 27 -79
130.811245 38 -82
130.830842 29 -59
130.879352 26 -68
130.914253 28 -66
130.995895 36 -68
131.01667 31 -83
131.035839 16 -79
131.062615 34 -75
131.08552 2 -84
131.132702 1 -74
131.161287 15 -78
131.267159 32 -70
131.281181 27 -73
131.31287 38 -84
131.318902 35 -72
131.335333 29 -60
131.381403 26 -72
131.414534 28 -68
131.496541 36 -64
131.516828 31 -69
131.535908 16 -81
131.566955 34 -77
131.590383 2 -82
131.665081 15 -78
131.776229 32 -70
131.791015 27 -76
131.815637 3 -83
131.823058 35 -80
131.837809 29 -57
131.886932 26 -67
131.924031 28 -66
131.999659 36 -64
132.14382 1 -76
132.281546 32 -72
132.291816 27 -76
132.323431 35 -73
132.347121 29 -59
132.393561 26 -75
132.432306 28 -62
132.487837 14 -81
132.50885 36 -64
132.57074 30 -84
132.574842 34 -76
132.652553 1 -76
132.679902 15 -80
132.78314 32 -72
132.796888 27 -74
132.827861 35 -72
132.847248 29 -58
132.894574 26 -69
132.939544 28 -58
133.014196 36 -61
133.16272 1 -76
133.292393 32 -72
133.298512 27 -75
133.329811 38 -83
133.349969 29 -57
133.401507 26 -64
133.441289 28 -63
133.516276 36 -64
133.619047 2 -82
133.664953 1 -75
133.802257 32 -71
133.807033 27 -75
133.844261 35 -61
133.85092 29 -57
133.902826 26 -64
133.94804 28 -60
134.022049 36 -67
134.17106 5 -88
134.30263 32 -70
134.31351 27 -76
134.340783 38 -80
134.346525 35 -63
134.355166 29 -58
134.406493 26 -64
134.457383 28 -75
134.526998 36 -68
134.565741 16 -82
134.577265 18 -83
134.672928 1 -76
134.710399 15 -82
134.806665 32 -70
134.815745 27 -76
134.854374 35 -66
134.856727 29 -55
134.911077 26 -62
134.965232 28 -66
135.016821 14 -78
135.036067 36 -68
135.210409 15 -84
135.31662 32 -69
135.320847 27 -75
135.363871 35 -64
135.365551 29 -62
135.417522 26 -67
135.46951 28 -66
135.521526 14 -81
135.544861 36 -70
135.678065 1 -76
135.715302 15 -83
135.770272 22 -83
135.821571 32 -70
135.830681 27 -75
135.864121 35 -64
135.873978 29 -67
135.919238 26 -67
135.971865 28 -65
136.028702 14 -78
136.049841 36 -76
136.096291 18 -82
136.140551 2 -83
136.18817 1 -76
136.19641 5 -86
136.225108 15 -83
136.330885 32 -70
136.33258 27 -76
136.365622 35 -64
136.376791 29 -67
136.42077 26 -70
136.473123 28 -68
136.555126 36 -70
136.612981 34 -81
136.690251 1 -78
136.832709 27 -69
136.837239 32 -67
136.868985 35 -64
136.869054 38 -83
136.882227 29 -70
136.922576 26 -69
136.977676 28 -70
137.033991 14 -81
137.077774 16 -80
137.146796 2 -84
137.190501 1 -76
137.335828 27 -69
137.344021 32 -76
137.370914 35 -63
137.377058 38 -80
137.391997 29 -70
137.422613 26 -68
137.483724 28 -70
137.536315 14 -83
137.571035 36 -83
137.585381 16 -84
137.610587 18 -83
137.696853 1 -79
137.842671 27 -69
137.853885 32 -72
137.872049 35 -62
137.929272 26 -66
137.993098 28 -70
138.052286 13 -85
138.094147 16 -83
138.236105 15 -84
138.372116 35 -64
138.40937 29 -71
138.435533 26 -66
138.494843 28 -70
138.584046 36 -81
138.59626 16 -81
138.631867 34 -79
138.846713 27 -74
138.865007 32 -76
138.912122 29 -69
138.937737 26 -66
138.999854 28 -71
139.087317 36 -83
139.140632 34 -81
139.217283 1 -78
139.352152 27 -73
139.372795 32 -76
139.383359 35 -67
139.422318 29 -73
139.441192 26 -66
139.504834 28 -70
139.589459 36 -79
139.881956 32 -73
139.890322 35 -66
139.908167 38 -79
139.948735 26 -66
140.097428 36 -78
140.113069 16 -78
140.224312 1 -80
140.364068 27 -74
140.384862 32 -70
140.396859 35 -66
140.45576 26 -65
140.518151 28 -73
140.571865 14 -82
140.600913 36 -77
140.619149 16 -30
140.730329 1 -78
140.873748 27 -74
140.891491 32 -69
140.899031 35 -66
140.924816 38 -81
140.965836 26 -65
141.076265 14 -82
141.398151 32 -72
141.468498 26 -65
141.617525 36 -76
141.665995 34 -70
141.906946 32 -61
141.912471 35 -67
141.940488 38 -83
141.975766 26 -63
142.037668 28 -70
142.090403 14 -84
142.130007 16 -82
142.182174 2 -86
142.244443 1 -81
142.41031 32 -58
142.414613 35 -67
142.421671 3 -87
142.48563 26 -61
142.547043 28 -72
142.627667 36 -76
142.746279 1 -82
142.919716 32 -61
142.922981 35 -68
142.995401 26 -63
143.056661 28 -72
143.423354 32 -66
143.42793 35 -65
143.457481 38 -82
143.496536 26 -61
143.557369 28 -71
143.636161 36 -76
143.759777 1 -85
143.792246 15 -82
143.924796 32 -66
143.933185 35 -64
144.000228 26 -67
144.062654 28 -72
144.136746 36 -79
144.148074 16 -83
144.206322 2 -82
144.261369 1 -84
144.426542 32 -66
144.443353 35 -72
144.475983 29 -81
144.504666 26 -59
144.565345 28 -68
144.649782 19 -86
144.650158 16 -84
144.762442 1 -84
144.932621 32 -66
144.945404 35 -71
144.97611 29 -79
145.075269 28 -68
145.149574 36 -78
145.153787 19 -86
145.434246 32 -66
145.446631 35 -68
145.513589 26 -60
145.582233 28 -76
145.663418 16 -80
145.811818 15 -83
145.940264 32 -66
145.953961 35 -80
145.988997 29 -78
146.020675 26 -69
146.314117 15 -84
146.442468 32 -64
146.490161 29 -84
146.523366 26 -64
146.591521 28 -67
146.667816 19 -85
146.677075 16 -85
146.947999 32 -63
146.96325 35 -75
146.997887 29 -58
147.028774 26 -70
147.092564 28 -71
147.135342 14 -78
147.177662 16 -82
147.284928 1 -81
147.452553 32 -60
147.471831 35 -78
147.497953 29 -68
147.531313 26 -66
147.646417 14 -85
147.66102 31 -79
147.668643 36 -78
147.682571 19 -86
147.795003 1 -83
147.955642 32 -60
148.005708 29 -70
148.035866 26 -74
148.154943 14 -85
148.172067 36 -73
148.459341 32 -60
148.507971 29 -70
148.536666 26 -70
148.613272 28 -72
148.959592 32 -61
148.990403 35 -80
149.012217 29 -76
149.039937 26 -67
149.115292 28 -78
149.163101 14 -73
149.181812 36 -82
149.197882 19 -85
149.462345 32 -63
149.519638 29 -75
149.546534 26 -66
149.617373 28 -76
149.68194 36 -84
149.686978 31 -83
149.847604 15 -79
149.971446 32 -62
149.995206 35 -81
150.051851 26 -65
150.121773 28 -76
150.201497 19 -85
150.250905 2 -84
150.311049 1 -85
150.478655 32 -61
150.497989 35 -81
150.531335 29 -72
150.559577 26 -65
150.623549 28 -75
150.755706 2 -84
150.862517 15 -78
150.987237 32 -62
151.002908 35 -83
151.031522 29 -75
151.040096 38 -84
151.127003 28 -74
151.221274 16 -79
151.2642 2 -85
151.495056 32 -61
151.539706 29 -81
151.565235 26 -65
151.728423 16 -80
151.87862 15 -81
152.002539 32 -62
152.132661 28 -65
152.213917 36 -84
152.281645 2 -84
152.379515 15 -82
152.546093 29 -79
152.572571 26 -67
152.636268 28 -74
152.720026 36 -85
152.73323 16 -81
152.783303 2 -83
152.884225 15 -81
153.022219 35 -82
153.048783 29 -80
153.07334 26 -62
153.217254 31 -84
153.528359 35 -81
153.557516 29 -83
153.578198 26 -62
153.651903 28 -74
153.7244 36 -85
153.789884 2 -85
154.086353 26 -62
154.15374 28 -73
154.292701 2 -84
154.543233 35 -78
154.595758 26 -62
154.654051 28 -72
155.068759 29 -80
155.105071 26 -69
155.164097 28 -72
155.242665 36 -84
155.263847 16 -80
155.553986 35 -79
155.569497 29 -78
155.61408 26 -67
155.673319 28 -72
155.770874 16 -80
156.118755 26 -68
156.177261 28 -76
156.627641 26 -70
156.681325 28 -76
156.782517 16 -81
157.073718 35 -82
157.093436 29 -80
157.185787 28 -76
157.27125 36 -81
157.60229 29 -78
157.633818 26 -73
157.751558 14 -84
157.793763 16 -81
158.089843 35 -80
158.107788 29 -81
158.201881 28 -76
158.256201 14 -83
158.289388 36 -82
158.592382 35 -80
158.610722 29 -82
158.703443 28 -76
158.76356 14 -84
159.120003 29 -82
159.264939 14 -82
159.772542 14 -85
159.807802 16 -80
160.127459 29 -80
160.315775 16 -79
160.637137 29 -81
