Timestamp Beacon Rssi
0.098309 6 -67
0.118336 1 -71
0.217425 2 -73
0.362074 33 -75
0.459758 11 -67
0.569811 24 -70
0.606796 8 -85
0.615454 9 -73
0.651099 21 -74
0.721938 7 -70
0.730712 3 -59
0.737167 15 -80
0.776084 5 -76
0.818938 35 -78
0.928353 20 -72
0.944732 12 -50
0.995605 4 -63
1.10436 6 -66
1.121605 1 -78
1.220589 2 -68
1.373269 10 -72
1.41886 28 -78
1.464024 11 -68
1.48887 13 -78
1.519578 18 -78
1.573736 24 -70
1.622546 9 -69
1.652584 21 -73
1.72833 7 -70
1.740148 15 -80
1.762886 27 -82
1.777621 5 -76
1.795897 38 -82
1.820104 32 -80
1.825145 35 -78
1.934926 20 -72
1.949424 12 -51
1.997549 4 -61
2.003308 14 -75
2.111849 6 -66
2.125162 1 -67
2.223508 2 -70
2.289795 37 -82
2.33773 25 -80
2.370098 33 -77
2.46417 11 -66
2.46812 17 -83
2.527218 18 -76
2.582575 24 -69
2.610494 29 -84
2.614707 8 -76
2.627655 9 -67
2.730327 7 -68
2.738602 3 -64
2.785353 5 -69
2.835081 19 -84
2.937869 20 -72
2.956039 12 -52
3.001476 4 -60
3.004905 14 -76
3.037875 23 -81
3.116927 6 -70
3.134267 1 -70
3.271103 36 -82
3.373561 33 -76
3.383682 10 -76
3.465994 11 -63
3.476563 17 -84
3.530921 18 -76
3.630842 9 -70
3.669378 21 -70
3.730585 7 -67
3.743187 3 -60
3.763143 30 -87
3.777076 27 -81
3.788874 5 -64
3.806064 38 -83
3.828161 35 -83
3.939834 20 -72
3.965552 12 -52
4.012697 14 -75
4.041736 23 -85
4.122219 6 -73
4.143402 1 -70
4.238612 16 -77
4.239571 2 -66
4.374552 33 -74
4.387943 10 -74
4.432629 28 -77
4.469893 11 -70
4.507655 13 -82
4.589906 24 -72
4.622863 8 -79
4.631923 9 -66
4.67306 21 -75
4.734962 7 -68
4.743684 3 -63
4.753028 15 -76
4.79035 5 -62
4.84439 19 -83
4.949367 20 -72
4.969909 12 -48
5.146282 1 -72
5.248197 2 -68
5.309955 37 -81
5.352532 25 -84
5.376336 33 -76
5.389243 10 -71
5.437036 28 -78
5.473854 11 -75
5.484569 17 -82
5.507945 13 -78
5.535305 18 -81
5.59844 24 -68
5.634926 9 -67
5.673569 21 -73
5.738363 7 -69
5.756192 15 -78
5.799486 5 -66
5.818948 38 -79
5.840943 32 -80
5.909056 26 -82
5.95176 20 -70
5.977072 12 -48
6.02291 14 -75
6.068996 22 -79
6.136862 6 -69
6.155203 1 -69
6.250812 2 -69
6.253233 16 -76
6.310521 37 -82
6.383003 33 -74
6.391764 10 -74
6.437232 28 -81
6.483582 11 -74
6.539343 18 -80
6.607523 24 -70
6.635436 29 -67
6.640112 8 -62
6.683263 21 -74
6.746036 7 -70
6.750718 3 -64
6.75716 15 -78
6.793354 27 -47
6.800443 5 -67
6.823116 38 -82
6.84349 32 -77
6.855315 19 -84
6.961385 20 -72
6.982924 12 -47
7.017918 4 -64
7.032197 14 -76
7.138705 6 -68
7.163667 1 -73
7.256576 16 -56
7.318747 37 -84
7.356084 25 -82
7.389334 33 -73
7.401334 10 -75
7.489434 11 -70
7.523693 13 -76
7.613493 24 -70
7.643497 9 -66
7.689844 21 -71
7.750658 7 -68
7.754633 3 -66
7.761239 15 -82
7.808785 5 -67
7.847197 32 -78
7.851954 35 -83
7.858473 19 -85
7.927606 26 -85
7.962221 20 -72
7.992834 12 -48
8.018519 4 -64
8.253904 2 -69
8.257813 16 -81
8.361536 25 -82
8.389715 33 -75
8.407029 10 -76
8.446869 28 -79
8.490765 17 -83
8.493303 11 -68
8.616778 24 -70
8.647049 9 -65
8.653151 8 -79
8.693007 21 -69
8.754151 7 -68
8.764223 3 -66
8.770018 15 -83
8.812243 27 -83
8.816883 5 -68
8.839783 38 -80
8.855298 32 -79
8.859901 35 -83
8.929328 26 -83
8.966078 20 -72
8.994779 12 -49
9.042379 14 -76
9.141813 6 -77
9.173698 1 -70
9.256824 2 -67
9.259569 16 -82
9.329644 37 -81
9.390096 33 -75
9.415012 10 -74
9.4539 28 -80
9.491915 17 -83
9.501169 11 -68
9.533246 13 -77
9.56339 18 -77
9.6211 24 -71
9.649351 9 -69
9.69852 21 -69
9.762037 7 -68
9.770579 3 -72
9.819336 5 -67
9.84685 38 -78
9.968654 20 -72
9.999715 12 -48
10.030248 4 -63
10.05252 14 -76
10.092223 22 -83
10.151804 6 -72
10.176455 1 -73
10.259621 2 -66
10.261996 16 -79
10.390873 33 -77
10.421287 10 -72
10.463922 28 -77
10.493461 17 -81
10.505252 11 -66
10.568008 18 -76
10.621088 24 -72
10.652537 9 -75
10.664144 8 -76
10.706384 21 -67
10.77203 7 -75
10.776202 3 -60
10.823624 27 -80
10.826397 5 -64
10.853582 34 -82
10.86783 35 -62
10.869548 32 -72
10.872252 19 -83
11.009869 12 -48
11.031002 4 -64
11.053995 14 -79
11.076025 23 -77
11.15197 6 -67
11.179273 1 -66
11.263173 16 -79
11.266417 2 -66
11.421703 10 -76
11.497297 17 -82
11.511867 11 -61
11.54408 13 -78
11.573328 18 -70
11.62477 24 -76
11.658349 9 -80
11.673135 8 -75
11.71147 21 -77
11.778834 3 -59
11.781494 15 -71
11.825989 27 -81
11.830039 5 -64
11.860588 38 -75
11.86266 34 -81
11.877882 35 -75
11.879723 32 -72
11.933578 26 -76
11.981465 20 -74
12.019108 12 -52
12.033159 4 -76
12.060109 14 -82
12.101686 22 -75
12.152104 6 -70
12.185784 1 -69
12.269733 2 -64
12.271612 16 -79
12.326959 36 -76
12.35374 37 -78
12.401827 33 -80
12.470294 28 -77
12.505496 17 -76
12.513569 11 -69
12.554105 13 -84
12.663732 9 -72
12.671994 29 -82
12.67764 8 -76
12.712894 21 -68
12.781314 3 -58
12.787346 7 -86
12.839755 5 -66
12.870975 34 -78
12.880348 32 -76
12.885432 35 -82
12.990754 20 -73
13.02615 12 -48
13.039192 4 -54
13.068267 14 -76
13.086554 23 -78
13.109423 22 -70
13.160448 6 -84
13.187106 1 -76
13.271676 2 -65
13.278403 16 -81
13.336644 36 -82
13.357449 37 -76
13.37699 25 -83
13.404466 33 -82
13.429644 10 -66
13.476776 28 -78
13.511101 17 -74
13.521436 11 -52
13.591201 18 -79
13.627433 24 -84
13.681718 8 -69
13.713097 21 -74
13.787212 3 -52
13.795385 7 -81
13.80125 15 -69
13.847944 5 -74
13.875902 34 -80
13.891273 35 -78
13.996839 20 -76
14.035358 12 -58
14.047849 4 -70
14.07026 14 -83
14.092124 23 -73
14.111942 22 -72
14.170012 6 -70
14.188674 1 -70
14.341385 36 -76
14.359052 37 -77
14.432134 10 -76
14.479046 28 -72
14.524938 11 -49
14.597802 18 -76
14.67691 9 -67
14.68607 8 -70
14.795154 3 -56
14.796253 7 -62
14.803437 15 -70
14.837141 27 -78
14.858087 5 -72
14.878462 38 -78
14.879975 34 -83
14.896474 35 -78
14.960929 26 -80
15.000757 20 -75
15.03654 12 -60
15.055011 4 -67
15.075092 14 -73
15.11208 22 -77
15.178874 6 -72
15.198724 1 -61
15.27956 2 -60
15.395251 31 -84
15.438103 10 -64
15.485193 28 -84
15.526732 11 -65
15.679639 9 -68
15.686092 29 -82
15.688653 8 -65
15.721255 21 -83
15.799557 3 -58
15.890279 32 -81
15.908675 19 -78
16.002723 20 -81
16.043978 12 -65
16.10479 23 -73
16.115576 22 -75
16.179894 6 -69
16.207066 1 -59
16.288888 2 -56
16.299631 16 -72
16.37593 37 -76
16.38575 25 -82
16.403439 31 -84
16.438762 10 -57
16.487127 28 -80
16.52761 11 -56
16.569916 13 -80
16.649432 24 -76
16.687506 29 -79
16.697461 8 -72
16.723106 21 -73
16.801346 7 -76
16.808814 30 -80
16.809696 3 -63
16.819256 15 -79
16.873917 5 -66
16.963213 26 -74
17.006946 20 -72
17.050074 12 -62
17.066527 4 -58
17.110146 23 -81
17.120841 22 -80
17.184362 6 -60
17.217238 1 -62
17.297148 2 -64
17.306789 16 -77
17.382843 37 -78
17.405983 31 -87
17.420208 33 -81
17.441955 10 -70
17.491656 28 -79
17.528915 11 -55
17.656653 24 -69
17.706177 8 -72
17.725812 21 -80
17.80786 7 -80
17.813794 3 -64
17.820132 15 -85
17.857418 27 -83
17.880123 5 -67
17.886487 34 -78
17.895636 38 -78
17.903673 32 -77
17.922743 19 -82
18.013794 20 -75
18.056352 12 -64
18.075185 4 -62
18.093737 14 -76
18.12815 22 -70
18.188098 6 -66
18.225855 1 -62
18.303576 2 -63
18.356994 36 -84
18.390489 37 -84
18.395985 25 -83
18.422207 33 -82
18.446216 10 -58
18.532296 11 -58
18.690999 9 -71
18.710926 8 -73
18.730898 21 -72
18.81239 7 -76
18.823659 3 -58
18.881691 5 -71
18.893581 34 -79
18.90551 38 -82
18.913056 32 -78
18.924132 19 -75
19.014142 20 -70
19.062784 12 -60
19.078532 4 -61
19.095731 14 -71
19.118173 23 -82
19.136986 22 -84
19.195648 6 -66
19.228185 1 -58
19.304543 2 -64
19.315336 16 -74
19.399721 37 -81
19.455481 10 -61
19.509076 28 -79
19.534883 11 -54
19.543267 17 -79
19.695559 9 -71
19.720985 8 -72
19.736349 21 -76
19.821406 7 -72
19.832181 3 -58
19.885364 5 -83
19.902018 34 -76
19.910106 38 -83
19.912863 35 -82
19.920974 32 -74
19.925765 19 -78
19.976861 26 -84
20.024255 20 -75
20.067811 12 -66
20.086671 4 -64
20.099006 14 -70
20.202648 6 -68
20.23793 1 -62
20.305991 2 -83
20.321456 16 -60
20.418159 31 -84
20.464745 10 -57
20.536524 11 -54
20.586977 13 -80
20.629997 18 -83
20.676333 24 -79
20.698715 29 -76
20.703628 9 -69
20.730556 8 -70
20.74052 21 -75
20.828377 7 -72
20.837621 3 -61
20.843692 15 -78
20.89157 5 -81
20.911767 34 -77
20.913603 38 -80
20.919559 35 -78
20.929808 19 -80
21.027564 20 -75
21.0747 12 -72
21.096182 4 -64
21.104143 14 -70
21.208124 6 -66
21.240566 1 -60
21.308978 2 -70
21.32785 16 -73
21.36664 36 -77
21.405186 37 -77
21.518041 28 -84
21.5432 11 -54
21.554417 17 -74
21.593309 13 -80
21.681265 24 -78
21.706781 29 -77
21.71072 9 -68
21.732955 8 -71
21.746308 21 -76
21.838308 7 -74
21.83888 3 -58
21.847101 15 -78
21.896342 5 -80
21.918983 34 -78
21.92009 38 -83
21.925217 35 -79
21.940075 32 -76
22.037524 20 -30
22.084152 12 -72
22.102124 4 -66
22.112849 14 -72
22.24848 1 -64
22.318184 2 -68
22.336625 16 -73
22.411489 37 -76
22.550213 11 -54
22.564599 17 -76
22.639965 18 -82
22.686289 24 -82
22.712162 29 -68
22.734836 8 -70
22.755056 21 -73
22.840672 7 -75
22.845327 3 -60
22.851608 15 -78
22.888251 27 -84
22.922457 38 -84
22.92388 34 -76
22.925169 35 -80
22.933959 19 -80
22.94482 32 -76
23.04248 20 -72
23.089119 12 -65
23.122686 14 -71
23.255509 1 -61
23.323515 2 -68
23.346316 16 -72
23.378138 36 -76
23.4677 10 -59
23.551121 11 -53
23.640586 18 -82
23.714309 29 -78
23.719901 9 -61
23.74462 8 -73
23.76121 21 -71
23.842354 30 -80
23.846159 3 -60
23.857824 15 -80
23.924474 34 -77
23.931163 35 -81
24.052593 20 -30
24.089966 12 -63
24.112602 4 -64
24.132583 14 -74
24.16557 22 -80
24.222229 6 -66
24.263179 1 -33
24.329272 2 -62
24.353412 16 -74
24.379705 36 -81
24.437212 31 -83
24.473914 10 -61
24.558132 11 -53
24.574253 17 -78
24.695238 24 -86
24.724399 9 -82
24.746806 8 -76
24.763977 21 -73
24.844019 30 -81
24.853216 3 -59
24.854309 7 -72
24.93438 35 -76
24.938354 19 -76
25.052971 20 -77
25.096519 12 -70
25.119062 4 -59
25.136194 14 -74
25.169157 22 -76
25.224286 6 -56
25.266852 1 -58
25.339271 2 -57
25.381731 36 -77
25.425515 37 -84
25.443874 31 -83
25.481226 10 -57
25.560995 11 -64
25.649853 18 -76
25.73018 9 -67
25.750487 8 -72
25.76833 21 -69
25.857466 3 -64
25.864362 7 -74
25.870652 15 -76
25.907978 27 -83
25.926659 5 -74
25.937442 34 -82
25.942754 35 -78
26.006509 26 -75
26.057469 20 -76
26.106704 12 -65
26.152462 23 -76
26.229823 6 -79
26.270494 1 -57
26.344205 2 -56
26.367147 16 -83
26.386564 36 -78
26.475755 33 -84
26.489362 10 -51
26.540746 28 -77
26.653128 18 -82
26.719313 29 -83
26.739195 9 -60
26.757677 8 -72
26.862052 3 -52
26.868251 7 -78
26.873968 15 -74
26.935703 5 -78
26.940142 34 -80
26.962759 32 -73
27.007957 26 -79
27.107886 12 -61
27.126276 4 -72
27.14604 14 -72
27.158337 23 -76
27.184783 22 -87
27.274106 1 -68
27.352984 2 -60
27.37229 16 -81
27.387979 36 -74
27.438682 25 -80
27.566413 11 -64
27.629566 13 -81
27.656068 18 -76
27.716139 24 -78
27.729149 29 -78
27.746868 9 -69
27.763433 8 -70
27.777403 21 -72
27.854601 30 -83
27.871764 3 -58
27.877756 7 -75
27.882565 15 -74
27.924669 27 -76
27.938705 5 -67
27.94162 34 -85
27.948515 38 -79
27.9561 19 -72
27.969792 32 -78
28.013523 26 -83
28.126449 4 -72
28.15609 14 -80
28.188675 22 -76
28.238575 6 -70
28.278145 1 -72
28.357978 2 -64
28.373802 16 -79
28.392598 36 -74
28.485397 33 -64
28.502369 10 -80
28.607568 17 -82
28.731173 29 -74
28.749993 9 -56
28.772882 8 -69
28.777759 21 -69
28.879065 3 -69
28.882133 7 -77
28.886614 15 -78
28.925325 27 -78
28.953203 38 -79
28.96112 19 -81
28.971363 32 -71
29.072367 20 -75
29.120474 12 -76
29.161563 14 -76
29.248383 6 -76
29.28438 1 -55
29.358518 2 -66
29.374826 16 -76
29.397431 36 -76
29.488554 33 -77
29.511634 10 -63
29.578941 11 -68
29.672078 18 -70
29.726187 24 -80
29.739728 29 -77
29.751287 9 -50
29.777448 8 -64
29.785561 21 -76
29.884719 3 -63
29.890783 7 -84
29.957456 34 -86
29.958561 38 -76
29.968947 19 -75
30.020202 26 -80
30.077171 20 -75
30.124525 12 -80
30.170118 14 -72
30.177274 23 -83
30.205431 22 -74
30.257612 6 -70
30.290494 1 -66
30.363299 2 -71
30.451627 37 -79
30.497662 33 -78
30.520502 10 -68
30.55642 28 -80
30.677459 18 -78
30.745719 29 -80
30.755451 9 -54
30.78708 8 -61
30.792752 21 -76
30.891624 3 -72
30.905545 15 -80
30.929596 27 -76
30.970458 19 -77
30.988266 32 -75
31.078953 20 -73
31.134465 12 -71
31.138963 4 -76
31.175407 14 -67
31.178755 23 -81
31.210269 22 -82
31.262202 6 -75
31.2985 1 -63
31.364143 2 -69
31.390697 16 -83
31.411186 36 -81
31.499996 33 -75
31.52464 10 -69
31.560918 28 -79
31.584878 11 -73
31.621332 17 -83
31.68043 18 -69
31.755647 29 -78
31.760956 9 -54
31.795003 8 -63
31.875118 30 -86
31.897399 3 -66
31.903657 7 -83
31.938185 27 -81
31.95178 5 -76
31.97124 35 -74
31.990539 32 -83
32.036188 26 -78
32.140876 4 -85
32.175783 14 -70
32.188536 23 -77
32.304736 1 -70
32.372037 2 -76
32.392575 16 -82
32.469756 37 -78
32.501903 33 -72
32.56862 28 -78
32.588411 11 -74
32.638496 13 -83
32.686635 18 -70
32.80497 8 -61
32.905402 3 -73
32.952585 5 -76
32.973176 35 -75
32.984889 38 -83
33.042304 26 -78
33.088529 20 -81
33.143788 12 -72
33.148984 4 -76
33.181408 14 -72
33.197523 23 -77
33.27065 6 -70
33.310057 1 -63
33.373766 2 -70
33.397505 16 -76
33.465386 25 -81
33.50683 33 -72
33.527973 10 -66
33.569914 28 -79
33.596827 11 -72
33.641593 13 -82
33.686981 18 -73
33.777094 9 -54
33.810085 8 -62
33.813106 21 -80
33.912687 7 -84
33.918852 15 -85
33.958699 5 -72
34.050891 26 -77
34.145275 12 -78
34.18389 14 -76
34.203154 23 -79
34.226614 22 -84
34.280366 6 -72
34.319588 1 -64
34.383277 2 -67
34.466933 25 -79
34.47986 37 -80
34.510171 33 -73
34.532783 10 -68
34.603229 11 -75
34.692361 18 -76
34.786537 9 -54
34.8134 8 -62
34.823044 21 -81
34.912041 3 -69
34.927967 15 -88
34.967133 5 -76
34.976508 34 -82
34.979583 19 -83
34.983546 35 -73
35.060853 26 -76
35.146702 12 -76
35.159768 4 -73
35.189576 14 -78
35.286116 6 -72
35.31966 1 -63
35.390011 2 -64
35.407394 16 -78
35.48839 37 -80
35.511009 33 -75
35.540248 10 -66
35.571678 28 -77
35.607708 11 -70
35.645043 13 -80
35.692616 18 -76
35.787098 9 -54
35.819217 8 -59
35.973217 5 -81
35.981674 19 -77
35.987067 35 -76
36.104007 20 -80
36.154567 12 -70
36.162719 4 -69
36.194652 14 -76
36.29211 6 -71
36.326232 1 -63
36.392565 2 -64
36.412141 16 -78
36.49747 37 -80
36.514075 33 -76
36.544813 10 -65
36.579777 28 -78
36.617832 11 -67
36.643559 17 -82
36.652963 13 -82
36.701811 18 -78
36.776082 29 -82
36.833704 21 -77
36.888634 30 -83
36.914376 3 -62
36.921577 7 -84
36.977134 5 -80
36.988891 19 -77
36.990132 35 -76
36.99149 34 -81
37.070705 26 -78
37.111129 20 -78
37.163501 12 -76
37.172535 4 -71
37.204244 14 -78
37.211258 23 -83
37.29969 6 -74
37.333871 1 -63
37.399451 2 -64
37.416765 16 -76
37.474777 25 -80
37.506427 37 -83
37.518148 33 -74
37.547151 10 -66
37.584001 28 -78
37.627499 11 -72
37.656579 13 -82
37.706704 18 -78
37.797286 9 -53
37.833262 8 -60
37.837448 21 -78
37.919846 3 -66
37.945333 15 -85
37.98685 5 -74
38.077248 26 -78
38.120632 20 -78
38.173899 4 -74
38.205536 14 -80
38.240076 22 -80
38.343708 1 -63
38.402004 2 -64
38.426486 16 -78
38.518407 33 -75
38.549794 10 -65
38.629689 11 -70
38.651718 17 -84
38.791177 29 -81
38.797848 9 -52
38.833311 8 -60
38.841496 21 -80
38.92785 3 -65
38.991286 5 -76
38.994429 35 -78
39.003417 19 -77
39.022619 32 -80
39.083639 26 -78
39.12748 20 -78
39.171846 12 -80
39.183289 4 -73
39.206247 14 -72
39.31003 6 -74
39.34378 1 -72
39.407029 2 -62
39.434834 16 -81
39.552315 10 -70
39.592448 28 -76
39.629835 11 -75
39.673395 13 -76
39.726224 18 -72
39.767851 24 -82
39.805703 9 -52
39.93802 3 -64
40.004746 34 -80
40.007735 19 -78
40.032246 32 -77
40.089205 26 -73
40.128652 20 -83
40.178735 12 -79
40.193258 4 -69
40.215321 14 -70
40.224519 23 -80
40.312362 6 -73
40.35023 1 -60
40.411841 2 -81
40.470001 36 -81
40.600608 28 -78
40.634588 11 -67
40.676004 13 -74
40.729255 18 -83
40.808402 9 -55
40.842779 8 -63
40.856245 21 -74
40.940255 3 -66
40.975303 27 -81
41.010222 19 -74
41.031629 38 -79
41.034152 32 -72
41.089798 26 -78
41.182817 12 -70
41.218138 14 -74
41.257 22 -82
41.351583 1 -59
41.45159 16 -86
41.470165 36 -77
41.490027 25 -81
41.52755 37 -84
41.539109 33 -75
41.566236 10 -82
41.610142 28 -84
41.637969 11 -78
41.736436 18 -74
41.775091 24 -80
41.816349 9 -59
41.848627 8 -53
41.861758 21 -75
41.949052 3 -61
42.034929 32 -70
42.099942 26 -77
42.18586 12 -78
42.220071 14 -72
42.242585 23 -78
42.318551 6 -80
42.352936 1 -69
42.453529 16 -82
42.572328 10 -72
42.617936 28 -80
42.642356 11 -76
42.655279 17 -84
42.686503 13 -69
42.776056 24 -79
42.822709 9 -73
42.867515 21 -72
42.94659 7 -84
42.953302 3 -71
43.007022 35 -77
43.015593 19 -75
43.024654 34 -78
43.042268 32 -72
43.046007 38 -79
43.153193 20 -79
43.191895 12 -69
43.228961 14 -78
43.358043 1 -66
43.429602 2 -74
43.576802 10 -70
43.622892 28 -78
43.643265 11 -73
43.692103 13 -82
43.748877 18 -71
43.823057 9 -86
43.859346 8 -79
43.876813 21 -72
43.955148 7 -77
43.959199 3 -64
43.988927 27 -80
44.011849 5 -78
44.157935 20 -78
44.210614 4 -80
44.272643 22 -78
44.324008 6 -79
44.431423 2 -72
44.48152 36 -75
44.698375 13 -74
44.751664 18 -70
44.815253 29 -79
44.82957 9 -72
44.859792 8 -72
44.886536 21 -81
44.961143 7 -76
44.966317 3 -77
44.987927 15 -76
45.014371 35 -77
45.021758 19 -70
45.053801 32 -83
45.110021 26 -57
45.212466 4 -84
45.333236 6 -76
45.36551 1 -73
45.471247 16 -78
45.487055 36 -82
45.561565 33 -76
45.655641 11 -79
45.656378 17 -87
45.702419 13 -74
45.756251 18 -70
45.786916 24 -80
45.861489 8 -79
45.887411 21 -76
45.963323 7 -73
45.97365 3 -64
45.999027 27 -77
46.020446 5 -80
46.02305 35 -82
46.028267 34 -81
46.02986 19 -70
46.056649 38 -83
46.063397 32 -78
46.119432 26 -74
46.199653 12 -81
46.222649 4 -80
46.233599 14 -73
46.37315 1 -73
46.480907 16 -78
46.556317 37 -82
46.590132 10 -84
46.635257 28 -70
46.657892 11 -76
46.659237 17 -84
46.705121 13 -74
46.763067 18 -70
46.888652 21 -74
46.975061 3 -60
46.998375 15 -80
47.003222 27 -72
47.021098 5 -78
47.026298 35 -78
47.031944 34 -81
47.063686 32 -69
47.128997 26 -78
47.209349 12 -81
47.224501 4 -76
47.243191 14 -73
47.269549 23 -86
47.295396 22 -73
47.344644 6 -71
47.375541 1 -70
47.489254 16 -82
47.494615 36 -84
47.524483 25 -80
47.664996 11 -74
47.763504 18 -67
47.83103 29 -76
47.84334 9 -76
47.870041 8 -80
47.972871 7 -78
48.006075 27 -76
48.025687 5 -82
48.031897 34 -76
48.043136 19 -66
48.067484 32 -76
48.069838 38 -80
48.174158 20 -75
48.216239 12 -78
48.233494 4 -78
48.245002 14 -70
48.277285 23 -83
48.301027 22 -77
48.345084 6 -76
48.378786 1 -68
48.441453 2 -72
48.490705 16 -81
48.529111 25 -83
48.54341 31 -83
48.573408 37 -77
48.602895 10 -76
48.652127 28 -78
48.665721 11 -76
48.772547 18 -72
48.847045 9 -72
48.874912 8 -81
48.977615 7 -77
48.983958 3 -70
49.013627 27 -72
49.015079 15 -76
49.027835 5 -75
49.035997 35 -84
49.037068 34 -76
49.074647 38 -74
49.142022 26 -80
49.183203 20 -74
49.250688 14 -69
49.302387 22 -78
49.349552 6 -70
49.381727 1 -66
49.44422 2 -82
49.505929 36 -75
49.552514 31 -81
49.661446 28 -78
49.671261 17 -84
49.673588 11 -75
49.721341 13 -83
49.772862 18 -70
49.805334 24 -87
49.841456 29 -78
49.847669 9 -73
49.872027 35 -76
49.908945 21 -83
50.019348 27 -71
50.032393 5 -75
50.0452 34 -78
50.059889 19 -70
50.082466 32 -69
50.146582 26 -76
50.185198 20 -73
50.25082 14 -70
50.359543 6 -70
50.391746 1 -66
50.452449 2 -81
50.493516 16 -82
50.507802 36 -75
50.554844 31 -82
50.589315 33 -84
50.612087 10 -83
50.666677 28 -76
50.684098 2 -72
50.721785 13 -81
50.78221 18 -73
50.832954 15 -77
50.845677 29 -76
50.856714 9 -78
50.88615 8 -74
50.955194 30 -84
51.001429 3 -71
51.020645 27 -71
51.038934 5 -76
51.046129 34 -77
51.067686 19 -75
51.081549 38 -77
51.083029 32 -69
51.150532 26 -76
51.194732 20 -75
51.228269 12 -81
51.254461 14 -71
51.498933 16 -79
51.515503 36 -75
51.672823 28 -76
51.688422 17 -78
51.690114 11 -75
51.854995 29 -76
51.876752 35 -75
51.879835 34 -82
51.890289 8 -76
51.973105 37 -79
51.977941 33 -77
52.007296 3 -72
52.022887 27 -72
52.047856 5 -77
52.077375 19 -75
52.084404 38 -78
52.091741 32 -70
52.15262 26 -74
52.197277 20 -76
52.236684 12 -82
52.257767 14 -71
52.370554 6 -70
52.396744 22 -83
52.406721 1 -71
52.499103 16 -76
52.525096 36 -76
52.547413 25 -78
52.621828 10 -83
52.677504 28 -76
52.688992 17 -79
52.691541 11 -75
52.699519 2 -74
52.737776 13 -81
52.798129 18 -78
52.829198 36 -82
52.861256 9 -80
52.863 29 -76
52.880426 25 -78
52.885034 35 -76
52.926522 21 -82
52.973762 37 -82
52.986683 33 -81
52.987249 32 -64
53.012462 3 -72
53.027815 27 -70
53.085874 19 -76
53.088938 38 -78
53.143331 28 -80
53.15486 26 -74
53.203942 20 -77
53.237012 12 -79
53.265894 14 -74
53.271775 4 -86
53.301778 23 -83
53.377952 6 -71
53.399049 22 -80
53.399725 24 -81
53.412438 1 -69
53.506163 6 -78
53.507511 16 -75
53.633023 21 -77
53.699591 11 -75
53.704452 2 -81
53.745848 13 -80
53.800753 3 -72
53.801191 18 -75
53.822981 27 -69
53.837327 36 -80
53.843758 15 -78
53.86725 9 -78
53.872348 29 -80
53.889202 34 -80
53.892829 8 -76
53.944631 19 -73
53.953377 38 -82
53.970719 30 -82
53.990451 33 -82
53.991504 32 -66
54.009816 7 -80
54.084561 26 -78
54.150118 28 -78
54.164164 20 -78
54.166416 11 -76
54.368915 18 -69
54.404071 22 -75
54.408441 24 -76
54.503864 9 -75
54.507884 6 -84
54.516873 29 -82
54.560511 8 -63
54.600549 1 -74
54.633135 21 -76
54.706181 2 -73
54.798078 16 -76
54.80775 3 -71
54.830961 27 -70
54.839657 36 -77
54.890162 34 -69
54.894952 5 -78
54.89806 35 -76
54.960627 38 -78
54.999895 33 -74
55.000124 32 -69
55.150374 28 -76
55.295686 14 -75
55.372801 18 -70
55.405552 22 -81
55.507875 9 -75
55.570081 8 -77
55.641089 21 -76
55.711237 2 -76
55.781052 7 -83
55.83659 27 -70
55.843209 36 -76
55.887477 25 -78
55.899453 34 -77
55.900971 35 -72
55.921254 31 -84
55.955647 19 -77
55.970684 38 -75
56.001359 32 -68
56.002473 33 -70
56.09954 26 -79
56.178517 11 -74
56.190469 17 -81
56.277236 12 -84
56.296641 14 -81
56.326418 4 -79
56.381874 18 -72
56.405525 23 -79
56.421662 24 -79
56.517103 9 -73
56.523991 6 -76
56.527666 29 -84
56.610457 1 -68
56.650691 21 -77
56.714767 2 -77
56.843776 27 -72
56.867075 15 -69
56.896195 25 -70
56.899888 5 -78
56.901137 35 -69
56.902824 34 -70
57.002808 32 -70
57.007797 33 -70
57.044842 10 -83
57.10529 26 -74
57.186447 20 -77
57.186689 11 -75
57.194731 17 -83
57.279629 13 -81
57.300405 14 -83
57.328361 4 -86
57.387499 18 -66
57.419073 22 -72
57.424428 24 -79
57.57488 8 -85
57.616083 1 -76
57.653306 21 -69
57.724614 2 -73
57.790631 7 -82
57.828097 3 -78
57.901424 35 -78
57.90177 25 -72
57.909704 34 -71
57.976945 38 -73
57.990873 37 -73
58.008452 33 -73
58.166616 28 -85
58.194515 20 -74
58.196051 11 -78
58.201404 17 -84
58.282086 13 -72
58.28845 12 -78
58.30722 14 -77
58.388608 18 -71
58.420645 22 -71
58.423409 23 -76
58.527251 6 -74
58.537756 29 -82
58.583108 8 -74
58.657507 21 -69
58.731303 30 -72
58.832652 3 -70
58.857066 36 -79
58.858453 27 -72
58.869589 15 -66
58.906246 25 -72
58.907814 35 -71
58.966466 19 -76
58.984104 38 -73
59.016111 32 -70
59.018628 33 -76
59.049578 10 -73
59.16913 28 -75
59.196532 11 -83
59.203714 17 -85
59.339176 4 -76
59.389198 18 -70
59.423469 22 -78
59.44241 24 -74
59.526693 9 -76
59.546799 29 -76
59.584012 8 -74
59.663783 21 -71
59.737014 2 -72
59.82941 16 -80
59.860709 36 -76
59.863564 27 -70
59.871501 15 -60
59.907949 35 -70
59.911729 25 -74
59.919315 34 -73
59.990438 38 -80
60.001526 37 -72
60.019253 33 -76
60.021923 32 -66
60.110973 26 -70
60.177016 28 -74
60.198662 11 -78
60.198904 20 -75
60.290723 13 -72
60.295515 12 -78
60.389971 18 -64
60.423882 22 -76
60.452134 24 -86
60.527805 9 -84
60.551417 29 -78
60.586869 8 -76
60.834492 16 -75
60.843624 3 -66
60.868593 36 -78
60.879182 15 -58
60.915194 35 -72
60.977879 19 -65
60.992623 38 -75
61.005906 37 -78
61.022472 33 -76
61.029231 32 -64
61.050562 10 -76
61.111475 26 -81
61.204104 20 -70
61.298917 13 -69
61.300664 12 -82
61.430887 22 -60
61.45258 24 -82
61.556554 29 -76
61.594304 8 -71
61.633886 1 -80
61.744105 2 -78
61.752657 30 -81
61.836065 16 -67
61.851536 3 -76
61.870582 27 -70
61.879966 15 -64
61.918838 35 -79
61.91998 25 -77
61.942128 31 -80
61.984456 19 -64
61.995326 38 -81
62.006533 37 -72
62.024775 33 -65
62.037637 32 -74
62.210189 20 -76
62.22532 17 -76
62.300931 12 -70
62.329202 14 -68
62.357549 4 -71
62.454782 23 -76
62.542163 6 -72
62.746658 2 -69
62.84252 16 -70
62.871298 27 -71
62.889356 15 -70
62.922482 35 -73
62.947692 31 -83
62.989079 19 -62
63.001783 38 -73
63.013141 37 -72
63.025064 33 -70
63.043755 32 -68
63.1162 26 -79
63.214626 20 -76
63.218141 11 -79
63.231078 17 -76
63.301848 13 -64
63.308125 12 -76
63.329303 14 -72
63.359035 4 -79
63.395922 18 -62
63.445049 22 -68
63.457269 23 -76
63.463422 24 -75
63.553111 9 -73
63.560968 29 -72
63.607403 8 -82
63.638149 1 -70
63.683455 21 -69
63.752568 2 -68
63.761023 30 -78
63.844734 16 -66
63.869465 3 -67
63.883703 36 -70
63.893832 15 -70
63.928719 25 -70
63.931368 5 -78
63.931467 35 -82
63.955759 31 -81
63.997487 19 -71
64.005249 38 -76
64.018131 37 -76
64.02578 33 -68
64.218439 11 -75
64.223366 20 -66
64.23595 17 -75
64.309615 13 -55
64.338376 14 -59
64.365373 4 -79
64.400479 18 -58
64.454251 22 -70
64.464029 23 -83
64.468232 24 -72
64.546003 6 -72
64.554246 9 -84
64.570713 29 -76
64.611114 8 -84
64.646735 1 -70
64.687198 21 -64
64.770227 30 -84
64.815199 7 -85
64.849816 16 -76
64.881825 27 -78
64.886278 36 -70
64.898156 15 -68
64.931944 25 -77
64.936698 35 -71
64.939924 34 -74
64.9576 31 -78
65.000127 19 -64
65.015002 38 -73
65.03202 33 -70
65.12889 26 -78
65.205885 28 -78
65.224202 20 -60
65.238687 17 -70
65.314178 13 -65
65.320347 12 -75
65.344826 14 -59
65.375433 4 -83
65.409247 18 -62
65.464398 22 -76
65.465724 23 -70
65.47112 24 -73
65.546351 6 -73
65.560613 9 -65
65.619068 8 -76
65.649003 1 -71
65.688683 21 -65
65.770065 2 -78
65.776348 30 -83
65.859629 16 -68
65.882756 3 -78
65.892423 36 -72
65.940067 35 -72
65.944027 34 -72
65.95758 31 -77
66.001668 19 -64
66.0185 37 -74
66.041769 33 -76
66.056553 32 -66
66.136593 26 -72
66.22993 11 -78
66.233613 20 -62
66.246825 17 -76
66.315781 13 -78
66.35393 14 -57
66.377804 4 -81
66.413072 18 -66
66.466704 22 -66
66.472911 23 -75
66.473306 24 -82
66.556037 6 -75
66.565844 9 -73
66.578851 29 -69
66.620186 8 -81
66.693678 21 -77
66.774845 2 -65
66.819011 7 -75
66.895221 27 -75
66.895974 36 -70
66.905339 15 -75
66.93308 5 -80
66.941843 25 -75
66.953349 34 -71
67.006444 19 -67
67.018517 37 -74
67.027396 38 -79
67.061359 32 -64
67.085126 10 -84
67.141641 26 -79
67.234745 11 -76
67.239851 20 -56
67.318635 13 -63
67.330035 12 -76
67.362088 14 -58
67.383288 4 -73
67.414303 18 -66
67.471297 22 -72
67.475887 23 -67
67.476743 24 -80
67.561787 6 -76
67.583835 29 -72
67.629085 8 -81
67.658546 1 -75
67.701419 21 -71
67.775995 2 -66
67.827538 7 -79
67.861615 16 -74
67.892141 3 -71
67.900576 27 -76
67.90334 36 -76
67.909358 15 -66
67.948424 35 -75
67.955652 34 -71
68.007436 19 -64
68.028054 37 -76
68.03306 38 -78
68.047321 33 -70
68.061343 32 -64
68.088563 10 -78
68.261484 17 -73
68.319841 13 -61
68.337931 12 -77
68.363898 14 -59
68.383828 4 -73
68.476959 22 -72
68.481304 23 -70
68.65993 1 -72
68.776992 2 -66
68.868437 16 -63
68.901903 27 -76
68.904389 36 -70
68.91124 15 -59
68.955699 35 -70
68.959584 25 -81
69.014775 19 -62
69.029658 37 -76
69.056124 33 -70
69.067399 32 -64
69.093434 10 -72
69.152836 26 -78
69.230256 28 -76
69.244069 11 -69
69.24781 20 -64
69.266632 17 -70
69.365831 14 -57
69.486619 22 -68
69.490322 23 -79
69.571669 6 -72
69.57992 9 -71
69.595177 29 -82
69.708051 21 -81
69.786748 2 -70
69.802632 30 -78
69.844166 7 -80
69.868972 16 -71
69.904755 27 -75
69.90769 3 -70
69.910015 36 -70
69.913702 15 -66
69.947029 5 -80
69.959696 25 -81
69.964134 35 -70
69.967369 34 -75
69.987465 31 -80
70.01476 19 -63
70.029705 37 -84
70.05858 33 -72
70.070648 32 -72
70.100806 10 -75
70.230879 28 -72
70.248341 20 -64
70.272298 17 -74
70.321032 13 -63
70.36697 14 -58
70.393208 4 -78
70.428828 18 -65
70.488 24 -75
70.491671 22 -72
70.497692 23 -73
70.574489 6 -73
70.584449 9 -72
70.670174 1 -64
70.717836 21 -70
70.808326 30 -83
70.871278 16 -64
70.909439 27 -76
70.91078 3 -68
70.91201 36 -69
70.921627 15 -64
70.97147 35 -69
70.974341 34 -77
71.019232 19 -69
71.031186 37 -74
71.054444 38 -80
71.068299 33 -68
71.078016 32 -68
71.103358 10 -76
71.169371 26 -80
71.234858 28 -74
71.253876 20 -59
71.279062 17 -76
71.326755 13 -65
71.374243 14 -56
71.430151 18 -64
71.575051 6 -72
71.591664 9 -70
71.599591 29 -84
71.652506 8 -81
71.673145 1 -63
71.724173 21 -69
71.78807 2 -75
71.911346 27 -81
71.914419 3 -70
71.919467 36 -76
71.924455 15 -71
71.966604 25 -78
71.975362 34 -73
71.979448 35 -67
72.004789 31 -82
72.027547 19 -62
72.039167 37 -81
72.071243 33 -70
72.086911 32 -73
72.177288 26 -73
72.238716 28 -74
72.256605 20 -64
72.26007 11 -85
72.327106 13 -63
72.351297 12 -78
72.377427 14 -58
72.402069 4 -79
72.432297 18 -64
72.501041 22 -66
72.501203 23 -82
72.575705 6 -77
72.60016 9 -70
72.677031 1 -66
72.72456 21 -69
72.791295 2 -69
72.816449 30 -83
72.860808 7 -86
72.886722 16 -77
72.918334 3 -68
72.918959 27 -69
72.923598 36 -72
72.931373 15 -58
72.969066 25 -78
72.983702 35 -66
73.030828 19 -69
73.062262 38 -78
73.081113 33 -70
73.090557 32 -75
73.243366 28 -75
73.264122 11 -70
73.266504 20 -58
73.287282 17 -82
73.328221 13 -58
73.360017 12 -81
73.378657 14 -61
73.441279 18 -72
73.4988 24 -87
73.506102 23 -78
73.508107 22 -65
73.580722 6 -76
73.600233 9 -74
73.618379 29 -80
73.678355 1 -66
73.73227 21 -66
73.796503 2 -73
73.825011 30 -87
73.864728 7 -72
73.921293 27 -73
73.926123 3 -82
73.929591 36 -78
73.939999 15 -61
73.987041 35 -76
73.988085 34 -76
74.016192 31 -85
74.031393 19 -66
74.045425 37 -77
74.063286 38 -70
74.088513 33 -75
74.187049 26 -72
74.248902 28 -80
74.267279 20 -56
74.274307 11 -72
74.290507 17 -74
74.363122 12 -79
74.386449 14 -55
74.414074 4 -64
74.44663 18 -69
74.509191 22 -62
74.601834 9 -70
74.623607 29 -78
74.681874 1 -64
74.735861 21 -62
74.868739 7 -73
74.89713 16 -64
74.922681 27 -78
74.931624 3 -76
74.949145 15 -53
74.973391 5 -78
74.979026 25 -79
74.990319 35 -73
74.992829 34 -80
75.016934 31 -82
75.03742 19 -64
75.045625 37 -74
75.065898 38 -74
75.103646 32 -79
75.187458 26 -83
75.257276 28 -72
75.271747 20 -54
75.282204 11 -76
75.33994 13 -66
75.371598 12 -73
75.422517 4 -71
75.446976 18 -72
75.509306 24 -72
75.509665 22 -66
75.509673 23 -82
75.587125 6 -77
75.611154 9 -72
75.631948 29 -80
75.682251 1 -73
75.743541 21 -62
75.903402 16 -64
75.923276 27 -75
75.93294 36 -70
75.991614 35 -70
76.046041 19 -62
76.046587 37 -74
76.067869 38 -70
76.099619 33 -74
76.107383 32 -75
76.134822 10 -75
76.278259 20 -55
76.289308 11 -75
76.34231 13 -64
76.377785 12 -72
76.39419 14 -59
76.42321 4 -78
76.44723 18 -68
76.511635 22 -58
76.515762 23 -82
76.518358 24 -74
76.597208 6 -70
76.61608 9 -70
76.638947 29 -84
76.678144 8 -85
76.690929 1 -63
76.747925 21 -67
76.806177 2 -78
76.879172 7 -80
76.907569 16 -56
76.933452 27 -80
76.944183 3 -71
76.961607 15 -59
76.985895 5 -80
76.996631 35 -69
76.997527 34 -78
77.029101 31 -72
77.048528 19 -71
77.053408 37 -80
77.11463 32 -78
77.136427 10 -80
77.19908 26 -82
77.285351 20 -64
77.29751 11 -74
77.3036 17 -64
77.346167 13 -75
77.397892 14 -61
77.448552 18 -66
77.516358 23 -74
77.526982 24 -68
77.604117 6 -70
77.617069 9 -70
77.643351 29 -82
77.695608 1 -70
77.750874 21 -58
77.811355 2 -77
77.915612 16 -62
77.933528 27 -70
77.946176 36 -70
77.950996 3 -70
77.986181 5 -78
77.999738 34 -76
78.031064 31 -77
78.055715 19 -81
78.058887 37 -74
78.069888 38 -66
78.105598 33 -79
78.202785 26 -76
78.277057 28 -80
78.292016 20 -76
78.30423 17 -73
78.355856 13 -72
78.38906 12 -70
78.399367 14 -70
78.457107 18 -66
78.520914 22 -60
78.60416 6 -66
78.620255 9 -83
78.645192 29 -82
78.689015 8 -78
78.700013 1 -74
78.752146 21 -56
78.814396 2 -72
78.849726 30 -79
78.923288 16 -64
78.948049 36 -67
78.956008 3 -64
78.96351 15 -56
79.002316 34 -75
79.079122 38 -72
79.126285 32 -71
79.203989 26 -81
79.300573 20 -58
79.398726 12 -76
79.4078 14 -70
79.442956 4 -80
79.466272 18 -77
79.523194 23 -69
79.527675 22 -57
79.532636 24 -76
79.621733 9 -81
79.646575 29 -70
79.691201 8 -84
79.701458 1 -70
79.759978 21 -59
79.820856 2 -71
79.854261 30 -78
79.898225 7 -78
79.924464 16 -56
79.950563 36 -70
79.956505 3 -77
79.970428 15 -54
79.996396 5 -69
80.008945 25 -82
80.016626 35 -70
80.06841 19 -78
80.080696 38 -69
80.120702 33 -83
80.134356 32 -77
80.162269 10 -79
80.304888 20 -74
80.309063 17 -71
80.321048 11 -74
80.364524 13 -70
80.408237 14 -78
80.451949 4 -68
80.467319 18 -73
80.527269 23 -69
80.532299 22 -58
80.537843 24 -73
80.606322 6 -68
80.655038 29 -76
80.692136 8 -83
80.704337 1 -80
80.764698 21 -66
80.827346 2 -81
80.931408 16 -55
80.946236 27 -75
80.957593 36 -64
80.963868 3 -80
80.97347 15 -55
80.996925 5 -70
81.009576 34 -82
81.021094 35 -58
81.040829 31 -76
81.071568 19 -74
81.074317 37 -71
81.084254 38 -66
81.125629 33 -74
81.136354 32 -72
81.165706 10 -73
81.207768 26 -74
81.308043 20 -70
81.316713 17 -62
81.324764 11 -71
81.409956 14 -69
81.452489 4 -81
81.467543 18 -74
81.536466 22 -58
81.536897 23 -80
81.5389 24 -79
81.609355 6 -70
81.662891 29 -69
81.696091 8 -84
81.705233 1 -76
81.770577 21 -62
81.934476 16 -52
81.965462 3 -72
81.967065 36 -65
81.978282 15 -54
82.002308 5 -76
82.011818 34 -79
82.021381 35 -70
82.028181 25 -87
82.050635 31 -71
82.074364 37 -80
82.077657 19 -69
82.08656 38 -71
82.126346 33 -77
82.145767 32 -72
82.174666 10 -76
82.316753 20 -76
82.321646 17 -60
82.332325 11 -82
82.374138 13 -74
82.418477 12 -73
82.454005 4 -68
82.538953 22 -53
82.539957 24 -70
82.667509 29 -69
82.714582 1 -76
82.770933 21 -58
82.839105 2 -72
82.876377 30 -78
82.92042 7 -82
82.938979 16 -57
82.961371 27 -75
82.970353 3 -74
82.975467 36 -64
82.983399 15 -54
83.007964 5 -78
83.018943 34 -80
83.022279 35 -69
83.031955 25 -82
83.083077 37 -77
83.087255 19 -76
83.091797 38 -67
83.134691 33 -76
83.148832 32 -72
83.175051 10 -73
83.221068 26 -74
83.312304 28 -76
83.324882 20 -63
83.326794 17 -64
83.335156 11 -75
83.375436 13 -72
83.422376 12 -69
83.424502 14 -67
83.453995 4 -75
83.545348 22 -54
83.550112 23 -70
83.615514 6 -72
83.668618 29 -69
83.775073 21 -62
83.844863 2 -72
83.947021 16 -56
83.962912 27 -83
83.97207 3 -65
84.016642 5 -80
84.023054 35 -68
84.029119 34 -81
84.087941 19 -74
84.098894 38 -69
84.137665 33 -75
84.17806 10 -76
84.32816 20 -72
84.336457 17 -69
84.376978 13 -75
84.428899 12 -71
84.431073 14 -70
84.454596 4 -70
84.481581 18 -73
84.546096 22 -53
84.551072 24 -70
84.615649 6 -74
84.642639 9 -77
84.677386 29 -84
84.712749 8 -78
84.775093 21 -58
84.953293 16 -63
84.966863 27 -76
84.980318 3 -66
84.991603 36 -68
84.992657 15 -56
85.023372 35 -80
85.025137 5 -73
85.031666 34 -78
85.043166 25 -82
85.089422 19 -70
85.09251 37 -74
85.105992 38 -71
85.145583 33 -75
85.162654 32 -71
85.179787 10 -74
85.237145 26 -79
85.318005 28 -71
85.332902 20 -74
85.341117 17 -69
85.344999 11 -76
85.432761 14 -68
85.438961 12 -70
85.456632 4 -74
85.485864 18 -76
85.552247 22 -54
85.620666 6 -70
85.649457 9 -80
85.680417 29 -72
85.722076 8 -82
85.775388 21 -61
85.859124 2 -74
85.89062 30 -83
85.932362 7 -80
85.960909 16 -58
85.970051 27 -77
85.981302 3 -74
85.994113 15 -57
86.001227 36 -69
86.024209 35 -79
86.034791 5 -74
86.039645 34 -78
86.094564 19 -77
86.095272 37 -74
86.115866 38 -69
86.152006 33 -79
86.171823 32 -73
86.243261 26 -82
86.326378 28 -70
86.34956 17 -69
86.35018 11 -86
86.394403 13 -70
86.435487 14 -74
86.446491 12 -66
86.465319 4 -71
86.488773 18 -82
86.560838 22 -56
86.562982 24 -67
86.569476 23 -76
86.623547 6 -72
86.732873 1 -72
86.776842 21 -59
86.96358 16 -56
86.980136 27 -73
86.987962 3 -77
87.000725 15 -78
87.007585 36 -68
87.027426 35 -78
87.040692 5 -75
87.043077 34 -76
87.064968 31 -75
87.103467 37 -68
87.118813 38 -70
87.159893 33 -83
87.17495 32 -74
87.194289 10 -76
87.327947 28 -70
87.342448 20 -69
87.355226 17 -69
87.358749 11 -70
87.440288 14 -73
87.450145 12 -64
87.470802 4 -74
87.563631 22 -64
87.565869 24 -74
87.57822 23 -76
87.630548 6 -73
87.656196 9 -84
87.684587 29 -72
87.737128 8 -83
87.741459 1 -76
87.785193 21 -60
87.868808 2 -72
87.901337 30 -72
87.971043 16 -60
87.989305 27 -76
88.004743 15 -67
88.011533 36 -68
88.043205 5 -76
88.044343 34 -77
88.070196 31 -78
88.101186 19 -79
88.113492 37 -71
88.122188 38 -70
88.177314 32 -73
88.202273 10 -79
88.337846 28 -76
88.363791 17 -69
88.45264 12 -67
88.478971 4 -71
88.497093 18 -84
88.569276 24 -65
88.572772 22 -59
88.586505 23 -74
88.640112 6 -78
88.69302 29 -73
88.741592 1 -74
88.746088 8 -84
88.785427 21 -63
88.873711 2 -74
88.911119 30 -73
88.975453 16 -57
88.995394 3 -76
89.008579 15 -72
89.011605 36 -72
89.043105 35 -81
89.044682 5 -64
89.071091 31 -76
89.108983 19 -76
89.123213 37 -66
89.130353 38 -75
89.170877 33 -82
89.184896 32 -78
89.203756 10 -83
89.253675 26 -78
89.353061 20 -72
89.368389 17 -70
89.371124 11 -80
89.447571 14 -83
89.456233 12 -68
89.487506 4 -66
89.500216 18 -82
89.576253 24 -70
89.577854 22 -65
89.592716 23 -70
89.647479 6 -80
89.670809 9 -84
89.697607 29 -78
89.742578 1 -72
89.747938 8 -83
89.787614 21 -56
89.878218 2 -78
89.983221 16 -60
89.999949 3 -78
90.00444 27 -68
90.011834 15 -71
90.020954 36 -66
90.047452 35 -70
90.053848 5 -69
90.074092 31 -73
90.133239 37 -70
90.138336 38 -76
90.185368 32 -70
90.209725 10 -78
90.256221 26 -77
90.339092 28 -74
90.358536 20 -76
90.37851 17 -64
90.411372 13 -70
90.466234 12 -77
90.493264 4 -75
90.504895 18 -78
90.5808 22 -76
90.585518 24 -58
90.602466 23 -72
90.756105 8 -77
90.797003 21 -63
90.884921 2 -79
90.985038 16 -56
91.004718 3 -69
91.014815 15 -69
91.030426 36 -76
91.056955 35 -78
91.061444 34 -74
91.079412 31 -75
91.116917 19 -77
91.135941 37 -73
91.14522 38 -69
91.179267 33 -75
91.188587 32 -72
91.260323 26 -83
91.340843 28 -74
91.359494 20 -78
91.385941 11 -75
91.387778 17 -68
91.452077 14 -76
91.468393 12 -71
91.498198 4 -75
91.58875 22 -76
91.594082 24 -57
91.609714 23 -78
91.651654 6 -70
91.687039 9 -83
91.706324 29 -87
91.754318 1 -80
91.761342 8 -78
91.805232 21 -66
91.915994 30 -83
91.966286 7 -76
91.989205 16 -64
92.00555 3 -70
92.019811 15 -67
92.039897 36 -70
92.061591 5 -74
92.067408 34 -78
92.086014 31 -79
92.121907 19 -78
92.144075 37 -72
92.185476 33 -78
92.224776 10 -84
92.266012 26 -72
92.365396 20 -68
92.388195 17 -62
92.392282 11 -69
92.421444 13 -80
92.469789 12 -74
92.506978 4 -70
92.593954 22 -74
92.596451 24 -58
92.614033 23 -72
92.688882 9 -82
92.714726 29 -67
92.757746 1 -76
92.811843 21 -64
92.895307 2 -80
92.923702 30 -83
92.993738 16 -63
93.016477 27 -83
93.021754 15 -68
93.043051 36 -76
93.062609 5 -85
93.073513 25 -82
93.077188 34 -78
93.088649 31 -74
93.125066 19 -76
93.146258 37 -72
93.156638 38 -65
93.189428 33 -76
93.203293 32 -72
93.273989 26 -76
93.365865 20 -76
93.389711 17 -64
93.396822 11 -76
93.508982 4 -76
93.517834 18 -80
93.599064 24 -58
93.603156 22 -78
93.614293 23 -63
93.65821 6 -69
93.69274 9 -77
93.719314 29 -72
93.763189 1 -75
93.819187 21 -70
93.895632 2 -77
93.930128 30 -72
93.972111 7 -73
94.003794 16 -65
94.021099 27 -81
94.030533 15 -68
94.050234 36 -67
94.075212 25 -84
94.077599 34 -81
94.096074 31 -75
94.133747 19 -70
94.149142 37 -72
94.164376 38 -67
94.195118 33 -76
94.365385 28 -75
94.367678 20 -68
94.394278 17 -57
94.485825 12 -71
94.607231 22 -78
94.607414 24 -58
94.620931 23 -71
94.767349 1 -84
94.825799 21 -70
94.902153 2 -76
94.934174 30 -82
94.979112 7 -78
95.004665 16 -70
95.017262 3 -72
95.023189 27 -77
95.033178 15 -71
95.051314 36 -72
95.069863 5 -84
95.103957 31 -74
95.151325 37 -71
95.166591 38 -75
95.201144 33 -78
95.370066 28 -78
95.376174 20 -74
95.402667 11 -81
95.429578 13 -81
95.465636 14 -75
95.490852 12 -76
95.610821 24 -57
95.629918 23 -59
95.671662 6 -84
95.726963 29 -75
95.768062 1 -75
95.835737 21 -66
95.90611 2 -80
95.934833 30 -83
95.981567 7 -82
96.014508 16 -62
96.023464 3 -75
96.027263 27 -77
96.036251 15 -76
96.052088 36 -70
96.088724 35 -82
96.090664 25 -78
96.146015 19 -74
96.15302 37 -72
96.172621 38 -78
96.201921 33 -77
96.279979 26 -82
96.381648 20 -73
96.406526 17 -64
96.412242 11 -64
96.433958 13 -75
96.472054 14 -76
96.491211 12 -72
96.519085 4 -84
96.618377 24 -57
96.633474 23 -59
96.730604 29 -76
96.768042 1 -76
96.836978 21 -69
96.911593 2 -80
96.938604 30 -75
97.021482 16 -62
97.026768 3 -72
97.032984 27 -75
97.041307 15 -72
97.056005 36 -70
97.092944 25 -80
97.11002 31 -74
97.158804 37 -70
97.174927 38 -79
97.218639 32 -80
97.28167 26 -78
97.373844 28 -83
97.391731 20 -74
97.414054 17 -63
97.418491 11 -83
97.443708 13 -75
97.479693 14 -76
97.500358 12 -72
97.623951 24 -57
97.674372 6 -83
97.73629 29 -75
97.774827 1 -76
97.792217 8 -85
97.920463 2 -79
97.948204 30 -79
98.025191 16 -63
98.032971 3 -72
98.03608 27 -74
98.051215 15 -79
98.060624 36 -69
98.086932 34 -79
98.097145 25 -79
98.112502 31 -74
98.159919 37 -70
98.177112 38 -77
98.219069 33 -78
98.22677 32 -75
98.284155 26 -78
98.379807 28 -78
98.400776 20 -72
98.416485 17 -64
98.446074 13 -76
98.503645 12 -71
98.527885 4 -81
98.556395 18 -83
98.625789 22 -77
98.629188 24 -56
98.644155 23 -60
98.7363 29 -76
98.784573 1 -76
98.842633 21 -79
98.955576 30 -78
99.03009 16 -64
99.033315 3 -72
99.042351 27 -73
99.053067 15 -70
99.060635 36 -71
99.090639 34 -81
99.116113 31 -74
99.158176 19 -71
99.169975 37 -70
99.186223 38 -76
99.224851 33 -78
99.230812 32 -76
99.404969 20 -72
99.424501 17 -64
99.450606 13 -78
99.506658 12 -70
99.566415 18 -82
99.631237 22 -75
99.631862 24 -57
99.651373 23 -61
99.684528 6 -78
99.788886 1 -78
99.932985 2 -76
99.961727 30 -76
100.033189 16 -64
100.036832 3 -73
100.050178 27 -73
100.054186 15 -80
100.061867 36 -70
100.10625 25 -80
100.124881 31 -77
100.166828 19 -70
100.171517 37 -70
100.191063 38 -76
100.227917 33 -76
100.293305 26 -78
100.39216 28 -83
100.413068 20 -70
100.430259 17 -64
100.459868 13 -77
100.496018 14 -78
100.508329 12 -70
100.539523 4 -81
100.631254 22 -72
100.640151 24 -63
100.654532 23 -61
100.693849 6 -78
100.746971 29 -74
100.970991 30 -75
101.037054 3 -72
101.039858 16 -64
101.056784 27 -75
101.058266 15 -76
101.10028 34 -76
101.11451 25 -81
101.115793 35 -81
101.12834 31 -79
101.175083 19 -73
101.1999 38 -76
101.233923 32 -78
101.296491 26 -78
101.401815 28 -78
101.436932 17 -63
101.465683 13 -74
101.502834 14 -78
101.508749 12 -71
101.542687 4 -80
101.578336 18 -77
101.63365 22 -76
101.648379 24 -56
101.662818 23 -63
101.6956 6 -78
101.748232 29 -75
101.793789 1 -77
101.948894 2 -84
101.97104 30 -76
102.002918 7 -85
102.046278 3 -73
102.046436 16 -64
102.056798 27 -73
102.067076 15 -80
102.069397 36 -71
102.122678 25 -80
102.123679 35 -73
102.131401 31 -68
102.1805 19 -75
102.184001 37 -77
102.20538 38 -76
102.300746 26 -80
102.421698 20 -70
102.44275 17 -60
102.509161 14 -74
102.509534 12 -72
102.547408 4 -79
102.580727 18 -76
102.639953 22 -70
102.650779 24 -58
102.666679 23 -63
102.70547 6 -74
102.755199 29 -72
102.802253 1 -78
102.86792 21 -76
102.954499 2 -83
103.050358 16 -65
103.052694 3 -76
103.060322 27 -73
103.068165 15 -76
103.075267 36 -68
103.094976 5 -77
103.132327 31 -75
103.189754 37 -78
103.208266 38 -68
103.304238 26 -78
103.425616 20 -67
103.444815 17 -59
103.512242 12 -72
103.514114 14 -75
103.555393 4 -75
103.586199 18 -79
103.648117 22 -84
103.659861 24 -75
103.672675 23 -64
103.756705 29 -70
103.810808 1 -78
103.876851 21 -70
103.989568 30 -76
104.004776 7 -79
104.059133 16 -75
104.062132 3 -81
104.0694 27 -81
104.076669 15 -78
104.101518 5 -79
104.120432 34 -78
104.140943 31 -76
104.1945 37 -73
104.217561 38 -75
104.242632 32 -83
104.243324 33 -79
104.313527 26 -77
104.413326 28 -69
104.425719 20 -76
104.45155 17 -61
104.458389 11 -76
104.562982 4 -78
104.595883 18 -82
104.667388 24 -79
104.678856 23 -64
104.721851 6 -69
104.766633 29 -73
104.813809 1 -77
104.878 21 -71
104.959056 2 -79
104.996726 30 -76
105.013914 7 -70
105.070391 27 -72
105.109311 5 -76
105.128686 34 -76
105.138456 35 -78
105.198118 37 -71
105.199588 19 -79
105.220447 38 -73
105.420327 28 -76
105.458772 17 -63
105.458931 11 -82
105.479051 13 -77
105.523396 12 -81
105.570358 4 -78
105.66295 22 -80
105.673113 24 -78
105.680336 23 -79
105.883299 21 -70
105.960267 2 -78
106.00361 30 -81
106.023418 7 -73
106.075095 16 -68
106.115944 5 -72
106.137824 34 -82
106.145091 35 -76
106.148135 31 -67
106.206709 37 -75
106.207324 19 -80
106.224951 38 -82
106.429677 28 -76
106.460847 11 -78
106.463248 17 -74
106.525707 12 -78
106.602708 18 -82
106.680687 23 -75
106.736555 6 -64
106.768697 29 -82
106.822131 1 -76
106.891346 21 -76
107.011165 30 -79
107.073167 27 -77
107.079018 16 -77
107.081564 3 -72
107.090098 15 -73
107.10241 36 -71
107.116809 5 -76
107.144785 25 -78
107.148511 31 -68
107.152 35 -78
107.260648 32 -74
107.317868 26 -77
107.429659 28 -73
107.467279 11 -76
107.467419 17 -76
107.528354 12 -70
107.534295 14 -78
107.572627 4 -76
107.682368 24 -75
107.687448 23 -70
107.742151 6 -68
107.970561 2 -67
108.035956 7 -61
108.079492 16 -80
108.087431 3 -77
108.092529 15 -77
108.121642 5 -79
108.147064 25 -84
108.215808 19 -83
108.216415 37 -76
108.234324 38 -78
108.269075 33 -72
108.439223 28 -70
108.469744 11 -80
108.531825 12 -74
108.537051 14 -83
108.57332 4 -77
108.690393 23 -70
108.749915 6 -63
108.78248 29 -72
108.782831 9 -81
108.83027 1 -84
108.898679 21 -81
108.980194 2 -75
109.015321 30 -73
109.042927 7 -64
109.084941 16 -71
109.085311 27 -66
109.093847 3 -69
109.096487 15 -78
109.110398 36 -72
109.160907 34 -77
109.16475 35 -76
109.22162 37 -74
109.2366 38 -67
109.272609 32 -77
109.317739 10 -86
109.32595 26 -80
109.445338 28 -61
109.451994 20 -64
109.473093 11 -79
109.537798 12 -82
109.543714 14 -77
109.674092 22 -83
109.692362 23 -79
109.759937 6 -74
109.789814 29 -83
109.905535 21 -84
109.989431 2 -82
110.016956 30 -70
110.043582 7 -64
110.086361 16 -76
110.111599 36 -70
110.164552 34 -76
110.174314 35 -83
110.222674 37 -75
110.223467 19 -86
110.244766 38 -66
110.278726 32 -70
110.281463 33 -78
110.334111 26 -74
110.447975 28 -64
110.515688 13 -82
110.58273 4 -83
110.691702 24 -77
110.762757 6 -79
110.799833 29 -76
110.840819 1 -74
110.911414 21 -78
111.047013 7 -70
111.087384 16 -84
111.087598 27 -65
111.150391 25 -81
111.17009 34 -75
111.174185 31 -74
111.24695 38 -70
111.28527 32 -78
111.290846 33 -80
111.452839 28 -72
111.482631 11 -81
111.486635 17 -76
111.555666 14 -73
111.589526 4 -79
111.69578 24 -78
111.707407 23 -84
111.801399 29 -76
111.848825 1 -84
111.920742 21 -80
112.002898 2 -80
112.027519 30 -76
112.089018 16 -70
112.094387 27 -70
112.114951 15 -79
112.118518 36 -76
112.125379 5 -76
112.173491 34 -76
112.182954 31 -72
112.23473 37 -76
112.251209 38 -78
112.285895 32 -73
112.34259 26 -79
112.453462 28 -65
112.483845 11 -81
112.591622 4 -83
112.699004 24 -77
112.708277 23 -80
112.766261 6 -76
112.804674 29 -64
112.857197 1 -86
112.929002 21 -79
113.02891 30 -72
113.054456 7 -77
113.095226 27 -72
113.110877 3 -82
113.122466 36 -76
113.173566 34 -76
113.184185 31 -76
113.23969 37 -75
113.253302 38 -67
113.286062 32 -70
113.307689 33 -79
113.351849 26 -74
113.462446 28 -66
113.530169 13 -81
113.559805 14 -81
113.600249 4 -82
113.701128 24 -76
113.715159 23 -78
113.86328 1 -78
114.01188 2 -78
114.034421 30 -72
114.064448 7 -71
114.099513 27 -79
114.126078 36 -76
114.136784 5 -82
114.179684 34 -76
114.186361 31 -76
114.189318 35 -78
114.260552 38 -70
114.286931 32 -73
114.308527 33 -81
114.469751 28 -66
114.53281 13 -78
114.567665 12 -81
114.70838 24 -77
114.718532 23 -78
114.780323 6 -73
114.816779 29 -71
114.867868 1 -79
114.94314 21 -80
115.021819 2 -79
115.04103 30 -76
115.068002 7 -73
115.102647 16 -78
115.105295 27 -73
115.127341 36 -78
115.18452 34 -75
115.192229 35 -73
115.194764 31 -73
115.252295 37 -80
115.263622 38 -70
115.289814 32 -73
115.311166 33 -77
115.370306 26 -83
115.475806 28 -66
115.540729 13 -78
115.575408 12 -80
115.607462 4 -82
115.717798 24 -85
115.72105 23 -79
115.781953 6 -73
115.822007 29 -68
115.874684 1 -83
116.028308 2 -80
116.04297 30 -83
116.0671 7 -72
116.107333 16 -78
116.110284 27 -71
116.135103 36 -78
116.150478 5 -84
116.190302 34 -78
116.195476 31 -68
116.200054 35 -72
116.255211 37 -81
116.264951 38 -70
116.295839 32 -72
116.479785 28 -66
116.546299 13 -78
116.583884 12 -80
116.612579 4 -82
116.730709 23 -70
116.782118 6 -72
116.824855 29 -69
117.037819 2 -80
117.049884 30 -80
117.076756 7 -74
117.109272 16 -78
117.11689 27 -70
117.141614 36 -76
117.152564 5 -80
117.198049 31 -68
117.198677 34 -77
117.264412 37 -74
117.274521 38 -72
117.305497 32 -72
117.316962 33 -79
117.373627 26 -80
117.485473 28 -66
117.552601 13 -78
117.57547 14 -82
117.588789 12 -80
117.619802 4 -82
117.700192 22 -80
117.727327 24 -81
117.733685 23 -80
117.788906 6 -73
117.834081 29 -70
117.884073 1 -84
118.04025 2 -80
118.080035 7 -74
118.124564 27 -78
118.144067 15 -77
118.146539 36 -75
118.154009 5 -75
118.200409 31 -68
118.271387 37 -76
118.281191 38 -70
118.314849 32 -59
118.324452 33 -78
118.383741 26 -85
118.495373 28 -67
118.578532 14 -78
118.590094 12 -81
118.626231 4 -82
118.701948 22 -82
118.728658 24 -81
118.740902 23 -79
118.793801 6 -74
118.969495 21 -76
119.048358 2 -75
119.086609 7 -74
119.114736 16 -73
119.130468 27 -71
119.152937 15 -82
119.153111 36 -73
119.155821 5 -67
119.196881 25 -84
119.208409 34 -80
119.208964 31 -70
119.280649 37 -69
119.287373 38 -71
119.322217 32 -74
119.328007 33 -76
119.391169 26 -72
119.503808 28 -68
119.516766 17 -81
119.527709 11 -81
119.587605 14 -30
119.59152 12 -81
119.741925 23 -81
119.797597 6 -75
119.847528 29 -75
119.897766 1 -85
119.969729 21 -76
120.05735 2 -76
120.061259 30 -79
120.087965 7 -75
120.11512 16 -74
120.13799 27 -73
120.152527 3 -81
120.158676 36 -72
120.214679 34 -83
120.219695 35 -72
120.282466 37 -64
120.290381 38 -71
120.322384 32 -77
120.333758 33 -76
120.395729 26 -74
120.50797 28 -66
120.533623 11 -80
120.564092 13 -78
120.595205 12 -79
120.712996 22 -78
120.736844 24 -82
120.749661 23 -82
120.804689 6 -75
120.857273 29 -72
120.974936 21 -73
121.066373 2 -78
121.116754 16 -76
121.14307 27 -75
121.161641 5 -79
121.167139 15 -71
121.168819 36 -72
121.207634 25 -84
121.219942 34 -81
121.228179 31 -67
121.284832 37 -74
121.29812 38 -65
121.40453 26 -78
121.512804 28 -66
121.530204 17 -75
121.538254 11 -79
121.60093 14 -77
121.714294 22 -81
121.759839 23 -76
121.806319 6 -74
121.865308 29 -70
121.913807 1 -83
121.978069 21 -81
122.064896 30 -69
122.075029 2 -78
122.099466 7 -70
122.117472 16 -76
122.143115 27 -64
122.160782 3 -78
122.169387 15 -77
122.178442 36 -71
122.209821 25 -76
122.230172 31 -64
122.287412 37 -72
122.299755 38 -66
122.332848 32 -76
122.340897 33 -77
122.407137 26 -78
122.520109 28 -68
122.538189 17 -79
122.545754 11 -83
122.658144 4 -83
122.716356 22 -79
122.743108 24 -78
122.810634 6 -76
122.866478 29 -65
122.91568 1 -75
123.066713 30 -72
123.1188 16 -78
123.145327 27 -74
123.214114 25 -84
123.228155 35 -67
123.232776 31 -57
123.2341 34 -74
123.293318 37 -66
123.306852 38 -64
123.334755 32 -72
123.342894 33 -81
123.409652 26 -71
123.521891 28 -61
123.611843 12 -75
123.659141 4 -78
123.765485 23 -76
123.818642 6 -75
123.873232 29 -65
123.925181 1 -76
124.066731 30 -70
124.08752 2 -76
124.11408 7 -72
124.151384 27 -64
124.175532 15 -84
124.17752 3 -76
124.181876 5 -79
124.195523 36 -74
124.214287 25 -81
124.238097 31 -56
124.296691 37 -64
124.338705 32 -70
124.343184 33 -75
124.387258 10 -83
124.414334 26 -80
124.552088 11 -75
124.613483 12 -78
124.724169 22 -83
124.745496 24 -82
124.826192 6 -71
124.880169 29 -64
125.073371 30 -74
125.122495 16 -82
125.124072 7 -85
125.160828 27 -66
125.181076 15 -73
125.184853 3 -70
125.189547 5 -78
125.196145 36 -65
125.232331 35 -70
125.242501 31 -69
125.246121 34 -82
125.304245 37 -63
125.319338 38 -61
125.345525 32 -67
125.423562 26 -72
125.521186 20 -83
125.531864 28 -63
125.54942 17 -82
125.552783 11 -66
125.618119 14 -76
125.755219 24 -82
125.826937 6 -77
125.90145 9 -87
125.940081 8 -78
126.002685 21 -75
126.079522 30 -70
126.106847 2 -71
126.123763 16 -78
126.127473 7 -72
126.162063 27 -69
126.188919 3 -76
126.189154 15 -78
126.205037 36 -68
126.232862 35 -83
126.242817 31 -74
126.31189 37 -51
126.324849 38 -59
126.349597 32 -72
126.351024 33 -75
126.388241 10 -83
126.429678 26 -72
126.534562 28 -60
126.556551 17 -85
126.596198 13 -77
126.625002 12 -76
126.625453 14 -77
126.698822 18 -86
126.727955 22 -80
126.834335 6 -66
126.938029 1 -61
126.942815 8 -82
127.081706 30 -73
127.125214 16 -67
127.134597 7 -68
127.165281 27 -60
127.191918 3 -54
127.196376 15 -70
127.210998 36 -58
127.23617 35 -66
127.250059 31 -64
127.256158 34 -75
127.317125 37 -55
127.333533 38 -58
127.355593 32 -75
127.360407 33 -70
127.431614 26 -66
127.539518 28 -58
127.560538 17 -78
127.569888 11 -87
127.674604 4 -81
127.758187 24 -80
127.784285 23 -80
127.895854 29 -74
127.939566 1 -72
128.082823 30 -63
128.124313 2 -77
128.127458 16 -68
128.144711 7 -70
128.175458 27 -66
128.192597 3 -72
128.212315 5 -78
128.220317 36 -67
128.236183 35 -76
128.253395 31 -83
128.260383 34 -66
128.319826 37 -54
128.334894 38 -51
128.365402 32 -69
128.369545 33 -66
128.434953 26 -65
128.530469 20 -78
128.544504 28 -65
128.566754 17 -75
128.629776 14 -76
128.733267 22 -86
128.767331 24 -84
128.844277 6 -80
128.903462 29 -70
128.949128 1 -80
129.089828 30 -54
129.129244 16 -70
129.130345 2 -72
129.151316 7 -76
129.196481 3 -71
129.203315 15 -70
129.216659 5 -81
129.223868 36 -76
129.242909 35 -70
129.257098 31 -70
129.270468 34 -72
129.32854 37 -54
129.342479 38 -53
129.365997 32 -75
129.372275 33 -81
129.550436 28 -52
129.569735 17 -79
129.636408 14 -78
129.679865 4 -74
129.793594 23 -80
129.852376 6 -68
129.910368 29 -72
129.954692 1 -75
130.031084 21 -82
130.099886 30 -57
130.134302 2 -76
130.136615 16 -70
130.153801 7 -74
130.190043 27 -68
130.21304 15 -70
130.224788 5 -83
130.228792 36 -77
130.252076 35 -74
130.256483 22 -77
130.266995 31 -73
130.277531 34 -67
130.319931 19 -82
130.336735 37 -54
130.351652 38 -54
130.372144 32 -75
130.380804 33 -70
130.407021 10 -87
130.44511 26 -72
130.550998 28 -56
130.581617 11 -80
130.641819 14 -76
130.684341 4 -78
130.854281 6 -76
130.963186 1 -74
131.109425 30 -63
131.139175 2 -83
131.146366 16 -68
131.155249 7 -83
131.193842 27 -56
131.206109 3 -73
131.237928 36 -64
131.256025 35 -77
131.259887 22 -77
131.268684 31 -76
131.285876 34 -63
131.339162 37 -54
131.352829 38 -60
131.380703 32 -77
131.381734 33 -71
131.45205 26 -85
131.542437 20 -78
131.560501 28 -54
131.584576 17 -70
131.643935 14 -81
131.660928 19 -85
131.802322 23 -83
131.857528 6 -82
131.91712 9 -77
131.917407 29 -57
132.116675 30 -64
132.144779 2 -82
132.202279 27 -54
132.207216 3 -72
132.23014 15 -70
132.23836 5 -75
132.243829 36 -61
132.257878 25 -80
132.261958 35 -69
132.268967 22 -76
132.287203 34 -64
132.344732 37 -53
132.360018 38 -60
132.381449 32 -66
132.381931 33 -70
132.457861 26 -59
132.518246 15 -72
132.565976 28 -46
132.568388 35 -66
132.592375 11 -73
132.59369 17 -75
132.646173 14 -78
132.692226 4 -68
132.72244 18 -80
132.810058 23 -78
132.865322 6 -78
132.917875 29 -57
132.976665 1 -70
133.050431 21 -76
133.072932 25 -65
133.126549 30 -65
133.17267 7 -80
133.192316 8 -79
133.196136 37 -54
133.204979 27 -66
133.213052 3 -66
133.245396 36 -60
133.247586 5 -81
133.287217 34 -65
133.368397 38 -59
133.382617 33 -72
133.3836 32 -72
133.459796 26 -64
133.524432 15 -72
133.570048 35 -65
133.574959 28 -50
133.601584 17 -78
133.602407 11 -80
133.655734 14 -78
133.671548 19 -83
133.693955 4 -70
133.815964 23 -79
133.871743 6 -75
133.925667 29 -55
133.985769 1 -70
134.050695 21 -77
134.052737 9 -85
134.074326 25 -65
134.101196 31 -75
134.127666 30 -64
134.155501 2 -82
134.163383 16 -68
134.177414 7 -78
134.19841 37 -54
134.212287 27 -57
134.213823 3 -67
134.252419 5 -79
134.254806 36 -61
134.281175 22 -81
134.292877 34 -61
134.371528 38 -58
134.387056 33 -82
134.388313 32 -81
134.466156 26 -61
134.531868 15 -72
134.534885 5 -78
134.558372 20 -80
134.584737 28 -51
134.610912 17 -72
134.621025 34 -73
134.642343 13 -70
134.663726 12 -83
134.664898 14 -78
134.754008 18 -87
134.825073 23 -78
134.873983 6 -76
134.929826 29 -61
134.942548 2 -74
134.992494 1 -72
135.074438 25 -67
135.132261 30 -70
135.169197 16 -67
135.17996 7 -76
135.206758 37 -55
135.214193 27 -56
135.217615 3 -67
135.258266 36 -60
135.258966 33 -78
135.374872 38 -58
135.396964 32 -66
135.473828 26 -65
135.531889 15 -75
135.535293 5 -78
135.582707 35 -66
135.584993 28 -49
135.610297 11 -78
135.615083 17 -76
135.620929 17 -81
135.621192 34 -73
135.647576 13 -73
135.667013 12 -83
135.673667 14 -79
135.710599 4 -69
135.791796 32 -62
135.855176 24 -83
135.883486 6 -77
135.931881 29 -66
135.946139 2 -74
136.001262 1 -72
136.058395 21 -81
136.077663 25 -66
136.11745 31 -71
136.135482 30 -69
136.176507 16 -68
136.189189 7 -76
136.206988 37 -56
136.219884 27 -57
136.226473 3 -66
136.261727 33 -76
136.266028 36 -62
136.287097 22 -80
136.328273 10 -86
136.379009 38 -58
136.473095 27 -54
136.481653 26 -63
136.507205 3 -69
136.536341 5 -76
136.537982 15 -75
136.586662 28 -51
136.588578 35 -63
136.616424 11 -81
136.626455 34 -72
136.630654 17 -83
136.649698 13 -72
136.677216 14 -76
136.713884 4 -70
136.756803 38 -69
136.792024 32 -62
136.834229 23 -79
136.880404 26 -64
136.884323 6 -77
136.936408 29 -54
136.950767 2 -74
137.003745 1 -70
137.069986 9 -83
137.083113 36 -58
137.08619 29 -58
137.124144 31 -73
137.142367 30 -66
137.159247 14 -76
137.179118 16 -66
137.194269 7 -78
137.207217 37 -52
137.23676 4 -69
137.26525 33 -76
137.296268 22 -67
137.387485 30 -68
137.450136 7 -84
137.465883 6 -84
137.516215 3 -69
137.539407 15 -71
137.543371 5 -76
137.58701 28 -51
137.626743 34 -75
137.674402 1 -68
137.758011 38 -70
137.793655 32 -63
137.880783 26 -64
137.932118 16 -72
137.960187 2 -76
138.078878 9 -81
138.091791 36 -59
138.12809 31 -73
138.169327 14 -74
138.197427 12 -83
138.21532 37 -54
138.238673 4 -69
138.267431 33 -76
138.296895 22 -83
138.387809 30 -69
138.459061 7 -84
138.471998 6 -80
138.488351 27 -54
138.51894 3 -68
138.543993 5 -78
138.544738 15 -69
138.59337 28 -52
138.597728 35 -63
138.635638 34 -73
138.641346 17 -83
138.642961 13 -84
138.68015 1 -69
138.762545 38 -64
138.799223 32 -61
138.868112 24 -80
138.883115 26 -66
138.936376 16 -71
139.092992 36 -59
139.100339 29 -60
139.101955 25 -70
139.137774 31 -72
139.176722 14 -74
139.221837 37 -63
139.241806 4 -69
139.275563 33 -70
139.299596 22 -75
139.391824 30 -65
139.467252 7 -80
139.474177 6 -83
139.496818 27 -54
139.519283 3 -68
139.553028 15 -72
139.597105 28 -52
139.600609 35 -51
139.604416 11 -82
139.638581 34 -72
139.646676 17 -81
139.681961 1 -70
139.77187 38 -64
139.780393 18 -72
139.801343 32 -62
139.937369 16 -71
139.972312 2 -73
140.037203 20 -78
140.087051 9 -72
140.096849 36 -61
140.104255 29 -61
140.105577 25 -69
140.147367 31 -76
140.180486 14 -74
140.211906 12 -81
140.223989 37 -66
140.245703 4 -68
140.284427 33 -69
140.348212 10 -84
140.395107 30 -64
140.472453 7 -76
140.482185 6 -83
140.500526 27 -54
140.519535 3 -69
140.548165 5 -78
140.561685 15 -71
140.600474 28 -50
140.60529 35 -57
140.606241 11 -79
140.647628 34 -70
140.687067 1 -70
140.773627 38 -65
140.785347 18 -78
140.804683 32 -74
140.939735 16 -71
140.975689 2 -76
141.087247 9 -68
141.101926 36 -61
141.104845 29 -58
141.107703 25 -69
141.184951 14 -80
141.232092 37 -72
141.25262 4 -70
141.298774 21 -82
141.395826 30 -63
141.486561 6 -78
141.504721 27 -58
141.520397 3 -71
141.551167 5 -73
141.606493 35 -52
141.607912 11 -78
141.609275 28 -53
141.652494 34 -70
141.659792 13 -72
141.68958 1 -69
141.900364 26 -64
141.980042 2 -72
142.093058 9 -82
142.104165 36 -57
142.105313 29 -60
142.110562 25 -66
142.159715 31 -73
142.192926 14 -75
142.221351 12 -83
142.238059 37 -67
142.294709 33 -72
142.308773 21 -74
142.400696 30 -64
142.485938 7 -73
142.52895 3 -74
142.553375 5 -74
142.577687 15 -80
142.609562 28 -53
142.614898 35 -58
142.660409 17 -75
142.661023 34 -63
142.665575 13 -70
142.691635 1 -66
142.718193 19 -84
142.784068 38 -68
142.811975 32 -68
142.90413 26 -60
142.942148 16 -66
143.106726 29 -60
143.111133 36 -54
143.114275 25 -66
143.163937 31 -78
143.198428 14 -78
143.224364 12 -78
143.312211 21 -78
143.408831 30 -70
143.44459 23 -84
143.486226 7 -55
143.490401 6 -80
143.522235 27 -51
143.610581 28 -60
143.619579 35 -52
143.619738 11 -80
143.665495 17 -72
143.665866 13 -76
143.669093 34 -66
143.696956 1 -74
143.72779 19 -82
143.792509 38 -69
143.804083 18 -81
143.813911 32 -61
143.893109 24 -80
143.90512 26 -59
143.945796 16 -68
143.980633 2 -76
144.109971 29 -54
144.119606 25 -66
144.119964 36 -73
144.170782 31 -75
144.201703 14 -69
144.25509 37 -73
144.266507 4 -72
144.306547 33 -61
144.366718 10 -81
144.418217 30 -63
144.496882 6 -76
144.545231 3 -68
144.568258 5 -76
144.613889 28 -58
144.627434 35 -49
144.629618 11 -81
144.67287 17 -72
144.675363 34 -60
144.797378 38 -67
144.821981 32 -66
144.902099 24 -80
144.90916 26 -52
144.95216 16 -76
144.986909 2 -79
145.110988 29 -56
145.114182 9 -78
145.120298 25 -59
145.127116 36 -70
145.17183 31 -80
145.209739 14 -73
145.233259 12 -76
145.2642 37 -69
145.275713 4 -80
145.307904 33 -61
145.324061 21 -82
145.427176 30 -67
145.533617 27 -52
145.588857 15 -71
145.623972 28 -56
145.673775 17 -69
145.675022 13 -69
145.678551 34 -62
145.711716 1 -70
145.807436 38 -73
145.811427 18 -78
145.830052 32 -65
145.917352 26 -53
145.95361 16 -77
145.990408 2 -72
146.116399 29 -72
146.125567 25 -78
146.13088 36 -58
146.209932 14 -72
146.239171 12 -78
146.312282 33 -63
146.344569 22 -83
146.376063 10 -78
146.431863 30 -69
146.513569 6 -78
146.542328 27 -50
146.553303 3 -73
146.62987 35 -52
146.631704 28 -57
146.675159 13 -84
146.679908 34 -63
146.681974 17 -74
146.715511 1 -64
146.741141 19 -83
146.836749 32 -67
146.913032 24 -58
146.924047 26 -62
146.958205 16 -67
147.123149 9 -70
147.124892 29 -60
147.132637 25 -64
147.133272 36 -64
147.212963 14 -79
147.247952 12 -83
147.283213 37 -71
147.321482 33 -66
147.3849 10 -84
147.434169 30 -76
147.459148 23 -83
147.54631 27 -46
147.602235 15 -70
147.634646 28 -60
147.637633 35 -51
147.64745 11 -79
147.678745 13 -71
147.683154 17 -75
147.685689 34 -70
147.725469 1 -63
147.817969 38 -76
147.839723 32 -70
147.91833 24 -77
147.932422 26 -60
147.965728 16 -71
148.12899 9 -78
148.133604 25 -60
148.135266 36 -58
148.186661 31 -73
148.219503 14 -72
148.291034 4 -71
148.321526 33 -65
148.385346 10 -84
148.505366 7 -82
148.517652 6 -76
148.555022 27 -48
148.565037 3 -77
148.608053 15 -76
148.637799 35 -50
148.642593 28 -75
148.648694 11 -82
148.684071 13 -70
148.689579 34 -63
148.692269 17 -70
148.730973 1 -64
148.827569 38 -64
148.933136 26 -71
148.973953 16 -72
149.133976 29 -58
149.138818 36 -60
149.14223 25 -62
149.192378 31 -75
149.225647 14 -69
149.256938 12 -78
149.290722 37 -76
149.297616 4 -73
149.440308 30 -69
149.513375 7 -79
149.559919 27 -60
149.569317 3 -70
149.592361 5 -80
149.644649 28 -60
149.647241 35 -51
149.692479 13 -75
149.731838 1 -66
149.828257 38 -76
149.831913 18 -81
149.851195 32 -65
149.930758 24 -87
149.934217 26 -59
149.980683 16 -66
150.008524 2 -82
150.1378 29 -60
150.142765 36 -67
150.143471 25 -63
150.201848 31 -73
150.279974 8 -83
150.306243 4 -82
150.331717 33 -58
150.370939 22 -80
150.441881 30 -81
150.517172 7 -81
150.565762 27 -59
150.57903 3 -74
150.649694 35 -51
150.650124 28 -64
150.695699 13 -73
150.699281 34 -64
150.701892 17 -72
150.736242 1 -64
150.763509 19 -83
150.860578 32 -66
150.942866 26 -64
151.009613 2 -74
151.143736 25 -61
151.147704 9 -78
151.151779 36 -63
151.204909 31 -77
151.238636 14 -75
151.261286 12 -78
151.292952 37 -73
151.312061 4 -78
151.334019 33 -64
151.378065 22 -84
151.449772 30 -74
151.526219 7 -78
151.57484 27 -51
151.600378 5 -84
151.652087 35 -55
151.654469 28 -61
151.695806 13 -80
151.701217 34 -61
151.709602 17 -72
151.74556 1 -64
151.766729 19 -79
151.869197 32 -66
151.946327 26 -58
151.990908 16 -71
152.010518 2 -76
152.143191 29 -75
152.151973 36 -72
152.152667 25 -70
152.288496 8 -85
152.317606 4 -73
152.334674 33 -62
152.364849 21 -76
152.529588 7 -83
152.584131 27 -49
152.587346 3 -76
152.656768 35 -64
152.666071 28 -68
152.671217 11 -77
152.699483 13 -75
152.712827 17 -76
152.747524 1 -64
152.769185 19 -81
152.847291 38 -68
152.874551 32 -72
152.951192 26 -61
153.012553 2 -76
153.14555 29 -63
153.158179 36 -66
153.160012 25 -66
153.209141 31 -75
153.304276 37 -70
153.34009 33 -60
153.374238 21 -78
153.463448 30 -70
153.493573 23 -83
153.539215 7 -81
153.588879 3 -76
153.591836 27 -47
153.613156 5 -81
153.62311 15 -81
153.665722 35 -62
153.666212 28 -58
153.675909 11 -81
153.703558 13 -70
153.70976 34 -62
153.719561 17 -74
153.757666 1 -62
153.843275 18 -77
153.854206 38 -67
153.879204 32 -69
153.998906 16 -73
154.017974 2 -75
154.145927 29 -63
154.160155 25 -64
154.162249 36 -67
154.251178 14 -75
154.274476 12 -81
154.312348 37 -72
154.340806 33 -63
154.37496 21 -76
154.469355 30 -74
154.501248 23 -81
154.548914 6 -79
154.593556 3 -76
154.601584 27 -48
154.621162 5 -73
154.63015 15 -75
154.669854 35 -70
154.670984 28 -61
154.679076 11 -81
154.704031 13 -72
154.713862 34 -52
154.722939 17 -73
154.764115 1 -62
154.77712 19 -83
154.862768 38 -67
154.884314 32 -64
154.962814 26 -63
155.003378 16 -72
155.0266 2 -72
155.146638 29 -56
155.165342 36 -66
155.166706 25 -66
155.169482 9 -81
155.213769 31 -81
155.258023 14 -79
155.279228 12 -78
155.297737 8 -83
155.313768 37 -72
155.333354 4 -82
155.341309 33 -54
155.381022 21 -80
155.388383 22 -81
155.419958 10 -83
155.478558 30 -78
155.553187 7 -84
155.557502 6 -80
155.600705 3 -68
155.608374 27 -51
155.628162 5 -78
155.673956 35 -64
155.6771 28 -58
155.679771 11 -84
155.704322 13 -84
155.71818 34 -56
155.77148 1 -62
155.780461 19 -78
155.863793 38 -70
155.886739 32 -58
155.965939 26 -55
156.009101 16 -67
156.030465 2 -74
156.124124 20 -81
156.14854 29 -71
156.172189 36 -83
156.175759 25 -58
156.217929 31 -72
156.266272 14 -75
156.305019 8 -81
156.315219 37 -70
156.340485 4 -72
156.346572 33 -58
156.396242 22 -81
156.603521 3 -68
156.615743 27 -48
156.644626 15 -68
156.681565 11 -77
156.682299 35 -77
156.684833 28 -64
156.706992 13 -70
156.724541 34 -65
156.740404 17 -81
156.772101 1 -64
156.786702 19 -77
156.853466 18 -76
156.888584 32 -67
156.974557 26 -60
157.019279 16 -66
157.033415 2 -70
157.149862 29 -68
157.181538 36 -62
157.183043 25 -58
157.225965 31 -76
157.323962 37 -74
157.346152 4 -75
157.349943 33 -48
157.492112 30 -76
157.52287 23 -77
157.561067 6 -78
157.617741 27 -48
157.634714 5 -82
157.651055 15 -74
157.688049 35 -71
157.694396 28 -63
157.708656 13 -78
157.726264 34 -68
157.782121 1 -83
157.894946 32 -52
157.984487 26 -53
158.02668 16 -84
158.150482 29 -62
158.18996 25 -56
158.230858 31 -75
158.277705 14 -79
158.325657 37 -72
158.35014 33 -64
158.35374 4 -76
158.396523 21 -83
158.493442 30 -79
158.529599 23 -83
158.562086 6 -83
158.573307 7 -82
158.610006 3 -72
158.62575 27 -56
158.652357 15 -76
158.688397 35 -70
158.703136 28 -78
158.732625 34 -68
158.784206 1 -70
158.796955 19 -78
158.867127 18 -78
158.89679 32 -58
158.990817 26 -45
159.027337 16 -75
159.045998 2 -78
159.155772 29 -76
159.195413 25 -56
159.196361 36 -64
159.24048 31 -78
159.284795 14 -72
159.311788 12 -80
159.326467 37 -76
159.35345 33 -58
159.360078 4 -82
159.500783 30 -76
159.618711 3 -75
159.633424 27 -62
159.659458 15 -74
159.690149 11 -78
159.695733 35 -73
159.709679 28 -66
159.739231 34 -75
159.756761 17 -81
159.797398 19 -76
159.886415 38 -80
159.905776 32 -54
159.99202 26 -54
160.032328 16 -73
160.050168 2 -75
160.157002 29 -66
160.197135 36 -70
160.198271 25 -57
160.247783 31 -76
160.287154 14 -76
160.336035 37 -78
160.35621 33 -54
160.364493 4 -76
160.510383 30 -76
160.571022 6 -82
160.628423 3 -79
160.636277 27 -60
160.713322 28 -76
160.720787 13 -80
160.740771 34 -78
160.76438 17 -82
160.797288 1 -79
160.800922 19 -78
160.878346 18 -76
160.890796 38 -63
160.909483 32 -58
161.036037 16 -72
161.15927 29 -79
161.198384 25 -57
161.205263 36 -66
161.247733 31 -77
161.287103 14 -74
161.361412 33 -54
161.368146 4 -73
161.404823 21 -80
161.4627 10 -84
161.544233 23 -79
161.576679 6 -73
161.638562 3 -72
161.644409 27 -64
161.673079 15 -77
161.691844 11 -79
161.699573 35 -70
161.748933 34 -76
161.804195 1 -78
161.807804 19 -80
161.892553 38 -74
162.003367 26 -61
162.06034 2 -76
162.159311 29 -74
162.199015 25 -56
162.21507 36 -77
162.291721 14 -78
162.370215 33 -54
162.377382 4 -75
162.471843 10 -83
162.522106 30 -81
162.582184 6 -77
162.647938 3 -70
162.650831 27 -67
162.698184 11 -76
162.727201 28 -66
162.752884 34 -74
162.812933 1 -74
162.81795 19 -82
162.898857 38 -75
162.925684 32 -55
163.009727 26 -58
163.045987 16 -74
163.064663 2 -76
163.16106 29 -69
163.20285 25 -57
163.215569 36 -78
163.296278 14 -77
163.377248 33 -54
163.378532 4 -74
163.414475 21 -78
163.655752 27 -74
163.657925 3 -70
163.676405 5 -86
163.685572 15 -72
163.70309 11 -76
163.814774 1 -72
163.884418 18 -76
163.900126 38 -75
163.929543 32 -56
164.019565 26 -60
164.07448 2 -79
164.170805 29 -72
164.20464 25 -59
164.218846 36 -75
164.350656 37 -74
164.382846 33 -54
164.420873 21 -79
164.5917 6 -76
164.657543 27 -62
164.665867 3 -70
164.685836 15 -76
164.722009 35 -73
164.735251 28 -66
164.7617 34 -72
164.787349 17 -87
164.82156 1 -73
164.904477 38 -72
164.93853 32 -53
165.022966 26 -60
165.063597 16 -76
165.077063 2 -78
165.180366 29 -68
165.208567 25 -58
165.22139 36 -73
165.306582 14 -76
165.355371 37 -81
165.384403 4 -74
165.388262 33 -54
165.537692 30 -78
165.557112 23 -85
165.594337 6 -78
165.663997 27 -61
165.665844 3 -70
165.682896 5 -82
165.710889 11 -75
165.745303 28 -68
165.763057 34 -69
165.830664 1 -72
165.908034 38 -76
166.03079 26 -61
166.063949 16 -67
166.080715 2 -77
166.189927 29 -78
166.226344 36 -68
166.385583 4 -74
166.565062 23 -83
166.597858 6 -76
166.664859 27 -69
166.68422 5 -80
166.714879 11 -69
166.752395 28 -70
166.755334 13 -76
166.917908 38 -76
166.95525 32 -55
167.031169 26 -51
167.072389 16 -76
167.083908 2 -69
167.191554 29 -69
167.227118 36 -75
167.319784 14 -74
167.392226 4 -72
167.403793 33 -54
167.571852 23 -82
167.599763 6 -75
167.673702 3 -69
167.694026 5 -79
167.723752 11 -75
167.833676 1 -73
167.923358 38 -72
167.964907 32 -54
168.034172 26 -67
168.074083 16 -77
168.200383 29 -68
168.232287 36 -72
168.326874 14 -74
168.551446 30 -82
168.674935 27 -57
168.675023 3 -70
168.757515 28 -67
168.763177 13 -79
168.834296 1 -76
168.925176 38 -78
169.038702 26 -61
169.23776 36 -77
169.333658 14 -80
169.676282 3 -73
169.7689 13 -80
169.842088 1 -75
170.204706 29 -73
