5.689599999999935,2.908299999999966
5.689599869178913,2.9082999315968174
5.689599999760767,2.908299999883157
5.689596321601473,2.9083183919926316
5.514572546989452,3.7834372650527395
5.511799999997691,3.7973
5.511769629394775,3.797299999965019
3.6573743507123573,3.7972999999999955
1.8034000000071813,3.7973000000000003
1.8042408939069634,3.7971076444628755
5.51786151573938,6.543320467442754
5.5118,6.6802
5.511800415976634,6.680191175314874
5.5118,6.6802
5.5118,6.6802
5.689592016874163,2.9082958258090663
