Beacon Rssi
1 -76
1 -60
1 -61
1 -61
1 -64
1 -66
1 -69
1 -63
1 -62
1 -61
1 -66
1 -64
1 -64
1 -64
1 -62
1 -62
1 -62
1 -61
1 -71
1 -60
1 -60
1 -61
1 -61
1 -62
1 -62
1 -61
1 -65
1 -66
1 -66
1 -70
1 -71
1 -76
1 -75
1 -72
1 -74
1 -61
1 -61
1 -66
1 -64
1 -68
1 -64
1 -30
1 -69
1 -62
1 -61
1 -61
1 -62
1 -62
2 -66
2 -69
2 -75
2 -77
2 -70
2 -73
2 -72
2 -78
2 -70
2 -82
2 -72
2 -72
2 -69
2 -71
2 -66
2 -69
2 -69
2 -69
2 -69
2 -68
2 -70
2 -67
2 -67
2 -68
2 -67
2 -66
2 -72
2 -72
2 -72
2 -70
2 -70
2 -71
2 -71
2 -71
2 -66
2 -53
2 -74
2 -76
2 -72
2 -79
2 -68
2 -67
2 -68
2 -70
2 -69
3 -68
3 -67
3 -67
3 -70
3 -81
3 -80
3 -69
3 -69
3 -79
3 -80
3 -83
3 -84
3 -77
3 -76
3 -77
3 -79
3 -77
3 -76
3 -72
3 -30
3 -71
3 -71
3 -76
3 -76
3 -80
3 -70
3 -70
3 -70
3 -72
3 -80
3 -78
3 -76
3 -75
4 -72
4 -73
4 -76
4 -75
4 -74
4 -76
4 -70
4 -76
4 -74
4 -72
4 -73
4 -73
4 -73
4 -74
4 -74
4 -74
4 -75
4 -75
4 -75
4 -75
4 -75
4 -76
4 -72
4 -76
4 -76
4 -76
4 -76
4 -76
4 -75
4 -76
4 -72
4 -76
4 -71
4 -76
4 -78
4 -77
4 -78
4 -76
4 -79
4 -77
5 -80
5 -80
5 -79
5 -84
5 -83
5 -79
5 -75
5 -80
5 -77
5 -76
5 -75
5 -76
5 -30
5 -73
5 -74
5 -74
5 -78
5 -79
6 -78
6 -82
6 -75
6 -77
6 -78
6 -78
6 -72
6 -75
6 -77
6 -78
6 -78
6 -77
6 -79
6 -77
6 -76
6 -78
6 -80
6 -82
6 -72
6 -70
6 -74
6 -72
6 -71
6 -73
6 -75
6 -72
6 -73
6 -74
6 -75
6 -72
6 -72
6 -70
6 -72
6 -71
6 -74
6 -78
6 -77
6 -78
6 -75
6 -77
7 -83
7 -81
7 -80
7 -81
7 -84
7 -84
7 -77
7 -79
7 -83
7 -81
7 -82
7 -82
7 -73
7 -79
7 -84
7 -85
7 -84
8 -80
8 -76
8 -82
8 -78
8 -75
8 -77
8 -84
8 -85
8 -77
8 -76
8 -76
8 -77
8 -76
8 -75
8 -75
8 -82
8 -78
8 -80
8 -77
8 -77
8 -79
8 -78
8 -79
8 -78
8 -77
8 -79
8 -76
8 -80
8 -80
8 -79
8 -78
9 -76
9 -74
9 -78
9 -78
9 -67
9 -70
9 -70
9 -76
9 -78
9 -70
9 -72
9 -75
9 -77
9 -78
9 -76
9 -76
9 -76
9 -72
9 -72
9 -70
9 -66
9 -68
9 -70
9 -69
9 -70
9 -71
9 -70
9 -70
9 -68
9 -68
9 -66
9 -68
9 -69
9 -70
9 -66
9 -66
9 -67
9 -66
9 -66
9 -66
9 -66
10 -83
10 -82
10 -83
10 -79
10 -76
10 -78
10 -76
10 -84
10 -79
10 -80
10 -80
10 -79
10 -79
10 -80
10 -83
10 -79
10 -70
10 -78
10 -79
10 -81
10 -84
11 -79
11 -79
11 -77
11 -75
11 -74
11 -78
11 -76
11 -80
11 -76
11 -78
11 -76
11 -80
11 -82
11 -78
11 -78
11 -78
11 -78
11 -73
11 -76
11 -76
11 -76
11 -81
11 -81
11 -82
11 -76
11 -84
11 -83
11 -80
11 -82
11 -84
11 -84
12 -82
12 -77
12 -76
12 -74
12 -70
12 -71
12 -72
12 -70
12 -75
12 -77
12 -75
12 -71
12 -70
12 -72
12 -71
12 -72
12 -72
12 -72
12 -73
12 -73
12 -73
12 -73
12 -76
12 -70
12 -74
12 -75
12 -73
12 -72
12 -71
12 -70
12 -72
12 -72
12 -73
12 -73
12 -75
12 -75
12 -70
12 -75
12 -75
12 -72
12 -74
12 -72
12 -70
13 -73
13 -72
13 -72
13 -68
13 -72
13 -72
13 -60
13 -64
13 -66
13 -69
13 -67
13 -74
13 -67
13 -70
13 -71
13 -71
13 -68
13 -67
13 -57
13 -67
13 -64
13 -65
13 -67
13 -68
13 -68
13 -67
13 -64
13 -73
13 -78
13 -64
13 -79
13 -81
13 -76
13 -74
13 -72
13 -65
13 -67
13 -71
13 -71
13 -69
13 -68
13 -70
13 -70
13 -70
13 -69
13 -69
13 -70
13 -68
14 -52
14 -52
14 -52
14 -54
14 -51
14 -53
14 -58
14 -58
14 -54
14 -59
14 -57
14 -58
14 -53
14 -54
14 -56
14 -58
14 -58
14 -58
14 -58
14 -59
14 -59
14 -59
14 -53
14 -53
14 -53
14 -58
14 -61
14 -60
14 -61
14 -57
14 -61
14 -60
14 -59
14 -60
14 -60
14 -54
14 -55
14 -57
14 -56
14 -54
14 -54
14 -58
14 -63
14 -68
14 -62
14 -61
14 -61
15 -63
15 -75
15 -72
15 -72
15 -82
15 -68
15 -61
15 -62
15 -61
15 -60
15 -62
15 -60
15 -61
15 -60
15 -61
15 -61
15 -61
15 -61
15 -60
15 -61
15 -61
15 -62
15 -60
15 -64
15 -61
15 -61
15 -61
15 -63
15 -61
15 -60
15 -61
15 -61
15 -61
15 -63
15 -67
15 -74
15 -74
15 -64
15 -66
15 -64
15 -65
15 -65
16 -66
16 -65
16 -66
16 -64
16 -70
16 -66
16 -68
16 -69
16 -68
16 -69
16 -70
16 -81
16 -66
16 -68
16 -70
16 -65
16 -67
16 -65
16 -65
16 -64
16 -64
16 -64
16 -64
16 -68
16 -66
16 -66
16 -67
16 -66
16 -64
16 -63
16 -66
16 -65
16 -65
16 -64
16 -63
16 -64
16 -63
16 -66
16 -66
16 -75
16 -62
16 -61
16 -63
16 -70
16 -64
16 -64
16 -64
16 -65
16 -64
16 -65
17 -72
17 -74
17 -74
17 -77
17 -74
17 -83
17 -72
17 -67
17 -66
17 -64
17 -72
17 -83
17 -78
17 -67
17 -66
17 -66
17 -66
17 -66
17 -65
17 -66
17 -72
17 -72
17 -68
17 -84
17 -77
17 -72
17 -72
17 -70
17 -69
17 -70
17 -70
17 -69
17 -76
17 -73
17 -73
17 -74
17 -75
17 -72
17 -69
17 -75
17 -72
17 -74
17 -74
17 -74
17 -75
18 -67
18 -67
18 -69
18 -69
18 -71
18 -66
18 -66
18 -63
18 -64
18 -63
18 -64
18 -69
18 -70
18 -63
18 -62
18 -62
18 -63
18 -62
18 -62
18 -62
18 -62
18 -66
18 -66
18 -66
18 -66
18 -65
18 -68
18 -66
18 -74
18 -75
18 -71
18 -73
18 -73
18 -66
18 -65
18 -66
18 -67
18 -67
18 -72
18 -64
18 -64
18 -64
18 -64
18 -64
19 -76
19 -66
19 -66
19 -62
19 -60
19 -63
19 -68
19 -72
19 -65
19 -71
19 -70
19 -64
19 -69
19 -72
19 -72
19 -72
19 -73
19 -75
19 -76
19 -76
19 -75
19 -66
19 -69
19 -72
19 -73
19 -65
19 -66
19 -65
19 -67
19 -69
19 -68
19 -86
19 -84
19 -70
19 -70
19 -64
19 -68
19 -64
19 -75
19 -78
19 -73
19 -76
20 -62
20 -64
20 -64
20 -62
20 -60
20 -70
20 -60
20 -59
20 -59
20 -61
20 -64
20 -61
20 -60
20 -58
20 -58
20 -58
20 -58
20 -57
20 -56
20 -57
20 -63
20 -66
20 -66
20 -66
20 -61
20 -63
20 -64
20 -64
20 -64
20 -65
20 -66
20 -65
20 -65
20 -62
20 -62
20 -61
20 -61
20 -62
20 -62
20 -62
20 -62
20 -61
20 -61
20 -61
21 -72
21 -70
21 -72
21 -66
21 -66
21 -72
21 -72
21 -73
21 -76
21 -74
21 -72
21 -70
21 -70
21 -69
21 -68
21 -68
21 -67
21 -68
21 -67
21 -68
21 -68
21 -69
21 -64
21 -64
21 -67
21 -70
21 -70
21 -70
21 -70
21 -71
21 -70
21 -67
21 -66
21 -66
21 -65
21 -68
21 -64
21 -65
21 -66
21 -66
21 -65
21 -65
21 -65
21 -65
22 -70
22 -67
22 -66
22 -67
22 -70
22 -76
22 -70
22 -72
22 -70
22 -84
22 -72
22 -64
22 -66
22 -68
22 -76
22 -75
22 -75
22 -76
22 -77
22 -76
22 -76
22 -66
22 -66
22 -66
22 -70
22 -71
22 -66
22 -64
22 -66
22 -69
22 -69
22 -70
22 -68
22 -70
22 -64
22 -64
22 -64
22 -66
22 -65
22 -66
22 -65
22 -67
22 -64
22 -64
22 -65
22 -64
22 -64
23 -76
23 -83
23 -82
23 -74
23 -69
23 -70
23 -70
23 -70
23 -70
23 -73
23 -73
23 -70
23 -70
23 -71
23 -71
23 -71
23 -71
23 -71
23 -72
23 -74
23 -75
23 -74
23 -74
23 -73
23 -72
23 -79
23 -77
23 -76
23 -76
23 -77
23 -76
23 -75
23 -73
23 -59
23 -72
23 -69
23 -77
23 -76
23 -76
23 -76
23 -74
23 -75
24 -72
24 -71
24 -71
24 -72
24 -76
24 -79
24 -78
24 -83
24 -83
24 -83
24 -85
24 -76
24 -76
24 -76
24 -78
24 -78
24 -78
24 -79
24 -79
24 -80
24 -76
24 -75
24 -79
24 -78
24 -81
24 -77
24 -82
24 -75
24 -75
24 -74
24 -72
24 -72
25 -78
25 -78
25 -76
25 -77
25 -76
25 -76
25 -76
25 -50
25 -81
25 -76
25 -79
25 -72
25 -75
25 -77
25 -79
25 -78
25 -79
25 -80
25 -82
25 -82
25 -72
25 -72
25 -82
25 -81
26 -84
26 -76
26 -74
26 -80
26 -82
26 -72
26 -75
26 -76
26 -72
26 -74
26 -72
26 -70
26 -70
26 -70
26 -69
26 -69
26 -69
26 -74
26 -74
26 -75
26 -75
26 -73
26 -71
26 -77
26 -77
26 -78
26 -77
26 -79
26 -76
26 -73
26 -76
26 -76
26 -80
26 -76
26 -86
26 -78
26 -78
26 -80
26 -82
27 -73
27 -73
27 -75
27 -76
27 -73
27 -79
27 -78
27 -83
27 -72
27 -74
27 -73
27 -75
27 -75
27 -77
27 -75
27 -75
27 -78
27 -77
27 -77
27 -74
27 -74
27 -76
27 -77
27 -79
27 -80
27 -78
27 -81
27 -83
27 -77
27 -76
27 -78
27 -84
27 -78
28 -77
28 -76
28 -81
28 -78
28 -76
28 -76
28 -78
28 -76
28 -73
28 -78
28 -79
28 -80
28 -81
28 -80
28 -83
28 -80
28 -83
28 -81
28 -83
28 -76
28 -77
28 -77
28 -78
28 -82
28 -78
28 -84
28 -63
28 -76
29 -82
29 -83
29 -83
29 -80
29 -77
29 -78
29 -75
29 -71
29 -74
29 -74
29 -82
29 -79
29 -77
29 -76
29 -76
29 -82
29 -76
29 -78
29 -79
29 -79
29 -75
29 -77
29 -76
29 -78
29 -82
29 -83
29 -84
29 -84
29 -84
29 -82
30 -82
30 -78
30 -79
30 -79
30 -85
30 -78
30 -87
30 -84
30 -83
30 -80
30 -81
30 -74
30 -81
30 -82
30 -80
30 -78
30 -83
30 -78
30 -84
31 -78
31 -78
31 -76
31 -78
31 -79
31 -76
31 -78
31 -80
31 -83
31 -85
31 -84
31 -82
31 -81
31 -60
31 -77
31 -76
31 -76
31 -78
31 -51
31 -76
31 -76
31 -75
31 -76
31 -73
31 -79
31 -79
31 -75
31 -77
31 -75
31 -74
31 -76
31 -75
31 -76
31 -64
31 -76
32 -69
32 -83
32 -81
32 -81
32 -76
32 -70
32 -66
32 -73
32 -67
32 -66
32 -68
32 -67
32 -69
32 -70
32 -72
32 -61
32 -61
32 -61
32 -64
32 -64
32 -64
32 -63
32 -62
32 -62
32 -62
32 -62
32 -61
32 -62
32 -60
32 -60
32 -62
32 -63
32 -62
32 -65
32 -62
32 -62
32 -62
32 -62
32 -61
32 -62
32 -62
33 -69
33 -67
33 -68
33 -69
33 -73
33 -70
33 -68
33 -74
33 -70
33 -70
33 -69
33 -69
33 -66
33 -68
33 -67
33 -68
33 -68
33 -69
33 -69
33 -69
33 -69
33 -65
33 -65
33 -65
33 -70
33 -72
33 -68
33 -67
33 -69
33 -68
33 -67
33 -67
33 -67
33 -67
33 -66
33 -68
33 -68
33 -70
33 -70
33 -68
33 -68
33 -66
33 -66
33 -67
33 -68
34 -71
34 -71
34 -71
34 -70
34 -69
34 -70
34 -78
34 -70
34 -71
34 -84
34 -73
34 -71
34 -72
34 -67
34 -66
34 -68
34 -69
34 -68
34 -68
34 -69
34 -70
34 -70
34 -69
34 -74
34 -76
34 -76
34 -72
34 -74
34 -73
34 -71
34 -72
34 -72
34 -70
34 -72
34 -74
34 -81
34 -81
34 -76
34 -65
34 -72
34 -72
34 -72
34 -74
34 -73
35 -72
35 -70
35 -69
35 -69
35 -69
35 -70
35 -64
35 -67
35 -66
35 -67
35 -67
35 -77
35 -71
35 -70
35 -71
35 -70
35 -71
35 -70
35 -70
35 -71
35 -70
35 -70
35 -71
35 -70
35 -70
35 -66
35 -71
35 -70
35 -70
35 -70
35 -70
35 -70
35 -72
35 -71
35 -69
35 -69
35 -69
35 -67
35 -66
35 -68
35 -69
35 -66
35 -66
35 -66
35 -66
36 -73
36 -70
36 -72
36 -79
36 -76
36 -76
36 -84
36 -76
36 -74
36 -82
36 -76
36 -72
36 -72
36 -72
36 -75
36 -76
36 -73
36 -74
36 -73
36 -72
36 -69
36 -73
36 -75
36 -75
36 -74
36 -73
36 -72
36 -75
36 -74
36 -72
36 -72
36 -70
36 -74
36 -73
36 -74
36 -73
36 -73
36 -72
36 -73
37 -79
37 -72
37 -76
37 -72
37 -80
37 -76
37 -75
37 -73
37 -82
37 -82
37 -78
37 -78
37 -77
37 -76
37 -76
37 -75
37 -84
37 -84
37 -83
37 -76
37 -78
37 -81
37 -79
37 -83
37 -79
37 -78
37 -76
37 -75
38 -81
38 -78
38 -75
38 -74
38 -75
38 -73
38 -82
38 -78
38 -78
38 -81
38 -78
38 -78
38 -78
38 -76
38 -76
38 -81
38 -83
38 -79
38 -82
38 -78
38 -80
38 -82
38 -82
38 -80
38 -82
38 -80
38 -86
