Beacon Rssi
1 -67
1 -72
1 -78
1 -74
1 -76
1 -69
1 -75
1 -82
1 -70
1 -72
1 -72
1 -70
1 -80
1 -76
1 -72
1 -76
1 -76
1 -70
1 -70
1 -69
1 -72
1 -72
1 -71
1 -70
1 -71
1 -72
1 -67
1 -70
1 -67
1 -66
1 -66
1 -68
1 -68
1 -68
1 -69
1 -69
1 -67
1 -68
1 -69
1 -69
1 -68
1 -68
1 -70
1 -79
1 -75
1 -71
1 -72
1 -73
1 -72
2 -81
2 -77
2 -75
2 -72
2 -73
2 -74
2 -79
2 -75
2 -75
2 -76
2 -73
2 -72
2 -69
2 -72
2 -72
2 -71
2 -70
2 -70
2 -70
2 -72
2 -70
2 -83
2 -78
2 -78
2 -65
2 -74
2 -76
2 -76
2 -76
2 -73
2 -73
2 -74
2 -73
2 -74
2 -74
2 -76
2 -73
2 -67
2 -70
2 -67
2 -70
3 -76
3 -72
3 -73
3 -76
3 -68
3 -70
3 -69
3 -70
3 -70
3 -74
3 -73
3 -68
3 -73
3 -70
3 -69
3 -75
3 -72
3 -70
3 -75
3 -70
3 -72
3 -66
3 -66
3 -70
3 -68
3 -69
3 -71
3 -69
3 -68
3 -69
3 -66
3 -65
3 -64
3 -69
3 -65
3 -65
3 -65
3 -65
3 -66
3 -66
3 -66
3 -67
3 -66
3 -66
3 -66
3 -66
3 -67
3 -75
3 -70
3 -71
3 -71
3 -73
3 -71
4 -78
4 -75
4 -81
4 -81
4 -80
4 -78
4 -80
4 -82
4 -81
4 -75
4 -73
4 -73
4 -73
4 -69
4 -72
4 -70
4 -71
4 -71
4 -70
4 -70
4 -70
4 -72
4 -80
4 -84
4 -84
4 -80
4 -84
4 -83
4 -72
4 -72
4 -78
4 -77
4 -78
4 -78
5 -78
5 -78
5 -76
5 -74
5 -77
5 -82
5 -77
5 -83
5 -81
5 -81
5 -84
5 -78
5 -76
5 -76
5 -79
5 -79
5 -76
5 -79
5 -76
5 -79
5 -79
5 -71
5 -78
5 -78
5 -78
5 -79
5 -78
5 -78
5 -79
5 -79
5 -80
5 -83
5 -79
5 -80
5 -83
6 -81
6 -76
6 -76
6 -74
6 -75
6 -75
6 -75
6 -72
6 -73
6 -70
6 -77
6 -74
6 -72
6 -75
6 -78
6 -78
6 -79
6 -81
6 -67
6 -82
6 -78
6 -78
6 -81
6 -78
6 -79
6 -78
6 -84
6 -74
6 -81
6 -83
6 -82
6 -79
6 -75
6 -75
6 -76
6 -74
6 -73
6 -73
6 -72
6 -72
7 -81
7 -80
7 -83
7 -85
7 -84
7 -84
7 -82
7 -83
7 -83
7 -80
7 -83
7 -83
7 -83
7 -86
7 -84
7 -86
7 -88
7 -50
7 -78
7 -78
7 -78
7 -78
8 -87
8 -84
8 -83
8 -83
8 -84
8 -83
8 -82
8 -83
8 -86
8 -84
9 -81
9 -78
9 -80
9 -81
9 -82
9 -82
9 -76
9 -77
9 -87
9 -83
9 -84
9 -84
10 -83
10 -85
10 -82
10 -81
10 -81
10 -82
10 -82
10 -81
10 -80
10 -79
10 -82
10 -78
10 -81
10 -80
10 -81
11 -78
11 -84
11 -81
11 -82
11 -79
11 -76
11 -77
11 -77
11 -76
11 -77
11 -78
11 -80
11 -82
11 -82
11 -80
11 -80
11 -79
11 -78
11 -83
12 -82
12 -81
12 -81
12 -81
12 -82
12 -82
12 -83
12 -83
12 -79
12 -80
12 -79
12 -79
12 -81
12 -81
12 -81
12 -80
12 -82
12 -82
12 -83
12 -80
13 -78
13 -76
13 -77
13 -82
13 -81
13 -73
13 -77
13 -78
13 -76
13 -74
13 -74
13 -75
13 -75
13 -73
13 -85
13 -74
13 -74
13 -74
13 -78
13 -74
13 -78
13 -82
13 -77
13 -76
13 -76
13 -72
13 -78
13 -77
13 -78
13 -77
13 -79
13 -76
13 -78
13 -76
13 -81
13 -81
13 -82
13 -84
14 -71
14 -76
14 -72
14 -81
14 -81
14 -81
14 -71
14 -71
14 -74
14 -74
14 -70
14 -72
14 -76
14 -72
14 -72
14 -70
14 -70
14 -69
14 -72
14 -68
14 -78
14 -69
14 -69
14 -70
14 -70
14 -69
14 -70
14 -69
14 -72
14 -75
14 -70
14 -75
14 -76
14 -79
14 -79
14 -77
14 -81
14 -83
14 -80
14 -79
14 -78
14 -76
14 -72
14 -73
14 -78
14 -69
14 -70
14 -70
14 -70
14 -70
15 -76
15 -82
15 -74
15 -76
15 -79
15 -81
15 -85
15 -83
15 -82
15 -85
15 -76
15 -79
15 -76
15 -81
15 -73
15 -83
15 -82
15 -81
15 -80
15 -80
15 -81
15 -77
15 -72
15 -77
15 -76
15 -74
15 -74
15 -75
15 -74
15 -76
15 -30
15 -75
15 -72
15 -76
15 -75
15 -75
15 -75
15 -75
15 -75
15 -79
15 -79
15 -71
15 -86
15 -83
16 -76
16 -75
16 -80
16 -75
16 -73
16 -74
16 -73
16 -73
16 -75
16 -75
16 -70
16 -72
16 -74
16 -79
16 -76
16 -75
16 -78
16 -76
16 -78
16 -76
16 -75
16 -77
16 -84
16 -76
16 -80
16 -77
16 -75
16 -74
16 -73
16 -76
16 -72
16 -71
16 -71
16 -72
16 -73
16 -72
16 -70
16 -74
16 -70
16 -74
16 -74
16 -75
16 -75
16 -76
17 -73
17 -79
17 -76
17 -75
17 -75
17 -75
17 -76
17 -77
17 -75
17 -74
17 -75
17 -84
17 -78
17 -83
17 -79
17 -76
17 -75
17 -74
17 -75
17 -76
17 -76
17 -79
17 -83
17 -82
17 -83
17 -80
17 -80
17 -78
17 -79
17 -76
17 -82
17 -77
17 -78
17 -78
17 -77
17 -77
18 -77
18 -74
18 -79
18 -76
18 -77
18 -76
18 -77
18 -76
18 -76
18 -77
18 -76
18 -82
18 -76
18 -76
18 -83
18 -75
18 -72
18 -82
18 -79
18 -79
18 -76
18 -77
18 -70
18 -73
18 -76
18 -72
18 -76
18 -77
18 -76
18 -80
18 -83
18 -77
18 -81
18 -82
18 -80
18 -86
18 -77
18 -77
18 -72
18 -72
18 -73
19 -84
19 -86
19 -85
19 -84
20 -81
20 -81
20 -79
20 -81
20 -82
20 -82
20 -84
20 -83
20 -85
20 -83
20 -83
20 -79
20 -81
21 -71
21 -83
21 -76
21 -82
21 -79
21 -79
21 -70
21 -85
21 -76
21 -76
21 -78
21 -78
21 -76
21 -78
21 -75
21 -75
21 -76
21 -75
21 -75
21 -77
21 -76
21 -77
21 -79
21 -77
21 -82
21 -84
21 -84
21 -84
21 -83
21 -86
21 -82
21 -82
21 -82
21 -80
22 -81
22 -80
22 -80
22 -87
22 -82
22 -87
22 -50
22 -81
22 -80
22 -80
22 -80
22 -79
22 -78
22 -83
22 -82
22 -84
22 -82
22 -83
23 -69
23 -82
23 -78
23 -80
23 -81
23 -82
23 -81
23 -79
23 -80
23 -81
23 -81
23 -83
23 -82
23 -86
23 -84
23 -86
23 -85
23 -85
24 -84
24 -83
24 -82
24 -82
24 -82
24 -85
24 -84
24 -81
24 -73
24 -84
25 -62
25 -70
25 -66
25 -68
25 -70
25 -68
25 -68
25 -64
25 -63
25 -72
25 -67
25 -70
25 -70
25 -72
25 -78
25 -67
25 -65
25 -69
25 -76
25 -73
25 -74
25 -70
25 -72
25 -71
25 -61
25 -62
25 -62
25 -66
25 -66
25 -65
25 -65
25 -66
25 -66
25 -70
25 -68
25 -66
25 -68
25 -66
25 -68
25 -67
25 -68
25 -60
25 -61
25 -63
25 -62
25 -62
25 -63
26 -46
26 -50
26 -45
26 -46
26 -44
26 -44
26 -44
26 -45
26 -46
26 -46
26 -45
26 -46
26 -46
26 -48
26 -45
26 -51
26 -45
26 -50
26 -48
26 -46
26 -46
26 -45
26 -46
26 -45
26 -46
26 -46
26 -45
26 -46
26 -45
26 -46
26 -45
26 -45
26 -44
26 -45
26 -45
26 -45
26 -46
26 -45
26 -45
26 -45
26 -46
26 -47
26 -47
26 -46
26 -46
26 -46
26 -46
26 -48
26 -45
26 -48
26 -58
26 -60
26 -57
26 -58
26 -55
27 -51
27 -52
27 -53
27 -52
27 -51
27 -47
27 -46
27 -47
27 -47
27 -49
27 -52
27 -46
27 -46
27 -52
27 -52
27 -48
27 -53
27 -46
27 -65
27 -55
27 -54
27 -56
27 -61
27 -60
27 -63
27 -62
27 -55
27 -58
27 -59
27 -68
27 -62
27 -59
27 -69
27 -54
27 -55
27 -55
27 -58
27 -60
27 -58
27 -60
27 -59
27 -66
27 -65
27 -77
27 -74
27 -67
27 -62
27 -52
27 -58
27 -48
27 -49
27 -49
27 -49
28 -64
28 -61
28 -67
28 -66
28 -66
28 -66
28 -66
28 -75
28 -66
28 -64
28 -76
28 -66
28 -62
28 -68
28 -65
28 -67
28 -65
28 -66
28 -66
28 -66
28 -64
28 -64
28 -64
28 -62
28 -63
28 -61
28 -60
28 -67
28 -70
28 -72
28 -71
28 -70
28 -67
28 -69
28 -69
28 -70
28 -66
28 -64
28 -65
28 -65
28 -70
28 -66
28 -63
28 -70
28 -70
28 -73
28 -72
28 -70
29 -55
29 -64
29 -64
29 -76
29 -74
29 -75
29 -74
29 -79
29 -70
29 -76
29 -79
29 -68
29 -69
29 -75
29 -73
29 -68
29 -76
29 -72
29 -74
29 -75
29 -76
29 -74
29 -76
29 -73
29 -71
29 -84
29 -83
29 -73
29 -75
29 -72
29 -75
29 -74
29 -69
29 -67
29 -67
29 -66
29 -70
29 -67
29 -67
29 -66
29 -66
29 -66
29 -65
29 -66
29 -68
29 -65
29 -64
29 -65
29 -62
29 -63
29 -63
29 -61
30 -79
30 -71
30 -74
30 -75
30 -77
30 -76
30 -64
30 -77
30 -76
30 -72
30 -73
30 -76
30 -81
30 -73
30 -78
30 -75
30 -75
30 -75
30 -72
30 -81
30 -76
30 -75
30 -76
30 -75
30 -76
30 -75
30 -77
30 -76
30 -75
30 -78
30 -77
30 -75
30 -75
30 -75
30 -75
30 -74
30 -76
30 -76
30 -78
30 -79
30 -78
30 -77
30 -79
30 -78
30 -80
30 -76
30 -75
30 -77
30 -80
31 -70
31 -72
31 -71
31 -75
31 -76
31 -76
31 -76
31 -77
31 -80
31 -76
31 -71
31 -72
31 -66
31 -83
31 -79
31 -77
31 -79
31 -76
31 -76
31 -72
31 -72
31 -74
31 -73
31 -72
31 -76
31 -77
31 -71
31 -76
31 -76
31 -76
31 -75
31 -75
31 -78
31 -80
31 -76
31 -79
31 -67
32 -60
32 -65
32 -60
32 -58
32 -68
32 -69
32 -73
32 -68
32 -60
32 -56
32 -63
32 -64
32 -66
32 -63
32 -64
32 -65
32 -65
32 -66
32 -55
32 -61
32 -60
32 -58
32 -69
32 -63
32 -64
32 -66
32 -62
32 -63
32 -61
32 -61
32 -60
32 -63
32 -56
32 -59
32 -57
32 -57
32 -57
32 -57
32 -61
32 -55
32 -55
32 -56
32 -55
32 -56
32 -55
32 -55
32 -55
32 -55
32 -56
32 -66
32 -58
32 -57
32 -58
32 -60
32 -60
32 -60
32 -60
33 -64
33 -63
33 -61
33 -60
33 -60
33 -61
33 -62
33 -64
33 -64
33 -63
33 -70
33 -78
33 -70
33 -64
33 -60
33 -58
33 -54
33 -54
33 -60
33 -58
33 -57
33 -57
33 -52
33 -54
33 -57
33 -54
33 -55
33 -60
33 -55
33 -58
33 -56
33 -58
33 -57
33 -57
33 -63
33 -64
33 -66
33 -60
33 -64
33 -64
33 -66
33 -67
33 -66
33 -67
33 -66
33 -63
33 -59
33 -62
33 -57
33 -59
33 -59
33 -58
33 -61
34 -57
34 -58
34 -60
34 -60
34 -63
34 -64
34 -64
34 -64
34 -66
34 -69
34 -81
34 -70
34 -66
34 -68
34 -60
34 -70
34 -63
34 -64
34 -61
34 -62
34 -60
34 -61
34 -62
34 -71
34 -61
34 -62
34 -60
34 -61
34 -65
34 -58
34 -57
34 -58
34 -57
34 -57
34 -57
34 -56
34 -56
34 -57
34 -56
34 -57
34 -57
34 -56
34 -56
34 -57
34 -66
34 -55
34 -58
34 -57
34 -57
34 -58
34 -30
35 -73
35 -68
35 -74
35 -60
35 -59
35 -60
35 -61
35 -61
35 -63
35 -66
35 -67
35 -67
35 -64
35 -60
35 -66
35 -66
35 -62
35 -63
35 -63
35 -67
35 -64
35 -68
35 -72
35 -68
35 -70
35 -73
35 -70
35 -69
35 -61
35 -64
35 -70
35 -69
35 -73
35 -74
35 -74
35 -81
35 -81
35 -78
35 -70
35 -69
35 -69
35 -70
35 -70
35 -69
35 -69
35 -78
35 -69
35 -68
35 -61
35 -61
35 -61
35 -61
35 -60
36 -70
36 -72
36 -64
36 -75
36 -74
36 -73
36 -73
36 -70
36 -70
36 -70
36 -70
36 -73
36 -69
36 -67
36 -69
36 -82
36 -70
36 -72
36 -73
36 -72
36 -72
36 -70
36 -71
36 -70
36 -70
36 -70
36 -71
36 -68
36 -76
36 -69
36 -68
36 -66
36 -70
36 -64
36 -64
36 -63
36 -63
36 -62
36 -64
36 -64
36 -64
36 -64
36 -64
36 -64
36 -64
36 -64
36 -67
36 -64
36 -66
36 -63
36 -63
36 -63
36 -64
37 -70
37 -66
37 -70
37 -69
37 -70
37 -68
37 -66
37 -72
37 -70
37 -69
37 -68
37 -76
37 -72
37 -72
37 -75
37 -73
37 -73
37 -75
37 -75
37 -77
37 -72
37 -75
37 -74
37 -73
37 -74
37 -74
37 -70
37 -70
37 -70
37 -68
37 -70
37 -70
37 -69
37 -70
37 -75
37 -72
37 -74
37 -73
37 -70
37 -71
37 -76
37 -70
37 -74
37 -73
37 -73
38 -70
38 -75
38 -70
38 -71
38 -68
38 -68
38 -68
38 -69
38 -68
38 -72
38 -68
38 -69
38 -72
38 -72
38 -68
38 -70
38 -70
38 -70
38 -72
38 -85
38 -70
38 -70
38 -73
38 -71
38 -70
38 -71
38 -72
38 -72
38 -70
38 -70
38 -76
38 -66
38 -67
38 -65
38 -66
38 -66
38 -65
38 -64
38 -64
38 -64
38 -64
38 -64
38 -64
38 -63
38 -63
38 -64
38 -63
38 -63
38 -64
38 -69
38 -64
38 -65
38 -73
38 -65
38 -64
