Beacon Rssi
1 -83
1 -82
1 -80
1 -80
1 -81
1 -79
1 -73
1 -77
1 -84
1 -76
1 -76
1 -78
1 -76
1 -72
1 -71
1 -71
1 -71
1 -70
1 -69
1 -69
1 -67
1 -68
1 -68
1 -67
1 -67
1 -67
1 -67
1 -67
1 -67
1 -68
1 -69
1 -69
1 -70
1 -71
1 -70
1 -71
1 -70
1 -69
1 -70
1 -70
1 -69
1 -70
1 -70
1 -70
1 -70
1 -70
1 -70
1 -70
1 -70
1 -69
1 -70
1 -70
1 -70
1 -71
1 -71
1 -71
1 -71
1 -70
1 -70
1 -70
1 -70
1 -70
1 -69
1 -70
1 -69
1 -69
1 -70
1 -70
1 -70
1 -70
1 -71
1 -70
1 -70
1 -70
1 -71
1 -70
1 -70
1 -70
1 -67
1 -70
1 -70
1 -70
1 -70
1 -70
1 -70
1 -67
1 -70
1 -70
1 -69
1 -69
1 -69
1 -69
1 -69
1 -69
1 -69
1 -68
1 -68
1 -69
1 -69
1 -69
1 -69
1 -67
1 -69
1 -68
1 -68
1 -69
1 -81
1 -69
1 -69
1 -69
1 -68
1 -69
1 -69
1 -68
1 -68
1 -68
1 -69
1 -65
1 -68
1 -68
1 -68
1 -68
1 -68
1 -68
1 -67
1 -68
1 -68
1 -68
1 -68
1 -68
1 -68
1 -69
1 -68
1 -68
1 -68
1 -69
1 -68
1 -68
1 -68
1 -68
1 -69
1 -69
1 -69
1 -69
1 -69
1 -69
1 -69
1 -69
1 -69
1 -69
1 -69
1 -69
1 -69
1 -69
1 -69
1 -50
1 -70
1 -70
1 -70
1 -70
1 -70
1 -70
1 -70
1 -70
1 -70
1 -70
1 -70
1 -70
1 -70
1 -69
1 -70
1 -70
1 -70
1 -70
1 -70
1 -70
1 -70
1 -70
1 -70
1 -70
1 -71
1 -70
1 -71
1 -71
1 -72
1 -71
1 -71
1 -72
1 -72
1 -71
1 -70
1 -70
1 -70
1 -69
1 -67
1 -67
1 -67
1 -67
1 -67
1 -67
1 -67
1 -68
1 -69
1 -68
1 -70
1 -69
1 -69
1 -68
1 -68
1 -68
1 -68
1 -72
1 -72
1 -72
1 -72
1 -71
1 -71
1 -72
1 -73
1 -73
1 -73
1 -74
1 -73
1 -74
1 -74
1 -73
1 -71
1 -72
1 -71
1 -71
1 -71
1 -70
1 -70
1 -70
1 -70
1 -70
1 -70
1 -72
1 -72
1 -72
1 -73
1 -74
1 -76
1 -77
1 -76
1 -76
1 -75
1 -74
1 -70
2 -70
2 -71
2 -70
2 -71
2 -70
2 -70
2 -70
2 -70
2 -70
2 -71
2 -70
2 -70
2 -70
2 -70
2 -71
2 -71
2 -72
2 -72
2 -70
2 -72
2 -70
2 -70
2 -70
2 -72
2 -72
2 -71
2 -71
2 -72
2 -71
2 -73
2 -78
2 -82
2 -83
2 -81
2 -81
2 -70
2 -78
2 -79
2 -78
2 -76
2 -77
2 -78
2 -79
2 -81
2 -82
2 -81
2 -79
2 -80
2 -78
2 -78
2 -80
2 -73
2 -72
2 -72
2 -72
2 -72
2 -71
2 -72
2 -72
2 -73
2 -73
2 -73
2 -73
2 -73
2 -73
2 -72
2 -72
2 -70
2 -72
2 -73
2 -74
2 -74
2 -75
2 -76
2 -76
2 -76
2 -76
2 -76
2 -76
2 -75
2 -75
2 -75
2 -75
2 -75
2 -75
2 -75
2 -75
2 -75
2 -75
2 -52
2 -75
2 -74
2 -64
2 -75
2 -75
2 -74
2 -75
2 -75
2 -75
2 -76
2 -76
2 -76
2 -76
2 -76
2 -78
2 -77
2 -77
2 -76
2 -78
2 -77
2 -78
2 -78
2 -78
2 -78
2 -76
2 -78
2 -77
2 -78
2 -78
2 -77
2 -77
2 -76
2 -77
2 -76
2 -76
2 -77
2 -77
2 -77
2 -77
2 -77
2 -77
2 -77
2 -78
2 -73
2 -78
2 -78
2 -78
2 -78
2 -78
2 -78
2 -78
2 -77
2 -77
2 -78
2 -78
2 -66
2 -78
2 -78
2 -78
2 -78
2 -79
2 -78
2 -78
2 -78
2 -78
2 -79
2 -74
2 -78
2 -77
2 -78
2 -74
2 -78
2 -78
2 -78
2 -79
2 -78
2 -79
2 -78
2 -80
2 -74
2 -78
2 -76
2 -76
2 -76
2 -76
2 -76
2 -76
2 -76
2 -76
2 -76
2 -76
2 -70
2 -76
2 -55
2 -77
2 -77
2 -77
2 -76
2 -77
2 -77
2 -77
2 -78
2 -78
2 -78
2 -79
2 -78
2 -78
2 -78
2 -79
2 -80
2 -81
2 -80
2 -80
2 -80
2 -83
2 -81
2 -86
2 -76
2 -83
2 -78
2 -77
2 -78
2 -77
2 -76
2 -76
2 -75
2 -76
2 -76
2 -76
2 -76
2 -52
2 -77
2 -81
2 -83
2 -81
2 -82
2 -78
2 -76
2 -75
2 -75
2 -75
2 -75
2 -75
2 -75
2 -76
2 -76
2 -76
2 -78
2 -78
2 -77
2 -78
2 -78
3 -75
3 -73
3 -72
3 -75
3 -72
3 -72
3 -72
3 -70
3 -71
3 -72
3 -71
3 -71
3 -72
3 -70
3 -72
3 -72
3 -72
3 -72
3 -72
3 -72
3 -76
3 -73
3 -71
3 -76
3 -73
3 -72
3 -72
3 -71
3 -69
3 -70
3 -70
3 -70
3 -74
3 -70
3 -71
3 -67
3 -66
3 -66
3 -66
3 -66
3 -66
3 -67
3 -68
3 -68
3 -69
3 -70
3 -73
3 -72
3 -70
3 -75
3 -76
3 -79
3 -76
3 -79
3 -79
3 -77
3 -72
3 -70
3 -68
3 -67
3 -67
3 -68
3 -70
3 -73
3 -78
3 -76
3 -75
3 -72
3 -71
3 -74
3 -76
3 -74
3 -72
3 -70
3 -71
3 -70
3 -71
3 -72
3 -72
3 -72
3 -73
3 -72
3 -72
3 -72
3 -74
3 -74
3 -76
3 -68
3 -76
3 -75
3 -72
3 -70
3 -69
3 -70
3 -70
3 -70
3 -70
3 -72
3 -71
3 -72
3 -68
3 -72
3 -72
3 -72
3 -70
3 -73
3 -81
3 -72
3 -72
3 -72
3 -73
3 -73
3 -70
3 -74
3 -74
3 -74
3 -74
3 -74
3 -73
3 -73
3 -74
3 -74
3 -61
3 -73
3 -73
3 -72
3 -72
3 -73
3 -72
3 -72
3 -72
3 -72
3 -72
3 -72
3 -74
3 -74
3 -74
3 -75
3 -75
3 -75
3 -75
3 -75
3 -76
3 -76
3 -76
3 -76
3 -76
3 -76
3 -75
3 -75
3 -75
3 -76
3 -76
3 -76
3 -77
3 -78
3 -78
3 -78
3 -77
3 -78
3 -78
3 -78
3 -74
3 -76
3 -76
3 -74
3 -75
3 -75
3 -76
3 -76
3 -76
3 -76
3 -76
3 -76
3 -77
3 -76
3 -76
3 -76
3 -75
3 -74
3 -74
3 -75
3 -74
3 -76
3 -73
3 -78
3 -78
3 -80
3 -80
3 -82
3 -83
3 -83
3 -60
3 -82
3 -81
3 -80
3 -80
3 -80
3 -79
3 -79
3 -78
3 -77
3 -75
3 -57
3 -72
3 -70
3 -71
3 -73
3 -83
3 -81
3 -76
3 -77
3 -80
3 -76
3 -75
3 -75
3 -74
3 -76
3 -76
3 -73
3 -66
3 -76
3 -76
3 -82
3 -77
3 -78
3 -80
3 -80
3 -79
3 -79
3 -78
3 -78
3 -77
3 -78
3 -78
3 -77
3 -71
3 -74
3 -73
3 -73
3 -74
3 -74
3 -78
3 -78
3 -77
3 -77
3 -76
3 -75
3 -75
3 -76
3 -77
3 -76
3 -73
3 -74
3 -75
3 -76
3 -76
3 -75
3 -70
3 -70
3 -69
3 -68
3 -67
3 -67
3 -67
3 -70
3 -73
3 -76
3 -83
3 -82
3 -75
3 -76
3 -72
3 -71
3 -70
4 -66
4 -66
4 -66
4 -65
4 -64
4 -63
4 -63
4 -63
4 -63
4 -63
4 -63
4 -63
4 -63
4 -63
4 -62
4 -64
4 -64
4 -66
4 -65
4 -65
4 -65
4 -65
4 -65
4 -66
4 -64
4 -66
4 -66
4 -64
4 -66
4 -66
4 -64
4 -64
4 -64
4 -64
4 -64
4 -64
4 -64
4 -64
4 -64
4 -64
4 -64
4 -67
4 -74
4 -73
4 -70
4 -70
4 -69
4 -68
4 -68
4 -67
4 -78
4 -66
4 -66
4 -66
4 -67
4 -68
4 -69
4 -72
4 -71
4 -70
4 -70
4 -71
4 -71
4 -72
4 -75
4 -79
4 -76
4 -75
4 -76
4 -80
4 -75
4 -73
4 -72
4 -74
4 -72
4 -70
4 -70
4 -34
4 -69
4 -69
4 -69
4 -69
4 -69
4 -70
4 -72
4 -70
4 -70
4 -69
4 -69
4 -68
4 -66
4 -66
4 -64
4 -69
4 -69
4 -67
4 -72
4 -67
4 -70
4 -71
4 -70
4 -72
4 -73
4 -74
4 -74
4 -75
4 -75
4 -75
4 -73
4 -73
4 -73
4 -73
4 -76
4 -76
4 -78
4 -81
4 -82
4 -82
4 -81
4 -80
4 -77
4 -78
4 -79
4 -80
4 -72
4 -77
4 -77
4 -79
4 -82
4 -66
4 -75
4 -83
4 -85
4 -81
4 -80
4 -80
4 -85
4 -79
4 -79
4 -79
4 -79
4 -77
4 -76
4 -76
4 -77
4 -76
4 -76
4 -75
4 -79
4 -79
4 -78
4 -77
4 -77
4 -78
4 -77
4 -78
4 -64
4 -76
4 -76
4 -75
4 -75
4 -74
4 -74
4 -72
4 -74
4 -74
4 -73
4 -73
4 -72
4 -72
4 -71
4 -72
4 -71
4 -71
4 -72
4 -72
4 -75
4 -76
4 -83
4 -73
4 -70
4 -70
4 -70
4 -70
4 -70
4 -71
4 -57
4 -70
4 -70
4 -70
4 -70
4 -69
4 -69
4 -70
4 -70
4 -70
4 -68
4 -68
4 -70
4 -69
4 -68
4 -66
4 -66
4 -68
4 -68
4 -68
4 -68
4 -68
4 -69
4 -69
4 -69
4 -69
4 -70
4 -70
4 -70
4 -70
4 -70
4 -71
4 -67
4 -66
4 -67
4 -66
4 -66
4 -67
4 -67
4 -66
4 -66
4 -66
4 -66
4 -76
4 -66
4 -66
4 -66
4 -65
4 -66
4 -66
4 -69
4 -66
4 -66
4 -66
4 -66
4 -66
4 -66
4 -66
4 -66
4 -67
4 -67
4 -68
4 -68
4 -68
4 -68
4 -69
4 -72
4 -69
4 -70
4 -70
4 -70
4 -68
4 -70
4 -69
4 -68
4 -68
4 -67
4 -66
4 -65
4 -75
4 -65
5 -72
5 -72
5 -72
5 -70
5 -72
5 -71
5 -72
5 -79
5 -79
5 -81
5 -75
5 -72
5 -72
5 -72
5 -72
5 -72
5 -72
5 -74
5 -74
5 -77
5 -79
5 -82
5 -80
5 -79
5 -78
5 -77
5 -74
5 -71
5 -70
5 -70
5 -70
5 -71
5 -73
5 -76
5 -76
5 -84
5 -70
5 -81
5 -78
5 -76
5 -67
5 -72
5 -71
5 -71
5 -71
5 -70
5 -72
5 -75
5 -78
5 -75
5 -75
5 -75
5 -75
5 -77
5 -62
5 -77
5 -76
5 -74
5 -73
5 -72
5 -72
5 -72
5 -72
5 -73
5 -72
5 -72
5 -72
5 -72
5 -71
5 -71
5 -71
5 -71
5 -72
5 -72
5 -72
5 -72
5 -72
5 -72
5 -72
5 -72
5 -71
5 -71
5 -71
5 -70
5 -71
5 -70
5 -70
5 -64
5 -72
5 -72
5 -72
5 -72
5 -71
5 -71
5 -69
5 -72
5 -71
5 -72
5 -72
5 -72
5 -72
5 -72
5 -72
5 -72
5 -72
5 -72
5 -72
5 -71
5 -74
5 -73
5 -73
5 -73
5 -73
5 -73
5 -73
5 -73
5 -73
5 -73
5 -73
5 -73
5 -72
5 -73
5 -73
5 -72
5 -72
5 -72
5 -73
5 -73
5 -73
5 -72
5 -72
5 -72
5 -72
5 -72
5 -73
5 -72
5 -73
5 -73
5 -73
5 -73
5 -73
5 -72
5 -74
5 -73
5 -72
5 -74
5 -74
5 -74
5 -74
5 -68
5 -74
5 -74
5 -74
5 -74
5 -74
5 -74
5 -66
5 -75
5 -75
5 -75
5 -75
5 -74
5 -75
5 -75
5 -75
5 -75
5 -75
5 -76
5 -75
5 -75
5 -76
5 -76
5 -74
5 -76
5 -76
5 -76
5 -76
5 -76
5 -76
5 -78
5 -78
5 -77
5 -76
5 -76
5 -77
5 -77
5 -70
5 -78
5 -77
5 -77
5 -78
5 -78
5 -78
5 -79
5 -78
5 -79
5 -79
5 -79
5 -79
5 -80
5 -79
5 -80
5 -75
5 -82
5 -82
5 -78
5 -79
5 -76
5 -74
5 -72
5 -71
5 -70
5 -69
5 -70
5 -70
5 -70
5 -70
5 -70
5 -70
5 -70
5 -71
5 -71
5 -71
5 -72
5 -72
5 -72
5 -72
5 -72
5 -72
5 -70
5 -74
5 -78
5 -76
5 -78
5 -77
5 -76
5 -77
5 -77
5 -80
5 -83
5 -84
5 -85
5 -78
5 -76
5 -72
5 -76
5 -76
5 -77
5 -77
5 -75
5 -76
5 -77
5 -79
5 -70
5 -83
5 -81
5 -69
5 -75
5 -75
5 -76
5 -64
5 -78
5 -84
5 -81
5 -78
5 -78
5 -78
5 -76
5 -78
5 -78
5 -80
5 -79
6 -75
6 -75
6 -74
6 -74
6 -75
6 -74
6 -74
6 -74
6 -75
6 -75
6 -76
6 -72
6 -71
6 -74
6 -75
6 -77
6 -75
6 -72
6 -73
6 -75
6 -71
6 -72
6 -77
6 -74
6 -70
6 -74
6 -76
6 -73
6 -72
6 -73
6 -76
6 -73
6 -74
6 -76
6 -76
6 -78
6 -76
6 -76
6 -77
6 -78
6 -80
6 -76
6 -76
6 -77
6 -76
6 -75
6 -74
6 -73
6 -75
6 -75
6 -77
6 -76
6 -78
6 -81
6 -78
6 -79
6 -80
6 -78
6 -78
6 -76
6 -76
6 -75
6 -71
6 -74
6 -72
6 -72
6 -73
6 -74
6 -74
6 -74
6 -75
6 -74
6 -72
6 -72
6 -72
6 -72
6 -74
6 -73
6 -73
6 -74
6 -73
6 -73
6 -76
6 -74
6 -72
6 -72
6 -72
6 -70
6 -70
6 -60
6 -71
6 -70
6 -70
6 -70
6 -70
6 -70
6 -71
6 -72
6 -71
6 -71
6 -70
6 -70
6 -65
6 -71
6 -70
6 -71
6 -71
6 -72
6 -71
6 -71
6 -71
6 -71
6 -71
6 -71
6 -72
6 -71
6 -71
6 -71
6 -71
6 -71
6 -71
6 -68
6 -71
6 -72
6 -71
6 -72
6 -71
6 -71
6 -72
6 -72
6 -72
6 -72
6 -72
6 -72
6 -72
6 -72
6 -72
6 -72
6 -72
6 -72
6 -71
6 -72
6 -71
6 -70
6 -71
6 -72
6 -71
6 -71
6 -71
6 -72
6 -71
6 -71
6 -71
6 -71
6 -72
6 -71
6 -71
6 -72
6 -71
6 -72
6 -73
6 -72
6 -72
6 -71
6 -72
6 -73
6 -72
6 -71
6 -72
6 -72
6 -73
6 -72
6 -73
6 -72
6 -74
6 -82
6 -73
6 -72
6 -74
6 -73
6 -73
6 -73
6 -74
6 -73
6 -72
6 -72
6 -72
6 -73
6 -72
6 -72
6 -72
6 -73
6 -70
6 -73
6 -72
6 -73
6 -74
6 -74
6 -73
6 -75
6 -75
6 -75
6 -75
6 -74
6 -75
6 -76
6 -76
6 -76
6 -76
6 -77
6 -71
6 -73
6 -72
6 -71
6 -71
6 -73
6 -76
6 -77
6 -76
6 -76
6 -75
6 -75
6 -76
6 -76
6 -75
6 -75
6 -75
6 -76
6 -77
6 -76
6 -78
6 -80
6 -73
6 -82
6 -78
6 -83
6 -83
6 -83
6 -81
6 -82
6 -83
6 -80
6 -82
6 -82
6 -83
6 -78
6 -72
6 -76
6 -76
6 -75
6 -74
6 -74
6 -74
6 -72
6 -72
6 -72
6 -72
6 -72
6 -71
6 -72
6 -71
6 -73
6 -74
6 -74
6 -76
6 -77
6 -78
7 -81
7 -80
7 -81
7 -81
7 -82
7 -81
7 -82
7 -82
7 -82
7 -79
7 -78
7 -74
7 -77
7 -78
7 -77
7 -77
7 -76
7 -80
7 -82
7 -82
7 -79
7 -83
7 -85
7 -86
7 -84
7 -70
7 -83
7 -83
7 -80
7 -79
7 -78
7 -78
7 -78
7 -78
7 -78
7 -78
7 -77
7 -78
7 -73
7 -78
7 -79
7 -79
7 -78
7 -79
7 -79
7 -79
7 -78
7 -78
7 -76
7 -78
7 -77
7 -76
7 -78
7 -78
7 -77
7 -77
7 -77
7 -70
7 -77
7 -77
7 -78
7 -78
7 -77
7 -78
7 -77
7 -77
7 -77
7 -77
7 -77
7 -77
7 -76
7 -76
7 -76
7 -77
7 -60
7 -76
7 -76
7 -78
7 -77
7 -64
7 -78
7 -76
7 -76
7 -77
7 -76
7 -75
7 -76
7 -65
7 -76
7 -76
7 -77
7 -78
7 -76
7 -78
7 -76
7 -76
7 -76
7 -77
7 -77
7 -76
7 -76
7 -76
7 -77
7 -77
7 -78
7 -78
7 -77
7 -78
7 -75
7 -78
7 -78
7 -78
7 -75
7 -77
7 -78
7 -77
7 -76
7 -76
7 -78
7 -78
7 -80
7 -81
7 -78
7 -72
7 -79
7 -80
7 -81
7 -79
7 -81
7 -79
7 -70
7 -78
7 -81
7 -82
7 -81
7 -80
7 -82
7 -81
7 -81
7 -78
7 -80
7 -78
7 -78
7 -78
7 -79
7 -77
7 -81
7 -82
7 -69
7 -83
7 -81
7 -81
7 -81
7 -82
7 -82
7 -81
8 -85
8 -87
8 -82
8 -83
8 -80
8 -78
8 -82
8 -83
8 -81
8 -82
8 -79
8 -78
8 -80
8 -80
8 -80
8 -82
8 -79
8 -78
8 -74
8 -78
8 -78
8 -77
8 -76
8 -76
8 -76
8 -76
8 -76
8 -75
8 -76
8 -76
8 -76
8 -76
8 -76
8 -75
8 -76
8 -77
8 -78
8 -74
8 -78
8 -79
8 -81
8 -83
8 -82
8 -77
8 -67
8 -76
8 -70
8 -76
8 -76
8 -76
8 -76
8 -75
8 -76
8 -75
8 -75
8 -76
8 -76
8 -75
8 -76
8 -76
8 -76
8 -76
8 -76
8 -76
8 -76
8 -76
8 -76
8 -76
8 -75
8 -71
8 -76
8 -76
8 -75
8 -76
8 -75
8 -76
8 -75
8 -75
8 -75
8 -75
8 -76
8 -75
8 -76
8 -75
8 -72
8 -75
8 -75
8 -76
8 -75
8 -76
8 -75
8 -75
8 -75
8 -72
8 -73
8 -65
8 -76
8 -75
8 -75
8 -76
8 -75
8 -75
8 -76
8 -75
8 -75
8 -76
8 -76
8 -75
8 -75
8 -75
8 -76
8 -75
8 -75
8 -75
8 -76
8 -75
8 -74
8 -75
8 -75
8 -74
8 -76
8 -75
8 -76
8 -76
8 -75
8 -75
8 -76
8 -76
8 -70
8 -76
8 -76
8 -76
8 -76
8 -76
8 -75
8 -74
8 -76
8 -76
8 -76
8 -76
8 -76
8 -76
8 -76
8 -76
8 -76
8 -76
8 -76
8 -76
8 -76
8 -76
8 -76
8 -76
8 -76
8 -76
8 -76
8 -76
8 -76
8 -76
8 -76
8 -67
8 -76
8 -67
8 -76
8 -76
8 -75
8 -76
8 -76
8 -76
8 -76
8 -77
8 -77
8 -77
8 -77
8 -76
8 -76
8 -76
8 -76
8 -76
8 -76
8 -75
8 -73
8 -75
8 -75
8 -75
8 -71
8 -75
8 -66
8 -76
8 -76
8 -74
8 -76
8 -76
8 -77
8 -77
8 -78
8 -78
8 -77
8 -76
8 -77
8 -77
8 -76
8 -77
8 -76
8 -76
8 -77
8 -77
8 -76
8 -76
8 -77
8 -76
8 -76
8 -78
8 -77
8 -77
8 -77
8 -77
8 -75
8 -77
8 -77
8 -78
8 -78
8 -68
8 -78
8 -78
8 -78
8 -76
8 -73
8 -76
8 -77
8 -77
8 -76
8 -76
8 -76
8 -76
8 -76
8 -76
8 -76
8 -76
8 -76
8 -77
8 -77
8 -77
8 -76
8 -76
8 -76
8 -76
8 -76
8 -76
8 -76
9 -84
9 -84
9 -85
9 -85
9 -84
9 -82
9 -79
9 -82
9 -80
9 -67
9 -79
9 -78
9 -78
9 -75
9 -80
9 -81
9 -82
9 -80
9 -82
9 -86
9 -79
9 -78
9 -78
9 -78
9 -81
9 -84
9 -86
9 -83
9 -83
9 -82
9 -75
9 -81
9 -82
9 -84
9 -82
9 -80
9 -80
9 -79
9 -79
9 -79
9 -78
9 -80
9 -80
9 -80
9 -80
9 -80
9 -82
9 -82
9 -66
9 -80
9 -77
9 -81
9 -81
9 -81
9 -81
9 -80
9 -80
9 -80
9 -80
9 -80
9 -81
9 -81
9 -81
9 -79
9 -79
9 -79
9 -70
9 -78
9 -79
9 -78
9 -79
9 -80
9 -79
9 -80
9 -80
9 -79
9 -79
9 -78
9 -76
9 -78
9 -78
9 -78
9 -78
9 -78
9 -76
9 -78
9 -78
9 -78
9 -74
9 -78
9 -78
9 -76
9 -78
9 -78
9 -78
9 -77
9 -78
9 -78
9 -78
9 -75
9 -78
9 -78
9 -78
9 -77
9 -78
9 -78
9 -78
9 -77
9 -78
9 -78
9 -77
9 -76
9 -73
9 -76
9 -77
9 -76
9 -76
9 -76
9 -76
9 -76
9 -80
9 -84
9 -54
9 -81
9 -86
9 -82
9 -85
9 -79
9 -84
9 -84
9 -83
9 -83
9 -78
9 -66
9 -83
10 -70
10 -76
10 -77
10 -76
10 -76
10 -76
10 -76
10 -74
10 -75
10 -74
10 -73
10 -74
10 -75
10 -75
10 -75
10 -76
10 -76
10 -78
10 -78
10 -78
10 -80
10 -78
10 -77
10 -78
10 -81
10 -82
10 -81
10 -67
10 -79
10 -79
10 -83
10 -82
10 -82
10 -81
10 -83
10 -80
10 -78
10 -78
10 -76
10 -71
10 -73
10 -77
10 -79
10 -79
10 -84
10 -76
10 -81
10 -84
10 -85
10 -72
10 -86
10 -71
10 -86
10 -86
10 -86
10 -84
10 -84
10 -85
10 -85
10 -75
10 -86
10 -84
10 -84
10 -85
10 -84
10 -85
10 -84
10 -83
10 -83
10 -84
10 -84
10 -75
10 -69
10 -83
10 -82
10 -82
10 -83
10 -82
10 -81
10 -81
10 -81
10 -78
10 -81
10 -83
10 -83
10 -65
10 -81
10 -78
10 -78
10 -77
10 -76
10 -76
10 -76
10 -76
10 -76
10 -77
10 -78
10 -77
10 -76
10 -78
10 -75
10 -74
10 -75
10 -67
10 -76
10 -75
10 -76
10 -76
10 -76
10 -76
10 -76
10 -76
10 -77
10 -75
10 -78
10 -79
10 -76
10 -77
10 -76
10 -75
10 -76
10 -76
10 -76
10 -76
10 -76
10 -77
10 -77
10 -77
10 -76
10 -76
10 -75
10 -76
10 -78
10 -78
10 -80
10 -80
10 -78
10 -79
10 -78
10 -78
10 -79
10 -78
10 -79
10 -80
10 -81
10 -81
10 -80
10 -80
10 -78
10 -76
11 -60
11 -76
11 -81
11 -76
11 -76
11 -75
11 -73
11 -76
11 -76
11 -76
11 -74
11 -74
11 -79
11 -74
11 -79
11 -78
11 -76
11 -77
11 -75
11 -73
11 -75
11 -73
11 -70
11 -71
11 -72
11 -72
11 -72
11 -71
11 -73
11 -74
11 -75
11 -72
11 -76
11 -75
11 -76
11 -75
11 -74
11 -73
11 -74
11 -76
11 -71
11 -76
11 -75
11 -75
11 -75
11 -75
11 -73
11 -72
11 -71
11 -72
11 -70
11 -70
11 -71
11 -71
11 -67
11 -71
11 -72
11 -71
11 -70
11 -70
11 -70
11 -71
11 -70
11 -72
11 -72
11 -74
11 -76
11 -76
11 -77
11 -77
11 -76
11 -68
11 -76
11 -76
11 -77
11 -76
11 -59
11 -77
11 -78
11 -63
11 -78
11 -78
11 -76
11 -76
11 -75
11 -75
11 -75
11 -75
11 -76
11 -76
11 -70
11 -75
11 -76
11 -76
11 -76
11 -76
11 -76
11 -76
11 -76
11 -76
11 -76
11 -77
11 -76
11 -76
11 -76
11 -76
11 -76
11 -69
11 -70
11 -75
11 -70
11 -72
11 -61
11 -69
11 -75
11 -75
11 -76
11 -76
11 -75
11 -76
11 -69
11 -75
11 -75
11 -76
11 -75
11 -76
11 -65
11 -75
11 -66
11 -75
11 -75
11 -73
11 -75
11 -75
11 -75
11 -76
11 -76
11 -76
11 -76
11 -76
11 -76
11 -76
11 -76
11 -76
11 -76
11 -75
11 -76
11 -76
11 -76
11 -76
11 -75
11 -76
11 -76
11 -75
11 -75
11 -75
11 -75
11 -75
11 -76
11 -76
11 -76
11 -76
11 -75
11 -76
11 -76
11 -76
11 -76
11 -76
11 -77
11 -76
11 -77
11 -77
11 -74
11 -77
11 -77
11 -78
11 -78
11 -77
11 -77
11 -76
11 -76
11 -77
11 -77
11 -76
11 -76
11 -79
11 -80
11 -74
11 -78
11 -77
11 -77
11 -76
11 -76
11 -76
11 -73
11 -75
11 -75
11 -75
11 -74
11 -73
11 -73
11 -63
11 -72
11 -71
11 -72
11 -72
11 -72
11 -69
11 -72
11 -72
11 -72
11 -72
11 -72
11 -69
11 -72
11 -72
11 -72
11 -72
11 -72
11 -72
11 -74
11 -74
11 -75
11 -78
11 -80
11 -84
11 -77
11 -70
11 -73
11 -71
11 -72
11 -71
11 -72
11 -73
11 -73
11 -66
11 -75
11 -77
11 -74
11 -74
11 -75
11 -75
11 -74
11 -74
11 -74
11 -75
11 -73
11 -71
11 -71
11 -72
11 -72
11 -72
11 -79
11 -82
11 -80
11 -80
11 -80
11 -77
11 -76
11 -76
11 -75
11 -73
11 -72
11 -72
11 -72
11 -72
11 -71
11 -70
11 -70
11 -70
11 -70
11 -70
11 -30
11 -71
12 -77
12 -78
12 -84
12 -76
12 -82
12 -83
12 -65
12 -83
12 -75
12 -73
12 -72
12 -72
12 -70
12 -71
12 -72
12 -74
12 -74
12 -75
12 -76
12 -76
12 -74
12 -74
12 -75
12 -76
12 -76
12 -76
12 -78
12 -80
12 -76
12 -75
12 -74
12 -74
12 -72
12 -71
12 -70
12 -71
12 -76
12 -78
12 -75
12 -77
12 -77
12 -79
12 -81
12 -81
12 -81
12 -81
12 -84
12 -82
12 -83
12 -84
12 -83
12 -78
12 -82
12 -82
12 -80
12 -82
12 -77
12 -64
12 -78
12 -64
12 -78
12 -78
12 -79
12 -79
12 -79
12 -79
12 -79
12 -78
12 -78
12 -79
12 -79
12 -79
12 -79
12 -78
12 -78
12 -78
12 -78
12 -77
12 -79
12 -76
12 -78
12 -78
12 -78
12 -77
12 -64
12 -76
12 -78
12 -77
12 -78
12 -77
12 -78
12 -77
12 -77
12 -76
12 -77
12 -76
12 -74
12 -76
12 -76
12 -76
12 -77
12 -76
12 -76
12 -76
12 -76
12 -76
12 -76
12 -76
12 -76
12 -76
12 -75
12 -76
12 -75
12 -76
12 -76
12 -74
12 -75
12 -75
12 -75
12 -75
12 -75
12 -76
12 -76
12 -76
12 -76
12 -77
12 -76
12 -77
12 -77
12 -78
12 -78
12 -76
12 -78
12 -78
12 -76
12 -76
12 -76
12 -77
12 -77
12 -76
12 -75
12 -75
12 -72
12 -75
12 -76
12 -76
12 -76
12 -77
12 -83
12 -82
12 -81
12 -76
12 -78
12 -78
12 -78
12 -79
12 -82
12 -76
12 -76
12 -80
12 -82
12 -81
12 -82
12 -78
12 -81
12 -76
12 -76
12 -76
12 -80
12 -82
12 -82
12 -80
12 -77
12 -75
12 -75
12 -72
12 -78
12 -80
12 -81
12 -78
12 -78
12 -83
12 -78
12 -78
12 -77
12 -79
12 -79
12 -78
12 -78
12 -77
12 -77
12 -77
12 -76
12 -75
12 -76
12 -76
12 -75
12 -75
13 -80
13 -83
13 -83
13 -83
13 -83
13 -83
13 -82
13 -76
13 -82
13 -79
13 -79
13 -60
13 -73
13 -71
13 -71
13 -62
13 -71
13 -71
13 -72
13 -74
13 -77
13 -74
13 -78
13 -77
13 -76
13 -75
13 -75
13 -75
13 -74
13 -74
13 -73
13 -75
13 -78
13 -80
13 -83
13 -86
13 -77
13 -75
13 -72
13 -76
13 -76
13 -78
13 -77
13 -78
13 -85
13 -83
13 -82
13 -83
13 -78
13 -85
13 -84
13 -83
13 -81
13 -82
13 -82
13 -81
13 -78
13 -79
13 -83
13 -81
13 -81
13 -76
13 -76
13 -75
13 -47
13 -75
13 -77
13 -76
13 -76
13 -77
13 -78
13 -78
13 -78
13 -78
13 -76
13 -82
13 -82
13 -84
13 -82
13 -82
13 -80
13 -81
13 -79
13 -78
13 -77
13 -76
13 -75
13 -75
13 -75
13 -65
13 -75
13 -75
13 -76
13 -74
13 -74
13 -74
13 -75
13 -78
13 -80
13 -82
13 -73
14 -74
14 -76
14 -76
14 -76
14 -76
14 -78
14 -79
14 -78
14 -77
14 -74
14 -76
14 -74
14 -72
14 -72
14 -65
14 -70
14 -30
14 -71
14 -76
14 -75
14 -75
14 -70
14 -68
14 -68
14 -65
14 -69
14 -69
14 -70
14 -70
14 -76
14 -76
14 -76
14 -72
14 -72
14 -74
14 -73
14 -73
14 -72
14 -70
14 -68
14 -67
14 -66
14 -67
14 -66
14 -66
14 -66
14 -66
14 -65
14 -66
14 -69
14 -72
14 -71
14 -71
14 -71
14 -73
14 -75
14 -74
14 -73
14 -72
14 -70
14 -68
14 -64
14 -63
14 -62
14 -61
14 -62
14 -63
14 -64
14 -64
14 -65
14 -66
14 -69
14 -70
14 -70
14 -71
14 -72
14 -72
14 -74
14 -77
14 -76
14 -72
14 -71
14 -72
14 -76
14 -76
14 -75
14 -58
14 -75
14 -75
14 -75
14 -74
14 -73
14 -76
14 -70
14 -68
14 -69
14 -69
14 -69
14 -69
14 -68
14 -69
14 -68
14 -68
14 -68
14 -67
14 -67
14 -67
14 -68
14 -68
14 -67
14 -68
14 -68
14 -67
14 -67
14 -67
14 -66
14 -66
14 -66
14 -66
14 -66
14 -66
14 -66
14 -66
14 -66
14 -69
14 -67
14 -67
14 -67
14 -68
14 -68
14 -68
14 -67
14 -67
14 -67
14 -66
14 -67
14 -67
14 -67
14 -66
14 -66
14 -66
14 -66
14 -66
14 -66
14 -66
14 -66
14 -66
14 -66
14 -68
14 -66
14 -66
14 -66
14 -66
14 -66
14 -66
14 -66
14 -66
14 -66
14 -65
14 -66
14 -66
14 -66
14 -66
14 -66
14 -66
14 -66
14 -64
14 -66
14 -66
14 -66
14 -66
14 -66
14 -65
14 -65
14 -65
14 -65
14 -65
14 -64
14 -64
14 -64
14 -64
14 -64
14 -64
14 -64
14 -64
14 -64
14 -64
14 -64
14 -64
14 -64
14 -64
14 -64
14 -64
14 -64
14 -64
14 -64
14 -64
14 -64
14 -63
14 -64
14 -64
14 -64
14 -64
14 -64
14 -64
14 -64
14 -31
14 -64
14 -64
14 -64
14 -64
14 -64
14 -64
14 -64
14 -64
14 -64
14 -69
14 -74
14 -64
14 -64
14 -64
14 -64
14 -67
14 -71
14 -75
14 -73
14 -74
14 -70
14 -70
14 -72
14 -72
14 -71
14 -71
14 -71
14 -70
14 -70
14 -70
14 -70
14 -69
14 -69
14 -69
14 -70
14 -70
14 -69
14 -70
14 -68
14 -67
14 -69
14 -68
14 -66
14 -66
14 -67
14 -67
14 -68
14 -68
14 -69
14 -69
14 -70
14 -70
14 -70
14 -70
14 -68
14 -64
14 -69
14 -71
14 -69
14 -69
14 -69
14 -69
14 -70
14 -70
14 -69
14 -69
14 -69
14 -69
14 -70
14 -70
14 -70
14 -70
14 -72
14 -72
14 -70
14 -70
14 -70
14 -68
14 -70
14 -70
14 -70
14 -71
14 -72
14 -70
14 -70
14 -70
14 -70
14 -71
14 -70
14 -70
14 -69
14 -69
14 -69
14 -70
14 -70
14 -70
14 -70
14 -71
14 -71
14 -72
14 -72
15 -64
15 -64
15 -64
15 -64
15 -64
15 -64
15 -64
15 -65
15 -65
15 -66
15 -65
15 -65
15 -65
15 -62
15 -62
15 -63
15 -63
15 -62
15 -62
15 -61
15 -61
15 -60
15 -59
15 -57
15 -59
15 -59
15 -58
15 -58
15 -58
15 -58
15 -57
15 -58
15 -58
15 -58
15 -58
15 -58
15 -58
15 -57
15 -58
15 -57
15 -58
15 -58
15 -58
15 -60
15 -60
15 -61
15 -62
15 -62
15 -63
15 -64
15 -64
15 -64
15 -65
15 -67
15 -70
15 -74
15 -75
15 -67
15 -70
15 -65
15 -62
15 -61
15 -60
15 -59
15 -60
15 -60
15 -58
15 -57
15 -55
15 -54
15 -55
15 -55
15 -55
15 -57
15 -58
15 -58
15 -59
15 -60
15 -60
15 -60
15 -60
15 -61
15 -61
15 -61
15 -61
15 -63
15 -63
15 -62
15 -62
15 -63
15 -64
15 -64
15 -64
15 -64
15 -64
15 -64
15 -74
15 -63
15 -63
15 -63
15 -64
15 -63
15 -62
15 -62
15 -63
15 -63
15 -63
15 -63
15 -63
15 -63
15 -63
15 -62
15 -62
15 -62
15 -62
15 -62
15 -61
15 -62
15 -61
15 -62
15 -62
15 -62
15 -62
15 -62
15 -62
15 -61
15 -60
15 -61
15 -60
15 -60
15 -60
15 -60
15 -60
15 -60
15 -61
15 -61
15 -61
15 -61
15 -61
15 -61
15 -61
15 -61
15 -61
15 -61
15 -61
15 -61
15 -61
15 -61
15 -61
15 -61
15 -61
15 -61
15 -61
15 -61
15 -61
15 -61
15 -61
15 -61
15 -61
15 -61
15 -61
15 -61
15 -60
15 -60
15 -60
15 -60
15 -60
15 -60
15 -60
15 -60
15 -60
15 -60
15 -60
15 -60
15 -60
15 -60
15 -60
15 -60
15 -60
15 -60
15 -60
15 -60
15 -60
15 -60
15 -60
15 -60
15 -60
15 -60
15 -60
15 -59
15 -59
15 -59
15 -60
15 -60
15 -60
15 -60
15 -60
15 -60
15 -60
15 -60
15 -60
15 -60
15 -60
15 -60
15 -60
15 -60
15 -59
15 -59
15 -59
15 -59
15 -59
15 -59
15 -59
15 -59
15 -59
15 -60
15 -59
15 -59
15 -59
15 -59
15 -60
15 -59
15 -59
15 -60
15 -60
15 -60
15 -60
15 -60
15 -60
15 -60
15 -60
15 -62
15 -63
15 -64
15 -68
15 -72
15 -73
15 -78
15 -81
15 -84
15 -77
15 -76
15 -76
15 -77
15 -75
15 -75
15 -73
15 -72
15 -72
15 -71
15 -70
15 -70
15 -70
15 -69
15 -67
15 -67
15 -69
15 -67
15 -64
15 -62
15 -62
15 -61
15 -60
15 -60
15 -60
15 -59
15 -59
15 -59
15 -59
15 -60
15 -64
15 -64
15 -68
15 -71
15 -70
15 -73
15 -74
15 -69
15 -68
15 -67
15 -70
15 -71
15 -72
15 -70
15 -68
15 -66
15 -67
15 -67
15 -67
15 -68
15 -68
15 -66
15 -65
15 -64
15 -61
15 -60
15 -59
15 -58
15 -58
15 -58
15 -59
15 -63
15 -64
15 -65
15 -66
15 -65
15 -65
15 -65
15 -65
15 -66
15 -66
15 -67
15 -68
15 -68
15 -69
15 -70
15 -70
16 -57
16 -57
16 -56
16 -56
16 -55
16 -54
16 -55
16 -55
16 -55
16 -55
16 -30
16 -55
16 -55
16 -56
16 -54
16 -55
16 -55
16 -56
16 -56
16 -56
16 -38
16 -56
16 -56
16 -66
16 -54
16 -55
16 -56
16 -53
16 -55
16 -54
16 -55
16 -55
16 -56
16 -56
16 -56
16 -63
16 -55
16 -58
16 -62
16 -61
16 -60
16 -60
16 -61
16 -63
16 -64
16 -64
16 -65
16 -67
16 -67
16 -64
16 -62
16 -65
16 -67
16 -68
16 -68
16 -66
16 -71
16 -66
16 -73
16 -65
16 -64
16 -62
16 -60
16 -58
16 -58
16 -58
16 -58
16 -58
16 -60
16 -60
16 -64
16 -62
16 -59
16 -58
16 -58
16 -59
16 -60
16 -60
16 -60
16 -61
16 -60
16 -60
16 -60
16 -59
16 -58
16 -58
16 -58
16 -59
16 -60
16 -62
16 -61
16 -60
16 -60
16 -60
16 -60
16 -60
16 -47
16 -60
16 -60
16 -61
16 -62
16 -62
16 -62
16 -61
16 -66
16 -69
16 -67
16 -67
16 -66
16 -66
16 -66
16 -67
16 -68
16 -68
16 -68
16 -68
16 -68
16 -67
16 -66
16 -66
16 -65
16 -66
16 -69
16 -72
16 -73
16 -74
16 -73
16 -73
16 -75
16 -76
16 -76
16 -76
16 -73
16 -73
16 -72
16 -65
16 -68
16 -67
16 -66
16 -66
16 -67
16 -66
16 -66
16 -66
16 -66
16 -66
16 -68
16 -70
16 -74
16 -75
16 -74
16 -74
16 -74
16 -73
16 -75
16 -76
16 -76
16 -71
16 -75
16 -74
16 -72
16 -68
16 -70
16 -71
16 -73
16 -73
16 -76
16 -76
16 -75
16 -78
16 -78
16 -78
16 -78
16 -78
16 -77
16 -78
16 -80
16 -78
16 -78
16 -74
16 -74
16 -73
16 -75
16 -78
16 -79
16 -81
16 -75
16 -80
16 -78
16 -76
16 -76
16 -76
16 -76
16 -75
16 -73
16 -72
16 -70
16 -69
16 -68
16 -69
16 -68
16 -67
16 -66
16 -68
16 -68
16 -67
16 -67
16 -67
16 -67
16 -67
16 -68
16 -68
16 -70
16 -70
16 -71
16 -78
16 -75
16 -68
16 -66
16 -70
16 -70
16 -72
16 -69
16 -70
16 -67
16 -65
16 -69
16 -69
16 -70
16 -72
16 -73
16 -73
16 -72
16 -73
16 -72
16 -70
16 -67
16 -63
16 -58
16 -59
16 -58
16 -59
16 -58
16 -58
16 -57
16 -57
16 -57
16 -58
16 -58
16 -58
16 -58
16 -68
16 -58
16 -58
16 -58
16 -60
16 -62
16 -58
16 -61
16 -54
16 -58
16 -55
16 -55
16 -55
16 -56
16 -55
16 -56
16 -58
16 -60
16 -58
16 -57
16 -57
16 -58
16 -58
16 -58
16 -58
16 -67
16 -65
16 -64
16 -63
16 -61
16 -58
16 -58
16 -58
16 -57
16 -58
16 -60
16 -57
16 -58
16 -63
16 -66
16 -66
16 -64
16 -61
16 -61
16 -62
16 -62
16 -63
16 -63
16 -64
16 -64
16 -64
16 -64
16 -63
16 -64
16 -64
16 -63
16 -63
16 -64
17 -60
17 -60
17 -60
17 -60
17 -60
17 -60
17 -31
17 -60
17 -60
17 -60
17 -60
17 -60
17 -60
17 -59
17 -58
17 -60
17 -60
17 -59
17 -59
17 -59
17 -59
17 -58
17 -59
17 -60
17 -61
17 -60
17 -63
17 -60
17 -60
17 -61
17 -62
17 -64
17 -63
17 -63
17 -65
17 -69
17 -66
17 -63
17 -62
17 -62
17 -61
17 -62
17 -63
17 -64
17 -65
17 -66
17 -69
17 -68
17 -72
17 -75
17 -72
17 -70
17 -65
17 -64
17 -61
17 -59
17 -60
17 -60
17 -59
17 -58
17 -58
17 -57
17 -57
17 -57
17 -58
17 -60
17 -63
17 -62
17 -64
17 -65
17 -66
17 -66
17 -63
17 -67
17 -66
17 -66
17 -66
17 -66
17 -65
17 -66
17 -66
17 -66
17 -65
17 -64
17 -64
17 -64
17 -64
17 -64
17 -65
17 -64
17 -64
17 -64
17 -64
17 -64
17 -64
17 -64
17 -64
17 -64
17 -64
17 -64
17 -64
17 -64
17 -64
17 -64
17 -64
17 -64
17 -64
17 -64
17 -64
17 -64
17 -64
17 -64
17 -64
17 -64
17 -64
17 -64
17 -64
17 -64
17 -65
17 -65
17 -66
17 -66
17 -66
17 -66
17 -66
17 -66
17 -66
17 -64
17 -64
17 -64
17 -64
17 -65
17 -65
17 -65
17 -65
17 -64
17 -64
17 -64
17 -65
17 -65
17 -66
17 -66
17 -66
17 -66
17 -66
17 -66
17 -66
17 -66
17 -66
17 -66
17 -66
17 -66
17 -66
17 -66
17 -66
17 -65
17 -66
17 -66
17 -66
17 -67
17 -67
17 -67
17 -68
17 -67
17 -68
17 -67
17 -67
17 -67
17 -67
17 -67
17 -67
17 -67
17 -68
17 -68
17 -68
17 -68
17 -69
17 -69
17 -69
17 -70
17 -70
17 -69
17 -70
17 -70
17 -70
17 -70
17 -70
17 -70
17 -70
17 -70
17 -70
17 -70
17 -70
17 -70
17 -69
17 -69
17 -70
17 -70
17 -69
17 -70
17 -69
17 -70
17 -70
17 -67
17 -70
17 -70
17 -70
17 -70
17 -70
17 -70
17 -70
17 -70
17 -69
17 -70
17 -70
17 -69
17 -70
17 -70
17 -70
17 -71
17 -69
17 -63
17 -63
17 -64
17 -63
17 -63
17 -60
17 -62
17 -61
17 -63
17 -62
17 -63
17 -63
17 -63
17 -64
17 -64
17 -64
17 -64
17 -64
17 -64
17 -64
17 -64
17 -64
17 -64
17 -68
17 -64
17 -63
17 -64
17 -64
17 -64
17 -64
17 -76
17 -64
17 -64
17 -63
17 -63
17 -63
17 -63
17 -63
17 -63
17 -62
17 -64
17 -64
17 -64
17 -63
17 -62
17 -63
17 -64
17 -65
17 -67
17 -65
17 -64
17 -62
17 -62
17 -63
17 -63
17 -63
17 -63
17 -64
17 -62
17 -61
17 -61
17 -61
17 -61
17 -63
17 -63
17 -63
17 -64
17 -64
17 -64
17 -64
17 -63
17 -64
17 -60
17 -62
17 -62
17 -61
17 -61
17 -62
17 -62
17 -62
17 -62
17 -62
17 -62
17 -62
17 -62
18 -77
18 -76
18 -76
18 -76
18 -77
18 -76
18 -76
18 -78
18 -78
18 -78
18 -79
18 -74
18 -72
18 -73
18 -77
18 -78
18 -78
18 -76
18 -75
18 -73
18 -72
18 -73
18 -72
18 -72
18 -72
18 -72
18 -70
18 -70
18 -70
18 -70
18 -70
18 -70
18 -70
18 -71
18 -72
18 -72
18 -73
18 -74
18 -75
18 -73
18 -71
18 -70
18 -71
18 -71
18 -72
18 -72
18 -71
18 -69
18 -68
18 -69
18 -70
18 -70
18 -71
18 -70
18 -69
18 -68
18 -67
18 -69
18 -70
18 -72
18 -72
18 -68
18 -67
18 -72
18 -74
18 -72
18 -75
18 -74
18 -75
18 -75
18 -75
18 -75
18 -76
18 -80
18 -82
18 -80
18 -78
18 -78
18 -78
18 -76
18 -76
18 -78
18 -76
18 -77
18 -78
18 -79
18 -76
18 -71
18 -76
18 -73
18 -71
18 -69
18 -72
18 -72
18 -72
18 -72
18 -72
18 -72
18 -72
18 -72
18 -72
18 -72
18 -73
18 -73
18 -72
18 -67
18 -70
18 -70
18 -70
18 -69
18 -69
18 -69
18 -69
18 -70
18 -69
18 -70
18 -70
18 -70
18 -70
18 -70
18 -70
18 -66
18 -78
18 -70
18 -70
18 -71
18 -69
18 -69
18 -69
18 -69
18 -69
18 -69
18 -69
18 -69
18 -69
18 -68
18 -69
18 -69
18 -69
18 -69
18 -69
18 -69
18 -69
18 -69
18 -69
18 -69
18 -69
18 -69
18 -69
18 -69
18 -69
18 -69
18 -69
18 -69
18 -69
18 -69
18 -69
18 -69
18 -69
18 -69
18 -69
18 -69
18 -68
18 -68
18 -69
18 -69
18 -69
18 -69
18 -69
18 -69
18 -68
18 -68
18 -68
18 -68
18 -64
18 -68
18 -68
18 -68
18 -68
18 -67
18 -69
18 -68
18 -68
18 -69
18 -69
18 -69
18 -69
18 -69
18 -69
18 -69
18 -69
18 -68
18 -67
18 -69
18 -69
18 -69
18 -70
18 -69
18 -69
18 -69
18 -69
18 -69
18 -69
18 -69
18 -69
18 -69
18 -69
18 -69
18 -69
18 -69
18 -69
18 -69
18 -69
18 -66
18 -69
18 -69
18 -69
18 -69
18 -67
18 -78
18 -70
18 -72
18 -69
18 -70
18 -72
18 -72
18 -71
18 -70
18 -71
18 -72
18 -71
18 -70
18 -70
18 -70
18 -70
18 -69
18 -69
18 -69
18 -69
18 -68
18 -68
18 -67
18 -70
18 -76
18 -72
18 -73
18 -76
18 -73
18 -72
18 -72
18 -72
18 -70
18 -69
18 -69
18 -68
18 -68
18 -68
18 -68
18 -68
18 -68
18 -69
18 -69
18 -69
18 -69
18 -70
18 -69
18 -69
18 -70
18 -70
18 -70
18 -70
18 -71
18 -71
18 -71
18 -73
18 -69
18 -74
18 -76
18 -75
18 -74
18 -73
18 -71
18 -72
18 -75
18 -76
18 -73
18 -73
18 -72
18 -70
18 -69
18 -69
18 -69
18 -69
18 -70
18 -72
18 -72
18 -74
18 -75
18 -70
18 -78
18 -79
19 -80
19 -81
19 -81
19 -81
19 -80
19 -80
19 -80
19 -76
19 -76
19 -75
19 -73
19 -73
19 -74
19 -75
19 -75
19 -78
19 -79
19 -72
19 -72
19 -79
19 -78
19 -78
19 -78
19 -78
19 -82
19 -77
19 -74
19 -73
19 -73
19 -74
19 -74
19 -74
19 -76
19 -78
19 -77
19 -79
19 -74
19 -76
19 -76
19 -77
19 -79
19 -76
19 -76
19 -72
19 -83
19 -74
19 -76
19 -75
19 -76
19 -72
19 -76
19 -77
19 -83
19 -85
19 -85
19 -84
19 -83
19 -82
19 -82
19 -82
19 -85
19 -82
19 -81
19 -81
19 -78
19 -78
19 -78
19 -78
19 -78
19 -78
19 -80
19 -79
19 -79
19 -77
19 -78
19 -78
19 -78
19 -78
19 -78
19 -78
19 -78
19 -78
19 -78
19 -78
19 -78
19 -78
19 -78
19 -78
19 -78
19 -77
19 -77
19 -77
19 -76
19 -76
19 -77
19 -77
19 -78
19 -78
19 -78
19 -78
19 -77
19 -77
19 -78
19 -78
19 -78
19 -77
19 -77
19 -76
19 -75
19 -76
19 -76
19 -76
19 -76
19 -76
19 -76
19 -76
19 -76
19 -76
19 -76
19 -76
19 -76
19 -65
19 -76
19 -76
19 -76
19 -76
19 -76
19 -76
19 -76
19 -76
19 -76
19 -76
19 -76
19 -76
19 -76
19 -76
19 -76
19 -76
19 -76
19 -76
19 -75
19 -76
19 -75
19 -75
19 -74
19 -75
19 -75
19 -73
19 -75
19 -75
19 -75
19 -75
19 -71
19 -73
19 -74
19 -75
19 -75
19 -75
19 -74
19 -75
19 -74
19 -75
19 -75
19 -74
19 -74
19 -73
19 -74
19 -74
19 -74
19 -73
19 -74
19 -74
19 -75
19 -74
19 -74
19 -74
19 -74
19 -74
19 -74
19 -75
19 -75
19 -71
19 -60
19 -69
19 -74
19 -74
19 -74
19 -73
19 -73
19 -73
19 -73
19 -73
19 -73
19 -73
19 -73
19 -73
19 -72
19 -74
19 -75
19 -78
19 -76
19 -76
19 -80
19 -82
19 -82
19 -84
19 -77
19 -76
19 -77
19 -77
19 -76
19 -76
19 -76
19 -77
19 -78
19 -77
19 -78
19 -64
19 -82
19 -81
19 -74
19 -80
19 -79
19 -83
19 -76
19 -76
19 -76
19 -75
19 -74
19 -74
19 -73
19 -73
19 -72
19 -71
19 -83
19 -73
19 -72
19 -72
19 -72
19 -72
19 -72
19 -72
19 -75
19 -76
19 -76
19 -76
19 -76
19 -76
20 -70
20 -70
20 -69
20 -69
20 -69
20 -69
20 -69
20 -69
20 -69
20 -70
20 -70
20 -70
20 -72
20 -75
20 -77
20 -77
20 -76
20 -76
20 -75
20 -74
20 -72
20 -76
20 -72
20 -69
20 -69
20 -71
20 -70
20 -70
20 -69
20 -69
20 -75
20 -72
20 -68
20 -66
20 -66
20 -67
20 -67
20 -67
20 -68
20 -68
20 -66
20 -66
20 -65
20 -66
20 -63
20 -66
20 -64
20 -64
20 -64
20 -63
20 -64
20 -64
20 -63
20 -63
20 -64
20 -69
20 -67
20 -30
20 -68
20 -69
20 -71
20 -68
20 -67
20 -68
20 -69
20 -70
20 -70
20 -70
20 -69
20 -67
20 -67
20 -68
20 -68
20 -69
20 -69
20 -69
20 -70
20 -70
20 -70
20 -70
20 -70
20 -70
20 -70
20 -69
20 -68
20 -67
20 -68
20 -68
20 -67
20 -66
20 -67
20 -68
20 -68
20 -68
20 -68
20 -68
20 -68
20 -69
20 -68
20 -69
20 -68
20 -69
20 -68
20 -69
20 -68
20 -68
20 -68
20 -68
20 -69
20 -69
20 -69
20 -69
20 -69
20 -69
20 -70
20 -70
20 -70
20 -70
20 -69
20 -69
20 -69
20 -68
20 -30
20 -68
20 -68
20 -68
20 -67
20 -67
20 -68
20 -67
20 -67
20 -67
20 -61
20 -30
20 -69
20 -69
20 -69
20 -69
20 -69
20 -69
20 -69
20 -68
20 -69
20 -69
20 -69
20 -69
20 -69
20 -70
20 -69
20 -69
20 -69
20 -69
20 -68
20 -69
20 -69
20 -69
20 -69
20 -69
20 -69
20 -70
20 -69
20 -70
20 -70
20 -70
20 -70
20 -67
20 -68
20 -65
20 -70
20 -70
20 -69
20 -58
20 -69
20 -69
20 -69
20 -68
20 -68
20 -68
20 -68
20 -68
20 -68
20 -68
20 -69
20 -69
20 -69
20 -69
20 -69
20 -69
20 -69
20 -70
20 -67
20 -69
20 -68
20 -68
20 -67
20 -68
20 -68
20 -68
20 -68
20 -68
20 -68
20 -67
20 -68
20 -68
20 -68
20 -68
20 -68
20 -68
20 -68
20 -67
20 -67
20 -66
20 -67
20 -66
20 -66
20 -67
20 -66
20 -66
20 -67
20 -66
20 -66
20 -67
20 -68
20 -68
20 -69
20 -70
20 -67
20 -64
20 -63
20 -63
20 -64
20 -64
20 -64
20 -64
20 -64
20 -65
20 -66
20 -31
20 -67
20 -69
20 -68
20 -69
20 -70
20 -70
20 -70
20 -70
20 -70
20 -73
20 -71
20 -72
20 -73
20 -72
20 -73
20 -72
20 -73
20 -73
20 -72
20 -70
20 -70
20 -70
20 -66
20 -70
20 -70
20 -70
20 -70
20 -70
20 -73
20 -74
20 -74
20 -73
20 -72
20 -72
20 -72
20 -72
20 -73
20 -74
20 -75
20 -75
20 -75
20 -74
20 -75
20 -74
20 -73
20 -74
20 -73
20 -71
20 -72
20 -73
20 -71
20 -76
20 -76
20 -74
20 -76
20 -84
20 -80
20 -78
20 -76
20 -76
20 -74
20 -65
20 -66
20 -72
20 -73
20 -67
21 -57
21 -58
21 -58
21 -58
21 -58
21 -58
21 -58
21 -58
21 -58
21 -58
21 -58
21 -57
21 -54
21 -59
21 -57
21 -55
21 -56
21 -56
21 -57
21 -58
21 -57
21 -60
21 -59
21 -59
21 -58
21 -58
21 -58
21 -60
21 -63
21 -61
21 -60
21 -64
21 -61
21 -67
21 -67
21 -64
21 -66
21 -63
21 -64
21 -64
21 -68
21 -69
21 -78
21 -67
21 -64
21 -64
21 -67
21 -72
21 -74
21 -67
21 -66
21 -61
21 -63
21 -62
21 -60
21 -60
21 -60
21 -60
21 -60
21 -58
21 -56
21 -55
21 -55
21 -58
21 -63
21 -67
21 -67
21 -62
21 -60
21 -64
21 -70
21 -66
21 -65
21 -65
21 -66
21 -66
21 -65
21 -61
21 -60
21 -60
21 -66
21 -63
21 -63
21 -63
21 -61
21 -60
21 -60
21 -61
21 -60
21 -61
21 -61
21 -63
21 -64
21 -63
21 -63
21 -64
21 -67
21 -70
21 -64
21 -69
21 -68
21 -32
21 -67
21 -67
21 -68
21 -69
21 -69
21 -70
21 -70
21 -68
21 -66
21 -67
21 -67
21 -72
21 -71
21 -70
21 -69
21 -68
21 -69
21 -69
21 -67
21 -67
21 -67
21 -69
21 -69
21 -69
21 -69
21 -69
21 -70
21 -70
21 -67
21 -67
21 -67
21 -67
21 -67
21 -68
21 -65
21 -65
21 -64
21 -64
21 -65
21 -65
21 -66
21 -66
21 -66
21 -64
21 -65
21 -75
21 -64
21 -64
21 -65
21 -64
21 -65
21 -64
21 -63
21 -63
21 -63
21 -62
21 -62
21 -62
21 -62
21 -62
21 -62
21 -62
21 -62
21 -62
21 -60
21 -59
21 -60
21 -60
21 -60
21 -59
21 -59
21 -59
21 -59
21 -59
21 -59
21 -60
21 -60
21 -60
21 -60
21 -60
21 -61
21 -60
21 -60
21 -60
21 -60
21 -60
21 -60
21 -60
21 -60
21 -60
21 -60
21 -60
21 -60
21 -59
21 -59
21 -60
21 -60
21 -60
21 -60
21 -60
21 -60
21 -61
21 -60
21 -60
21 -60
21 -60
21 -60
21 -60
21 -60
21 -60
21 -59
21 -59
21 -58
21 -58
21 -58
21 -58
21 -57
21 -57
21 -57
21 -57
21 -58
21 -57
21 -58
21 -58
21 -58
21 -58
21 -60
21 -64
21 -64
21 -64
21 -63
21 -62
21 -61
21 -59
21 -60
21 -62
21 -62
21 -61
21 -61
21 -62
21 -63
21 -62
21 -60
21 -60
21 -60
21 -61
21 -63
21 -64
21 -64
21 -68
21 -70
21 -64
21 -65
21 -63
21 -63
21 -63
21 -63
21 -63
21 -63
21 -62
21 -62
21 -62
21 -60
21 -61
21 -60
21 -62
21 -63
21 -67
21 -64
21 -62
21 -63
21 -63
21 -73
21 -62
21 -66
21 -63
21 -63
21 -63
21 -63
21 -64
21 -66
21 -66
21 -66
21 -66
21 -66
21 -64
21 -63
21 -65
21 -69
21 -70
21 -68
21 -66
21 -67
21 -66
21 -64
21 -64
21 -63
21 -64
21 -64
21 -63
21 -64
21 -64
21 -63
21 -62
21 -63
21 -64
21 -66
21 -66
21 -66
21 -66
21 -66
21 -66
21 -65
21 -66
21 -66
21 -66
21 -66
21 -66
21 -66
21 -66
22 -61
22 -60
22 -60
22 -60
22 -60
22 -60
22 -60
22 -60
22 -60
22 -60
22 -60
22 -60
22 -60
22 -59
22 -60
22 -60
22 -62
22 -62
22 -63
22 -64
22 -64
22 -65
22 -66
22 -65
22 -62
22 -60
22 -60
22 -62
22 -58
22 -59
22 -57
22 -59
22 -59
22 -59
22 -59
22 -60
22 -57
22 -57
22 -56
22 -56
22 -57
22 -56
22 -56
22 -55
22 -55
22 -55
22 -55
22 -55
22 -55
22 -54
22 -55
22 -56
22 -56
22 -57
22 -58
22 -58
22 -58
22 -58
22 -58
22 -58
22 -58
22 -59
22 -58
22 -56
22 -56
22 -56
22 -56
22 -57
22 -57
22 -58
22 -60
22 -60
22 -60
22 -60
22 -58
22 -57
22 -58
22 -58
22 -58
22 -59
22 -59
22 -59
22 -59
22 -59
22 -58
22 -58
22 -58
22 -59
22 -60
22 -60
22 -61
22 -60
22 -60
22 -58
22 -58
22 -58
22 -58
22 -58
22 -58
22 -58
22 -59
22 -60
22 -61
22 -63
22 -63
22 -62
22 -61
22 -61
22 -60
22 -61
22 -61
22 -61
22 -62
22 -62
22 -63
22 -64
22 -62
22 -62
22 -62
22 -63
22 -63
22 -62
22 -62
22 -61
22 -61
22 -61
22 -61
22 -62
22 -62
22 -62
22 -63
22 -63
22 -62
22 -62
22 -62
22 -62
22 -62
22 -62
22 -61
22 -61
22 -61
22 -61
22 -61
22 -61
22 -60
22 -61
22 -61
22 -61
22 -62
22 -62
22 -61
22 -62
22 -60
22 -62
22 -62
22 -62
22 -62
22 -62
22 -62
22 -62
22 -62
22 -62
22 -62
22 -73
22 -62
22 -62
22 -62
22 -62
22 -63
22 -62
22 -63
22 -63
22 -63
22 -63
22 -63
22 -63
22 -64
22 -64
22 -63
22 -64
22 -64
22 -63
22 -63
22 -63
22 -63
22 -62
22 -63
22 -63
22 -63
22 -63
22 -63
22 -64
22 -63
22 -64
22 -64
22 -63
22 -64
22 -63
22 -63
22 -64
22 -64
22 -64
22 -64
22 -64
22 -64
22 -63
22 -63
22 -63
22 -63
22 -63
22 -63
22 -63
22 -64
22 -63
22 -64
22 -63
22 -63
22 -63
22 -64
22 -64
22 -64
22 -63
22 -63
22 -64
22 -62
22 -60
22 -60
22 -60
22 -61
22 -61
22 -60
22 -61
22 -61
22 -60
22 -60
22 -60
22 -60
22 -61
22 -60
22 -59
22 -58
22 -59
22 -58
22 -58
22 -57
22 -57
22 -58
22 -58
22 -58
22 -58
22 -58
22 -58
22 -58
22 -58
22 -59
22 -60
22 -60
22 -60
22 -60
22 -70
22 -59
22 -58
22 -57
22 -56
22 -56
22 -58
22 -58
22 -58
22 -58
22 -58
22 -64
22 -65
22 -56
22 -57
22 -57
22 -57
22 -56
22 -57
22 -56
22 -56
22 -56
22 -56
22 -56
22 -57
22 -58
22 -58
22 -58
22 -58
22 -58
22 -58
22 -58
22 -58
22 -58
22 -58
22 -58
22 -58
22 -58
22 -59
22 -59
22 -58
22 -58
22 -57
22 -58
22 -58
22 -57
22 -57
22 -57
22 -56
22 -56
22 -56
22 -56
22 -56
22 -56
22 -55
22 -56
22 -55
23 -72
23 -72
23 -71
23 -71
23 -71
23 -71
23 -70
23 -70
23 -70
23 -70
23 -70
23 -70
23 -70
23 -71
23 -72
23 -75
23 -77
23 -73
23 -73
23 -73
23 -58
23 -70
23 -72
23 -75
23 -76
23 -57
23 -72
23 -76
23 -77
23 -73
23 -73
23 -73
23 -74
23 -75
23 -77
23 -79
23 -77
23 -76
23 -73
23 -75
23 -77
23 -78
23 -76
23 -74
23 -76
23 -75
23 -73
23 -73
23 -73
23 -74
23 -76
23 -72
23 -72
23 -74
23 -75
23 -74
23 -75
23 -80
23 -75
23 -74
23 -76
23 -77
23 -79
23 -81
23 -81
23 -82
23 -77
23 -74
23 -72
23 -74
23 -75
23 -72
23 -71
23 -72
23 -70
23 -75
23 -75
23 -73
23 -69
23 -72
23 -72
23 -74
23 -73
23 -74
23 -74
23 -75
23 -77
23 -76
23 -76
23 -75
23 -76
23 -73
23 -69
23 -46
23 -73
23 -71
23 -70
23 -70
23 -71
23 -71
23 -71
23 -71
23 -71
23 -30
23 -71
23 -72
23 -72
23 -70
23 -71
23 -70
23 -70
23 -70
23 -70
23 -70
23 -70
23 -70
23 -70
23 -70
23 -70
23 -70
23 -70
23 -71
23 -72
23 -71
23 -71
23 -71
23 -71
23 -71
23 -71
23 -71
23 -71
23 -70
23 -71
23 -72
23 -72
23 -71
23 -70
23 -70
23 -70
23 -70
23 -70
23 -70
23 -70
23 -70
23 -70
23 -71
23 -70
23 -70
23 -70
23 -70
23 -70
23 -70
23 -71
23 -71
23 -71
23 -71
23 -70
23 -70
23 -70
23 -67
23 -70
23 -70
23 -68
23 -70
23 -70
23 -70
23 -70
23 -71
23 -71
23 -71
23 -70
23 -72
23 -72
23 -72
23 -70
23 -70
23 -70
23 -70
23 -70
23 -70
23 -56
23 -70
23 -70
23 -69
23 -70
23 -70
23 -69
23 -69
23 -70
23 -70
23 -69
23 -69
23 -69
23 -69
23 -68
23 -68
23 -69
23 -69
23 -69
23 -70
23 -69
23 -69
23 -70
23 -69
23 -69
23 -69
23 -69
23 -69
23 -69
23 -69
23 -68
23 -68
23 -68
23 -67
23 -66
23 -67
23 -67
23 -67
23 -66
23 -66
23 -58
23 -67
23 -67
23 -68
23 -69
23 -71
23 -74
23 -76
23 -82
23 -77
23 -76
23 -78
23 -78
23 -76
23 -77
23 -77
23 -77
23 -76
23 -76
23 -78
23 -78
23 -77
23 -81
23 -82
23 -76
23 -80
23 -76
23 -77
23 -81
23 -76
23 -70
23 -80
23 -76
23 -79
23 -78
23 -76
23 -75
23 -76
23 -75
23 -76
23 -76
23 -70
23 -77
23 -76
23 -76
23 -65
23 -71
23 -79
23 -78
23 -76
23 -76
23 -76
23 -76
23 -76
23 -79
23 -75
23 -75
23 -76
23 -78
23 -77
23 -72
23 -72
23 -73
23 -73
23 -74
23 -74
23 -73
23 -74
23 -74
23 -74
23 -74
23 -74
23 -74
23 -74
24 -72
24 -72
24 -72
24 -73
24 -73
24 -73
24 -72
24 -72
24 -76
24 -75
24 -75
24 -74
24 -72
24 -72
24 -73
24 -72
24 -72
24 -72
24 -71
24 -70
24 -70
24 -72
24 -73
24 -72
24 -72
24 -73
24 -76
24 -79
24 -81
24 -79
24 -77
24 -76
24 -76
24 -74
24 -77
24 -83
24 -79
24 -75
24 -71
24 -60
24 -71
24 -74
24 -80
24 -82
24 -83
24 -65
24 -83
24 -80
24 -81
24 -82
24 -78
24 -82
24 -74
24 -69
24 -81
24 -80
24 -70
24 -78
24 -79
24 -81
24 -81
24 -82
24 -82
24 -78
24 -77
24 -76
24 -76
24 -76
24 -76
24 -76
24 -75
24 -75
24 -76
24 -76
24 -68
24 -76
24 -78
24 -77
24 -77
24 -78
24 -77
24 -77
24 -77
24 -75
24 -75
24 -75
24 -75
24 -75
24 -72
24 -75
24 -75
24 -69
24 -75
24 -76
24 -75
24 -75
24 -75
24 -74
24 -75
24 -76
24 -75
24 -75
24 -76
24 -76
24 -76
24 -65
24 -76
24 -76
24 -75
24 -75
24 -75
24 -75
24 -75
24 -75
24 -74
24 -75
24 -76
24 -75
24 -76
24 -75
24 -76
24 -75
24 -75
24 -75
24 -76
24 -72
24 -76
24 -75
24 -75
24 -75
24 -75
24 -76
24 -75
24 -74
24 -75
24 -71
24 -73
24 -74
24 -75
24 -74
24 -74
24 -76
24 -74
24 -76
24 -74
24 -76
24 -75
24 -74
24 -75
24 -74
24 -74
24 -74
24 -30
24 -73
24 -72
24 -73
24 -73
24 -73
24 -74
24 -74
24 -74
24 -74
24 -74
24 -70
24 -72
24 -83
24 -78
24 -76
24 -76
24 -78
24 -78
24 -79
24 -80
24 -78
24 -76
24 -76
24 -76
24 -80
24 -77
24 -74
24 -75
24 -74
24 -72
24 -72
24 -70
24 -71
24 -70
24 -70
24 -70
24 -70
24 -70
24 -70
24 -70
24 -71
24 -72
24 -71
24 -74
24 -77
24 -76
24 -78
24 -78
24 -74
24 -74
24 -76
24 -76
24 -76
24 -76
24 -75
24 -76
24 -71
24 -80
24 -78
24 -77
24 -76
24 -78
25 -85
25 -79
25 -78
25 -77
25 -78
25 -79
25 -78
25 -75
25 -81
25 -80
25 -78
25 -79
25 -79
25 -83
25 -82
25 -78
25 -78
25 -77
25 -78
25 -76
25 -74
25 -74
25 -74
25 -75
25 -76
25 -76
25 -80
25 -78
25 -79
25 -70
25 -81
25 -82
25 -83
25 -82
25 -85
25 -84
25 -83
25 -81
25 -85
25 -86
25 -85
25 -69
25 -80
25 -78
25 -78
25 -78
25 -70
25 -77
25 -75
25 -76
25 -76
25 -76
25 -76
25 -76
25 -78
25 -77
25 -82
25 -76
25 -85
25 -82
25 -82
25 -82
25 -83
25 -84
25 -84
25 -84
25 -81
25 -81
25 -78
25 -77
25 -78
25 -77
25 -76
25 -76
25 -76
25 -77
25 -79
25 -80
26 -82
26 -82
26 -79
26 -78
26 -80
26 -79
26 -80
26 -79
26 -77
26 -76
26 -75
26 -73
26 -72
26 -72
26 -72
26 -72
26 -72
26 -72
26 -72
26 -72
26 -72
26 -73
26 -76
26 -76
26 -73
26 -73
26 -73
26 -66
26 -74
26 -76
26 -85
26 -81
26 -79
26 -78
26 -82
26 -78
26 -77
26 -79
26 -80
26 -81
26 -81
26 -79
26 -75
26 -78
26 -79
26 -78
26 -78
26 -68
26 -75
26 -78
26 -78
26 -78
26 -78
26 -78
26 -78
26 -78
26 -78
26 -78
26 -66
26 -78
26 -78
26 -78
26 -78
26 -78
26 -79
26 -78
26 -78
26 -79
26 -78
26 -79
26 -79
26 -79
26 -79
26 -78
26 -78
26 -79
26 -76
26 -79
26 -79
26 -78
26 -78
26 -78
26 -78
26 -78
26 -78
26 -78
26 -79
26 -79
26 -78
26 -74
26 -79
26 -79
26 -78
26 -78
26 -79
26 -79
26 -79
26 -79
26 -78
26 -78
26 -78
26 -59
26 -80
26 -78
26 -78
26 -78
26 -72
26 -77
26 -77
26 -74
26 -78
26 -79
26 -70
26 -79
26 -79
26 -78
26 -78
26 -78
26 -78
26 -78
26 -78
26 -78
26 -78
26 -78
26 -79
26 -78
26 -78
26 -79
26 -79
26 -78
26 -79
26 -74
26 -75
26 -78
26 -78
26 -79
26 -79
26 -79
26 -80
26 -80
26 -80
26 -82
26 -79
26 -80
26 -80
26 -79
26 -78
26 -76
26 -76
26 -75
26 -76
26 -76
26 -74
26 -76
26 -76
26 -77
26 -70
26 -78
26 -78
26 -72
26 -77
26 -76
26 -76
26 -75
26 -76
26 -76
26 -79
26 -83
26 -82
26 -82
26 -77
26 -84
26 -81
26 -82
26 -73
26 -78
26 -82
26 -81
26 -77
26 -82
26 -79
26 -82
26 -84
26 -64
26 -83
26 -83
26 -81
26 -80
26 -77
26 -64
26 -75
26 -76
26 -76
26 -76
26 -80
26 -80
26 -84
27 -70
27 -70
27 -70
27 -71
27 -70
27 -71
27 -71
27 -71
27 -70
27 -70
27 -69
27 -69
27 -66
27 -66
27 -66
27 -66
27 -67
27 -65
27 -68
27 -70
27 -72
27 -72
27 -73
27 -71
27 -73
27 -75
27 -76
27 -76
27 -78
27 -83
27 -76
27 -70
27 -69
27 -68
27 -69
27 -69
27 -69
27 -59
27 -70
27 -70
27 -70
27 -71
27 -71
27 -72
27 -73
27 -76
27 -78
27 -85
27 -83
27 -80
27 -76
27 -76
27 -79
27 -78
27 -77
27 -80
27 -81
27 -78
27 -76
27 -76
27 -76
27 -75
27 -75
27 -74
27 -75
27 -75
27 -71
27 -75
27 -76
27 -75
27 -74
27 -76
27 -72
27 -76
27 -78
27 -77
27 -61
27 -76
27 -74
27 -73
27 -73
27 -74
27 -72
27 -72
27 -73
27 -32
27 -73
27 -74
27 -73
27 -73
27 -73
27 -72
27 -73
27 -74
27 -73
27 -75
27 -76
27 -74
27 -72
27 -72
27 -72
27 -71
27 -72
27 -72
27 -71
27 -72
27 -71
27 -70
27 -70
27 -70
27 -70
27 -70
27 -69
27 -70
27 -70
27 -70
27 -70
27 -70
27 -70
27 -70
27 -70
27 -70
27 -70
27 -70
27 -70
27 -70
27 -70
27 -70
27 -70
27 -70
27 -70
27 -70
27 -60
27 -70
27 -70
27 -70
27 -70
27 -70
27 -70
27 -69
27 -70
27 -70
27 -70
27 -69
27 -70
27 -69
27 -70
27 -70
27 -70
27 -70
27 -70
27 -70
27 -70
27 -70
27 -61
27 -70
27 -65
27 -69
27 -69
27 -69
27 -69
27 -69
27 -69
27 -69
27 -69
27 -69
27 -69
27 -69
27 -69
27 -69
27 -70
27 -70
27 -69
27 -70
27 -69
27 -69
27 -69
27 -70
27 -70
27 -70
27 -69
27 -70
27 -69
27 -70
27 -70
27 -70
27 -70
27 -70
27 -70
27 -70
27 -70
27 -70
27 -71
27 -70
27 -71
27 -71
27 -71
27 -70
27 -70
27 -70
27 -70
27 -70
27 -70
27 -70
27 -70
27 -70
27 -70
27 -70
27 -70
27 -69
27 -68
27 -68
27 -69
27 -71
27 -75
27 -79
27 -83
27 -78
27 -75
27 -76
27 -81
27 -69
27 -76
27 -72
27 -73
27 -72
27 -72
27 -72
27 -72
27 -72
27 -70
27 -72
27 -71
27 -70
27 -70
27 -70
27 -70
27 -70
27 -71
27 -70
27 -70
27 -70
27 -70
27 -70
27 -70
27 -70
27 -70
27 -72
27 -72
27 -78
27 -78
27 -76
27 -76
27 -76
27 -76
27 -76
27 -75
27 -72
27 -73
27 -75
27 -71
27 -75
27 -75
27 -74
27 -73
27 -71
27 -70
27 -70
27 -70
27 -70
27 -70
27 -70
27 -70
27 -72
27 -72
27 -73
27 -68
27 -75
27 -75
27 -75
27 -75
27 -74
27 -74
27 -75
27 -76
27 -76
27 -76
27 -76
27 -75
27 -76
27 -62
28 -80
28 -82
28 -81
28 -80
28 -81
28 -82
28 -83
28 -83
28 -82
28 -80
28 -79
28 -73
28 -71
28 -71
28 -80
28 -75
28 -72
28 -71
28 -71
28 -72
28 -72
28 -71
28 -71
28 -71
28 -70
28 -70
28 -70
28 -70
28 -70
28 -74
28 -76
28 -78
28 -78
28 -77
28 -74
28 -76
28 -82
28 -80
28 -85
28 -76
28 -73
28 -74
28 -75
28 -73
28 -73
28 -73
28 -72
28 -72
28 -72
28 -71
28 -72
28 -72
28 -72
28 -72
28 -72
28 -73
28 -66
28 -72
28 -72
28 -72
28 -72
28 -72
28 -72
28 -70
28 -72
28 -72
28 -60
28 -72
28 -64
28 -72
28 -71
28 -72
28 -71
28 -70
28 -70
28 -71
28 -71
28 -71
28 -71
28 -72
28 -71
28 -71
28 -71
28 -71
28 -71
28 -70
28 -70
28 -70
28 -71
28 -71
28 -71
28 -71
28 -71
28 -71
28 -70
28 -70
28 -70
28 -70
28 -70
28 -70
28 -70
28 -70
28 -70
28 -70
28 -67
28 -70
28 -70
28 -70
28 -69
28 -71
28 -70
28 -70
28 -70
28 -70
28 -70
28 -70
28 -70
28 -70
28 -70
28 -70
28 -70
28 -70
28 -70
28 -70
28 -70
28 -70
28 -70
28 -70
28 -70
28 -70
28 -70
28 -70
28 -70
28 -70
28 -70
28 -70
28 -69
28 -70
28 -70
28 -70
28 -70
28 -70
28 -70
28 -70
28 -70
28 -70
28 -70
28 -70
28 -70
28 -70
28 -70
28 -70
28 -70
28 -70
28 -70
28 -70
28 -70
28 -70
28 -70
28 -70
28 -70
28 -70
28 -66
28 -70
28 -70
28 -70
28 -70
28 -70
28 -70
28 -70
28 -70
28 -70
28 -70
28 -70
28 -70
28 -68
28 -70
28 -70
28 -70
28 -71
28 -71
28 -70
28 -70
28 -70
28 -70
28 -71
28 -72
28 -71
28 -72
28 -72
28 -72
28 -72
28 -72
28 -71
28 -71
28 -71
28 -71
28 -71
28 -70
28 -71
28 -70
28 -70
28 -72
28 -73
28 -72
28 -75
28 -62
28 -75
28 -76
28 -76
28 -78
28 -70
28 -68
28 -76
28 -76
28 -76
28 -76
28 -68
28 -74
28 -74
28 -76
28 -75
28 -73
28 -73
28 -73
28 -72
28 -72
28 -72
28 -72
28 -72
28 -54
28 -74
28 -75
28 -75
28 -76
28 -76
28 -76
28 -76
28 -74
28 -70
28 -72
28 -71
28 -70
28 -70
28 -70
28 -71
28 -72
28 -72
28 -72
28 -72
28 -73
28 -74
28 -73
28 -73
28 -73
28 -71
28 -64
28 -71
28 -70
28 -70
28 -70
28 -71
28 -72
28 -72
28 -74
28 -75
28 -75
28 -74
28 -75
28 -73
28 -72
28 -71
28 -72
28 -70
28 -69
28 -70
28 -70
28 -70
28 -70
28 -70
28 -70
28 -70
28 -70
28 -70
28 -70
28 -70
29 -78
29 -68
29 -77
29 -76
29 -78
29 -76
29 -76
29 -76
29 -76
29 -76
29 -76
29 -78
29 -76
29 -81
29 -84
29 -83
29 -81
29 -72
29 -76
29 -76
29 -75
29 -74
29 -72
29 -70
29 -71
29 -71
29 -71
29 -70
29 -70
29 -70
29 -70
29 -70
29 -70
29 -70
29 -70
29 -71
29 -73
29 -71
29 -71
29 -74
29 -75
29 -76
29 -76
29 -73
29 -72
29 -71
29 -72
29 -75
29 -76
29 -77
29 -77
29 -78
29 -78
29 -79
29 -68
29 -78
29 -78
29 -78
29 -77
29 -78
29 -78
29 -78
29 -78
29 -77
29 -76
29 -74
29 -74
29 -74
29 -75
29 -76
29 -76
29 -75
29 -66
29 -80
29 -79
29 -80
29 -79
29 -78
29 -78
29 -76
29 -76
29 -77
29 -78
29 -78
29 -78
29 -78
29 -78
29 -77
29 -78
29 -76
29 -76
29 -76
29 -76
29 -76
29 -76
29 -77
29 -76
29 -78
29 -78
29 -77
29 -78
29 -78
29 -78
29 -74
29 -79
29 -78
29 -78
29 -79
29 -77
29 -78
29 -80
29 -79
29 -79
29 -78
29 -66
29 -79
29 -79
29 -79
29 -78
29 -78
29 -65
29 -77
29 -78
29 -75
29 -78
29 -73
29 -78
29 -76
29 -78
29 -77
29 -76
29 -76
29 -68
29 -76
29 -75
29 -76
29 -76
29 -75
29 -75
29 -76
29 -76
29 -75
29 -75
29 -75
29 -75
29 -75
29 -75
29 -75
29 -75
29 -74
29 -74
29 -75
29 -67
29 -74
29 -74
29 -74
29 -74
29 -74
29 -73
29 -73
29 -72
29 -73
29 -72
29 -72
29 -72
29 -72
29 -72
29 -72
29 -50
29 -73
29 -73
29 -74
29 -69
29 -66
29 -76
29 -75
29 -76
29 -78
29 -78
29 -76
29 -76
29 -70
29 -75
29 -75
29 -75
29 -76
29 -76
29 -76
29 -76
29 -75
29 -72
29 -77
29 -76
29 -77
29 -70
29 -79
29 -79
29 -81
29 -83
29 -82
29 -80
29 -79
29 -78
29 -76
29 -83
29 -76
29 -76
29 -75
29 -73
29 -74
29 -75
29 -76
29 -75
29 -74
29 -74
29 -74
29 -73
29 -73
29 -73
29 -75
29 -74
29 -74
29 -74
29 -73
29 -71
29 -72
29 -71
29 -72
29 -72
29 -72
29 -72
29 -72
29 -72
29 -74
29 -76
29 -76
29 -76
29 -76
29 -75
29 -75
29 -75
29 -75
29 -76
29 -76
29 -76
29 -76
29 -76
30 -83
30 -81
30 -82
30 -77
30 -78
30 -77
30 -78
30 -78
30 -69
30 -76
30 -80
30 -81
30 -80
30 -71
30 -78
30 -77
30 -77
30 -78
30 -81
30 -76
30 -80
30 -80
30 -79
30 -79
30 -78
30 -78
30 -78
30 -76
30 -76
30 -76
30 -76
30 -76
30 -76
30 -75
30 -75
30 -76
30 -74
30 -74
30 -72
30 -72
30 -71
30 -71
30 -64
30 -72
30 -72
30 -72
30 -72
30 -72
30 -74
30 -75
30 -76
30 -76
30 -76
30 -76
30 -76
30 -76
30 -76
30 -76
30 -76
30 -76
30 -77
30 -76
30 -76
30 -78
30 -78
30 -80
30 -82
30 -80
30 -78
30 -77
30 -76
30 -76
30 -76
30 -76
30 -76
30 -76
30 -76
30 -76
30 -76
30 -76
30 -66
30 -76
30 -75
30 -76
30 -76
30 -76
30 -76
30 -76
30 -76
30 -77
30 -78
30 -77
30 -76
30 -77
30 -76
30 -76
30 -77
30 -76
30 -76
30 -76
30 -76
30 -76
30 -76
30 -77
30 -76
30 -77
30 -76
30 -77
30 -77
30 -76
30 -77
30 -76
30 -76
30 -73
30 -76
30 -77
30 -76
30 -76
30 -76
30 -76
30 -73
30 -76
30 -76
30 -76
30 -76
30 -76
30 -77
30 -76
30 -76
30 -77
30 -77
30 -77
30 -76
30 -77
30 -77
30 -76
30 -77
30 -77
30 -78
30 -77
30 -77
30 -77
30 -77
30 -76
30 -78
30 -78
30 -78
30 -78
30 -78
30 -77
30 -77
30 -78
30 -78
30 -78
30 -78
30 -77
30 -78
30 -78
30 -78
30 -78
30 -78
30 -79
30 -79
30 -79
30 -78
30 -78
30 -78
30 -78
30 -67
30 -79
30 -78
30 -78
30 -78
30 -78
30 -79
30 -78
30 -79
30 -79
30 -78
30 -79
30 -79
30 -79
30 -67
30 -82
30 -82
30 -80
30 -80
30 -79
30 -76
30 -78
30 -79
30 -78
30 -78
30 -79
30 -79
30 -78
30 -80
30 -80
30 -80
30 -80
30 -80
30 -80
30 -79
30 -79
30 -82
30 -82
30 -78
30 -78
30 -83
30 -86
30 -84
30 -83
30 -81
30 -81
30 -81
30 -78
30 -77
30 -78
30 -66
30 -78
30 -79
30 -79
30 -81
30 -82
30 -82
30 -70
30 -84
30 -83
30 -78
30 -72
30 -72
30 -76
30 -76
30 -76
30 -75
30 -62
30 -76
30 -66
30 -76
30 -76
30 -76
30 -76
31 -86
31 -83
31 -82
31 -81
31 -83
31 -70
31 -83
31 -85
31 -84
31 -71
31 -74
31 -81
31 -78
31 -77
31 -78
31 -63
31 -83
31 -81
31 -82
31 -80
31 -78
31 -77
31 -76
31 -75
31 -74
31 -74
31 -75
31 -75
31 -76
31 -76
31 -77
31 -76
31 -78
31 -78
31 -78
31 -70
31 -78
31 -78
31 -79
31 -79
31 -76
31 -71
31 -78
31 -78
31 -75
31 -78
31 -80
31 -79
31 -78
31 -76
31 -78
31 -78
31 -76
31 -77
31 -77
31 -78
31 -77
31 -72
31 -70
31 -70
31 -76
31 -76
31 -76
31 -71
31 -70
31 -76
31 -76
31 -76
31 -76
31 -75
31 -66
31 -75
31 -76
31 -76
31 -76
31 -76
31 -75
31 -76
31 -76
31 -76
31 -75
31 -76
31 -75
31 -75
31 -76
31 -76
31 -76
31 -76
31 -76
31 -76
31 -76
31 -74
31 -76
31 -76
31 -76
31 -76
31 -76
31 -76
31 -76
31 -76
31 -76
31 -76
31 -76
31 -67
31 -76
31 -74
31 -76
31 -77
31 -78
31 -77
31 -77
31 -76
31 -77
31 -77
31 -77
31 -76
31 -77
31 -78
31 -77
31 -75
31 -77
31 -76
31 -76
31 -76
31 -76
31 -76
31 -76
31 -76
31 -76
31 -76
31 -76
31 -76
31 -76
31 -76
31 -76
31 -75
31 -76
31 -73
31 -68
31 -76
31 -66
31 -76
31 -76
31 -75
31 -76
31 -75
31 -75
31 -75
31 -75
31 -75
31 -75
31 -76
31 -76
31 -64
31 -76
31 -76
31 -75
31 -76
31 -75
31 -76
31 -76
31 -76
31 -78
31 -79
31 -79
31 -81
31 -80
31 -80
31 -81
31 -82
31 -87
31 -85
31 -82
31 -79
31 -79
31 -78
31 -80
31 -79
31 -82
31 -79
31 -79
31 -78
31 -79
31 -80
31 -82
31 -82
31 -83
31 -58
31 -83
31 -81
31 -81
31 -81
31 -81
31 -83
31 -83
31 -82
32 -70
32 -70
32 -70
32 -70
32 -70
32 -70
32 -70
32 -69
32 -68
32 -68
32 -68
32 -67
32 -69
32 -79
32 -70
32 -71
32 -68
32 -67
32 -69
32 -69
32 -70
32 -70
32 -72
32 -71
32 -71
32 -72
32 -74
32 -73
32 -72
32 -72
32 -71
32 -71
32 -72
32 -75
32 -72
32 -71
32 -72
32 -72
32 -71
32 -72
32 -74
32 -75
32 -76
32 -75
32 -73
32 -76
32 -77
32 -75
32 -77
32 -76
32 -75
32 -74
32 -73
32 -76
32 -38
32 -77
32 -76
32 -76
32 -74
32 -72
32 -71
32 -72
32 -72
32 -72
32 -75
32 -74
32 -74
32 -72
32 -72
32 -72
32 -73
32 -72
32 -76
32 -76
32 -75
32 -76
32 -72
32 -72
32 -70
32 -70
32 -70
32 -71
32 -72
32 -72
32 -71
32 -72
32 -72
32 -72
32 -70
32 -71
32 -71
32 -70
32 -71
32 -71
32 -71
32 -70
32 -71
32 -71
32 -70
32 -70
32 -70
32 -72
32 -72
32 -72
32 -72
32 -72
32 -72
32 -61
32 -71
32 -71
32 -72
32 -77
32 -72
32 -69
32 -72
32 -72
32 -71
32 -72
32 -72
32 -72
32 -72
32 -72
32 -72
32 -72
32 -72
32 -73
32 -74
32 -74
32 -74
32 -73
32 -74
32 -75
32 -74
32 -74
32 -73
32 -73
32 -73
32 -74
32 -74
32 -62
32 -74
32 -74
32 -74
32 -73
32 -74
32 -74
32 -74
32 -75
32 -74
32 -74
32 -73
32 -72
32 -71
32 -65
32 -72
32 -72
32 -72
32 -72
32 -72
32 -72
32 -72
32 -72
32 -71
32 -72
32 -72
32 -72
32 -72
32 -73
32 -72
32 -72
32 -71
32 -71
32 -71
32 -71
32 -70
32 -70
32 -70
32 -70
32 -70
32 -70
32 -70
32 -70
32 -70
32 -70
32 -70
32 -71
32 -70
32 -70
32 -70
32 -70
32 -71
32 -70
32 -71
32 -71
32 -71
32 -71
32 -83
32 -72
32 -72
32 -72
32 -72
32 -75
32 -84
32 -83
32 -81
32 -76
32 -80
32 -80
32 -79
32 -86
32 -80
32 -78
32 -73
32 -73
32 -75
32 -76
32 -73
32 -74
32 -74
32 -74
32 -76
32 -78
32 -79
32 -79
32 -78
32 -80
32 -76
32 -70
32 -72
32 -74
32 -76
32 -76
32 -84
32 -82
32 -83
32 -81
32 -79
32 -75
32 -70
32 -71
32 -72
32 -72
32 -73
32 -74
32 -75
32 -76
32 -76
32 -71
32 -76
32 -77
32 -77
32 -76
32 -74
32 -74
32 -74
32 -71
32 -73
32 -73
32 -73
32 -73
32 -74
32 -73
32 -72
32 -72
32 -72
32 -72
32 -70
33 -76
33 -75
33 -75
33 -76
33 -75
33 -75
33 -74
33 -75
33 -75
33 -75
33 -76
33 -76
33 -76
33 -74
33 -75
33 -75
33 -73
33 -72
33 -72
33 -72
33 -71
33 -72
33 -72
33 -68
33 -72
33 -68
33 -74
33 -75
33 -75
33 -74
33 -74
33 -76
33 -76
33 -76
33 -76
33 -78
33 -78
33 -79
33 -78
33 -78
33 -81
33 -82
33 -81
33 -81
33 -80
33 -76
33 -65
33 -73
33 -72
33 -72
33 -70
33 -69
33 -69
33 -69
33 -70
33 -72
33 -58
33 -72
33 -78
33 -79
33 -82
33 -83
33 -82
33 -81
33 -79
33 -78
33 -78
33 -78
33 -76
33 -76
33 -76
33 -76
33 -76
33 -76
33 -77
33 -78
33 -80
33 -82
33 -84
33 -83
33 -82
33 -80
33 -79
33 -80
33 -81
33 -81
33 -81
33 -83
33 -83
33 -84
33 -84
33 -82
33 -67
33 -84
33 -83
33 -84
33 -72
33 -84
33 -83
33 -83
33 -82
33 -83
33 -82
33 -84
33 -76
33 -83
33 -84
33 -81
33 -83
33 -84
33 -84
33 -83
33 -84
33 -84
33 -84
33 -83
33 -85
33 -84
33 -69
33 -84
33 -85
33 -87
33 -85
33 -83
33 -83
33 -84
33 -84
33 -82
33 -79
33 -77
33 -78
33 -78
33 -78
33 -78
33 -78
33 -80
33 -78
33 -80
33 -78
33 -78
33 -71
33 -77
33 -76
33 -76
33 -76
33 -76
33 -75
33 -79
33 -82
33 -81
33 -80
33 -80
33 -79
33 -77
33 -80
33 -80
33 -79
33 -79
33 -81
33 -84
33 -83
33 -81
33 -77
33 -76
33 -78
33 -76
33 -76
33 -76
33 -75
33 -76
33 -76
33 -76
33 -75
33 -77
33 -76
33 -76
33 -76
33 -78
33 -78
33 -81
34 -71
34 -71
34 -72
34 -71
34 -71
34 -70
34 -71
34 -70
34 -71
34 -72
34 -72
34 -63
34 -71
34 -69
34 -74
34 -77
34 -77
34 -77
34 -76
34 -76
34 -75
34 -74
34 -72
34 -73
34 -71
34 -70
34 -79
34 -66
34 -69
34 -70
34 -70
34 -67
34 -71
34 -71
34 -72
34 -70
34 -72
34 -75
34 -76
34 -76
34 -75
34 -76
34 -76
34 -74
34 -74
34 -75
34 -75
34 -75
34 -73
34 -72
34 -72
34 -73
34 -74
34 -74
34 -75
34 -74
34 -73
34 -72
34 -72
34 -70
34 -73
34 -74
34 -74
34 -73
34 -74
34 -76
34 -76
34 -78
34 -78
34 -78
34 -76
34 -74
34 -73
34 -72
34 -72
34 -72
34 -72
34 -72
34 -72
34 -72
34 -68
34 -69
34 -70
34 -61
34 -72
34 -71
34 -72
34 -73
34 -75
34 -76
34 -70
34 -70
34 -71
34 -70
34 -70
34 -70
34 -70
34 -70
34 -70
34 -70
34 -70
34 -70
34 -70
34 -70
34 -70
34 -69
34 -69
34 -70
34 -70
34 -70
34 -70
34 -70
34 -70
34 -69
34 -69
34 -70
34 -70
34 -70
34 -69
34 -69
34 -69
34 -70
34 -69
34 -69
34 -69
34 -69
34 -69
34 -69
34 -69
34 -69
34 -70
34 -69
34 -65
34 -69
34 -69
34 -64
34 -69
34 -69
34 -69
34 -69
34 -69
34 -67
34 -69
34 -79
34 -70
34 -69
34 -69
34 -69
34 -69
34 -70
34 -70
34 -69
34 -69
34 -69
34 -69
34 -69
34 -69
34 -69
34 -69
34 -68
34 -69
34 -69
34 -70
34 -69
34 -69
34 -69
34 -69
34 -69
34 -69
34 -69
34 -70
34 -70
34 -69
34 -69
34 -69
34 -69
34 -68
34 -68
34 -68
34 -68
34 -69
34 -69
34 -69
34 -69
34 -69
34 -69
34 -69
34 -69
34 -69
34 -69
34 -69
34 -69
34 -69
34 -69
34 -68
34 -68
34 -68
34 -68
34 -68
34 -68
34 -69
34 -67
34 -68
34 -69
34 -68
34 -69
34 -68
34 -69
34 -69
34 -69
34 -69
34 -69
34 -69
34 -69
34 -69
34 -69
34 -69
34 -69
34 -69
34 -67
34 -68
34 -69
34 -69
34 -68
34 -67
34 -68
34 -67
34 -67
34 -67
34 -69
34 -71
34 -73
34 -72
34 -72
34 -72
34 -72
34 -72
34 -71
34 -71
34 -70
34 -70
34 -70
34 -70
34 -71
34 -72
34 -72
34 -64
34 -72
34 -76
34 -71
34 -74
34 -76
34 -77
34 -77
34 -78
34 -78
34 -76
34 -76
34 -76
34 -72
34 -75
34 -74
34 -73
34 -73
34 -77
34 -77
34 -76
34 -75
34 -74
34 -74
34 -73
34 -30
34 -74
34 -75
34 -73
34 -71
34 -70
34 -69
34 -70
34 -70
34 -70
34 -70
34 -71
34 -71
34 -70
34 -70
34 -67
34 -69
34 -69
34 -69
34 -69
34 -68
34 -67
34 -67
34 -67
34 -67
34 -67
34 -67
34 -68
34 -68
34 -69
34 -69
34 -70
34 -70
34 -69
34 -71
35 -66
35 -66
35 -67
35 -67
35 -67
35 -67
35 -67
35 -68
35 -67
35 -68
35 -68
35 -67
35 -67
35 -67
35 -67
35 -70
35 -69
35 -69
35 -69
35 -69
35 -70
35 -70
35 -70
35 -70
35 -70
35 -70
35 -70
35 -70
35 -75
35 -74
35 -73
35 -73
35 -76
35 -78
35 -71
35 -72
35 -72
35 -71
35 -72
35 -72
35 -70
35 -66
35 -67
35 -68
35 -68
35 -67
35 -68
35 -68
35 -67
35 -67
35 -67
35 -67
35 -66
35 -66
35 -66
35 -66
35 -66
35 -66
35 -66
35 -67
35 -67
35 -67
35 -66
35 -66
35 -66
35 -66
35 -66
35 -67
35 -68
35 -69
35 -69
35 -70
35 -71
35 -72
35 -72
35 -56
35 -68
35 -67
35 -67
35 -67
35 -67
35 -67
35 -68
35 -67
35 -67
35 -68
35 -68
35 -67
35 -67
35 -67
35 -67
35 -66
35 -67
35 -67
35 -67
35 -67
35 -67
35 -66
35 -66
35 -67
35 -66
35 -66
35 -66
35 -66
35 -66
35 -66
35 -66
35 -66
35 -66
35 -66
35 -66
35 -66
35 -66
35 -66
35 -66
35 -66
35 -67
35 -67
35 -66
35 -66
35 -66
35 -66
35 -65
35 -66
35 -66
35 -66
35 -66
35 -66
35 -66
35 -66
35 -66
35 -66
35 -65
35 -66
35 -66
35 -66
35 -66
35 -66
35 -66
35 -66
35 -66
35 -66
35 -66
35 -68
35 -66
35 -66
35 -66
35 -66
35 -66
35 -66
35 -66
35 -66
35 -66
35 -66
35 -66
35 -66
35 -66
35 -66
35 -65
35 -65
35 -66
35 -65
35 -66
35 -65
35 -65
35 -65
35 -66
35 -66
35 -65
35 -66
35 -66
35 -65
35 -58
35 -65
35 -64
35 -64
35 -64
35 -65
35 -60
35 -65
35 -65
35 -65
35 -65
35 -65
35 -65
35 -65
35 -65
35 -65
35 -65
35 -65
35 -69
35 -65
35 -65
35 -64
35 -65
35 -65
35 -65
35 -65
35 -65
35 -65
35 -65
35 -65
35 -65
35 -65
35 -65
35 -65
35 -65
35 -65
35 -65
35 -65
35 -65
35 -65
35 -65
35 -65
35 -65
35 -65
35 -65
35 -65
35 -57
35 -65
35 -65
35 -65
35 -65
35 -65
35 -60
35 -65
35 -64
35 -64
35 -64
35 -65
35 -66
35 -66
35 -67
35 -66
35 -66
35 -66
35 -66
35 -66
35 -67
35 -67
35 -68
35 -68
35 -68
35 -68
35 -66
35 -66
35 -66
35 -66
35 -66
35 -67
35 -66
35 -66
35 -66
35 -68
35 -69
35 -68
35 -68
35 -67
35 -66
35 -66
35 -67
35 -66
35 -66
35 -66
35 -66
35 -66
35 -65
35 -66
35 -66
35 -66
35 -66
35 -67
35 -68
35 -67
35 -67
35 -67
35 -67
35 -67
35 -67
35 -68
35 -67
35 -68
35 -69
35 -68
35 -68
35 -67
35 -67
35 -66
35 -66
35 -67
35 -68
35 -68
35 -67
35 -66
35 -66
35 -66
35 -65
35 -65
35 -66
35 -66
35 -66
35 -66
35 -66
35 -66
35 -66
35 -66
35 -66
35 -66
35 -66
35 -66
35 -66
35 -66
35 -66
35 -66
35 -66
35 -67
35 -66
35 -66
36 -64
36 -64
36 -64
36 -64
36 -64
36 -64
36 -64
36 -65
36 -65
36 -65
36 -65
36 -65
36 -64
36 -65
36 -64
36 -64
36 -64
36 -66
36 -66
36 -66
36 -65
36 -66
36 -66
36 -67
36 -66
36 -65
36 -67
36 -66
36 -66
36 -66
36 -66
36 -66
36 -67
36 -67
36 -69
36 -69
36 -69
36 -67
36 -70
36 -71
36 -66
36 -65
36 -65
36 -66
36 -66
36 -64
36 -64
36 -55
36 -64
36 -64
36 -64
36 -69
36 -65
36 -66
36 -66
36 -67
36 -66
36 -66
36 -66
36 -66
36 -66
36 -65
36 -64
36 -64
36 -64
36 -64
36 -65
36 -66
36 -66
36 -69
36 -72
36 -72
36 -68
36 -66
36 -65
36 -64
36 -64
36 -64
36 -64
36 -64
36 -64
36 -64
36 -64
36 -64
36 -64
36 -64
36 -64
36 -63
36 -64
36 -64
36 -64
36 -64
36 -64
36 -63
36 -63
36 -63
36 -63
36 -63
36 -64
36 -64
36 -64
36 -64
36 -64
36 -64
36 -64
36 -64
36 -64
36 -64
36 -64
36 -64
36 -64
36 -64
36 -64
36 -64
36 -64
36 -64
36 -64
36 -64
36 -64
36 -64
36 -64
36 -64
36 -64
36 -64
36 -64
36 -65
36 -65
36 -65
36 -64
36 -65
36 -65
36 -65
36 -65
36 -65
36 -65
36 -65
36 -66
36 -66
36 -65
36 -65
36 -66
36 -66
36 -64
36 -65
36 -65
36 -65
36 -65
36 -65
36 -65
36 -66
36 -66
36 -65
36 -66
36 -66
36 -61
36 -66
36 -66
36 -65
36 -66
36 -66
36 -66
36 -66
36 -66
36 -66
36 -66
36 -65
36 -66
36 -66
36 -66
36 -66
36 -66
36 -66
36 -65
36 -66
36 -66
36 -66
36 -66
36 -66
36 -66
36 -66
36 -66
36 -66
36 -66
36 -66
36 -66
36 -66
36 -66
36 -66
36 -66
36 -66
36 -65
36 -66
36 -66
36 -66
36 -66
36 -66
36 -66
36 -66
36 -66
36 -66
36 -66
36 -66
36 -66
36 -66
36 -66
36 -66
36 -66
36 -66
36 -66
36 -66
36 -66
36 -66
36 -66
36 -66
36 -66
36 -66
36 -66
36 -66
36 -65
36 -66
36 -65
36 -66
36 -65
36 -66
36 -66
36 -66
36 -66
36 -66
36 -66
36 -66
36 -66
36 -66
36 -66
36 -66
36 -66
36 -66
36 -66
36 -66
36 -66
36 -66
36 -66
36 -66
36 -66
36 -67
36 -68
36 -68
36 -68
36 -67
36 -68
36 -69
36 -69
36 -70
36 -69
36 -69
36 -69
36 -70
36 -70
36 -69
36 -67
36 -68
36 -64
36 -67
36 -67
36 -66
36 -66
36 -65
36 -66
36 -65
36 -65
36 -66
36 -65
36 -65
36 -65
36 -65
36 -65
36 -65
36 -64
36 -64
36 -64
36 -65
36 -64
36 -64
36 -65
36 -65
36 -66
36 -65
36 -66
36 -66
36 -66
36 -66
36 -65
36 -65
36 -66
36 -66
36 -66
36 -65
36 -64
36 -63
36 -63
36 -63
36 -62
36 -63
36 -63
36 -64
36 -64
36 -65
36 -66
36 -66
36 -66
36 -65
36 -66
36 -66
36 -65
36 -65
36 -65
36 -64
36 -64
36 -64
36 -64
36 -65
36 -65
36 -64
36 -64
36 -64
36 -64
36 -64
36 -64
36 -64
36 -64
37 -76
37 -77
37 -76
37 -76
37 -76
37 -76
37 -76
37 -76
37 -76
37 -76
37 -76
37 -76
37 -76
37 -76
37 -76
37 -72
37 -73
37 -70
37 -72
37 -73
37 -74
37 -73
37 -74
37 -75
37 -75
37 -76
37 -72
37 -74
37 -74
37 -74
37 -75
37 -75
37 -74
37 -74
37 -74
37 -73
37 -73
37 -78
37 -76
37 -76
37 -72
37 -76
37 -76
37 -76
37 -82
37 -78
37 -76
37 -77
37 -84
37 -76
37 -78
37 -78
37 -79
37 -79
37 -78
37 -77
37 -76
37 -76
37 -76
37 -76
37 -76
37 -76
37 -76
37 -78
37 -78
37 -78
37 -75
37 -74
37 -79
37 -79
37 -79
37 -79
37 -78
37 -81
37 -79
37 -78
37 -76
37 -76
37 -76
37 -76
37 -76
37 -76
37 -72
37 -76
37 -76
37 -76
37 -76
37 -76
37 -76
37 -75
37 -75
37 -75
37 -72
37 -76
37 -76
37 -76
37 -77
37 -78
37 -77
37 -78
37 -76
37 -76
37 -76
37 -77
37 -77
37 -78
37 -78
37 -77
37 -77
37 -78
37 -78
37 -78
37 -78
37 -79
37 -80
37 -80
37 -80
37 -61
37 -79
37 -79
37 -79
37 -80
37 -79
37 -80
37 -81
37 -82
37 -81
37 -80
37 -81
37 -83
37 -84
37 -83
37 -81
37 -85
37 -82
37 -82
37 -81
37 -80
37 -79
37 -80
37 -77
37 -81
37 -81
37 -80
37 -79
37 -80
37 -78
37 -78
37 -79
37 -78
37 -78
37 -78
37 -79
37 -79
37 -78
37 -79
37 -78
37 -79
37 -79
37 -78
37 -78
37 -79
37 -78
37 -79
37 -81
37 -81
37 -70
37 -84
37 -76
37 -77
37 -80
37 -80
37 -80
37 -80
37 -79
37 -81
37 -82
37 -85
37 -83
37 -84
37 -81
37 -80
37 -77
37 -73
37 -76
37 -76
37 -77
37 -77
37 -60
37 -78
37 -78
37 -78
37 -79
37 -78
37 -76
37 -78
37 -78
37 -78
37 -79
37 -79
37 -79
38 -70
38 -70
38 -70
38 -70
38 -70
38 -70
38 -70
38 -71
38 -70
38 -71
38 -68
38 -72
38 -71
38 -72
38 -71
38 -71
38 -71
38 -71
38 -70
38 -71
38 -71
38 -70
38 -70
38 -70
38 -70
38 -70
38 -70
38 -69
38 -68
38 -71
38 -70
38 -70
38 -70
38 -70
38 -70
38 -70
38 -70
38 -56
38 -70
38 -69
38 -70
38 -69
38 -67
38 -67
38 -30
38 -67
38 -67
38 -67
38 -30
38 -31
38 -67
38 -67
38 -67
38 -68
38 -68
38 -69
38 -69
38 -69
38 -69
38 -68
38 -66
38 -66
38 -66
38 -66
38 -66
38 -57
38 -66
38 -68
38 -69
38 -72
38 -72
38 -77
38 -79
38 -77
38 -76
38 -75
38 -78
38 -79
38 -79
38 -80
38 -75
38 -76
38 -58
38 -76
38 -75
38 -72
38 -72
38 -71
38 -70
38 -71
38 -72
38 -71
38 -70
38 -70
38 -76
38 -78
38 -80
38 -80
38 -83
38 -77
38 -75
38 -74
38 -74
38 -74
38 -74
38 -76
38 -76
38 -75
38 -77
38 -75
38 -74
38 -73
38 -72
38 -72
38 -71
38 -72
38 -72
38 -72
38 -73
38 -72
38 -73
38 -73
38 -73
38 -72
38 -73
38 -72
38 -74
38 -74
38 -71
38 -71
38 -71
38 -72
38 -71
38 -72
38 -73
38 -72
38 -72
38 -73
38 -73
38 -72
38 -73
38 -69
38 -72
38 -72
38 -72
38 -71
38 -71
38 -72
38 -72
38 -71
38 -71
38 -71
38 -71
38 -71
38 -72
38 -72
38 -72
38 -66
38 -72
38 -72
38 -72
38 -72
38 -72
38 -72
38 -72
38 -71
38 -66
38 -72
38 -72
38 -71
38 -72
38 -72
38 -73
38 -74
38 -74
38 -71
38 -73
38 -72
38 -73
38 -72
38 -71
38 -72
38 -74
38 -69
38 -72
38 -72
38 -75
38 -75
38 -75
38 -75
38 -69
38 -74
38 -75
38 -75
38 -75
38 -75
38 -76
38 -75
38 -75
38 -75
38 -75
38 -75
38 -75
38 -74
38 -75
38 -75
38 -75
38 -73
38 -75
38 -74
38 -72
38 -73
38 -74
38 -74
38 -73
38 -73
38 -74
38 -73
38 -73
38 -74
38 -70
38 -70
38 -69
38 -67
38 -67
38 -69
38 -69
38 -68
38 -67
38 -67
38 -67
38 -67
38 -68
38 -67
38 -69
38 -68
38 -68
38 -68
38 -69
38 -69
38 -71
38 -70
38 -72
38 -72
38 -73
38 -75
38 -72
38 -72
38 -70
38 -71
38 -71
38 -71
38 -71
38 -71
38 -69
38 -71
38 -67
38 -70
38 -72
38 -73
38 -72
38 -72
38 -72
38 -71
38 -71
38 -73
38 -75
38 -75
38 -72
38 -72
38 -72
38 -72
38 -72
38 -72
38 -74
38 -74
38 -73
38 -75
38 -73
38 -72
38 -72
38 -72
38 -72
38 -73
38 -72
38 -72
38 -72
38 -71
38 -70
38 -70
38 -71
38 -72
38 -72
38 -73
38 -73
38 -70
38 -72
38 -74
38 -74
38 -76
