Beacon Rssi
1 -78
1 -82
1 -82
1 -83
1 -84
1 -81
1 -84
1 -84
1 -81
1 -76
1 -76
1 -79
1 -78
1 -75
1 -73
1 -74
1 -76
1 -78
1 -76
1 -76
1 -77
1 -78
1 -77
1 -76
1 -78
1 -76
1 -79
1 -82
1 -73
1 -76
1 -76
1 -76
1 -75
1 -76
1 -76
1 -78
1 -78
1 -80
1 -80
1 -80
1 -77
1 -73
1 -76
1 -78
2 -80
2 -72
2 -83
2 -83
2 -81
2 -83
2 -87
2 -83
2 -82
2 -82
2 -81
2 -75
2 -74
2 -75
2 -76
2 -79
2 -80
2 -79
2 -80
2 -80
2 -78
2 -80
2 -81
2 -82
2 -85
2 -78
2 -78
2 -78
2 -76
2 -82
2 -83
3 -76
3 -76
3 -68
3 -70
3 -70
3 -70
3 -70
3 -70
3 -70
3 -67
3 -69
3 -70
3 -70
3 -72
3 -80
3 -76
3 -78
3 -84
3 -72
3 -72
3 -73
3 -75
3 -75
3 -76
3 -57
3 -76
3 -76
3 -76
3 -72
3 -71
3 -71
3 -70
3 -70
3 -72
3 -82
3 -80
3 -76
3 -80
3 -74
3 -72
3 -83
3 -78
3 -78
3 -79
4 -78
4 -84
4 -83
4 -80
4 -86
4 -78
4 -79
4 -79
4 -79
4 -78
4 -76
4 -76
4 -76
4 -73
4 -78
4 -78
4 -78
4 -79
4 -78
4 -74
4 -81
5 -79
5 -66
5 -78
5 -79
5 -86
5 -84
5 -77
5 -77
5 -77
5 -78
5 -75
5 -76
5 -76
5 -76
5 -78
5 -78
5 -77
5 -77
5 -78
5 -78
5 -77
5 -70
5 -78
5 -61
5 -77
5 -84
5 -81
5 -83
5 -81
5 -76
5 -82
5 -81
5 -81
6 -79
6 -76
6 -79
6 -83
6 -80
6 -82
6 -78
6 -79
6 -83
6 -76
6 -78
6 -78
6 -81
6 -81
6 -78
6 -78
6 -84
6 -84
6 -81
6 -82
6 -76
6 -77
6 -85
6 -83
6 -82
6 -82
6 -83
6 -80
6 -76
7 -74
7 -73
7 -72
7 -82
7 -78
7 -76
7 -78
7 -78
7 -78
7 -68
7 -72
7 -72
7 -71
7 -73
7 -72
7 -70
7 -73
7 -75
7 -76
7 -77
7 -73
7 -72
7 -72
7 -72
7 -72
7 -73
7 -73
7 -70
7 -70
7 -72
7 -71
7 -73
7 -71
7 -72
7 -77
7 -76
7 -76
7 -76
7 -75
7 -76
7 -76
7 -76
7 -77
7 -78
7 -79
7 -80
8 -85
8 -86
8 -83
8 -84
8 -85
9 -85
9 -82
9 -30
9 -83
9 -80
9 -79
9 -79
9 -81
9 -80
9 -81
9 -81
9 -80
9 -79
9 -80
9 -84
9 -82
9 -85
9 -78
9 -77
9 -79
9 -80
9 -79
9 -84
10 -84
10 -80
10 -80
10 -81
10 -81
10 -82
10 -81
10 -81
10 -84
10 -84
10 -81
10 -80
10 -80
10 -80
10 -80
10 -80
10 -81
10 -81
10 -80
10 -80
10 -80
10 -80
10 -80
10 -81
10 -82
10 -78
10 -85
10 -83
10 -84
10 -83
10 -80
10 -83
11 -81
11 -77
11 -83
11 -78
11 -80
11 -76
11 -80
11 -78
11 -82
11 -84
11 -86
11 -84
11 -79
11 -72
11 -72
11 -73
11 -72
11 -71
11 -72
11 -72
11 -73
11 -72
11 -72
11 -73
11 -63
11 -74
11 -73
11 -74
11 -72
11 -73
11 -73
11 -75
11 -83
11 -81
11 -78
11 -77
11 -80
11 -78
11 -80
11 -77
11 -78
12 -73
12 -73
12 -77
12 -78
12 -76
12 -77
12 -76
12 -78
12 -76
12 -76
12 -85
12 -82
12 -75
12 -72
12 -71
12 -73
12 -76
12 -76
12 -75
12 -74
12 -73
12 -70
12 -70
12 -71
12 -71
12 -70
12 -72
12 -76
12 -76
12 -75
12 -81
12 -72
12 -72
12 -72
12 -70
12 -71
12 -71
12 -71
12 -70
12 -70
12 -70
12 -70
12 -72
13 -76
13 -75
13 -78
13 -77
13 -76
13 -81
13 -81
13 -81
13 -81
13 -84
13 -81
13 -81
13 -84
13 -78
13 -77
13 -76
13 -71
13 -72
13 -76
13 -76
13 -78
13 -79
13 -79
13 -76
13 -78
13 -77
13 -77
13 -76
13 -76
13 -77
13 -83
13 -82
13 -84
13 -76
13 -76
13 -79
13 -78
13 -77
13 -73
13 -72
13 -72
13 -72
13 -72
13 -72
13 -72
13 -72
13 -76
13 -76
13 -81
14 -76
14 -76
14 -74
14 -82
14 -74
14 -75
14 -74
14 -75
14 -74
14 -74
14 -75
14 -72
14 -74
14 -77
14 -76
14 -73
14 -73
14 -73
14 -73
14 -74
14 -75
14 -74
14 -73
14 -74
14 -73
14 -73
14 -74
14 -73
14 -77
14 -78
14 -77
14 -74
14 -81
14 -82
14 -78
14 -76
14 -77
14 -72
14 -71
14 -74
14 -75
14 -74
14 -75
14 -72
14 -78
14 -78
15 -72
15 -71
15 -71
15 -70
15 -78
15 -71
15 -77
15 -77
15 -77
15 -79
15 -74
15 -73
15 -74
15 -73
15 -82
15 -71
15 -72
15 -72
15 -76
15 -78
15 -74
15 -75
15 -72
15 -70
15 -72
15 -71
15 -70
15 -70
15 -71
15 -70
15 -69
15 -68
15 -69
15 -74
15 -71
15 -73
15 -71
15 -71
15 -72
15 -75
15 -77
15 -76
15 -78
15 -77
15 -72
15 -73
15 -72
15 -71
16 -72
16 -67
16 -68
16 -65
16 -64
16 -64
16 -64
16 -63
16 -63
16 -64
16 -64
16 -63
16 -62
16 -63
16 -63
16 -63
16 -63
16 -64
16 -64
16 -69
16 -70
16 -65
16 -65
16 -64
16 -66
16 -67
16 -70
16 -69
16 -68
16 -70
16 -70
16 -71
16 -73
16 -70
16 -72
16 -73
16 -76
16 -68
16 -68
16 -66
16 -63
16 -66
16 -66
16 -63
16 -64
16 -69
16 -67
16 -68
16 -70
16 -68
16 -65
16 -67
16 -72
16 -70
17 -58
17 -58
17 -53
17 -54
17 -53
17 -56
17 -58
17 -57
17 -56
17 -58
17 -58
17 -57
17 -57
17 -54
17 -53
17 -52
17 -55
17 -55
17 -57
17 -54
17 -53
17 -56
17 -55
17 -55
17 -58
17 -58
17 -58
17 -57
17 -57
17 -57
17 -57
17 -57
17 -57
17 -58
17 -58
17 -58
17 -58
17 -58
17 -58
17 -58
17 -55
17 -57
17 -54
17 -54
17 -58
17 -58
17 -72
17 -56
17 -60
17 -60
17 -60
17 -61
17 -60
17 -60
17 -59
17 -57
17 -62
17 -58
17 -59
18 -79
18 -83
18 -78
18 -83
18 -88
18 -80
18 -81
18 -83
18 -78
18 -78
18 -78
19 -80
19 -78
19 -77
19 -74
19 -76
19 -76
19 -78
19 -78
19 -78
19 -81
19 -79
19 -78
19 -76
19 -66
19 -81
19 -73
19 -73
19 -73
19 -74
19 -74
19 -74
19 -74
19 -73
19 -73
19 -74
19 -73
19 -76
19 -79
19 -73
19 -71
19 -78
19 -76
19 -81
19 -78
19 -78
19 -78
19 -81
19 -78
20 -76
20 -75
20 -73
20 -80
20 -80
20 -78
20 -78
20 -78
20 -78
20 -74
20 -72
20 -75
20 -80
20 -76
20 -76
20 -76
20 -76
20 -78
20 -78
20 -78
20 -82
20 -84
20 -84
20 -78
20 -79
20 -72
20 -81
20 -83
20 -77
20 -76
20 -78
20 -78
20 -79
20 -78
20 -76
21 -72
21 -75
21 -70
21 -66
21 -66
21 -69
21 -81
21 -72
21 -74
21 -73
21 -72
21 -67
21 -64
21 -75
21 -72
21 -77
21 -70
21 -68
21 -69
21 -71
21 -73
21 -73
21 -72
21 -74
21 -73
21 -73
21 -70
21 -71
21 -72
21 -70
21 -80
21 -72
21 -77
21 -71
21 -73
21 -78
21 -78
21 -71
21 -72
21 -72
21 -72
21 -72
21 -73
21 -73
21 -76
21 -74
21 -76
21 -75
21 -75
22 -66
22 -66
22 -76
22 -80
22 -78
22 -79
22 -76
22 -78
22 -76
22 -69
22 -69
22 -68
22 -73
22 -76
22 -76
22 -69
22 -70
22 -70
22 -74
22 -72
22 -71
22 -72
22 -72
22 -72
22 -72
22 -73
22 -72
22 -81
22 -82
22 -74
22 -70
22 -75
22 -74
22 -70
22 -78
22 -71
22 -68
22 -70
22 -69
22 -69
22 -70
22 -69
22 -70
22 -74
22 -76
22 -81
22 -79
23 -72
23 -68
23 -62
23 -65
23 -61
23 -66
23 -64
23 -69
23 -61
23 -63
23 -60
23 -62
23 -66
23 -61
23 -59
23 -58
23 -57
23 -54
23 -60
23 -54
23 -60
23 -60
23 -60
23 -60
23 -59
23 -59
23 -59
23 -59
23 -59
23 -59
23 -59
23 -58
23 -60
23 -66
23 -64
23 -66
23 -60
23 -60
23 -58
23 -59
23 -60
23 -56
23 -57
23 -58
23 -58
23 -57
23 -58
23 -58
23 -58
23 -58
23 -58
23 -58
23 -57
23 -58
23 -57
24 -60
24 -62
24 -61
24 -61
24 -64
24 -65
24 -64
24 -64
24 -64
24 -64
24 -67
24 -65
24 -64
24 -67
24 -62
24 -63
24 -62
24 -61
24 -62
24 -66
24 -70
24 -65
24 -65
24 -66
24 -65
24 -66
24 -66
24 -65
24 -66
24 -66
24 -66
24 -67
24 -66
24 -62
24 -61
24 -62
24 -64
24 -63
24 -63
24 -64
24 -63
24 -62
24 -62
24 -63
24 -62
24 -62
24 -62
24 -62
24 -62
24 -62
24 -64
24 -62
24 -61
25 -83
25 -83
25 -84
25 -84
25 -84
25 -85
25 -81
25 -82
25 -81
25 -83
25 -83
25 -80
25 -80
25 -83
25 -82
25 -82
25 -81
25 -83
26 -76
26 -77
26 -76
26 -73
26 -76
26 -76
26 -75
26 -75
26 -75
26 -76
26 -74
26 -76
26 -75
26 -77
26 -83
26 -82
26 -76
26 -76
26 -76
26 -78
26 -78
26 -78
26 -76
26 -76
26 -77
26 -77
26 -77
26 -78
26 -81
26 -76
26 -78
26 -83
26 -77
26 -80
26 -80
26 -81
26 -80
26 -77
26 -76
26 -76
26 -76
26 -76
26 -75
26 -76
26 -78
26 -81
26 -81
27 -77
27 -76
27 -76
27 -77
27 -78
27 -81
27 -82
27 -76
27 -74
27 -75
27 -70
27 -72
27 -72
27 -75
27 -74
27 -76
27 -74
27 -80
27 -77
27 -76
27 -74
27 -75
27 -76
27 -75
27 -81
27 -78
27 -76
27 -78
27 -78
27 -72
27 -75
27 -77
27 -77
27 -77
27 -80
27 -72
27 -79
27 -84
28 -70
28 -75
28 -83
28 -76
28 -74
28 -72
28 -72
28 -71
28 -71
28 -72
28 -71
28 -73
28 -73
28 -72
28 -71
28 -72
28 -73
28 -72
28 -74
28 -71
28 -72
28 -70
28 -70
28 -72
28 -74
28 -73
28 -77
28 -78
28 -72
28 -72
28 -72
28 -70
28 -73
28 -72
28 -74
28 -74
28 -75
28 -76
28 -76
29 -75
29 -74
29 -76
29 -73
29 -72
29 -75
29 -74
29 -74
29 -74
29 -76
29 -75
29 -74
29 -73
29 -73
29 -72
29 -76
29 -74
29 -72
29 -72
29 -74
29 -76
29 -73
29 -84
29 -74
29 -76
29 -74
29 -72
29 -76
29 -73
29 -75
29 -75
29 -77
29 -72
29 -77
29 -78
29 -78
29 -73
29 -72
29 -72
29 -72
29 -71
29 -72
29 -71
29 -76
29 -74
30 -81
30 -80
30 -81
30 -81
30 -79
30 -85
30 -76
30 -81
30 -77
30 -76
30 -74
30 -78
30 -78
30 -78
30 -75
30 -73
30 -74
30 -73
30 -73
30 -72
30 -73
30 -79
30 -79
30 -79
30 -80
30 -80
30 -72
30 -80
30 -80
30 -79
30 -80
30 -84
30 -84
30 -81
30 -82
30 -81
31 -69
31 -70
31 -76
31 -77
31 -73
31 -76
31 -76
31 -74
31 -73
31 -75
31 -76
31 -77
31 -64
31 -58
31 -73
31 -79
31 -81
31 -79
31 -80
31 -76
31 -76
31 -78
31 -76
31 -76
31 -76
31 -78
31 -76
31 -70
31 -70
31 -71
31 -71
31 -71
31 -70
31 -70
31 -72
31 -71
31 -70
31 -70
31 -72
31 -72
31 -72
32 -73
32 -72
32 -70
32 -76
32 -79
32 -77
32 -75
32 -78
32 -85
32 -78
32 -78
32 -77
32 -74
32 -74
32 -75
32 -71
32 -73
32 -77
32 -73
32 -75
32 -75
32 -81
32 -78
32 -75
32 -72
32 -74
32 -79
32 -82
32 -81
32 -80
32 -76
32 -81
33 -81
33 -76
33 -78
33 -67
33 -76
33 -76
33 -74
33 -76
33 -76
33 -77
33 -77
33 -75
33 -75
33 -76
33 -76
33 -75
33 -75
33 -76
33 -75
33 -81
33 -83
33 -73
33 -79
33 -82
33 -76
33 -75
33 -74
33 -74
33 -74
33 -74
33 -74
33 -75
33 -80
33 -80
34 -81
34 -82
34 -83
34 -85
34 -84
34 -82
34 -81
34 -84
34 -79
34 -81
34 -78
34 -77
34 -75
34 -74
34 -75
34 -84
34 -82
34 -84
34 -81
34 -78
34 -79
34 -77
35 -75
35 -66
35 -73
35 -72
35 -73
35 -72
35 -73
35 -74
35 -74
35 -76
35 -75
35 -74
35 -76
35 -76
35 -75
35 -72
35 -72
35 -74
35 -74
35 -73
35 -74
35 -71
35 -72
35 -72
35 -72
35 -72
35 -72
35 -72
35 -70
35 -72
35 -72
35 -74
35 -72
35 -71
35 -70
35 -74
35 -73
35 -75
35 -73
35 -74
35 -74
35 -74
35 -74
35 -73
35 -72
35 -72
35 -72
35 -72
35 -72
35 -74
35 -71
36 -74
36 -71
36 -74
36 -70
36 -67
36 -68
36 -70
36 -70
36 -70
36 -69
36 -71
36 -72
36 -69
36 -70
36 -69
36 -66
36 -66
36 -66
36 -70
36 -68
36 -67
36 -69
36 -67
36 -67
36 -67
36 -66
36 -66
36 -67
36 -69
36 -69
36 -68
36 -67
36 -69
36 -74
36 -73
36 -69
36 -67
36 -68
36 -67
36 -75
36 -74
36 -71
36 -70
36 -69
36 -69
36 -69
36 -69
36 -69
36 -72
36 -76
36 -76
37 -74
37 -78
37 -73
37 -76
37 -80
37 -75
37 -83
37 -76
37 -74
37 -71
37 -70
37 -72
37 -72
37 -72
37 -72
37 -72
37 -70
37 -69
37 -71
37 -70
37 -71
37 -70
37 -70
37 -72
37 -73
37 -73
37 -70
37 -71
37 -77
37 -84
37 -81
37 -56
37 -82
37 -84
37 -82
37 -83
38 -72
38 -70
38 -70
38 -71
38 -72
38 -72
38 -73
38 -70
38 -72
38 -68
38 -68
38 -70
38 -66
38 -66
38 -67
38 -67
38 -70
38 -66
38 -73
38 -77
38 -74
38 -75
38 -73
38 -75
38 -76
38 -74
38 -80
38 -76
38 -73
38 -74
38 -73
38 -73
38 -70
38 -72
38 -72
38 -78
38 -74
38 -67
38 -65
38 -64
38 -71
38 -70
38 -66
38 -69
38 -69
38 -69
38 -70
38 -70
38 -72
38 -69
38 -74
38 -75
38 -79
38 -78
