Beacon Rssi
1 -73
1 -73
1 -74
1 -74
1 -75
1 -31
1 -76
1 -76
1 -76
1 -54
1 -76
1 -79
1 -78
1 -78
1 -62
1 -76
1 -76
1 -75
1 -75
1 -76
1 -76
1 -76
1 -76
1 -74
1 -74
1 -73
1 -75
1 -74
1 -73
1 -76
1 -78
1 -72
1 -72
1 -73
1 -73
1 -73
1 -72
1 -72
1 -72
1 -70
1 -72
1 -73
1 -73
1 -73
1 -72
1 -73
1 -73
1 -73
1 -73
1 -73
1 -73
1 -75
1 -74
1 -74
1 -74
1 -73
1 -73
1 -73
1 -73
1 -73
1 -74
1 -73
1 -73
1 -74
1 -74
1 -64
1 -73
1 -73
1 -73
1 -73
1 -70
1 -66
1 -73
1 -73
1 -74
1 -73
1 -73
1 -73
1 -73
1 -73
1 -74
1 -73
1 -73
1 -73
1 -74
1 -70
1 -73
1 -72
1 -74
1 -73
1 -73
1 -73
1 -74
1 -73
1 -72
1 -74
1 -74
1 -74
1 -74
1 -73
1 -73
1 -73
1 -73
1 -73
1 -73
1 -72
1 -65
1 -73
1 -73
1 -73
1 -73
1 -73
1 -73
1 -73
1 -73
1 -75
1 -74
1 -74
1 -72
1 -75
1 -76
1 -76
1 -76
1 -76
1 -76
1 -76
1 -68
1 -76
1 -75
1 -76
1 -76
1 -75
1 -73
1 -75
1 -75
1 -75
1 -75
1 -74
1 -75
1 -74
1 -72
1 -74
1 -74
1 -75
1 -75
1 -74
1 -74
1 -30
1 -75
1 -75
1 -75
1 -75
1 -75
1 -74
1 -73
1 -75
1 -75
1 -75
1 -75
1 -75
1 -74
1 -74
1 -73
1 -73
1 -73
1 -74
1 -74
1 -73
1 -73
1 -73
1 -73
1 -73
1 -72
1 -72
1 -73
1 -73
1 -73
1 -73
1 -73
1 -73
1 -72
1 -72
1 -72
1 -73
1 -73
1 -73
1 -73
1 -73
1 -73
1 -73
1 -73
1 -73
1 -73
1 -52
1 -73
1 -72
1 -72
1 -73
1 -73
1 -73
1 -73
1 -73
1 -73
1 -73
1 -73
1 -73
1 -73
1 -73
1 -73
1 -72
1 -72
1 -73
1 -72
1 -73
1 -73
1 -72
1 -73
1 -72
1 -72
1 -72
1 -72
1 -72
1 -72
1 -72
1 -72
1 -72
1 -72
1 -72
1 -73
1 -73
1 -73
1 -76
1 -69
1 -78
1 -83
1 -58
1 -76
1 -76
1 -69
1 -74
1 -73
1 -69
1 -74
1 -75
1 -75
1 -75
1 -74
1 -72
1 -72
1 -71
1 -71
1 -70
1 -72
1 -60
1 -72
1 -72
1 -73
1 -74
1 -75
1 -75
1 -75
1 -73
1 -73
1 -72
1 -71
1 -71
1 -71
1 -71
1 -71
1 -71
1 -70
1 -70
1 -70
1 -71
1 -71
1 -71
1 -71
1 -70
1 -70
1 -70
1 -71
1 -72
1 -71
1 -72
1 -71
1 -70
1 -72
1 -72
1 -73
1 -74
1 -73
1 -72
1 -72
1 -71
1 -72
1 -72
1 -72
1 -72
1 -72
1 -71
1 -72
1 -71
1 -71
1 -71
1 -71
1 -72
1 -72
1 -72
1 -73
1 -74
1 -74
1 -72
1 -72
1 -72
1 -72
1 -72
1 -72
1 -72
1 -71
1 -71
1 -70
1 -70
1 -70
1 -70
1 -70
1 -70
1 -71
1 -71
1 -70
1 -71
1 -71
1 -71
1 -71
1 -71
1 -70
1 -71
1 -71
1 -71
1 -71
1 -70
1 -71
1 -70
1 -70
1 -71
2 -78
2 -78
2 -76
2 -77
2 -77
2 -77
2 -75
2 -76
2 -77
2 -77
2 -75
2 -74
2 -72
2 -72
2 -73
2 -74
2 -68
2 -74
2 -72
2 -73
2 -74
2 -73
2 -78
2 -80
2 -82
2 -82
2 -81
2 -81
2 -79
2 -79
2 -83
2 -78
2 -75
2 -76
2 -76
2 -76
2 -78
2 -79
2 -82
2 -76
2 -76
2 -66
2 -78
2 -77
2 -78
2 -78
2 -77
2 -76
2 -76
2 -76
2 -77
2 -77
2 -77
2 -77
2 -77
2 -76
2 -77
2 -77
2 -78
2 -78
2 -78
2 -79
2 -81
2 -81
2 -80
2 -78
2 -78
2 -78
2 -78
2 -78
2 -71
2 -78
2 -78
2 -78
2 -77
2 -78
2 -77
2 -77
2 -66
2 -76
2 -76
2 -76
2 -76
2 -76
2 -76
2 -70
2 -74
2 -77
2 -77
2 -77
2 -76
2 -77
2 -77
2 -78
2 -79
2 -79
2 -79
2 -79
2 -79
2 -79
2 -78
2 -78
2 -77
2 -72
2 -80
2 -80
2 -79
2 -80
2 -81
2 -80
2 -79
2 -76
2 -78
2 -78
2 -75
2 -72
2 -79
2 -79
2 -80
2 -80
2 -80
2 -80
2 -79
2 -79
2 -79
2 -80
2 -78
2 -77
2 -79
2 -79
2 -80
2 -80
2 -80
2 -81
2 -81
2 -80
2 -79
2 -81
2 -83
2 -84
2 -85
2 -85
2 -83
2 -82
2 -83
2 -84
2 -84
2 -87
2 -82
2 -78
2 -75
2 -73
2 -72
2 -74
2 -74
2 -72
2 -73
2 -75
2 -76
2 -76
2 -78
2 -80
2 -78
2 -73
2 -74
2 -74
2 -76
2 -84
2 -77
2 -75
2 -74
2 -73
2 -75
2 -72
2 -74
2 -71
2 -82
2 -73
2 -80
2 -76
2 -74
2 -73
2 -68
2 -71
2 -75
2 -78
2 -80
2 -82
2 -82
2 -80
2 -82
2 -83
2 -84
2 -86
2 -85
2 -71
2 -83
2 -82
2 -83
2 -84
2 -83
2 -80
2 -83
2 -87
2 -83
2 -80
2 -79
2 -81
2 -78
2 -80
2 -81
2 -83
2 -86
2 -83
2 -56
2 -86
2 -86
2 -84
2 -85
2 -85
3 -77
3 -77
3 -77
3 -76
3 -76
3 -76
3 -73
3 -76
3 -76
3 -77
3 -78
3 -76
3 -78
3 -75
3 -76
3 -75
3 -76
3 -76
3 -75
3 -75
3 -74
3 -75
3 -76
3 -75
3 -75
3 -76
3 -76
3 -76
3 -75
3 -73
3 -74
3 -76
3 -75
3 -83
3 -82
3 -81
3 -82
3 -81
3 -78
3 -79
3 -79
3 -80
3 -81
3 -78
3 -80
3 -80
3 -81
3 -76
3 -81
3 -83
3 -84
3 -85
3 -84
3 -83
3 -84
3 -83
3 -83
3 -84
3 -82
3 -83
3 -83
3 -82
3 -84
3 -84
3 -84
3 -83
3 -84
3 -78
3 -79
3 -68
3 -77
3 -81
3 -81
3 -81
3 -79
3 -79
3 -78
3 -78
3 -81
3 -80
3 -80
3 -82
3 -83
3 -82
3 -82
3 -83
3 -82
3 -82
3 -81
3 -71
3 -81
3 -82
3 -82
3 -80
3 -54
3 -83
3 -82
3 -82
3 -81
3 -80
3 -73
3 -81
3 -81
3 -84
3 -86
3 -86
3 -86
3 -87
3 -85
3 -74
3 -78
3 -75
3 -75
3 -74
3 -72
3 -72
3 -72
3 -72
3 -75
3 -76
3 -77
3 -79
3 -77
3 -78
3 -81
3 -78
3 -75
3 -76
3 -78
3 -82
3 -81
3 -78
3 -60
3 -83
3 -79
3 -78
3 -78
3 -78
3 -78
3 -78
3 -78
3 -80
3 -83
3 -83
3 -83
3 -84
3 -84
3 -83
3 -84
3 -84
3 -83
3 -82
3 -83
3 -84
3 -83
3 -81
3 -80
3 -78
3 -77
3 -78
3 -78
3 -78
3 -83
3 -85
3 -82
3 -82
3 -82
3 -58
3 -83
3 -85
3 -85
3 -84
3 -83
3 -83
3 -84
3 -84
3 -83
3 -83
3 -83
3 -81
4 -76
4 -75
4 -76
4 -76
4 -74
4 -74
4 -75
4 -78
4 -75
4 -73
4 -76
4 -76
4 -76
4 -74
4 -75
4 -73
4 -73
4 -71
4 -71
4 -72
4 -73
4 -73
4 -72
4 -73
4 -72
4 -72
4 -73
4 -73
4 -72
4 -72
4 -78
4 -78
4 -82
4 -78
4 -76
4 -76
4 -76
4 -76
4 -76
4 -76
4 -69
4 -81
4 -81
4 -80
4 -79
4 -80
4 -80
4 -81
4 -79
4 -79
4 -79
4 -79
4 -78
4 -78
4 -80
4 -79
4 -80
4 -78
4 -78
4 -75
4 -76
4 -76
4 -76
4 -76
4 -76
4 -75
4 -76
4 -76
4 -76
4 -76
4 -76
4 -76
4 -76
4 -77
4 -75
4 -76
4 -76
4 -76
4 -76
4 -76
4 -76
4 -76
4 -76
4 -76
4 -76
4 -76
4 -76
4 -76
4 -76
4 -76
4 -76
4 -76
4 -76
4 -76
4 -76
4 -75
4 -76
4 -76
4 -75
4 -75
4 -75
4 -75
4 -76
4 -76
4 -55
4 -74
4 -77
4 -77
4 -77
4 -78
4 -77
4 -77
4 -77
4 -78
4 -82
4 -84
4 -82
4 -79
4 -78
4 -78
4 -77
4 -76
4 -76
4 -74
4 -75
4 -76
4 -75
4 -76
4 -75
4 -75
4 -75
4 -74
4 -74
4 -74
4 -74
4 -74
4 -75
4 -75
4 -75
4 -74
4 -74
4 -74
4 -75
4 -74
4 -75
4 -74
4 -71
4 -69
4 -74
4 -74
4 -74
4 -74
4 -75
4 -75
4 -75
4 -75
4 -74
4 -74
4 -73
4 -72
4 -72
4 -72
4 -72
4 -72
4 -72
4 -72
4 -72
4 -72
4 -72
4 -72
4 -73
4 -72
4 -72
4 -72
4 -72
4 -72
4 -73
4 -72
4 -73
4 -73
4 -72
4 -73
4 -73
4 -73
4 -73
4 -73
4 -71
4 -72
4 -73
4 -72
4 -73
4 -74
4 -66
4 -73
4 -74
4 -74
4 -67
4 -72
4 -72
4 -73
4 -72
4 -72
4 -73
4 -73
4 -73
4 -72
4 -72
4 -73
4 -74
4 -74
4 -74
4 -75
4 -75
4 -76
4 -78
4 -85
4 -85
4 -80
4 -79
4 -79
4 -79
4 -78
4 -78
4 -79
4 -82
4 -83
4 -78
4 -75
4 -75
4 -76
4 -79
4 -78
4 -80
4 -77
4 -76
4 -75
4 -75
4 -75
4 -75
4 -76
4 -77
4 -78
4 -78
4 -75
4 -75
4 -74
4 -73
4 -73
4 -73
4 -73
4 -73
4 -73
4 -73
4 -73
4 -67
4 -72
4 -73
4 -73
4 -66
4 -73
4 -73
4 -72
4 -76
4 -76
4 -76
4 -74
4 -75
4 -74
4 -75
4 -75
4 -75
4 -74
4 -74
4 -74
4 -72
4 -72
4 -73
4 -76
4 -75
4 -79
4 -79
4 -76
4 -76
4 -76
4 -76
4 -74
4 -76
4 -76
4 -76
4 -77
4 -78
4 -78
4 -78
4 -78
4 -79
4 -79
4 -79
4 -79
4 -79
4 -79
4 -79
4 -77
4 -79
4 -79
4 -79
4 -80
4 -81
4 -80
4 -80
4 -80
4 -80
4 -80
4 -80
4 -79
5 -83
5 -83
5 -83
5 -82
5 -82
5 -82
5 -82
5 -83
5 -85
5 -81
5 -85
5 -86
5 -85
5 -85
5 -85
5 -79
5 -84
5 -85
5 -83
5 -84
5 -84
5 -85
5 -85
5 -85
5 -84
5 -85
5 -86
5 -67
5 -84
5 -85
5 -85
5 -84
5 -84
5 -83
5 -88
5 -85
5 -85
5 -83
5 -83
5 -83
5 -83
5 -82
5 -82
5 -83
5 -82
5 -82
5 -82
5 -82
5 -82
5 -83
5 -83
5 -83
5 -84
5 -83
5 -82
5 -82
5 -83
5 -82
5 -82
5 -82
5 -82
5 -82
5 -82
5 -81
5 -83
5 -83
5 -83
5 -30
5 -87
5 -86
5 -85
5 -84
5 -85
5 -84
5 -83
5 -83
5 -83
6 -75
6 -81
6 -81
6 -79
6 -81
6 -81
6 -84
6 -81
6 -81
6 -83
6 -79
6 -78
6 -80
6 -79
6 -80
6 -82
6 -83
6 -79
6 -80
6 -81
6 -82
6 -79
6 -80
6 -82
6 -86
6 -83
6 -82
6 -83
6 -85
6 -85
6 -86
6 -86
6 -84
6 -85
6 -72
6 -84
6 -84
6 -83
6 -82
6 -86
6 -86
6 -86
6 -87
6 -84
6 -82
6 -81
6 -80
6 -79
6 -76
6 -76
6 -77
6 -83
6 -82
6 -77
6 -75
6 -75
6 -75
6 -76
6 -74
6 -69
6 -78
6 -79
6 -66
6 -77
6 -78
6 -76
6 -77
6 -80
6 -78
6 -79
6 -78
6 -80
6 -78
6 -77
6 -79
6 -77
6 -76
6 -76
6 -76
6 -76
6 -77
6 -76
6 -76
6 -76
6 -76
6 -76
6 -75
6 -76
6 -76
6 -76
6 -77
6 -79
6 -70
6 -70
6 -75
6 -76
6 -76
6 -77
6 -76
6 -76
6 -75
6 -76
6 -75
6 -76
6 -77
6 -77
6 -76
6 -76
6 -74
6 -75
6 -76
6 -74
6 -76
6 -68
6 -68
6 -74
6 -75
6 -76
6 -75
6 -76
6 -76
6 -76
6 -77
6 -77
6 -77
6 -78
6 -78
6 -78
6 -76
6 -81
6 -80
6 -80
6 -81
6 -80
6 -79
6 -79
6 -79
6 -78
6 -78
6 -76
6 -78
6 -77
7 -59
7 -85
7 -84
7 -81
7 -83
7 -80
7 -82
7 -80
7 -78
7 -81
7 -84
7 -85
7 -85
7 -85
7 -84
7 -84
7 -84
7 -77
7 -75
7 -82
7 -81
7 -83
7 -85
7 -85
7 -80
7 -81
7 -80
7 -80
7 -81
7 -81
7 -81
7 -80
7 -78
7 -79
7 -79
7 -80
7 -79
7 -80
7 -81
7 -81
7 -84
7 -83
7 -87
7 -86
7 -85
7 -84
7 -83
7 -83
7 -83
7 -83
7 -83
7 -83
7 -82
7 -83
7 -81
7 -77
7 -81
7 -82
7 -81
7 -83
7 -83
7 -84
7 -83
7 -80
7 -84
7 -86
7 -73
7 -83
7 -79
7 -82
7 -85
7 -80
7 -84
7 -82
7 -83
7 -83
7 -70
7 -82
7 -83
7 -83
7 -82
7 -74
7 -82
7 -80
7 -58
7 -79
7 -78
7 -78
7 -79
7 -79
7 -84
7 -83
7 -84
7 -83
7 -82
7 -81
7 -82
7 -81
7 -80
7 -82
7 -81
7 -83
7 -83
7 -78
7 -82
7 -83
7 -80
7 -79
7 -70
7 -73
7 -84
7 -82
7 -80
7 -82
7 -83
7 -82
7 -82
7 -79
7 -80
7 -79
7 -82
7 -82
7 -84
7 -80
7 -82
7 -69
7 -80
7 -79
7 -75
7 -77
7 -78
7 -78
7 -77
7 -77
7 -77
7 -78
7 -78
7 -78
7 -78
7 -77
7 -78
7 -78
7 -55
7 -77
8 -81
8 -87
8 -85
8 -84
8 -84
8 -82
8 -83
8 -85
8 -79
8 -84
8 -85
8 -84
8 -85
8 -86
8 -85
8 -84
8 -82
8 -83
8 -73
8 -86
8 -85
8 -86
8 -85
8 -84
8 -84
8 -84
8 -84
8 -85
8 -86
8 -85
8 -84
8 -87
8 -85
8 -85
8 -85
8 -84
8 -84
8 -87
8 -86
8 -82
8 -81
8 -78
8 -80
8 -85
8 -85
8 -85
8 -88
8 -85
8 -73
8 -69
8 -84
8 -84
8 -84
8 -84
8 -84
8 -85
8 -84
8 -84
8 -84
8 -86
8 -84
8 -83
8 -86
8 -87
8 -87
8 -85
8 -62
9 -84
9 -85
9 -84
9 -86
9 -86
9 -88
9 -87
9 -88
10 -79
10 -85
10 -84
10 -83
10 -70
10 -85
10 -84
10 -86
10 -86
10 -86
10 -83
10 -87
10 -80
10 -86
10 -86
10 -73
10 -87
10 -84
10 -84
10 -82
10 -83
10 -83
10 -81
10 -82
10 -82
10 -82
10 -81
10 -82
10 -71
10 -83
10 -82
10 -85
10 -84
10 -83
10 -76
10 -75
10 -78
10 -83
10 -82
10 -82
10 -81
10 -82
10 -82
10 -84
10 -83
10 -83
10 -83
10 -83
10 -75
10 -82
10 -82
10 -81
10 -82
10 -81
10 -81
10 -81
10 -72
10 -82
10 -86
10 -83
10 -84
10 -82
10 -80
10 -81
10 -81
10 -80
10 -82
10 -82
10 -81
10 -84
10 -84
10 -76
11 -76
11 -76
11 -76
11 -76
11 -76
11 -73
11 -76
11 -75
11 -75
11 -75
11 -74
11 -75
11 -75
11 -75
11 -73
11 -74
11 -73
11 -72
11 -73
11 -72
11 -73
11 -74
11 -72
11 -73
11 -73
11 -75
11 -75
11 -76
11 -76
11 -76
11 -75
11 -74
11 -73
11 -74
11 -75
11 -75
11 -78
11 -76
11 -70
11 -77
11 -76
11 -77
11 -77
11 -77
11 -78
11 -79
11 -79
11 -79
11 -78
11 -73
11 -78
11 -79
11 -79
11 -79
11 -78
11 -78
11 -78
11 -78
11 -79
11 -79
11 -80
11 -78
11 -78
11 -77
11 -78
11 -78
11 -77
11 -77
11 -78
11 -78
11 -78
11 -71
11 -78
11 -77
11 -77
11 -78
11 -79
11 -78
11 -79
11 -77
11 -79
11 -79
11 -78
11 -78
11 -76
11 -78
11 -78
11 -77
11 -72
11 -78
11 -78
11 -77
11 -78
11 -78
11 -74
11 -76
11 -76
11 -76
11 -78
11 -73
11 -78
11 -78
11 -78
11 -78
11 -77
11 -77
11 -78
11 -77
11 -77
11 -77
11 -78
11 -52
11 -78
11 -77
11 -77
11 -70
11 -76
11 -76
11 -76
11 -76
11 -76
11 -76
11 -76
11 -69
11 -76
11 -76
11 -76
11 -76
11 -75
11 -76
11 -76
11 -75
11 -75
11 -76
11 -77
11 -76
11 -76
11 -76
11 -77
11 -76
11 -77
11 -76
11 -76
11 -76
11 -76
11 -76
11 -75
11 -75
11 -74
11 -74
11 -74
11 -74
11 -75
11 -75
11 -75
11 -75
11 -75
11 -74
11 -74
11 -74
11 -74
11 -74
11 -75
11 -74
11 -74
11 -74
11 -59
11 -74
11 -74
11 -74
11 -74
11 -74
11 -74
11 -70
11 -75
11 -74
11 -74
11 -75
11 -74
11 -75
11 -74
11 -75
11 -74
11 -75
11 -75
11 -74
11 -75
11 -75
11 -75
11 -74
11 -74
11 -74
11 -74
11 -75
11 -74
11 -74
11 -74
11 -75
11 -75
11 -75
11 -77
11 -78
11 -79
11 -81
11 -80
11 -79
11 -74
11 -76
11 -77
11 -76
11 -78
11 -78
11 -78
11 -79
11 -81
11 -80
11 -81
11 -76
11 -74
11 -75
11 -76
11 -77
11 -76
11 -60
11 -76
11 -76
11 -76
11 -76
11 -76
11 -77
11 -77
11 -77
11 -76
11 -69
11 -79
11 -78
11 -78
11 -78
11 -78
11 -78
11 -77
11 -77
11 -77
11 -77
11 -78
11 -78
11 -77
11 -76
11 -78
11 -78
11 -78
11 -77
11 -78
11 -77
11 -78
11 -78
11 -78
11 -78
11 -79
11 -78
11 -79
11 -79
11 -80
11 -83
11 -83
11 -82
11 -81
11 -79
11 -81
11 -80
11 -81
11 -80
11 -78
11 -68
11 -81
11 -80
11 -82
11 -82
11 -80
11 -81
11 -81
11 -82
11 -81
11 -81
11 -81
11 -81
11 -80
11 -79
11 -79
11 -79
11 -77
11 -77
11 -77
11 -77
11 -77
11 -77
11 -77
11 -77
11 -72
11 -78
11 -67
11 -79
11 -80
11 -78
11 -78
12 -87
12 -86
12 -86
12 -85
12 -64
12 -86
12 -73
12 -87
12 -78
12 -78
12 -79
12 -80
12 -84
12 -79
12 -79
12 -80
12 -82
12 -82
12 -81
12 -80
12 -67
12 -82
12 -81
12 -82
12 -82
12 -81
12 -83
12 -82
12 -83
12 -84
12 -84
12 -82
12 -82
12 -83
12 -83
12 -83
12 -88
12 -87
12 -88
13 -84
13 -83
13 -83
13 -80
13 -79
13 -81
13 -81
13 -81
13 -80
13 -80
13 -81
13 -78
13 -77
13 -76
13 -74
13 -72
13 -74
13 -77
13 -75
13 -76
13 -76
13 -74
13 -72
13 -72
13 -72
13 -72
13 -73
13 -73
13 -74
13 -73
13 -73
13 -73
13 -73
13 -73
13 -73
13 -75
13 -75
13 -75
13 -74
13 -74
13 -74
13 -73
13 -72
13 -74
13 -74
13 -74
13 -73
13 -73
13 -73
13 -72
13 -72
13 -72
13 -72
13 -71
13 -72
13 -72
13 -71
13 -72
13 -70
13 -72
13 -72
13 -72
13 -72
13 -72
13 -72
13 -72
13 -72
13 -72
13 -72
13 -72
13 -72
13 -68
13 -72
13 -72
13 -73
13 -73
13 -73
13 -73
13 -73
13 -67
13 -72
13 -72
13 -72
13 -72
13 -72
13 -72
13 -72
13 -72
13 -72
13 -72
13 -72
13 -72
13 -73
13 -73
13 -74
13 -73
13 -74
13 -74
13 -74
13 -74
13 -71
13 -73
13 -72
13 -71
13 -72
13 -71
13 -71
13 -72
13 -73
13 -73
13 -74
13 -73
13 -73
13 -73
13 -72
13 -72
13 -72
13 -72
13 -71
13 -71
13 -71
13 -71
13 -72
13 -72
13 -72
13 -65
13 -72
13 -72
13 -73
13 -73
13 -73
13 -73
13 -74
13 -75
13 -73
13 -74
13 -74
13 -76
13 -75
13 -75
13 -72
13 -74
13 -73
13 -73
13 -71
13 -74
13 -72
13 -72
13 -70
13 -72
13 -72
13 -71
13 -72
13 -72
13 -72
13 -72
13 -72
13 -72
13 -72
13 -72
13 -72
13 -72
13 -72
13 -72
13 -72
13 -72
13 -72
13 -69
13 -72
13 -72
13 -71
13 -71
13 -71
13 -71
13 -71
13 -71
13 -71
13 -71
13 -71
13 -71
13 -71
13 -71
13 -71
13 -71
13 -72
13 -70
13 -72
13 -72
13 -72
13 -72
13 -72
13 -73
13 -73
13 -74
13 -74
13 -74
13 -74
13 -64
13 -75
13 -76
13 -71
13 -79
13 -79
13 -81
13 -81
13 -80
13 -80
13 -80
13 -81
13 -78
13 -77
13 -76
13 -66
13 -78
13 -80
13 -83
13 -83
13 -81
13 -76
13 -78
13 -80
13 -78
13 -77
13 -73
13 -81
13 -84
13 -84
13 -84
13 -69
13 -84
13 -80
13 -78
13 -78
13 -79
13 -79
13 -66
13 -79
13 -82
13 -82
13 -83
13 -82
13 -83
13 -83
13 -78
13 -76
13 -74
13 -74
13 -76
13 -76
13 -76
13 -74
13 -75
13 -76
13 -74
13 -76
13 -76
13 -73
13 -77
13 -76
13 -76
13 -76
13 -75
13 -73
13 -76
13 -78
13 -78
13 -79
13 -81
13 -81
13 -83
13 -81
13 -83
13 -82
13 -79
13 -79
13 -80
13 -82
14 -76
14 -76
14 -76
14 -77
14 -78
14 -77
14 -76
14 -74
14 -75
14 -75
14 -76
14 -76
14 -75
14 -75
14 -58
14 -78
14 -76
14 -77
14 -78
14 -78
14 -78
14 -78
14 -74
14 -76
14 -52
14 -76
14 -73
14 -72
14 -72
14 -71
14 -70
14 -72
14 -72
14 -74
14 -52
14 -74
14 -74
14 -75
14 -75
14 -75
14 -73
14 -75
14 -74
14 -75
14 -75
14 -75
14 -75
14 -75
14 -76
14 -75
14 -76
14 -75
14 -75
14 -75
14 -75
14 -75
14 -72
14 -76
14 -76
14 -76
14 -75
14 -75
14 -76
14 -71
14 -76
14 -76
14 -76
14 -75
14 -74
14 -74
14 -75
14 -75
14 -74
14 -75
14 -75
14 -73
14 -74
14 -75
14 -75
14 -75
14 -74
14 -73
14 -74
14 -74
14 -71
14 -74
14 -74
14 -74
14 -74
14 -74
14 -74
14 -74
14 -74
14 -74
14 -74
14 -74
14 -74
14 -74
14 -69
14 -72
14 -72
14 -72
14 -72
14 -73
14 -73
14 -72
14 -72
14 -72
14 -72
14 -72
14 -72
14 -72
14 -72
14 -72
14 -71
14 -70
14 -71
14 -70
14 -71
14 -70
14 -70
14 -71
14 -72
14 -72
14 -72
14 -72
14 -72
14 -72
14 -72
14 -72
14 -72
14 -72
14 -72
14 -72
14 -72
14 -72
14 -73
14 -73
14 -72
14 -73
14 -72
14 -72
14 -73
14 -72
14 -72
14 -73
14 -72
14 -73
14 -73
14 -71
14 -72
14 -72
14 -72
14 -73
14 -73
14 -73
14 -74
14 -74
14 -74
14 -74
14 -71
14 -74
14 -75
14 -73
14 -71
14 -75
14 -74
14 -75
14 -75
14 -75
14 -74
14 -74
14 -75
14 -75
14 -75
14 -74
14 -75
14 -75
14 -75
14 -75
14 -75
14 -68
14 -75
14 -76
14 -76
14 -76
14 -63
14 -65
14 -76
14 -76
14 -75
14 -75
14 -75
14 -75
14 -75
14 -75
14 -75
14 -75
14 -75
14 -75
14 -75
14 -74
14 -75
14 -74
14 -74
14 -74
14 -73
14 -73
14 -72
14 -72
14 -72
14 -72
14 -71
14 -72
14 -73
14 -76
14 -78
14 -74
14 -79
14 -81
14 -83
14 -82
14 -79
14 -77
14 -74
14 -74
14 -83
14 -84
14 -78
14 -72
14 -70
14 -70
14 -70
14 -70
14 -69
14 -68
14 -68
14 -69
14 -71
14 -72
14 -73
14 -75
14 -75
14 -72
14 -71
14 -70
14 -70
14 -70
14 -70
14 -70
14 -70
14 -70
14 -70
14 -71
14 -72
14 -72
14 -72
14 -72
14 -72
14 -72
14 -72
14 -73
14 -73
14 -73
14 -72
14 -72
14 -72
14 -72
14 -72
14 -73
14 -72
14 -73
14 -72
14 -72
14 -72
14 -72
14 -75
14 -72
14 -72
14 -72
14 -72
14 -72
14 -70
14 -68
14 -70
14 -59
14 -72
14 -72
14 -71
14 -72
14 -71
14 -71
14 -72
14 -72
14 -74
14 -70
14 -71
14 -71
14 -70
14 -70
14 -69
14 -68
14 -68
14 -66
14 -68
14 -68
14 -69
14 -65
14 -70
14 -70
14 -70
14 -71
14 -70
14 -71
14 -71
14 -71
14 -55
14 -71
14 -72
14 -66
14 -72
14 -72
14 -72
14 -73
14 -73
14 -73
14 -73
14 -73
14 -73
14 -73
14 -73
14 -73
14 -73
14 -73
14 -72
14 -73
14 -73
14 -73
14 -72
15 -70
15 -70
15 -69
15 -69
15 -70
15 -70
15 -70
15 -70
15 -70
15 -57
15 -68
15 -70
15 -70
15 -70
15 -72
15 -72
15 -72
15 -74
15 -75
15 -69
15 -72
15 -74
15 -30
15 -73
15 -71
15 -70
15 -70
15 -69
15 -69
15 -69
15 -71
15 -70
15 -70
15 -70
15 -67
15 -64
15 -68
15 -68
15 -70
15 -70
15 -70
15 -71
15 -71
15 -71
15 -71
15 -72
15 -72
15 -72
15 -72
15 -72
15 -72
15 -72
15 -53
15 -72
15 -69
15 -72
15 -72
15 -72
15 -72
15 -72
15 -72
15 -72
15 -72
15 -72
15 -72
15 -72
15 -70
15 -70
15 -70
15 -70
15 -70
15 -71
15 -70
15 -71
15 -72
15 -72
15 -72
15 -72
15 -72
15 -72
15 -72
15 -72
15 -72
15 -72
15 -72
15 -73
15 -72
15 -73
15 -70
15 -73
15 -73
15 -73
15 -72
15 -72
15 -72
15 -72
15 -73
15 -73
15 -73
15 -73
15 -73
15 -72
15 -73
15 -71
15 -73
15 -73
15 -73
15 -73
15 -73
15 -73
15 -73
15 -72
15 -72
15 -72
15 -72
15 -72
15 -72
15 -72
15 -72
15 -73
15 -73
15 -73
15 -74
15 -74
15 -66
15 -72
15 -72
15 -71
15 -71
15 -71
15 -70
15 -70
15 -70
15 -70
15 -70
15 -70
15 -70
15 -70
15 -70
15 -70
15 -70
15 -70
15 -71
15 -70
15 -70
15 -71
15 -71
15 -70
15 -72
15 -70
15 -71
15 -72
15 -72
15 -72
15 -72
15 -72
15 -72
15 -72
15 -72
15 -73
15 -72
15 -72
15 -72
15 -72
15 -73
15 -72
15 -73
15 -72
15 -72
15 -72
15 -72
15 -71
15 -71
15 -70
15 -70
15 -71
15 -71
15 -71
15 -70
15 -72
15 -72
15 -72
15 -73
15 -73
15 -74
15 -74
15 -74
15 -72
15 -75
15 -74
15 -75
15 -74
15 -75
15 -75
15 -75
15 -75
15 -75
15 -72
15 -72
15 -74
15 -74
15 -73
15 -74
15 -74
15 -73
15 -74
15 -74
15 -73
15 -74
15 -73
15 -72
15 -72
15 -72
15 -72
15 -73
15 -73
15 -74
15 -75
15 -75
15 -74
15 -74
15 -75
15 -74
15 -75
15 -75
15 -73
15 -74
15 -74
15 -73
15 -74
15 -72
15 -53
15 -73
15 -74
15 -78
15 -78
15 -78
15 -76
15 -78
15 -82
15 -76
15 -71
15 -70
15 -69
15 -68
15 -68
15 -67
15 -68
15 -68
15 -68
15 -68
15 -69
15 -68
15 -65
15 -67
15 -67
15 -67
15 -68
15 -67
15 -66
15 -67
15 -66
15 -66
15 -66
15 -67
15 -67
15 -67
15 -67
15 -67
15 -66
15 -66
15 -66
15 -66
15 -66
15 -66
15 -66
15 -66
15 -67
15 -66
15 -67
15 -67
15 -67
15 -67
15 -67
15 -67
15 -67
15 -67
15 -70
15 -67
15 -69
15 -69
15 -69
15 -69
15 -69
15 -69
15 -30
15 -68
15 -68
15 -69
15 -69
15 -68
15 -67
15 -70
15 -70
15 -70
15 -72
15 -74
15 -75
15 -75
15 -74
15 -75
15 -76
15 -77
15 -78
15 -77
15 -76
15 -73
15 -73
15 -73
15 -71
15 -71
15 -70
15 -70
15 -70
15 -70
15 -70
15 -70
15 -70
15 -70
15 -70
15 -69
15 -70
15 -70
15 -70
15 -68
15 -65
15 -56
15 -70
15 -70
15 -70
15 -70
15 -70
15 -70
16 -79
16 -80
16 -79
16 -78
16 -79
16 -79
16 -82
16 -83
16 -85
16 -86
16 -86
16 -86
16 -81
16 -83
16 -76
16 -73
16 -74
16 -73
16 -73
16 -72
16 -71
16 -71
16 -71
16 -71
16 -71
16 -72
16 -72
16 -72
16 -72
16 -72
16 -72
16 -73
16 -70
16 -72
16 -72
16 -72
16 -72
16 -72
16 -72
16 -72
16 -72
16 -72
16 -72
16 -71
16 -72
16 -72
16 -72
16 -72
16 -72
16 -71
16 -70
16 -68
16 -71
16 -71
16 -71
16 -71
16 -72
16 -71
16 -71
16 -72
16 -70
16 -72
16 -72
16 -72
16 -72
16 -72
16 -72
16 -72
16 -72
16 -72
16 -72
16 -72
16 -72
16 -72
16 -72
16 -72
16 -72
16 -67
16 -72
16 -72
16 -72
16 -72
16 -72
16 -69
16 -72
16 -72
16 -72
16 -72
16 -72
16 -71
16 -71
16 -71
16 -71
16 -71
16 -71
16 -72
16 -72
16 -72
16 -72
16 -72
16 -72
16 -72
16 -72
16 -72
16 -72
16 -72
16 -68
16 -70
16 -72
16 -72
16 -72
16 -73
16 -72
16 -72
16 -73
16 -72
16 -72
16 -72
16 -72
16 -72
16 -72
16 -72
16 -72
16 -72
16 -72
16 -72
16 -72
16 -72
16 -72
16 -72
16 -72
16 -72
16 -71
16 -72
16 -72
16 -72
16 -72
16 -72
16 -72
16 -71
16 -73
16 -72
16 -72
16 -72
16 -72
16 -72
16 -72
16 -73
16 -69
16 -73
16 -72
16 -72
16 -72
16 -71
16 -72
16 -71
16 -69
16 -71
16 -71
16 -71
16 -79
16 -71
16 -71
16 -62
16 -71
16 -71
16 -71
16 -70
16 -71
16 -71
16 -71
16 -71
16 -71
16 -71
16 -71
16 -71
16 -71
16 -71
16 -71
16 -30
16 -71
16 -71
16 -71
16 -81
16 -71
16 -71
16 -71
16 -70
16 -70
16 -70
16 -67
16 -70
16 -70
16 -71
16 -72
16 -71
16 -72
16 -72
16 -72
16 -72
16 -74
16 -75
16 -78
16 -78
16 -77
16 -77
16 -77
16 -77
16 -78
16 -78
16 -79
16 -78
16 -77
16 -79
16 -80
16 -78
16 -80
16 -82
16 -78
16 -76
16 -58
16 -72
16 -71
16 -72
16 -74
16 -75
16 -74
16 -76
16 -77
16 -75
16 -74
16 -74
16 -75
16 -75
16 -75
16 -76
16 -76
16 -76
16 -77
16 -78
16 -77
16 -78
16 -76
16 -79
16 -80
16 -79
16 -79
16 -78
16 -79
16 -79
16 -80
16 -79
16 -78
16 -79
16 -79
16 -80
16 -77
16 -78
16 -62
16 -80
16 -80
16 -81
16 -80
16 -82
16 -82
16 -82
16 -82
16 -82
16 -83
17 -82
17 -81
17 -81
17 -81
17 -81
17 -81
17 -82
17 -82
17 -82
17 -84
17 -84
17 -85
17 -83
17 -81
17 -82
17 -82
17 -84
17 -79
17 -80
17 -83
17 -82
17 -81
17 -83
17 -80
17 -79
17 -78
17 -79
17 -80
17 -80
17 -80
17 -79
17 -79
17 -81
17 -80
17 -80
17 -79
17 -79
17 -79
17 -79
17 -80
17 -79
17 -79
17 -79
17 -79
17 -79
17 -78
17 -81
17 -80
17 -80
17 -79
17 -79
17 -78
17 -80
17 -72
17 -80
17 -80
17 -80
17 -80
17 -80
17 -79
17 -79
17 -80
17 -80
17 -80
17 -80
17 -81
17 -81
17 -81
17 -79
17 -80
17 -80
17 -80
17 -79
17 -79
17 -79
17 -79
17 -81
17 -79
17 -80
17 -80
17 -80
17 -79
17 -80
17 -82
17 -81
17 -78
17 -78
17 -78
17 -77
17 -78
17 -79
17 -78
17 -74
17 -77
17 -78
17 -77
17 -78
17 -78
17 -78
17 -78
17 -79
17 -78
17 -79
17 -79
17 -78
17 -79
17 -79
17 -78
17 -78
17 -75
17 -77
17 -78
17 -79
17 -79
17 -78
17 -78
17 -78
17 -77
17 -77
17 -77
17 -77
17 -76
17 -77
17 -77
17 -77
17 -78
17 -77
17 -78
17 -77
17 -77
17 -77
17 -72
17 -72
17 -77
17 -77
17 -77
17 -77
17 -77
17 -78
17 -78
17 -76
17 -77
17 -78
17 -78
17 -76
17 -78
17 -77
17 -76
17 -76
17 -76
17 -77
17 -63
17 -77
17 -78
17 -76
17 -78
17 -78
17 -78
17 -79
17 -78
17 -78
17 -78
17 -78
17 -78
17 -56
17 -80
17 -82
17 -82
17 -76
17 -76
17 -77
17 -77
17 -78
17 -77
17 -78
17 -82
17 -86
17 -80
17 -78
17 -85
17 -84
17 -79
17 -84
17 -85
17 -86
17 -80
17 -79
17 -78
17 -78
17 -82
17 -82
17 -80
17 -82
17 -81
17 -82
17 -82
17 -82
17 -81
17 -81
17 -77
17 -77
17 -81
17 -83
17 -85
17 -83
17 -83
17 -83
17 -82
17 -82
17 -82
17 -81
17 -82
17 -82
17 -80
18 -78
18 -79
18 -78
18 -81
18 -81
18 -80
18 -75
18 -81
18 -82
18 -82
18 -70
18 -84
18 -83
18 -82
18 -83
18 -82
18 -82
18 -85
18 -84
18 -87
18 -78
18 -78
18 -78
18 -73
18 -74
18 -76
18 -76
18 -80
18 -83
18 -81
18 -79
18 -80
18 -80
18 -82
18 -82
18 -79
18 -84
18 -79
18 -79
18 -82
18 -84
18 -86
18 -84
18 -85
18 -83
18 -83
18 -84
18 -84
18 -83
18 -84
18 -84
18 -85
18 -84
18 -84
19 -84
19 -83
19 -63
19 -83
19 -81
19 -85
19 -84
19 -87
19 -85
19 -52
19 -85
19 -85
19 -84
19 -83
19 -85
19 -68
19 -86
19 -88
19 -83
19 -86
19 -87
19 -85
19 -85
19 -86
19 -85
19 -84
19 -84
19 -87
19 -87
19 -87
19 -85
19 -86
19 -86
19 -86
19 -82
19 -80
19 -83
19 -79
19 -82
19 -79
19 -82
19 -79
19 -81
19 -82
19 -83
19 -78
19 -85
19 -85
19 -84
19 -85
19 -88
19 -85
19 -84
19 -85
19 -81
19 -81
19 -84
19 -82
19 -85
19 -83
19 -83
19 -83
19 -83
19 -84
19 -84
19 -84
19 -83
19 -86
19 -85
19 -84
19 -83
19 -84
20 -81
20 -82
20 -56
20 -81
20 -80
20 -81
20 -81
20 -74
20 -70
20 -82
20 -84
20 -82
20 -80
20 -79
20 -80
20 -79
20 -78
20 -80
20 -81
20 -82
20 -52
20 -81
20 -80
20 -83
20 -83
20 -83
20 -82
20 -82
20 -82
20 -86
20 -82
20 -84
20 -85
20 -86
20 -86
20 -86
20 -88
20 -85
20 -85
20 -85
20 -86
20 -86
20 -86
20 -85
20 -85
20 -84
20 -84
20 -84
20 -84
20 -85
20 -85
20 -84
20 -85
20 -84
20 -85
20 -85
20 -85
20 -85
20 -85
20 -85
20 -86
20 -84
20 -84
20 -85
20 -87
20 -86
20 -71
20 -84
20 -85
20 -84
20 -83
20 -82
20 -82
20 -83
20 -84
20 -84
20 -84
20 -79
20 -83
20 -81
20 -81
20 -82
20 -83
20 -79
20 -81
20 -73
20 -78
21 -73
21 -75
21 -74
21 -75
21 -74
21 -74
21 -75
21 -76
21 -76
21 -78
21 -81
21 -79
21 -78
21 -78
21 -77
21 -76
21 -75
21 -76
21 -76
21 -76
21 -76
21 -77
21 -78
21 -78
21 -78
21 -78
21 -83
21 -87
21 -86
21 -84
21 -86
21 -86
21 -83
21 -83
21 -83
21 -84
21 -85
21 -84
21 -82
21 -83
21 -83
21 -84
21 -72
21 -85
21 -85
21 -84
21 -83
21 -83
21 -82
21 -82
21 -76
21 -83
21 -60
21 -79
21 -71
21 -78
21 -78
21 -80
21 -78
21 -78
21 -76
21 -76
21 -78
21 -76
21 -77
21 -72
21 -78
21 -77
21 -78
21 -77
21 -76
21 -76
21 -76
21 -76
21 -74
21 -67
21 -76
21 -77
21 -76
21 -76
21 -77
21 -76
21 -76
21 -75
21 -73
21 -73
21 -74
21 -75
21 -75
21 -76
21 -78
21 -76
21 -68
21 -75
21 -74
21 -76
21 -75
21 -73
21 -73
21 -76
21 -76
21 -74
21 -73
21 -73
21 -72
21 -71
21 -70
21 -70
21 -71
21 -71
21 -70
21 -71
21 -71
21 -70
21 -71
21 -70
21 -71
21 -72
21 -71
21 -71
21 -70
21 -71
21 -71
21 -71
21 -71
21 -70
21 -71
21 -71
21 -71
21 -71
21 -67
21 -72
21 -71
21 -70
21 -71
21 -72
21 -70
22 -83
22 -82
22 -82
22 -82
22 -81
22 -82
22 -80
22 -81
22 -81
22 -84
22 -82
22 -83
22 -79
22 -77
22 -76
22 -78
22 -76
22 -76
22 -77
22 -78
22 -76
22 -74
22 -76
22 -76
22 -85
22 -83
22 -85
22 -82
22 -83
22 -85
22 -87
22 -85
22 -85
22 -87
22 -84
22 -84
22 -85
22 -85
22 -84
22 -84
22 -84
22 -84
22 -83
22 -84
22 -84
22 -85
22 -67
22 -85
22 -82
22 -85
22 -84
22 -86
22 -84
22 -81
22 -80
22 -79
22 -81
22 -79
22 -83
22 -83
22 -72
22 -76
22 -63
22 -80
22 -83
22 -76
22 -74
22 -73
22 -85
22 -80
22 -79
22 -81
22 -81
22 -81
22 -81
22 -81
22 -84
22 -78
22 -85
22 -84
22 -84
22 -83
22 -83
22 -82
22 -84
22 -86
22 -85
22 -86
22 -86
22 -84
22 -87
22 -86
22 -84
22 -86
22 -84
22 -86
22 -83
22 -85
22 -83
22 -84
22 -83
22 -84
22 -84
23 -81
23 -79
23 -81
23 -83
23 -84
23 -75
23 -82
23 -80
23 -84
23 -82
23 -83
23 -82
23 -81
23 -69
23 -80
23 -78
23 -82
23 -79
23 -78
23 -78
23 -76
23 -76
23 -76
23 -76
23 -76
23 -76
23 -75
23 -75
23 -76
23 -76
23 -76
23 -76
23 -77
23 -79
23 -77
23 -79
23 -78
23 -76
23 -72
23 -77
23 -77
23 -77
23 -77
23 -76
23 -76
23 -76
23 -76
23 -76
23 -72
23 -76
23 -76
23 -75
23 -75
23 -75
23 -76
23 -75
23 -76
23 -72
23 -76
23 -76
23 -76
23 -76
23 -76
23 -76
23 -76
23 -76
23 -76
23 -76
23 -76
23 -76
23 -76
23 -76
23 -76
23 -76
23 -76
23 -76
23 -77
23 -76
23 -77
23 -67
23 -77
23 -76
23 -76
23 -76
23 -76
23 -76
23 -76
23 -76
23 -76
23 -75
23 -75
23 -76
23 -75
23 -74
23 -75
23 -71
23 -76
23 -76
23 -76
23 -76
23 -74
23 -76
23 -76
23 -76
23 -76
23 -76
23 -76
23 -76
23 -76
23 -76
23 -77
23 -77
23 -76
23 -77
23 -77
23 -70
23 -77
23 -76
23 -76
23 -76
23 -76
23 -76
23 -76
23 -76
23 -78
23 -78
23 -78
23 -76
23 -78
23 -78
23 -80
23 -80
23 -78
23 -79
23 -79
23 -79
23 -80
23 -80
23 -78
23 -76
23 -76
23 -77
23 -76
23 -75
23 -76
23 -76
23 -76
23 -76
23 -76
23 -76
23 -75
23 -76
23 -76
23 -75
23 -76
23 -76
23 -76
23 -75
23 -76
23 -75
23 -76
23 -76
23 -76
23 -76
23 -76
23 -76
23 -76
23 -74
23 -76
23 -76
23 -76
23 -75
23 -75
23 -76
23 -76
23 -76
23 -76
23 -76
23 -75
23 -75
23 -76
23 -76
23 -76
23 -76
23 -76
23 -77
23 -77
23 -78
23 -79
23 -78
23 -77
23 -77
23 -76
23 -76
23 -76
23 -77
23 -77
23 -78
23 -77
23 -79
23 -78
23 -77
23 -78
23 -78
23 -85
23 -83
23 -81
23 -70
23 -84
23 -81
23 -81
23 -81
23 -81
23 -78
23 -80
23 -79
23 -81
23 -81
23 -80
23 -80
23 -79
23 -78
23 -78
23 -78
23 -78
23 -78
23 -78
23 -78
23 -76
23 -76
23 -76
23 -73
23 -77
23 -78
23 -76
23 -77
23 -77
23 -77
23 -69
23 -77
23 -76
23 -76
23 -75
23 -76
23 -75
23 -76
23 -75
23 -75
23 -75
23 -76
23 -78
23 -77
23 -77
23 -77
23 -77
23 -77
23 -76
23 -76
23 -77
23 -66
23 -76
23 -76
23 -77
23 -78
23 -78
23 -77
23 -78
23 -79
23 -78
23 -80
23 -79
23 -78
23 -78
23 -79
23 -79
23 -78
23 -78
24 -77
24 -78
24 -79
24 -78
24 -78
24 -79
24 -78
24 -77
24 -79
24 -79
24 -64
24 -79
24 -81
24 -80
24 -79
24 -79
24 -79
24 -78
24 -78
24 -77
24 -76
24 -77
24 -78
24 -78
24 -81
24 -84
24 -84
24 -82
24 -82
24 -81
24 -70
24 -83
24 -30
24 -81
24 -79
24 -81
24 -81
24 -80
24 -81
24 -80
24 -80
24 -82
24 -82
24 -84
24 -85
24 -83
24 -82
24 -84
24 -82
24 -82
24 -83
24 -82
24 -70
24 -81
24 -81
24 -82
24 -82
24 -80
24 -80
24 -76
24 -81
24 -72
24 -81
24 -80
24 -75
24 -79
24 -81
24 -82
24 -83
24 -81
24 -56
24 -82
24 -81
24 -80
24 -80
24 -81
24 -80
24 -81
24 -79
24 -80
24 -76
24 -79
24 -81
24 -80
24 -79
24 -80
24 -79
24 -78
24 -80
24 -79
24 -78
24 -78
24 -76
24 -78
24 -77
24 -61
24 -78
24 -76
24 -76
24 -77
24 -76
24 -77
24 -78
24 -77
24 -77
24 -78
24 -78
24 -64
24 -78
24 -78
24 -79
24 -80
24 -82
24 -82
24 -84
24 -84
24 -83
24 -82
24 -82
24 -81
24 -82
24 -82
24 -82
24 -82
24 -82
24 -81
24 -81
24 -81
24 -80
24 -80
24 -80
24 -80
24 -80
24 -79
24 -80
24 -83
24 -84
24 -79
24 -83
24 -85
24 -76
24 -83
24 -82
24 -82
24 -80
24 -81
24 -84
24 -82
24 -83
24 -83
24 -84
24 -84
24 -83
24 -81
24 -80
24 -80
24 -69
24 -84
24 -83
24 -80
24 -80
24 -83
24 -85
24 -86
24 -85
24 -85
24 -84
24 -85
24 -83
24 -83
24 -83
24 -83
25 -85
25 -78
25 -82
25 -84
25 -79
25 -74
25 -81
25 -78
25 -83
25 -80
25 -81
25 -81
25 -77
25 -77
25 -78
25 -76
25 -75
25 -75
25 -74
25 -75
25 -76
25 -80
25 -79
25 -77
25 -78
25 -78
25 -79
25 -80
25 -81
25 -81
25 -81
25 -80
25 -80
25 -79
25 -80
25 -81
25 -79
25 -79
25 -78
25 -78
25 -76
25 -75
25 -75
25 -76
25 -76
25 -76
25 -76
25 -73
25 -77
25 -78
25 -78
25 -78
25 -78
25 -78
25 -71
25 -78
25 -73
25 -77
25 -78
25 -78
25 -78
25 -78
25 -79
25 -70
25 -78
25 -80
25 -79
25 -78
25 -78
25 -78
25 -78
25 -78
25 -78
25 -79
25 -78
25 -77
25 -77
25 -77
25 -77
25 -77
25 -76
25 -76
25 -76
25 -76
25 -75
25 -76
25 -77
25 -78
25 -78
25 -78
25 -78
25 -74
25 -82
25 -80
25 -77
25 -79
25 -79
25 -79
25 -75
25 -79
25 -80
25 -80
25 -79
25 -80
25 -81
25 -80
25 -81
25 -82
25 -82
25 -82
25 -85
25 -83
25 -84
25 -83
25 -85
25 -83
25 -82
25 -83
25 -83
25 -84
25 -83
25 -70
25 -83
25 -82
25 -83
25 -83
25 -83
25 -83
25 -80
25 -79
25 -78
25 -73
25 -79
25 -76
25 -78
25 -78
25 -78
25 -81
25 -82
25 -83
25 -81
25 -79
25 -78
25 -79
25 -84
25 -81
25 -85
25 -85
25 -83
25 -82
25 -81
25 -80
25 -80
25 -80
25 -80
25 -78
25 -79
25 -80
25 -78
25 -78
25 -78
25 -78
25 -78
25 -78
25 -78
25 -78
25 -78
25 -77
25 -77
25 -76
25 -76
25 -77
25 -78
25 -80
25 -83
25 -76
25 -80
25 -81
25 -81
25 -82
25 -78
25 -83
25 -78
25 -81
25 -79
25 -78
25 -72
25 -75
25 -76
25 -77
25 -77
25 -78
25 -78
25 -78
25 -79
25 -80
25 -79
25 -82
25 -62
25 -83
25 -83
25 -84
25 -84
25 -82
26 -70
26 -69
26 -69
26 -69
26 -69
26 -68
26 -68
26 -67
26 -68
26 -68
26 -68
26 -68
26 -69
26 -70
26 -70
26 -72
26 -72
26 -71
26 -69
26 -68
26 -69
26 -69
26 -72
26 -72
26 -72
26 -73
26 -66
26 -67
26 -66
26 -67
26 -66
26 -69
26 -68
26 -67
26 -68
26 -66
26 -76
26 -64
26 -63
26 -63
26 -64
26 -66
26 -69
26 -72
26 -78
26 -76
26 -81
26 -72
26 -73
26 -72
26 -72
26 -71
26 -71
26 -70
26 -70
26 -70
26 -70
26 -70
26 -69
26 -69
26 -69
26 -69
26 -69
26 -69
26 -69
26 -69
26 -70
26 -70
26 -70
26 -70
26 -70
26 -70
26 -71
26 -72
26 -68
26 -82
26 -78
26 -76
26 -77
26 -75
26 -71
26 -70
26 -70
26 -70
26 -70
26 -71
26 -71
26 -71
26 -71
26 -70
26 -70
26 -70
26 -70
26 -70
26 -70
26 -69
26 -69
26 -69
26 -69
26 -69
26 -69
26 -69
26 -69
26 -69
26 -69
26 -69
26 -69
26 -69
26 -69
26 -70
26 -69
26 -69
26 -69
26 -68
26 -68
26 -69
26 -68
26 -68
26 -67
26 -67
26 -66
26 -66
26 -66
26 -65
26 -66
26 -66
26 -66
26 -66
26 -66
26 -65
26 -66
26 -66
26 -67
26 -67
26 -68
26 -68
26 -69
26 -70
26 -69
26 -70
26 -70
26 -70
26 -69
26 -70
26 -69
26 -69
26 -69
26 -69
26 -68
26 -68
26 -68
26 -67
26 -67
26 -66
26 -66
26 -66
26 -66
26 -66
26 -66
26 -66
26 -66
26 -66
26 -66
26 -66
26 -65
26 -66
26 -66
26 -66
26 -66
26 -67
26 -68
26 -69
26 -68
26 -68
26 -67
26 -67
26 -67
26 -67
26 -66
26 -66
26 -66
26 -66
26 -65
26 -66
26 -68
26 -68
26 -68
26 -69
26 -70
26 -68
26 -70
26 -70
26 -70
26 -70
26 -69
26 -68
26 -69
26 -69
26 -69
26 -69
26 -69
26 -69
26 -69
26 -69
26 -69
26 -69
26 -69
26 -69
26 -70
26 -70
26 -70
26 -70
26 -70
26 -70
26 -67
26 -69
26 -69
26 -68
26 -68
26 -68
26 -67
26 -68
26 -68
26 -68
26 -68
26 -68
26 -69
26 -70
26 -70
26 -70
26 -70
26 -70
26 -70
26 -70
26 -69
26 -68
26 -67
26 -55
26 -70
26 -74
26 -75
26 -70
26 -68
26 -68
26 -56
26 -65
26 -61
26 -63
26 -63
26 -63
26 -64
26 -66
26 -69
26 -66
26 -64
26 -62
26 -63
26 -65
26 -69
26 -64
26 -69
26 -72
26 -73
26 -72
26 -70
26 -67
26 -68
26 -70
26 -72
26 -74
26 -76
26 -75
26 -72
26 -75
26 -71
26 -71
26 -69
26 -70
26 -72
26 -73
26 -76
26 -78
26 -78
26 -76
26 -76
26 -76
26 -78
26 -79
26 -82
26 -80
26 -75
26 -69
26 -72
26 -79
26 -77
26 -74
26 -71
26 -70
26 -70
26 -70
26 -71
26 -72
26 -73
26 -72
26 -74
26 -75
26 -70
26 -65
26 -66
26 -67
26 -69
26 -70
26 -73
26 -74
26 -73
26 -73
26 -76
26 -76
26 -75
26 -73
26 -70
26 -73
26 -73
26 -69
26 -73
26 -73
26 -73
26 -74
26 -74
26 -75
26 -75
26 -76
26 -79
26 -82
26 -83
26 -86
26 -85
27 -63
27 -63
27 -63
27 -63
27 -63
27 -63
27 -62
27 -63
27 -64
27 -68
27 -63
27 -66
27 -64
27 -67
27 -64
27 -63
27 -62
27 -61
27 -62
27 -58
27 -58
27 -58
27 -58
27 -58
27 -58
27 -58
27 -58
27 -58
27 -58
27 -58
27 -60
27 -64
27 -68
27 -63
27 -61
27 -61
27 -61
27 -59
27 -58
27 -58
27 -60
27 -62
27 -63
27 -62
27 -61
27 -61
27 -63
27 -63
27 -62
27 -61
27 -61
27 -62
27 -63
27 -63
27 -64
27 -63
27 -62
27 -62
27 -63
27 -64
27 -64
27 -64
27 -65
27 -65
27 -64
27 -64
27 -64
27 -63
27 -63
27 -62
27 -63
27 -63
27 -62
27 -60
27 -59
27 -58
27 -58
27 -59
27 -60
27 -60
27 -61
27 -62
27 -63
27 -64
27 -64
27 -64
27 -63
27 -63
27 -62
27 -62
27 -62
27 -61
27 -62
27 -61
27 -62
27 -63
27 -63
27 -64
27 -64
27 -64
27 -64
27 -64
27 -63
27 -63
27 -63
27 -63
27 -63
27 -63
27 -63
27 -63
27 -63
27 -63
27 -63
27 -63
27 -63
27 -64
27 -64
27 -64
27 -64
27 -64
27 -64
27 -64
27 -63
27 -64
27 -64
27 -65
27 -65
27 -66
27 -66
27 -65
27 -65
27 -64
27 -64
27 -64
27 -63
27 -63
27 -63
27 -63
27 -64
27 -63
27 -63
27 -62
27 -61
27 -60
27 -60
27 -60
27 -60
27 -59
27 -59
27 -60
27 -60
27 -60
27 -60
27 -61
27 -61
27 -61
27 -62
27 -62
27 -63
27 -63
27 -63
27 -64
27 -65
27 -66
27 -66
27 -66
27 -66
27 -67
27 -67
27 -68
27 -68
27 -69
27 -70
27 -69
27 -70
27 -70
27 -71
27 -70
27 -71
27 -74
27 -77
27 -78
27 -77
27 -77
27 -80
27 -85
27 -77
27 -76
27 -75
27 -75
27 -75
27 -72
27 -71
27 -69
27 -66
27 -64
27 -63
27 -61
27 -60
27 -59
27 -58
27 -58
27 -58
27 -58
27 -58
27 -58
27 -58
27 -58
27 -58
27 -58
27 -58
27 -59
27 -59
27 -60
27 -60
27 -60
27 -60
27 -60
27 -60
27 -60
27 -60
27 -60
27 -60
27 -60
27 -60
27 -60
27 -60
27 -60
27 -60
27 -61
27 -62
27 -63
27 -62
27 -61
27 -60
27 -60
27 -60
27 -60
27 -59
27 -59
27 -58
27 -58
27 -57
27 -57
27 -55
27 -54
27 -54
27 -57
27 -63
27 -75
27 -61
27 -58
27 -57
27 -57
27 -56
27 -56
27 -56
27 -57
27 -58
27 -58
27 -64
27 -66
27 -64
27 -63
27 -63
27 -64
27 -64
27 -76
27 -61
27 -57
27 -56
27 -57
27 -58
27 -59
27 -60
27 -60
27 -61
27 -64
27 -65
27 -63
27 -60
27 -60
27 -60
27 -58
27 -58
27 -58
27 -60
27 -61
27 -65
27 -73
27 -70
27 -69
27 -69
27 -69
27 -71
27 -72
27 -70
27 -56
27 -70
27 -70
27 -70
27 -70
27 -70
27 -69
27 -68
27 -68
27 -68
27 -67
27 -67
27 -67
27 -69
27 -69
27 -69
27 -70
27 -72
27 -69
27 -66
27 -66
27 -54
27 -65
27 -66
27 -70
27 -72
27 -72
27 -70
27 -72
27 -70
27 -70
27 -73
27 -70
27 -70
27 -73
27 -80
27 -73
27 -70
27 -67
27 -64
27 -63
27 -64
27 -66
27 -66
27 -63
27 -63
27 -64
27 -64
27 -65
27 -65
27 -66
27 -67
27 -68
27 -71
27 -71
27 -71
27 -71
27 -71
27 -70
27 -70
27 -71
27 -71
27 -71
27 -72
27 -71
27 -71
27 -68
27 -72
27 -72
27 -72
27 -72
27 -72
27 -72
27 -72
27 -71
27 -70
27 -70
27 -70
27 -70
27 -70
28 -60
28 -60
28 -60
28 -60
28 -60
28 -60
28 -60
28 -60
28 -62
28 -62
28 -62
28 -61
28 -63
28 -65
28 -63
28 -63
28 -61
28 -60
28 -61
28 -63
28 -63
28 -64
28 -63
28 -65
28 -65
28 -66
28 -66
28 -66
28 -65
28 -63
28 -61
28 -60
28 -60
28 -56
28 -59
28 -60
28 -70
28 -66
28 -64
28 -64
28 -63
28 -64
28 -63
28 -63
28 -62
28 -63
28 -64
28 -64
28 -64
28 -64
28 -64
28 -64
28 -64
28 -64
28 -64
28 -64
28 -64
28 -64
28 -64
28 -64
28 -64
28 -64
28 -64
28 -64
28 -64
28 -64
28 -64
28 -64
28 -64
28 -64
28 -64
28 -64
28 -64
28 -65
28 -67
28 -67
28 -66
28 -65
28 -65
28 -66
28 -67
28 -66
28 -67
28 -67
28 -67
28 -66
28 -66
28 -66
28 -65
28 -66
28 -66
28 -67
28 -66
28 -67
28 -66
28 -66
28 -66
28 -66
28 -66
28 -66
28 -66
28 -66
28 -67
28 -67
28 -68
28 -68
28 -66
28 -68
28 -67
28 -67
28 -67
28 -67
28 -67
28 -66
28 -67
28 -68
28 -66
28 -69
28 -68
28 -68
28 -68
28 -68
28 -69
28 -68
28 -68
28 -69
28 -70
28 -70
28 -70
28 -70
28 -70
28 -70
28 -70
28 -72
28 -76
28 -76
28 -77
28 -77
28 -76
28 -75
28 -76
28 -76
28 -73
28 -70
28 -69
28 -69
28 -69
28 -68
28 -67
28 -66
28 -66
28 -66
28 -66
28 -65
28 -65
28 -64
28 -64
28 -64
28 -64
28 -64
28 -63
28 -63
28 -63
28 -62
28 -61
28 -61
28 -61
28 -61
28 -60
28 -60
28 -60
28 -60
28 -60
28 -61
28 -61
28 -61
28 -61
28 -62
28 -62
28 -63
28 -63
28 -63
28 -64
28 -31
28 -63
28 -62
28 -63
28 -63
28 -67
28 -62
28 -62
28 -62
28 -62
28 -63
28 -63
28 -62
28 -63
28 -62
28 -63
28 -63
28 -63
28 -63
28 -63
28 -63
28 -62
28 -64
28 -64
28 -64
28 -64
28 -65
28 -64
28 -64
28 -64
28 -63
28 -63
28 -63
28 -62
28 -62
28 -62
28 -30
28 -62
28 -61
28 -61
28 -60
28 -58
28 -60
28 -60
28 -60
28 -60
28 -61
28 -63
28 -67
28 -63
28 -62
28 -64
28 -63
28 -60
28 -60
28 -60
28 -60
28 -60
28 -60
28 -60
28 -60
28 -60
28 -58
28 -58
28 -58
28 -60
28 -62
28 -59
28 -64
28 -69
28 -61
28 -59
28 -64
28 -64
28 -64
28 -62
28 -63
28 -64
28 -63
28 -61
28 -60
28 -60
28 -60
28 -60
28 -60
28 -60
28 -60
28 -60
28 -60
28 -61
28 -62
28 -62
28 -62
28 -63
28 -63
28 -63
28 -63
28 -63
28 -64
28 -63
28 -63
28 -63
28 -64
28 -64
28 -64
28 -64
28 -64
28 -65
28 -65
28 -65
28 -67
28 -66
28 -64
28 -62
28 -63
28 -60
28 -60
28 -60
28 -59
28 -59
28 -58
28 -58
28 -60
28 -62
28 -65
28 -66
28 -66
28 -66
28 -64
28 -61
28 -67
28 -68
28 -64
28 -64
28 -63
28 -60
28 -60
28 -60
28 -62
28 -64
28 -64
28 -62
28 -61
28 -60
28 -60
28 -60
28 -60
28 -60
28 -60
28 -60
28 -60
28 -60
28 -61
28 -62
28 -62
28 -63
28 -62
28 -62
28 -62
28 -61
28 -62
28 -62
28 -62
28 -62
28 -62
28 -62
28 -62
28 -62
28 -64
28 -62
28 -62
28 -62
28 -62
28 -62
28 -61
28 -61
28 -61
28 -62
29 -56
29 -56
29 -56
29 -30
29 -55
29 -55
29 -55
29 -54
29 -54
29 -52
29 -52
29 -52
29 -52
29 -52
29 -51
29 -51
29 -52
29 -52
29 -51
29 -50
29 -49
29 -50
29 -50
29 -50
29 -52
29 -54
29 -54
29 -53
29 -53
29 -52
29 -51
29 -50
29 -50
29 -49
29 -50
29 -52
29 -52
29 -51
29 -51
29 -51
29 -51
29 -50
29 -50
29 -51
29 -52
29 -52
29 -53
29 -53
29 -53
29 -53
29 -53
29 -61
29 -61
29 -54
29 -54
29 -53
29 -53
29 -53
29 -55
29 -53
29 -53
29 -53
29 -62
29 -54
29 -54
29 -54
29 -54
29 -52
29 -52
29 -52
29 -51
29 -51
29 -51
29 -52
29 -52
29 -52
29 -52
29 -65
29 -54
29 -54
29 -54
29 -54
29 -54
29 -54
29 -54
29 -54
29 -54
29 -54
29 -54
29 -54
29 -54
29 -54
29 -55
29 -55
29 -55
29 -55
29 -55
29 -55
29 -55
29 -55
29 -54
29 -54
29 -54
29 -55
29 -55
29 -55
29 -55
29 -55
29 -55
29 -55
29 -55
29 -55
29 -55
29 -55
29 -55
29 -55
29 -55
29 -55
29 -55
29 -55
29 -55
29 -54
29 -54
29 -54
29 -55
29 -54
29 -54
29 -54
29 -54
29 -53
29 -52
29 -52
29 -52
29 -52
29 -52
29 -52
29 -52
29 -52
29 -52
29 -52
29 -52
29 -52
29 -52
29 -53
29 -53
29 -53
29 -54
29 -54
29 -54
29 -54
29 -54
29 -54
29 -54
29 -55
29 -55
29 -56
29 -56
29 -56
29 -56
29 -56
29 -56
29 -55
29 -55
29 -54
29 -54
29 -54
29 -54
29 -54
29 -54
29 -54
29 -54
29 -54
29 -54
29 -54
29 -54
29 -54
29 -54
29 -54
29 -54
29 -54
29 -54
29 -53
29 -53
29 -53
29 -52
29 -52
29 -52
29 -52
29 -52
29 -52
29 -52
29 -52
29 -52
29 -52
29 -52
29 -52
29 -52
29 -52
29 -52
29 -52
29 -52
29 -52
29 -52
29 -52
29 -52
29 -52
29 -52
29 -52
29 -52
29 -52
29 -52
29 -52
29 -52
29 -52
29 -52
29 -52
29 -52
29 -52
29 -53
29 -53
29 -53
29 -53
29 -53
29 -52
29 -52
29 -52
29 -52
29 -52
29 -51
29 -51
29 -51
29 -50
29 -50
29 -50
29 -50
29 -50
29 -50
29 -50
29 -50
29 -50
29 -51
29 -53
29 -55
29 -56
29 -55
29 -55
29 -55
29 -55
29 -55
29 -56
29 -60
29 -55
29 -56
29 -57
29 -58
29 -58
29 -56
29 -52
29 -52
29 -53
29 -55
29 -58
29 -60
29 -59
29 -56
29 -57
29 -56
29 -60
29 -61
29 -60
29 -60
29 -60
29 -60
29 -60
29 -60
29 -58
29 -58
29 -55
29 -54
29 -54
29 -54
29 -54
29 -55
29 -56
29 -57
29 -58
29 -57
29 -57
29 -58
29 -57
29 -58
29 -58
29 -58
29 -57
29 -57
29 -57
29 -56
29 -56
29 -56
29 -56
29 -56
29 -56
29 -57
29 -66
29 -60
29 -55
29 -58
29 -58
29 -56
29 -55
29 -55
29 -56
29 -57
29 -59
29 -61
29 -63
29 -66
29 -60
29 -60
29 -60
29 -58
29 -58
29 -57
29 -54
29 -54
29 -52
29 -53
29 -52
29 -52
29 -52
29 -52
29 -52
29 -52
29 -52
29 -53
29 -54
29 -54
29 -55
29 -55
29 -55
29 -56
29 -56
29 -56
29 -56
29 -56
29 -56
29 -55
29 -55
29 -55
29 -55
29 -55
29 -55
29 -55
29 -55
29 -56
29 -56
29 -56
29 -56
29 -56
29 -56
29 -55
29 -55
29 -55
29 -55
29 -55
29 -55
29 -55
29 -55
30 -57
30 -58
30 -57
30 -57
30 -57
30 -57
30 -57
30 -58
30 -57
30 -57
30 -57
30 -60
30 -58
30 -58
30 -60
30 -58
30 -57
30 -57
30 -56
30 -55
30 -56
30 -55
30 -55
30 -55
30 -56
30 -57
30 -58
30 -58
30 -58
30 -57
30 -57
30 -57
30 -56
30 -56
30 -57
30 -60
30 -62
30 -64
30 -70
30 -76
30 -51
30 -72
30 -81
30 -81
30 -72
30 -70
30 -70
30 -69
30 -68
30 -70
30 -70
30 -66
30 -65
30 -65
30 -66
30 -66
30 -66
30 -66
30 -67
30 -66
30 -66
30 -66
30 -67
30 -67
30 -67
30 -67
30 -66
30 -54
30 -68
30 -71
30 -76
30 -74
30 -74
30 -74
30 -75
30 -75
30 -73
30 -68
30 -71
30 -70
30 -70
30 -70
30 -70
30 -70
30 -68
30 -70
30 -70
30 -70
30 -54
30 -71
30 -71
30 -70
30 -70
30 -69
30 -68
30 -67
30 -66
30 -66
30 -67
30 -67
30 -68
30 -69
30 -70
30 -70
30 -70
30 -69
30 -70
30 -70
30 -72
30 -74
30 -72
30 -74
30 -72
30 -70
30 -69
30 -68
30 -68
30 -67
30 -66
30 -67
30 -67
30 -67
30 -68
30 -70
30 -70
30 -70
30 -70
30 -67
30 -67
30 -67
30 -67
30 -67
30 -67
30 -67
30 -67
30 -66
30 -65
30 -66
30 -67
30 -69
30 -70
30 -70
30 -70
30 -70
30 -70
30 -70
30 -71
30 -72
30 -72
30 -72
30 -73
30 -72
30 -73
30 -73
30 -73
30 -74
30 -77
30 -76
30 -73
30 -72
30 -72
30 -72
30 -76
30 -77
30 -78
30 -80
30 -80
30 -80
30 -80
30 -73
30 -77
30 -82
30 -84
30 -78
30 -76
30 -70
30 -76
30 -77
30 -78
30 -77
30 -76
30 -76
30 -74
30 -72
30 -72
30 -70
30 -76
30 -72
30 -70
30 -79
30 -76
30 -81
30 -81
30 -82
30 -83
30 -85
30 -86
30 -81
30 -79
30 -78
30 -77
30 -76
30 -74
30 -72
30 -70
30 -69
30 -65
30 -61
30 -60
30 -60
30 -65
30 -58
30 -59
30 -61
30 -60
30 -61
30 -60
30 -60
30 -61
30 -61
30 -71
30 -58
30 -58
30 -59
30 -58
30 -58
30 -58
30 -60
30 -60
30 -60
30 -61
30 -61
30 -64
30 -62
30 -60
30 -58
30 -58
30 -58
30 -58
30 -58
30 -61
30 -62
30 -63
30 -62
30 -61
30 -62
30 -61
30 -61
30 -60
30 -60
30 -59
30 -58
30 -58
30 -58
30 -58
30 -59
30 -59
30 -58
30 -59
30 -59
30 -59
30 -58
30 -58
30 -58
30 -59
30 -60
30 -60
30 -62
30 -63
30 -60
30 -59
30 -58
30 -58
30 -59
30 -59
30 -60
30 -58
30 -58
30 -58
30 -58
30 -60
30 -60
30 -60
30 -60
30 -60
30 -60
30 -61
30 -58
30 -58
30 -57
30 -55
30 -55
30 -55
30 -56
30 -56
30 -57
30 -57
30 -55
30 -54
30 -54
30 -54
30 -54
30 -54
30 -54
30 -54
30 -55
30 -55
30 -55
30 -55
30 -55
30 -55
30 -55
30 -54
30 -55
30 -55
30 -55
30 -55
30 -55
30 -55
30 -55
30 -55
30 -56
30 -55
30 -55
30 -56
30 -55
30 -55
30 -56
30 -56
31 -64
31 -64
31 -65
31 -64
31 -64
31 -64
31 -64
31 -64
31 -64
31 -64
31 -64
31 -64
31 -69
31 -64
31 -70
31 -70
31 -66
31 -66
31 -65
31 -65
31 -64
31 -64
31 -66
31 -66
31 -68
31 -63
31 -69
31 -67
31 -68
31 -30
31 -73
31 -65
31 -66
31 -66
31 -67
31 -69
31 -71
31 -72
31 -72
31 -76
31 -77
31 -78
31 -72
31 -72
31 -72
31 -72
31 -72
31 -71
31 -72
31 -70
31 -69
31 -69
31 -64
31 -69
31 -69
31 -69
31 -69
31 -69
31 -69
31 -68
31 -69
31 -70
31 -54
31 -70
31 -70
31 -70
31 -53
31 -72
31 -73
31 -73
31 -74
31 -50
31 -51
31 -74
31 -74
31 -75
31 -74
31 -72
31 -72
31 -72
31 -72
31 -72
31 -72
31 -72
31 -72
31 -72
31 -72
31 -72
31 -72
31 -72
31 -72
31 -71
31 -70
31 -69
31 -70
31 -71
31 -71
31 -71
31 -70
31 -70
31 -70
31 -70
31 -70
31 -70
31 -70
31 -71
31 -71
31 -72
31 -72
31 -72
31 -72
31 -72
31 -72
31 -71
31 -69
31 -69
31 -68
31 -68
31 -68
31 -68
31 -67
31 -67
31 -67
31 -67
31 -68
31 -68
31 -69
31 -72
31 -74
31 -76
31 -76
31 -78
31 -79
31 -79
31 -79
31 -80
31 -81
31 -76
31 -75
31 -73
31 -73
31 -73
31 -72
31 -72
31 -72
31 -71
31 -71
31 -71
31 -72
31 -72
31 -72
31 -72
31 -71
31 -71
31 -71
31 -70
31 -70
31 -70
31 -70
31 -72
31 -71
31 -72
31 -71
31 -71
31 -70
31 -70
31 -68
31 -67
31 -67
31 -68
31 -69
31 -69
31 -69
31 -69
31 -70
31 -69
31 -70
31 -70
31 -71
31 -71
31 -74
31 -70
31 -79
31 -54
31 -82
31 -82
31 -83
31 -78
31 -77
31 -78
31 -76
31 -72
31 -80
31 -79
31 -79
31 -80
31 -82
31 -84
31 -84
31 -79
31 -76
31 -72
31 -70
31 -70
31 -70
31 -70
31 -69
31 -67
31 -67
31 -70
31 -75
31 -78
31 -78
31 -70
31 -73
31 -72
31 -70
31 -69
31 -66
31 -65
31 -65
31 -66
31 -67
31 -70
31 -72
31 -70
31 -70
31 -70
31 -71
31 -73
31 -64
31 -66
31 -68
31 -70
31 -70
31 -70
31 -69
31 -69
31 -70
31 -70
31 -69
31 -67
31 -66
31 -64
31 -64
31 -64
31 -64
31 -64
31 -65
31 -66
31 -66
31 -67
31 -68
31 -69
31 -69
31 -69
31 -68
31 -68
31 -67
31 -68
31 -68
31 -69
31 -69
31 -68
31 -67
31 -67
31 -66
31 -70
31 -67
31 -70
31 -68
31 -74
31 -72
31 -70
31 -72
31 -70
31 -72
31 -70
31 -70
31 -72
31 -70
31 -69
31 -68
31 -68
31 -66
31 -70
31 -68
31 -64
31 -66
31 -66
31 -66
31 -67
31 -67
31 -68
31 -70
31 -70
31 -72
31 -70
31 -67
31 -66
31 -66
31 -68
31 -67
31 -67
31 -68
31 -67
31 -67
31 -67
31 -66
31 -66
31 -65
31 -65
31 -65
31 -66
31 -66
31 -66
31 -65
31 -65
31 -65
31 -65
31 -65
31 -66
31 -66
31 -66
31 -66
31 -56
31 -66
31 -65
31 -64
31 -66
31 -66
31 -66
31 -66
31 -66
31 -66
31 -65
31 -65
31 -65
31 -65
31 -66
32 -82
32 -80
32 -81
32 -80
32 -80
32 -79
32 -78
32 -78
32 -77
32 -78
32 -88
32 -86
32 -82
32 -78
32 -77
32 -77
32 -79
32 -79
32 -76
32 -76
32 -75
32 -73
32 -72
32 -73
32 -73
32 -72
32 -74
32 -76
32 -82
32 -80
32 -78
32 -73
32 -70
32 -70
32 -72
32 -70
32 -69
32 -70
32 -71
32 -72
32 -70
32 -69
32 -69
32 -69
32 -70
32 -70
32 -70
32 -70
32 -63
32 -70
32 -70
32 -70
32 -70
32 -72
32 -72
32 -71
32 -70
32 -70
32 -70
32 -52
32 -70
32 -70
32 -70
32 -70
32 -70
32 -70
32 -70
32 -70
32 -69
32 -70
32 -72
32 -72
32 -73
32 -72
32 -72
32 -70
32 -70
32 -69
32 -69
32 -69
32 -69
32 -69
32 -69
32 -69
32 -70
32 -70
32 -69
32 -69
32 -67
32 -69
32 -69
32 -69
32 -68
32 -69
32 -70
32 -70
32 -70
32 -70
32 -70
32 -70
32 -70
32 -70
32 -70
32 -70
32 -70
32 -70
32 -70
32 -70
32 -70
32 -69
32 -69
32 -69
32 -70
32 -70
32 -70
32 -70
32 -71
32 -71
32 -71
32 -71
32 -70
32 -71
32 -71
32 -71
32 -72
32 -54
32 -75
32 -74
32 -75
32 -74
32 -75
32 -74
32 -75
32 -73
32 -73
32 -73
32 -72
32 -71
32 -70
32 -70
32 -70
32 -69
32 -70
32 -70
32 -70
32 -70
32 -69
32 -69
32 -70
32 -70
32 -70
32 -70
32 -70
32 -70
32 -69
32 -70
32 -71
32 -72
32 -72
32 -72
32 -73
32 -72
32 -72
32 -72
32 -72
32 -72
32 -72
32 -65
32 -69
32 -68
32 -78
32 -67
32 -55
32 -67
32 -67
32 -68
32 -64
32 -69
32 -69
32 -69
32 -68
32 -69
32 -69
32 -62
32 -68
32 -69
32 -68
32 -68
32 -68
32 -68
32 -68
32 -68
32 -67
32 -67
32 -68
32 -68
32 -68
32 -68
32 -68
32 -68
32 -68
32 -68
32 -68
32 -68
32 -68
32 -67
32 -67
32 -67
32 -67
32 -66
32 -68
32 -68
32 -68
32 -69
32 -68
32 -68
32 -68
32 -70
32 -70
32 -70
32 -70
32 -71
32 -72
32 -73
32 -74
32 -76
32 -81
32 -82
32 -83
32 -80
32 -79
32 -77
32 -76
32 -74
32 -73
32 -71
32 -72
32 -73
32 -77
32 -75
32 -72
32 -74
32 -73
32 -70
32 -69
32 -75
32 -76
32 -76
32 -75
32 -76
32 -82
32 -77
32 -76
32 -73
32 -73
32 -74
32 -74
32 -75
32 -76
32 -78
32 -76
32 -77
32 -77
32 -77
32 -76
32 -77
32 -78
32 -79
32 -77
32 -80
32 -79
32 -79
32 -81
32 -78
32 -76
32 -77
32 -76
32 -76
32 -77
32 -76
32 -76
32 -76
32 -85
32 -78
32 -78
32 -81
32 -82
32 -77
32 -80
32 -81
32 -82
32 -84
32 -84
32 -82
32 -83
32 -85
33 -79
33 -78
33 -78
33 -78
33 -77
33 -78
33 -77
33 -78
33 -78
33 -76
33 -78
33 -76
33 -56
33 -78
33 -83
33 -83
33 -82
33 -82
33 -76
33 -78
33 -76
33 -75
33 -74
33 -75
33 -77
33 -76
33 -78
33 -80
33 -85
33 -82
33 -82
33 -83
33 -83
33 -83
33 -83
33 -83
33 -82
33 -83
33 -84
33 -84
33 -83
33 -82
33 -81
33 -78
33 -76
33 -76
33 -76
33 -75
33 -76
33 -76
33 -79
33 -80
33 -81
33 -81
33 -80
33 -68
33 -81
33 -80
33 -80
33 -80
33 -78
33 -81
33 -81
33 -82
33 -82
33 -82
33 -81
33 -81
33 -81
33 -81
33 -80
33 -76
33 -80
33 -81
33 -82
33 -81
33 -80
33 -80
33 -80
33 -80
33 -81
33 -84
33 -84
33 -86
33 -84
33 -82
33 -81
33 -80
33 -80
33 -79
33 -79
33 -79
33 -79
33 -78
33 -78
33 -78
33 -78
33 -78
33 -78
33 -78
33 -78
33 -76
33 -77
33 -77
33 -76
33 -76
33 -76
33 -76
33 -76
33 -77
33 -75
33 -78
33 -76
33 -78
33 -78
33 -77
33 -78
33 -77
33 -78
33 -78
33 -78
33 -78
33 -46
33 -78
33 -78
33 -78
33 -78
33 -79
33 -79
33 -77
33 -78
33 -78
33 -78
33 -77
33 -77
33 -78
33 -78
33 -78
33 -78
33 -78
33 -78
33 -78
33 -77
33 -77
33 -78
33 -79
33 -79
33 -78
33 -78
33 -78
33 -78
33 -78
33 -72
33 -78
33 -77
33 -76
33 -78
33 -82
33 -76
33 -75
33 -75
33 -75
33 -75
33 -75
33 -75
33 -75
33 -76
33 -76
33 -75
33 -76
33 -78
33 -77
33 -81
33 -83
33 -88
33 -78
33 -76
33 -78
33 -76
33 -77
33 -77
33 -79
33 -82
33 -82
33 -84
33 -76
33 -83
33 -70
33 -78
33 -78
33 -78
33 -79
33 -64
33 -78
33 -78
33 -78
33 -79
33 -78
33 -79
33 -79
34 -78
34 -77
34 -78
34 -78
34 -78
34 -77
34 -75
34 -73
34 -73
34 -72
34 -73
34 -72
34 -73
34 -72
34 -72
34 -75
34 -76
34 -76
34 -74
34 -76
34 -76
34 -76
34 -76
34 -76
34 -76
34 -73
34 -74
34 -72
34 -70
34 -76
34 -76
34 -76
34 -78
34 -78
34 -79
34 -74
34 -72
34 -70
34 -70
34 -70
34 -71
34 -71
34 -70
34 -70
34 -70
34 -70
34 -71
34 -72
34 -71
34 -70
34 -70
34 -71
34 -70
34 -70
34 -70
34 -71
34 -71
34 -71
34 -66
34 -71
34 -71
34 -72
34 -72
34 -73
34 -74
34 -76
34 -76
34 -76
34 -75
34 -75
34 -75
34 -74
34 -73
34 -73
34 -72
34 -72
34 -72
34 -72
34 -72
34 -72
34 -72
34 -72
34 -71
34 -72
34 -71
34 -72
34 -72
34 -71
34 -72
34 -72
34 -71
34 -71
34 -71
34 -71
34 -71
34 -71
34 -71
34 -71
34 -71
34 -71
34 -71
34 -71
34 -71
34 -71
34 -70
34 -70
34 -71
34 -71
34 -70
34 -71
34 -71
34 -70
34 -71
34 -72
34 -72
34 -72
34 -65
34 -70
34 -72
34 -72
34 -72
34 -72
34 -71
34 -72
34 -72
34 -72
34 -72
34 -72
34 -72
34 -72
34 -66
34 -72
34 -72
34 -72
34 -72
34 -72
34 -72
34 -72
34 -72
34 -72
34 -72
34 -72
34 -72
34 -71
34 -71
34 -71
34 -71
34 -71
34 -71
34 -71
34 -71
34 -71
34 -71
34 -71
34 -71
34 -70
34 -69
34 -69
34 -69
34 -69
34 -69
34 -68
34 -69
34 -69
34 -69
34 -69
34 -69
34 -69
34 -70
34 -70
34 -70
34 -70
34 -71
34 -72
34 -73
34 -74
34 -75
34 -76
34 -76
34 -76
34 -76
34 -76
34 -76
34 -76
34 -77
34 -77
34 -77
34 -77
34 -77
34 -77
34 -77
34 -76
34 -76
34 -76
34 -76
34 -76
34 -76
34 -76
34 -75
34 -76
34 -76
34 -76
34 -70
34 -75
34 -74
34 -74
34 -74
34 -73
34 -70
34 -73
34 -74
34 -67
34 -75
34 -75
34 -75
34 -75
34 -75
34 -75
34 -75
34 -75
34 -76
34 -76
34 -76
34 -75
34 -74
34 -72
34 -70
34 -69
34 -71
34 -72
34 -70
34 -70
34 -70
34 -71
34 -70
34 -71
34 -70
34 -70
34 -70
34 -71
34 -72
34 -72
34 -70
34 -70
34 -70
34 -70
34 -72
34 -76
34 -71
34 -72
34 -70
34 -69
34 -69
34 -57
34 -70
34 -69
34 -81
34 -73
34 -76
34 -77
34 -81
34 -76
34 -76
34 -64
34 -76
34 -78
34 -79
34 -79
34 -59
34 -84
34 -77
34 -74
34 -75
34 -77
34 -78
34 -77
34 -76
34 -78
34 -78
34 -80
34 -85
34 -83
34 -68
34 -84
34 -84
34 -81
34 -79
34 -78
34 -78
34 -78
34 -78
34 -78
34 -78
34 -78
34 -78
34 -79
34 -79
34 -79
34 -79
35 -78
35 -77
35 -58
35 -75
35 -75
35 -76
35 -75
35 -75
35 -77
35 -75
35 -84
35 -85
35 -74
35 -70
35 -72
35 -71
35 -71
35 -70
35 -70
35 -70
35 -66
35 -67
35 -66
35 -67
35 -70
35 -72
35 -72
35 -70
35 -68
35 -69
35 -68
35 -65
35 -64
35 -64
35 -64
35 -69
35 -70
35 -68
35 -68
35 -70
35 -70
35 -71
35 -72
35 -73
35 -68
35 -70
35 -69
35 -68
35 -67
35 -67
35 -67
35 -68
35 -67
35 -67
35 -67
35 -66
35 -66
35 -66
35 -66
35 -66
35 -66
35 -66
35 -66
35 -63
35 -66
35 -66
35 -66
35 -66
35 -66
35 -66
35 -66
35 -66
35 -66
35 -66
35 -61
35 -66
35 -66
35 -66
35 -69
35 -69
35 -69
35 -68
35 -68
35 -68
35 -67
35 -67
35 -66
35 -66
35 -66
35 -66
35 -66
35 -66
35 -66
35 -66
35 -66
35 -66
35 -66
35 -66
35 -66
35 -66
35 -66
35 -66
35 -66
35 -66
35 -66
35 -66
35 -66
35 -66
35 -66
35 -66
35 -66
35 -66
35 -66
35 -66
35 -66
35 -66
35 -66
35 -66
35 -66
35 -66
35 -66
35 -66
35 -65
35 -66
35 -66
35 -66
35 -66
35 -66
35 -65
35 -65
35 -65
35 -65
35 -66
35 -66
35 -66
35 -66
35 -66
35 -66
35 -66
35 -66
35 -66
35 -66
35 -66
35 -68
35 -66
35 -66
35 -66
35 -66
35 -66
35 -66
35 -66
35 -66
35 -66
35 -66
35 -66
35 -66
35 -66
35 -66
35 -66
35 -66
35 -66
35 -66
35 -66
35 -66
35 -66
35 -67
35 -67
35 -67
35 -67
35 -67
35 -68
35 -68
35 -68
35 -69
35 -68
35 -69
35 -68
35 -68
35 -68
35 -67
35 -67
35 -67
35 -66
35 -68
35 -68
35 -68
35 -68
35 -69
35 -68
35 -69
35 -69
35 -70
35 -70
35 -70
35 -70
35 -70
35 -70
35 -70
35 -70
35 -70
35 -70
35 -70
35 -70
35 -71
35 -70
35 -70
35 -70
35 -71
35 -70
35 -71
35 -72
35 -72
35 -72
35 -72
35 -72
35 -72
35 -72
35 -71
35 -72
35 -72
35 -72
35 -72
35 -68
35 -71
35 -70
35 -70
35 -70
35 -70
35 -70
35 -69
35 -69
35 -69
35 -70
35 -70
35 -70
35 -71
35 -70
35 -71
35 -71
35 -72
35 -72
35 -74
35 -75
35 -76
35 -76
35 -75
35 -73
35 -71
35 -66
35 -67
35 -67
35 -67
35 -66
35 -66
35 -66
35 -66
35 -67
35 -69
35 -71
35 -74
35 -74
35 -73
35 -65
35 -65
35 -67
35 -70
35 -72
35 -71
35 -78
35 -72
35 -73
35 -70
35 -70
35 -70
35 -71
35 -72
35 -76
35 -79
35 -80
35 -84
35 -58
35 -75
35 -71
35 -70
35 -70
35 -69
35 -69
35 -70
35 -72
35 -73
35 -74
35 -76
35 -77
35 -76
35 -76
35 -76
35 -75
35 -76
35 -75
35 -74
35 -74
35 -74
35 -75
35 -74
35 -74
35 -74
35 -74
35 -76
35 -78
35 -69
35 -72
35 -69
35 -76
35 -75
35 -71
35 -65
35 -65
35 -65
35 -65
35 -66
35 -66
35 -66
35 -69
35 -71
35 -73
35 -75
35 -74
35 -72
35 -67
35 -65
35 -67
35 -67
35 -66
35 -66
35 -66
35 -67
35 -67
35 -67
35 -68
35 -70
35 -70
35 -68
35 -69
35 -69
35 -69
35 -68
35 -68
35 -68
35 -68
35 -68
35 -68
35 -69
35 -69
35 -70
35 -70
35 -70
35 -71
35 -72
35 -72
35 -72
35 -71
35 -72
35 -72
35 -73
35 -73
35 -73
35 -72
35 -73
35 -73
35 -73
35 -58
35 -72
35 -72
35 -72
35 -72
35 -72
35 -72
35 -72
35 -72
36 -74
36 -71
36 -74
36 -75
36 -75
36 -75
36 -74
36 -75
36 -76
36 -80
36 -72
36 -72
36 -74
36 -71
36 -69
36 -70
36 -70
36 -77
36 -79
36 -76
36 -70
36 -70
36 -65
36 -63
36 -63
36 -63
36 -63
36 -64
36 -64
36 -64
36 -64
36 -64
36 -63
36 -62
36 -64
36 -66
36 -66
36 -65
36 -70
36 -72
36 -72
36 -72
36 -72
36 -71
36 -70
36 -70
36 -68
36 -66
36 -66
36 -66
36 -66
36 -66
36 -67
36 -66
36 -66
36 -66
36 -65
36 -66
36 -66
36 -66
36 -66
36 -67
36 -67
36 -67
36 -66
36 -66
36 -66
36 -66
36 -66
36 -67
36 -67
36 -68
36 -69
36 -70
36 -70
36 -70
36 -70
36 -70
36 -70
36 -70
36 -70
36 -70
36 -70
36 -70
36 -56
36 -70
36 -69
36 -69
36 -68
36 -68
36 -67
36 -68
36 -69
36 -69
36 -70
36 -69
36 -70
36 -70
36 -70
36 -70
36 -69
36 -69
36 -69
36 -69
36 -68
36 -69
36 -69
36 -69
36 -69
36 -69
36 -69
36 -69
36 -70
36 -70
36 -70
36 -70
36 -70
36 -70
36 -70
36 -70
36 -70
36 -72
36 -72
36 -73
36 -73
36 -72
36 -71
36 -70
36 -70
36 -69
36 -67
36 -67
36 -67
36 -68
36 -68
36 -69
36 -68
36 -68
36 -68
36 -66
36 -67
36 -67
36 -68
36 -68
36 -68
36 -67
36 -68
36 -69
36 -38
36 -70
36 -70
36 -30
36 -70
36 -70
36 -70
36 -70
36 -71
36 -70
36 -70
36 -70
36 -70
36 -70
36 -69
36 -70
36 -70
36 -70
36 -70
36 -70
36 -70
36 -69
36 -69
36 -70
36 -70
36 -70
36 -71
36 -71
36 -71
36 -71
36 -72
36 -71
36 -70
36 -70
36 -69
36 -69
36 -69
36 -68
36 -68
36 -68
36 -69
36 -69
36 -69
36 -69
36 -69
36 -69
36 -68
36 -68
36 -68
36 -68
36 -68
36 -68
36 -68
36 -68
36 -66
36 -30
36 -68
36 -68
36 -68
36 -68
36 -68
36 -48
36 -68
36 -68
36 -69
36 -69
36 -69
36 -68
36 -69
36 -69
36 -69
36 -70
36 -74
36 -68
36 -69
36 -69
36 -69
36 -68
36 -68
36 -69
36 -69
36 -69
36 -69
36 -69
36 -68
36 -68
36 -68
36 -67
36 -66
36 -66
36 -66
36 -66
36 -66
36 -73
36 -77
36 -75
36 -74
36 -75
36 -74
36 -72
36 -69
36 -69
36 -68
36 -69
36 -72
36 -76
36 -71
36 -79
36 -76
36 -66
36 -64
36 -63
36 -64
36 -63
36 -62
36 -62
36 -64
36 -63
36 -64
36 -66
36 -68
36 -69
36 -71
36 -73
36 -73
36 -74
36 -70
36 -66
36 -66
36 -64
36 -64
36 -64
36 -66
36 -66
36 -67
36 -67
36 -69
36 -70
36 -70
36 -82
36 -71
36 -71
36 -58
36 -71
36 -72
36 -72
36 -72
36 -72
36 -72
36 -73
36 -72
36 -72
36 -72
36 -72
36 -75
36 -73
36 -72
36 -76
36 -76
36 -67
36 -81
36 -83
36 -84
36 -83
36 -76
36 -82
36 -75
36 -73
36 -72
36 -71
36 -70
36 -70
36 -72
36 -72
36 -72
36 -74
36 -74
36 -84
36 -72
36 -74
36 -73
36 -73
36 -75
36 -75
36 -75
36 -75
36 -73
36 -72
36 -72
36 -72
36 -72
36 -71
36 -72
36 -71
36 -72
36 -72
36 -73
36 -71
36 -73
36 -73
36 -73
36 -73
36 -73
36 -72
36 -72
36 -70
36 -73
36 -72
36 -72
36 -72
37 -58
37 -58
37 -58
37 -58
37 -57
37 -57
37 -57
37 -57
37 -57
37 -57
37 -57
37 -55
37 -53
37 -53
37 -53
37 -52
37 -54
37 -54
37 -58
37 -60
37 -58
37 -58
37 -57
37 -56
37 -56
37 -57
37 -56
37 -57
37 -56
37 -57
37 -57
37 -55
37 -54
37 -54
37 -57
37 -55
37 -56
37 -59
37 -64
37 -30
37 -58
37 -57
37 -56
37 -56
37 -67
37 -56
37 -55
37 -55
37 -57
37 -57
37 -57
37 -58
37 -58
37 -58
37 -58
37 -58
37 -57
37 -57
37 -58
37 -57
37 -57
37 -57
37 -57
37 -57
37 -57
37 -57
37 -56
37 -56
37 -56
37 -56
37 -56
37 -55
37 -56
37 -58
37 -60
37 -58
37 -58
37 -57
37 -57
37 -56
37 -55
37 -56
37 -56
37 -55
37 -55
37 -55
37 -55
37 -55
37 -55
37 -30
37 -55
37 -55
37 -55
37 -55
37 -55
37 -56
37 -55
37 -56
37 -56
37 -55
37 -55
37 -56
37 -56
37 -56
37 -55
37 -55
37 -55
37 -55
37 -55
37 -55
37 -55
37 -55
37 -55
37 -55
37 -55
37 -54
37 -55
37 -54
37 -54
37 -52
37 -53
37 -54
37 -54
37 -54
37 -54
37 -54
37 -53
37 -54
37 -54
37 -54
37 -54
37 -54
37 -54
37 -54
37 -54
37 -54
37 -54
37 -54
37 -54
37 -54
37 -54
37 -54
37 -54
37 -55
37 -55
37 -55
37 -55
37 -52
37 -55
37 -55
37 -55
37 -55
37 -55
37 -55
37 -55
37 -55
37 -55
37 -56
37 -57
37 -57
37 -57
37 -57
37 -57
37 -58
37 -58
37 -58
37 -58
37 -58
37 -58
37 -58
37 -58
37 -59
37 -59
37 -60
37 -59
37 -58
37 -57
37 -57
37 -56
37 -55
37 -55
37 -55
37 -56
37 -57
37 -57
37 -57
37 -57
37 -30
37 -56
37 -56
37 -56
37 -56
37 -56
37 -56
37 -56
37 -56
37 -56
37 -56
37 -55
37 -55
37 -55
37 -56
37 -56
37 -56
37 -57
37 -56
37 -56
37 -56
37 -56
37 -56
37 -56
37 -56
37 -56
37 -55
37 -55
37 -55
37 -55
37 -55
37 -56
37 -55
37 -55
37 -55
37 -55
37 -55
37 -55
37 -55
37 -55
37 -55
37 -56
37 -56
37 -57
37 -58
37 -59
37 -63
37 -66
37 -68
37 -68
37 -60
37 -56
37 -55
37 -54
37 -52
37 -52
37 -52
37 -53
37 -54
37 -55
37 -56
37 -56
37 -56
37 -56
37 -55
37 -56
37 -56
37 -56
37 -56
37 -57
37 -58
37 -57
37 -55
37 -54
37 -55
37 -56
37 -56
37 -60
37 -56
37 -56
37 -58
37 -57
37 -55
37 -54
37 -54
37 -54
37 -54
37 -54
37 -53
37 -53
37 -53
37 -53
37 -53
37 -52
37 -52
37 -52
37 -52
37 -52
37 -52
37 -53
37 -53
37 -53
37 -53
37 -53
37 -53
37 -53
37 -53
37 -53
37 -53
37 -53
37 -53
37 -53
37 -53
37 -52
37 -53
37 -53
37 -53
37 -52
37 -52
37 -52
37 -52
37 -52
37 -52
37 -52
37 -52
37 -51
37 -52
37 -51
37 -51
37 -52
37 -50
37 -51
37 -51
37 -52
37 -52
37 -52
37 -52
37 -52
37 -52
37 -52
37 -52
37 -52
37 -53
37 -53
37 -53
37 -53
37 -53
37 -52
37 -53
37 -52
37 -52
37 -52
37 -52
37 -52
37 -52
37 -52
37 -52
37 -52
37 -52
37 -52
37 -52
37 -52
37 -52
37 -52
37 -52
37 -52
37 -52
37 -52
37 -52
37 -52
37 -52
37 -52
37 -52
37 -52
37 -52
37 -52
37 -52
37 -52
37 -52
37 -52
37 -52
37 -52
37 -52
37 -52
37 -52
37 -52
37 -52
37 -52
37 -52
37 -52
37 -52
37 -58
38 -64
38 -64
38 -64
38 -64
38 -64
38 -64
38 -60
38 -58
38 -59
38 -30
38 -63
38 -58
38 -60
38 -60
38 -60
38 -62
38 -59
38 -58
38 -58
38 -57
38 -31
38 -57
38 -57
38 -57
38 -57
38 -56
38 -58
38 -60
38 -62
38 -61
38 -60
38 -59
38 -59
38 -64
38 -71
38 -73
38 -74
38 -76
38 -82
38 -81
38 -82
38 -82
38 -84
38 -82
38 -83
38 -85
38 -80
38 -73
38 -73
38 -73
38 -75
38 -76
38 -78
38 -86
38 -86
38 -83
38 -82
38 -80
38 -79
38 -78
38 -76
38 -76
38 -76
38 -77
38 -76
38 -76
38 -71
38 -75
38 -74
38 -74
38 -73
38 -73
38 -73
38 -72
38 -73
38 -73
38 -73
38 -73
38 -73
38 -73
38 -73
38 -73
38 -72
38 -72
38 -72
38 -72
38 -73
38 -73
38 -72
38 -73
38 -75
38 -78
38 -83
38 -77
38 -76
38 -77
38 -83
38 -81
38 -82
38 -75
38 -75
38 -77
38 -76
38 -75
38 -73
38 -72
38 -71
38 -71
38 -71
38 -71
38 -70
38 -70
38 -70
38 -74
38 -74
38 -74
38 -73
38 -74
38 -76
38 -76
38 -56
38 -76
38 -75
38 -75
38 -75
38 -75
38 -75
38 -76
38 -72
38 -78
38 -76
38 -75
38 -77
38 -78
38 -78
38 -84
38 -85
38 -83
38 -79
38 -78
38 -78
38 -79
38 -77
38 -76
38 -78
38 -78
38 -77
38 -71
38 -76
38 -76
38 -74
38 -74
38 -74
38 -75
38 -74
38 -52
38 -74
38 -75
38 -75
38 -74
38 -74
38 -72
38 -73
38 -73
38 -74
38 -73
38 -73
38 -73
38 -73
38 -73
38 -72
38 -72
38 -72
38 -73
38 -73
38 -73
38 -71
38 -72
38 -72
38 -73
38 -68
38 -73
38 -74
38 -73
38 -76
38 -76
38 -77
38 -82
38 -77
38 -75
38 -71
38 -70
38 -70
38 -71
38 -70
38 -70
38 -70
38 -72
38 -74
38 -80
38 -70
38 -66
38 -64
38 -64
38 -63
38 -61
38 -60
38 -58
38 -58
38 -58
38 -58
38 -58
38 -58
38 -58
38 -63
38 -61
38 -58
38 -57
38 -58
38 -60
38 -63
38 -66
38 -63
38 -65
38 -64
38 -59
38 -60
38 -60
38 -59
38 -59
38 -60
38 -59
38 -60
38 -60
38 -60
38 -62
38 -61
38 -60
38 -60
38 -58
38 -58
38 -58
38 -59
38 -58
38 -58
38 -58
38 -58
38 -58
38 -58
38 -58
38 -58
38 -58
38 -58
38 -58
38 -58
38 -58
38 -58
38 -58
38 -58
38 -60
38 -61
38 -62
38 -60
38 -58
38 -60
38 -58
38 -59
38 -59
38 -58
38 -59
38 -59
38 -60
38 -60
38 -60
38 -60
38 -58
38 -58
38 -60
38 -59
38 -58
38 -59
38 -60
38 -60
38 -60
38 -60
38 -60
38 -60
38 -60
38 -60
38 -60
38 -59
38 -58
38 -59
38 -59
38 -59
38 -60
38 -60
38 -60
38 -58
38 -62
38 -62
38 -62
38 -62
38 -62
38 -62
38 -62
38 -63
38 -63
38 -63
38 -63
38 -63
38 -63
38 -63
38 -64
38 -64
38 -64
38 -64
38 -64
38 -64
38 -64
38 -64
38 -64
38 -64
38 -64
38 -64
38 -64
38 -64
38 -64
38 -64
38 -63
