Beacon Rssi
1 -78
1 -72
1 -76
1 -76
1 -77
1 -76
1 -76
1 -76
1 -76
1 -76
1 -76
1 -75
1 -75
1 -77
1 -79
1 -78
1 -78
1 -77
1 -76
1 -82
1 -79
1 -78
1 -77
1 -76
1 -77
1 -76
1 -75
1 -73
1 -73
1 -74
1 -74
1 -74
1 -75
1 -75
1 -74
1 -77
1 -76
1 -72
1 -76
1 -78
1 -76
1 -74
1 -77
1 -80
1 -78
1 -77
1 -75
1 -78
1 -79
1 -83
1 -80
1 -81
1 -75
1 -78
1 -76
1 -76
1 -76
1 -76
1 -75
1 -74
1 -73
1 -73
1 -82
1 -77
1 -75
1 -73
1 -74
1 -77
1 -83
1 -82
1 -83
1 -85
1 -83
1 -79
1 -78
1 -77
1 -30
1 -78
1 -76
1 -78
1 -78
1 -76
1 -74
1 -77
1 -76
1 -76
1 -76
1 -76
1 -76
1 -76
1 -76
1 -77
1 -77
1 -76
1 -77
1 -78
1 -76
1 -76
1 -72
1 -75
1 -75
1 -75
1 -73
1 -72
1 -71
1 -70
1 -71
1 -70
1 -70
1 -70
1 -71
1 -71
1 -72
1 -72
1 -72
1 -72
1 -72
1 -72
1 -72
1 -72
1 -73
1 -73
1 -72
1 -73
1 -72
1 -72
1 -72
1 -73
1 -73
1 -73
1 -72
1 -73
1 -74
1 -73
1 -74
1 -75
1 -74
1 -74
1 -74
1 -75
1 -76
1 -76
1 -76
1 -76
1 -76
1 -76
1 -76
1 -62
1 -74
1 -74
1 -75
1 -75
1 -75
1 -74
1 -75
1 -75
1 -75
1 -75
1 -74
1 -74
1 -74
1 -74
1 -74
1 -74
1 -74
1 -74
1 -74
1 -74
1 -74
1 -74
1 -74
1 -73
1 -73
1 -72
1 -73
1 -73
1 -73
1 -72
1 -72
1 -72
1 -73
1 -73
1 -72
1 -73
1 -73
1 -73
1 -73
1 -69
1 -73
1 -74
1 -73
1 -73
1 -73
1 -73
1 -72
1 -73
1 -73
1 -72
1 -72
1 -72
1 -72
1 -72
1 -72
1 -71
1 -71
1 -72
1 -72
1 -73
1 -73
1 -74
1 -74
1 -73
1 -70
1 -72
1 -74
1 -73
1 -73
1 -67
1 -73
1 -72
1 -72
1 -72
1 -72
1 -72
1 -67
1 -69
1 -73
1 -71
1 -72
1 -72
1 -72
1 -71
1 -70
1 -71
1 -71
1 -71
1 -70
1 -70
1 -70
1 -70
1 -71
1 -71
1 -72
1 -71
1 -55
1 -73
1 -72
1 -72
1 -73
1 -74
1 -72
1 -76
1 -77
1 -78
1 -81
1 -72
1 -75
1 -72
1 -74
1 -75
1 -76
1 -73
1 -82
1 -80
1 -78
1 -79
1 -81
1 -84
1 -84
1 -78
1 -75
1 -74
1 -74
1 -73
1 -72
1 -73
1 -72
1 -73
1 -72
1 -72
1 -73
1 -73
1 -74
1 -74
1 -74
1 -74
1 -75
1 -74
1 -74
1 -74
1 -75
1 -77
1 -78
1 -78
1 -78
1 -78
1 -78
1 -77
1 -77
1 -76
1 -75
1 -73
1 -74
1 -73
1 -74
1 -73
1 -72
1 -72
1 -72
1 -72
1 -73
1 -72
1 -72
1 -72
1 -72
1 -72
1 -72
1 -72
1 -72
1 -72
1 -72
1 -72
1 -72
1 -72
1 -72
1 -72
1 -72
1 -72
1 -72
1 -73
1 -73
1 -73
1 -73
1 -73
1 -73
1 -72
1 -73
1 -72
1 -73
1 -72
1 -73
1 -73
1 -74
1 -74
1 -74
1 -75
1 -75
1 -76
1 -76
1 -76
1 -76
1 -75
1 -75
1 -75
1 -75
1 -77
1 -76
1 -75
1 -75
1 -76
1 -76
1 -76
1 -76
1 -76
1 -77
1 -78
1 -77
1 -77
1 -77
1 -77
1 -78
1 -78
1 -77
1 -77
1 -77
1 -78
1 -77
1 -77
1 -76
1 -76
1 -76
1 -76
1 -76
1 -75
1 -75
1 -75
1 -75
1 -75
1 -74
1 -74
1 -75
1 -75
1 -75
1 -75
1 -76
1 -76
1 -76
1 -76
1 -76
1 -76
1 -76
1 -69
1 -76
1 -76
1 -76
1 -76
1 -76
1 -76
1 -75
1 -73
1 -75
1 -75
1 -75
1 -74
1 -75
1 -75
1 -74
1 -74
1 -74
1 -75
1 -75
1 -75
1 -75
1 -75
1 -75
1 -74
1 -75
1 -76
1 -76
1 -76
1 -76
1 -75
1 -76
1 -75
1 -75
1 -75
1 -75
1 -75
1 -73
1 -73
1 -72
1 -72
1 -72
1 -74
1 -74
1 -71
1 -72
1 -74
1 -74
1 -73
1 -73
1 -73
1 -73
1 -73
1 -73
1 -74
1 -64
1 -75
1 -75
1 -74
1 -72
1 -72
1 -65
1 -64
1 -72
1 -72
1 -72
1 -72
1 -72
1 -72
1 -72
1 -72
1 -72
1 -72
1 -73
2 -77
2 -77
2 -79
2 -78
2 -80
2 -79
2 -81
2 -78
2 -78
2 -78
2 -84
2 -83
2 -82
2 -77
2 -77
2 -83
2 -79
2 -78
2 -81
2 -79
2 -83
2 -80
2 -83
2 -79
2 -84
2 -84
2 -82
2 -76
2 -78
2 -77
2 -77
2 -78
2 -30
2 -76
2 -73
2 -74
2 -66
2 -62
2 -80
2 -79
2 -56
2 -57
2 -76
2 -76
2 -76
2 -74
2 -74
2 -74
2 -73
2 -75
2 -75
2 -75
2 -74
2 -74
2 -74
2 -74
2 -74
2 -74
2 -76
2 -73
2 -76
2 -77
2 -77
2 -80
2 -79
2 -80
2 -79
2 -83
2 -82
2 -82
2 -82
2 -83
2 -82
2 -80
2 -59
2 -82
2 -71
2 -80
2 -78
2 -78
2 -78
2 -78
2 -77
2 -78
2 -78
2 -75
2 -76
2 -76
2 -76
2 -75
2 -75
2 -74
2 -73
2 -73
2 -72
2 -72
2 -72
2 -72
2 -72
2 -71
2 -70
2 -70
2 -70
2 -70
2 -70
2 -70
2 -70
2 -70
2 -70
2 -70
2 -70
2 -70
2 -70
2 -70
2 -70
2 -70
2 -68
2 -71
2 -72
2 -71
2 -71
2 -71
2 -70
2 -71
2 -71
2 -70
2 -71
2 -71
2 -70
2 -70
2 -70
2 -70
2 -69
2 -70
2 -70
2 -69
2 -68
2 -69
2 -69
2 -69
2 -70
2 -70
2 -70
2 -70
2 -70
2 -70
2 -70
2 -70
2 -70
2 -71
2 -72
2 -72
2 -73
2 -73
2 -73
2 -72
2 -72
2 -57
2 -72
2 -70
2 -70
2 -71
2 -72
2 -70
2 -70
2 -70
2 -70
2 -70
2 -70
2 -71
2 -71
2 -71
2 -72
2 -72
2 -72
2 -73
2 -74
2 -75
2 -76
2 -76
2 -76
2 -78
2 -79
2 -81
2 -85
2 -76
2 -76
2 -76
2 -76
2 -76
2 -76
2 -76
2 -74
2 -73
2 -72
2 -76
2 -78
2 -82
2 -82
2 -80
2 -75
2 -74
2 -74
2 -75
2 -74
2 -74
2 -73
2 -74
2 -74
2 -74
2 -73
2 -74
2 -74
2 -74
2 -75
2 -75
2 -75
2 -75
2 -75
2 -70
2 -76
2 -77
2 -78
2 -78
2 -77
2 -77
2 -76
2 -77
2 -60
2 -76
2 -75
2 -75
2 -74
2 -74
2 -74
2 -73
2 -72
2 -73
2 -62
2 -72
2 -72
2 -72
2 -72
2 -72
2 -72
2 -73
2 -72
2 -72
2 -72
2 -72
2 -72
2 -72
2 -72
2 -72
2 -72
2 -72
2 -72
2 -72
2 -71
2 -72
2 -72
2 -72
2 -72
2 -72
2 -72
2 -73
2 -73
2 -73
2 -73
2 -73
2 -73
2 -73
2 -72
2 -73
2 -73
2 -73
2 -74
2 -75
2 -74
2 -74
2 -75
2 -75
2 -75
2 -75
2 -76
2 -76
2 -76
2 -76
2 -75
2 -75
2 -74
2 -74
2 -75
2 -76
2 -76
2 -77
2 -76
2 -77
2 -77
2 -77
2 -77
2 -76
2 -77
2 -74
2 -76
2 -76
2 -76
2 -75
2 -75
2 -73
2 -75
2 -75
2 -75
2 -75
2 -75
2 -75
2 -75
2 -74
2 -75
2 -75
2 -75
2 -74
2 -74
2 -75
2 -74
2 -74
2 -75
2 -75
2 -75
2 -75
2 -75
2 -71
2 -73
2 -75
2 -75
2 -75
2 -75
2 -76
2 -75
2 -75
2 -75
2 -76
2 -76
2 -76
2 -75
2 -76
2 -75
2 -74
2 -74
2 -74
2 -73
2 -74
2 -74
2 -74
2 -73
2 -74
2 -74
2 -74
2 -74
2 -74
2 -74
2 -74
2 -74
2 -74
2 -73
2 -73
2 -73
2 -73
2 -72
2 -73
2 -72
2 -74
2 -75
2 -75
2 -74
2 -73
2 -71
2 -72
2 -72
2 -70
2 -73
2 -73
2 -73
2 -75
2 -76
2 -76
2 -77
2 -77
2 -78
2 -76
2 -77
2 -77
2 -77
2 -77
2 -76
2 -76
2 -76
2 -76
2 -76
2 -76
2 -76
3 -70
3 -70
3 -70
3 -70
3 -70
3 -69
3 -70
3 -69
3 -70
3 -69
3 -69
3 -70
3 -70
3 -70
3 -70
3 -70
3 -75
3 -72
3 -72
3 -73
3 -73
3 -72
3 -70
3 -69
3 -70
3 -69
3 -68
3 -68
3 -66
3 -68
3 -69
3 -70
3 -70
3 -70
3 -69
3 -70
3 -70
3 -69
3 -68
3 -67
3 -68
3 -69
3 -70
3 -69
3 -69
3 -70
3 -70
3 -70
3 -72
3 -74
3 -75
3 -74
3 -72
3 -72
3 -71
3 -70
3 -70
3 -70
3 -70
3 -70
3 -72
3 -73
3 -75
3 -79
3 -76
3 -73
3 -72
3 -72
3 -73
3 -70
3 -72
3 -71
3 -70
3 -70
3 -71
3 -72
3 -72
3 -73
3 -72
3 -70
3 -66
3 -66
3 -66
3 -67
3 -67
3 -66
3 -65
3 -65
3 -67
3 -70
3 -70
3 -69
3 -66
3 -64
3 -66
3 -66
3 -68
3 -70
3 -71
3 -70
3 -70
3 -71
3 -74
3 -75
3 -72
3 -72
3 -70
3 -70
3 -70
3 -69
3 -69
3 -69
3 -68
3 -69
3 -70
3 -69
3 -69
3 -70
3 -70
3 -70
3 -69
3 -69
3 -68
3 -68
3 -69
3 -69
3 -69
3 -69
3 -69
3 -69
3 -69
3 -69
3 -69
3 -69
3 -69
3 -68
3 -67
3 -67
3 -67
3 -67
3 -66
3 -66
3 -66
3 -65
3 -66
3 -65
3 -65
3 -65
3 -65
3 -65
3 -66
3 -66
3 -66
3 -66
3 -66
3 -66
3 -66
3 -67
3 -66
3 -66
3 -66
3 -66
3 -66
3 -66
3 -66
3 -66
3 -66
3 -66
3 -65
3 -66
3 -66
3 -66
3 -65
3 -66
3 -66
3 -66
3 -66
3 -66
3 -66
3 -66
3 -66
3 -66
3 -66
3 -66
3 -66
3 -66
3 -66
3 -55
3 -65
3 -65
3 -66
3 -65
3 -66
3 -66
3 -66
3 -66
3 -75
3 -66
3 -65
3 -54
3 -64
3 -65
3 -65
3 -65
3 -65
3 -65
3 -65
3 -65
3 -65
3 -30
3 -64
3 -64
3 -64
3 -64
3 -64
3 -64
3 -30
3 -30
3 -64
3 -64
3 -64
3 -30
3 -64
3 -64
3 -64
3 -64
3 -65
3 -64
3 -65
3 -64
3 -65
3 -65
3 -65
3 -64
3 -64
3 -64
3 -64
3 -64
3 -64
3 -64
3 -64
3 -64
3 -64
3 -65
3 -64
3 -64
3 -64
3 -75
3 -64
3 -64
3 -64
3 -64
3 -65
3 -64
3 -64
3 -64
3 -64
3 -64
3 -64
3 -64
3 -64
3 -64
3 -64
3 -64
3 -64
3 -64
3 -63
3 -64
3 -63
3 -63
3 -63
3 -63
3 -63
3 -63
3 -64
3 -64
3 -64
3 -64
3 -64
3 -64
3 -64
3 -62
3 -62
3 -63
3 -63
3 -63
3 -63
3 -63
3 -64
3 -64
3 -68
3 -72
3 -70
3 -66
3 -64
3 -65
3 -66
3 -68
3 -68
3 -67
3 -65
3 -66
3 -66
3 -65
3 -65
3 -66
3 -67
3 -68
3 -68
3 -69
3 -69
3 -70
3 -70
3 -71
3 -72
3 -71
3 -70
3 -68
3 -68
3 -67
3 -66
3 -67
3 -66
3 -66
3 -66
3 -66
3 -67
3 -66
3 -66
3 -66
3 -65
3 -66
3 -66
3 -66
3 -66
3 -66
3 -67
3 -66
3 -66
3 -66
3 -67
3 -67
3 -66
3 -67
3 -67
3 -67
3 -68
3 -66
3 -63
3 -66
3 -65
3 -65
3 -64
3 -64
3 -64
3 -63
3 -63
3 -63
3 -63
3 -63
3 -64
3 -64
3 -64
3 -64
3 -64
3 -64
3 -64
3 -64
3 -64
3 -64
3 -64
3 -64
3 -63
3 -63
3 -63
3 -63
3 -64
3 -63
3 -64
3 -60
3 -64
3 -64
3 -64
3 -64
3 -64
3 -64
3 -64
3 -65
3 -65
3 -66
3 -66
3 -66
3 -66
3 -67
3 -67
3 -67
3 -68
3 -67
3 -55
3 -68
3 -68
3 -68
3 -70
3 -70
3 -70
3 -72
3 -68
3 -72
3 -71
3 -70
3 -71
3 -83
3 -72
3 -73
3 -75
3 -80
3 -83
3 -87
3 -83
3 -79
3 -78
3 -76
3 -74
3 -71
3 -73
3 -74
3 -75
3 -74
3 -74
3 -75
3 -74
3 -74
3 -75
3 -76
3 -76
3 -76
3 -76
3 -76
3 -76
3 -77
3 -78
3 -78
3 -76
3 -77
3 -78
3 -79
3 -79
3 -79
3 -78
3 -78
3 -78
3 -76
3 -75
3 -76
3 -76
3 -76
3 -76
3 -76
3 -76
3 -76
3 -76
3 -76
3 -76
3 -76
3 -76
3 -78
3 -79
3 -80
3 -81
3 -80
3 -79
3 -78
3 -77
3 -76
3 -75
3 -73
3 -83
3 -71
3 -68
3 -66
3 -64
3 -65
3 -64
3 -66
3 -66
3 -67
3 -69
3 -70
3 -71
3 -73
3 -73
3 -72
3 -71
3 -70
3 -70
3 -69
3 -69
3 -68
3 -69
3 -68
3 -68
3 -68
3 -68
3 -68
3 -68
3 -68
3 -68
3 -68
3 -69
3 -69
3 -69
3 -69
4 -79
4 -76
4 -76
4 -76
4 -75
4 -75
4 -74
4 -74
4 -74
4 -74
4 -74
4 -74
4 -74
4 -74
4 -79
4 -74
4 -74
4 -76
4 -76
4 -75
4 -73
4 -72
4 -72
4 -73
4 -61
4 -74
4 -73
4 -74
4 -76
4 -76
4 -70
4 -69
4 -69
4 -70
4 -73
4 -72
4 -72
4 -73
4 -74
4 -73
4 -74
4 -73
4 -72
4 -72
4 -70
4 -70
4 -71
4 -71
4 -71
4 -74
4 -73
4 -70
4 -70
4 -72
4 -74
4 -72
4 -72
4 -73
4 -76
4 -74
4 -70
4 -72
4 -71
4 -71
4 -70
4 -70
4 -71
4 -71
4 -70
4 -70
4 -69
4 -68
4 -66
4 -66
4 -66
4 -65
4 -66
4 -65
4 -65
4 -65
4 -65
4 -65
4 -64
4 -64
4 -64
4 -64
4 -64
4 -64
4 -65
4 -65
4 -66
4 -67
4 -67
4 -67
4 -66
4 -66
4 -66
4 -66
4 -66
4 -66
4 -66
4 -66
4 -66
4 -66
4 -66
4 -67
4 -67
4 -66
4 -67
4 -66
4 -66
4 -66
4 -66
4 -66
4 -66
4 -66
4 -66
4 -66
4 -66
4 -67
4 -68
4 -68
4 -68
4 -68
4 -68
4 -68
4 -68
4 -67
4 -68
4 -68
4 -68
4 -68
4 -68
4 -68
4 -68
4 -68
4 -67
4 -67
4 -67
4 -68
4 -67
4 -67
4 -65
4 -67
4 -66
4 -66
4 -66
4 -66
4 -66
4 -66
4 -66
4 -66
4 -66
4 -66
4 -66
4 -66
4 -66
4 -66
4 -66
4 -66
4 -66
4 -30
4 -69
4 -66
4 -66
4 -66
4 -66
4 -66
4 -65
4 -64
4 -66
4 -66
4 -66
4 -66
4 -66
4 -66
4 -66
4 -66
4 -66
4 -58
4 -66
4 -66
4 -66
4 -67
4 -67
4 -66
4 -67
4 -66
4 -67
4 -67
4 -67
4 -68
4 -67
4 -67
4 -68
4 -68
4 -68
4 -68
4 -68
4 -68
4 -68
4 -68
4 -68
4 -68
4 -68
4 -68
4 -68
4 -68
4 -68
4 -68
4 -68
4 -69
4 -68
4 -68
4 -68
4 -68
4 -68
4 -68
4 -68
4 -68
4 -68
4 -68
4 -68
4 -68
4 -68
4 -68
4 -68
4 -68
4 -68
4 -68
4 -69
4 -68
4 -68
4 -68
4 -68
4 -69
4 -69
4 -69
4 -69
4 -69
4 -69
4 -69
4 -69
4 -69
4 -69
4 -68
4 -68
4 -68
4 -67
4 -67
4 -66
4 -66
4 -67
4 -67
4 -66
4 -67
4 -66
4 -66
4 -66
4 -66
4 -66
4 -66
4 -66
4 -66
4 -66
4 -67
4 -68
4 -67
4 -68
4 -67
4 -68
4 -68
4 -68
4 -68
4 -68
4 -68
4 -68
4 -68
4 -68
4 -69
4 -68
4 -69
4 -69
4 -69
4 -69
4 -69
4 -68
4 -69
4 -69
4 -69
4 -69
4 -69
4 -70
4 -69
4 -68
4 -69
4 -62
4 -68
4 -68
4 -70
4 -68
4 -67
4 -67
4 -67
4 -67
4 -68
4 -69
4 -69
4 -70
4 -70
4 -70
4 -70
4 -69
4 -68
4 -69
4 -72
4 -79
4 -85
4 -77
4 -76
4 -73
4 -72
4 -71
4 -70
4 -70
4 -70
4 -69
4 -70
4 -70
4 -69
4 -70
4 -70
4 -70
4 -70
4 -70
4 -72
4 -73
4 -75
4 -77
4 -81
4 -78
4 -77
4 -78
4 -76
4 -79
4 -79
4 -79
4 -78
4 -81
4 -78
4 -80
4 -81
4 -79
4 -77
4 -76
4 -76
4 -76
4 -76
4 -76
4 -75
4 -74
4 -73
4 -73
4 -73
4 -75
4 -76
4 -76
4 -75
4 -73
4 -73
4 -73
4 -74
4 -73
4 -73
4 -73
4 -73
4 -73
4 -74
4 -73
4 -72
4 -74
4 -73
4 -73
4 -73
4 -73
4 -73
4 -73
4 -73
4 -74
4 -73
4 -72
4 -73
4 -73
4 -76
4 -76
4 -77
4 -77
4 -78
4 -78
4 -78
4 -80
4 -81
4 -82
4 -82
4 -76
4 -80
4 -80
4 -80
4 -82
4 -83
4 -80
4 -81
4 -81
4 -81
4 -80
4 -83
4 -82
4 -85
4 -83
4 -83
4 -83
4 -82
4 -81
4 -80
4 -80
4 -82
4 -84
4 -85
4 -84
4 -84
4 -80
4 -82
4 -83
4 -78
4 -80
4 -75
4 -77
4 -76
4 -75
4 -76
4 -75
4 -75
4 -75
4 -74
4 -74
4 -75
4 -76
4 -76
4 -75
4 -76
4 -76
4 -76
4 -76
4 -76
4 -76
4 -76
4 -76
4 -75
4 -76
4 -76
4 -76
4 -76
5 -70
5 -70
5 -70
5 -70
5 -69
5 -68
5 -69
5 -69
5 -69
5 -69
5 -69
5 -69
5 -68
5 -66
5 -64
5 -64
5 -66
5 -68
5 -65
5 -63
5 -63
5 -63
5 -64
5 -63
5 -63
5 -63
5 -64
5 -64
5 -64
5 -64
5 -64
5 -64
5 -64
5 -64
5 -64
5 -64
5 -64
5 -65
5 -64
5 -65
5 -65
5 -64
5 -64
5 -64
5 -64
5 -64
5 -64
5 -64
5 -64
5 -64
5 -64
5 -64
5 -64
5 -64
5 -65
5 -64
5 -64
5 -63
5 -63
5 -64
5 -64
5 -63
5 -64
5 -64
5 -64
5 -63
5 -63
5 -63
5 -64
5 -64
5 -64
5 -63
5 -63
5 -62
5 -62
5 -61
5 -62
5 -62
5 -62
5 -62
5 -62
5 -62
5 -62
5 -63
5 -63
5 -63
5 -63
5 -63
5 -63
5 -63
5 -62
5 -64
5 -67
5 -73
5 -77
5 -80
5 -81
5 -77
5 -76
5 -73
5 -73
5 -73
5 -73
5 -72
5 -71
5 -70
5 -70
5 -70
5 -68
5 -67
5 -68
5 -70
5 -70
5 -70
5 -70
5 -71
5 -70
5 -70
5 -72
5 -73
5 -76
5 -78
5 -79
5 -78
5 -76
5 -74
5 -74
5 -73
5 -76
5 -79
5 -78
5 -77
5 -73
5 -70
5 -75
5 -75
5 -74
5 -72
5 -72
5 -72
5 -72
5 -71
5 -71
5 -68
5 -68
5 -68
5 -67
5 -67
5 -68
5 -71
5 -68
5 -69
5 -69
5 -70
5 -70
5 -70
5 -70
5 -70
5 -70
5 -70
5 -70
5 -70
5 -69
5 -70
5 -70
5 -70
5 -70
5 -70
5 -70
5 -71
5 -71
5 -72
5 -71
5 -71
5 -71
5 -71
5 -71
5 -72
5 -72
5 -74
5 -75
5 -76
5 -76
5 -77
5 -78
5 -82
5 -82
5 -83
5 -83
5 -82
5 -79
5 -78
5 -78
5 -78
5 -78
5 -78
5 -78
5 -78
5 -82
5 -77
5 -79
5 -78
5 -78
5 -76
5 -76
5 -76
5 -76
5 -76
5 -76
5 -79
5 -80
5 -79
5 -78
5 -77
5 -76
5 -76
5 -74
5 -74
5 -75
5 -75
5 -74
5 -73
5 -74
5 -73
5 -71
5 -72
5 -72
5 -64
5 -64
5 -74
5 -74
5 -73
5 -75
5 -75
5 -74
5 -74
5 -75
5 -76
5 -76
5 -76
5 -76
5 -76
5 -75
5 -75
5 -75
5 -75
5 -76
5 -76
5 -75
5 -74
5 -73
5 -72
5 -72
5 -72
5 -72
5 -63
5 -72
5 -75
5 -76
5 -76
5 -75
5 -73
5 -71
5 -70
5 -68
5 -69
5 -70
5 -69
5 -68
5 -71
5 -66
5 -64
5 -62
5 -61
5 -60
5 -60
5 -59
5 -59
5 -59
5 -58
5 -58
5 -58
5 -58
5 -58
5 -58
5 -58
5 -58
5 -58
5 -58
5 -59
5 -59
5 -60
5 -60
5 -61
5 -62
5 -62
5 -63
5 -63
5 -64
5 -64
5 -64
5 -64
5 -64
5 -64
5 -64
5 -63
5 -52
5 -63
5 -63
5 -63
5 -63
5 -63
5 -63
5 -63
5 -63
5 -63
5 -62
5 -62
5 -62
5 -61
5 -61
5 -60
5 -60
5 -60
5 -60
5 -60
5 -60
5 -61
5 -61
5 -62
5 -63
5 -64
5 -69
5 -70
5 -65
5 -65
5 -66
5 -66
5 -66
5 -66
5 -66
5 -65
5 -65
5 -65
5 -65
5 -65
5 -65
5 -65
5 -64
5 -64
5 -64
5 -65
5 -65
5 -65
5 -65
5 -64
5 -66
5 -66
5 -65
5 -65
5 -64
5 -64
5 -64
5 -65
5 -65
5 -64
5 -64
5 -64
5 -64
5 -64
5 -64
5 -64
5 -64
5 -64
5 -63
5 -63
5 -63
5 -63
5 -63
5 -63
5 -63
5 -62
5 -62
5 -62
5 -62
5 -62
5 -62
5 -62
5 -62
5 -62
5 -62
5 -73
5 -62
5 -62
5 -62
5 -62
5 -61
5 -61
5 -61
5 -61
5 -61
5 -60
5 -60
5 -60
5 -60
5 -61
5 -61
5 -61
5 -61
5 -61
5 -61
5 -61
5 -61
5 -62
5 -62
5 -62
5 -62
5 -62
5 -62
5 -62
5 -61
5 -62
5 -62
5 -62
5 -62
5 -62
5 -62
5 -62
5 -62
5 -62
5 -62
5 -62
5 -62
5 -62
5 -62
5 -62
5 -62
5 -62
5 -60
5 -62
5 -62
5 -62
5 -62
5 -61
5 -61
5 -61
5 -61
5 -62
5 -62
5 -61
5 -62
5 -62
5 -62
5 -62
5 -62
5 -62
5 -62
5 -62
5 -62
5 -62
5 -63
5 -62
5 -62
5 -62
5 -62
5 -62
5 -62
5 -62
5 -62
5 -62
5 -67
5 -61
5 -62
5 -62
5 -62
5 -62
5 -54
5 -63
5 -63
5 -64
5 -64
5 -80
5 -67
5 -72
5 -71
5 -64
5 -66
5 -66
5 -66
5 -66
5 -65
5 -65
5 -65
5 -64
5 -64
5 -64
5 -65
5 -65
5 -65
5 -64
5 -64
5 -65
5 -65
5 -65
5 -65
5 -65
5 -65
5 -64
5 -65
5 -65
5 -64
5 -64
6 -60
6 -59
6 -58
6 -59
6 -59
6 -60
6 -59
6 -58
6 -58
6 -58
6 -58
6 -58
6 -58
6 -59
6 -59
6 -57
6 -55
6 -56
6 -53
6 -54
6 -58
6 -61
6 -66
6 -66
6 -65
6 -64
6 -71
6 -61
6 -58
6 -58
6 -58
6 -58
6 -60
6 -58
6 -57
6 -54
6 -54
6 -54
6 -54
6 -54
6 -54
6 -54
6 -54
6 -54
6 -54
6 -54
6 -54
6 -54
6 -56
6 -57
6 -57
6 -56
6 -55
6 -57
6 -55
6 -58
6 -56
6 -55
6 -56
6 -55
6 -58
6 -57
6 -55
6 -56
6 -55
6 -56
6 -56
6 -57
6 -58
6 -58
6 -57
6 -56
6 -57
6 -56
6 -57
6 -57
6 -58
6 -57
6 -58
6 -57
6 -57
6 -57
6 -57
6 -57
6 -57
6 -57
6 -57
6 -58
6 -58
6 -58
6 -58
6 -58
6 -58
6 -58
6 -58
6 -58
6 -58
6 -58
6 -58
6 -58
6 -58
6 -58
6 -58
6 -58
6 -57
6 -57
6 -57
6 -56
6 -56
6 -56
6 -57
6 -65
6 -57
6 -58
6 -57
6 -58
6 -58
6 -58
6 -60
6 -58
6 -58
6 -58
6 -58
6 -58
6 -58
6 -58
6 -58
6 -58
6 -57
6 -56
6 -56
6 -56
6 -55
6 -56
6 -57
6 -56
6 -56
6 -56
6 -57
6 -57
6 -57
6 -57
6 -58
6 -59
6 -60
6 -60
6 -62
6 -62
6 -63
6 -63
6 -62
6 -64
6 -64
6 -63
6 -62
6 -61
6 -60
6 -61
6 -60
6 -61
6 -60
6 -60
6 -60
6 -60
6 -60
6 -59
6 -58
6 -58
6 -58
6 -58
6 -58
6 -58
6 -58
6 -58
6 -58
6 -57
6 -58
6 -58
6 -57
6 -57
6 -56
6 -56
6 -56
6 -55
6 -55
6 -55
6 -55
6 -55
6 -55
6 -54
6 -54
6 -54
6 -54
6 -54
6 -54
6 -54
6 -54
6 -54
6 -54
6 -54
6 -54
6 -54
6 -54
6 -54
6 -54
6 -54
6 -54
6 -54
6 -54
6 -54
6 -54
6 -55
6 -54
6 -55
6 -54
6 -55
6 -54
6 -54
6 -54
6 -55
6 -54
6 -54
6 -55
6 -54
6 -54
6 -54
6 -54
6 -54
6 -54
6 -54
6 -54
6 -54
6 -54
6 -54
6 -54
6 -54
6 -54
6 -54
6 -54
6 -54
6 -54
6 -56
6 -59
6 -58
6 -57
6 -57
6 -57
6 -57
6 -57
6 -57
6 -56
6 -57
6 -57
6 -57
6 -57
6 -56
6 -55
6 -55
6 -55
6 -56
6 -55
6 -55
6 -55
6 -55
6 -55
6 -55
6 -55
6 -55
6 -56
6 -56
6 -56
6 -55
6 -55
6 -55
6 -55
6 -55
6 -55
6 -55
6 -56
6 -56
6 -56
6 -56
6 -56
6 -55
6 -57
6 -58
6 -57
6 -57
6 -56
6 -55
6 -56
6 -55
6 -54
6 -54
6 -54
6 -53
6 -53
6 -52
6 -52
6 -51
6 -52
6 -54
6 -56
6 -57
6 -57
6 -56
6 -56
6 -57
6 -58
6 -58
6 -58
6 -60
6 -60
6 -61
6 -61
6 -62
6 -61
6 -61
6 -60
6 -60
6 -60
6 -60
6 -59
6 -58
6 -58
6 -58
6 -58
6 -58
6 -58
6 -59
6 -58
6 -59
6 -59
6 -59
6 -59
6 -59
6 -59
6 -59
6 -59
6 -58
6 -59
6 -58
6 -59
6 -60
6 -60
6 -60
6 -60
6 -61
6 -62
6 -64
6 -64
6 -64
6 -63
6 -63
6 -62
6 -61
6 -60
6 -61
6 -61
6 -61
6 -62
6 -63
6 -63
6 -63
6 -63
6 -63
6 -63
6 -62
6 -62
6 -61
6 -62
6 -62
6 -63
6 -63
6 -60
6 -60
6 -60
6 -59
6 -60
6 -60
6 -60
6 -60
6 -60
6 -61
6 -62
6 -62
6 -61
6 -61
6 -60
6 -60
6 -60
6 -60
6 -60
6 -60
6 -60
6 -60
6 -60
6 -60
6 -60
6 -60
6 -60
6 -60
6 -60
6 -61
6 -60
6 -60
6 -60
6 -60
6 -61
6 -61
6 -62
6 -61
6 -62
6 -62
6 -62
6 -63
6 -62
6 -62
6 -62
6 -62
6 -62
6 -62
6 -61
6 -61
6 -61
6 -61
6 -61
6 -61
6 -60
6 -60
6 -60
6 -60
6 -61
6 -60
6 -61
6 -61
6 -60
6 -60
6 -60
6 -61
6 -61
6 -60
6 -61
6 -61
6 -60
6 -60
6 -61
6 -61
6 -60
6 -58
6 -61
6 -60
6 -60
6 -60
6 -60
6 -60
6 -60
6 -60
6 -60
6 -61
6 -61
6 -61
6 -61
6 -61
6 -61
6 -61
6 -66
6 -61
6 -61
6 -60
6 -61
6 -60
6 -61
6 -30
6 -61
6 -61
6 -60
6 -61
6 -61
6 -60
6 -61
6 -61
6 -61
6 -61
6 -61
6 -61
6 -60
6 -61
6 -61
6 -61
6 -61
6 -61
6 -61
6 -61
6 -59
6 -58
6 -61
6 -64
6 -60
6 -64
6 -61
6 -70
6 -67
6 -67
6 -66
6 -64
6 -63
6 -62
6 -60
6 -58
6 -57
6 -58
6 -58
6 -58
6 -58
6 -58
6 -58
6 -58
6 -58
6 -58
6 -58
6 -58
6 -59
6 -59
6 -59
6 -58
7 -63
7 -62
7 -62
7 -62
7 -63
7 -63
7 -62
7 -62
7 -62
7 -62
7 -62
7 -62
7 -63
7 -63
7 -66
7 -65
7 -63
7 -65
7 -64
7 -68
7 -66
7 -66
7 -66
7 -66
7 -65
7 -66
7 -65
7 -64
7 -64
7 -64
7 -64
7 -65
7 -64
7 -64
7 -60
7 -60
7 -60
7 -60
7 -60
7 -60
7 -70
7 -60
7 -60
7 -60
7 -60
7 -60
7 -62
7 -62
7 -61
7 -60
7 -59
7 -60
7 -60
7 -60
7 -60
7 -60
7 -59
7 -60
7 -60
7 -60
7 -60
7 -60
7 -60
7 -59
7 -59
7 -60
7 -60
7 -60
7 -61
7 -62
7 -62
7 -63
7 -63
7 -64
7 -63
7 -63
7 -64
7 -63
7 -64
7 -63
7 -63
7 -63
7 -62
7 -62
7 -62
7 -62
7 -62
7 -62
7 -62
7 -62
7 -62
7 -63
7 -62
7 -61
7 -60
7 -60
7 -62
7 -63
7 -62
7 -62
7 -60
7 -60
7 -60
7 -60
7 -60
7 -60
7 -60
7 -60
7 -60
7 -61
7 -61
7 -61
7 -61
7 -61
7 -61
7 -62
7 -62
7 -62
7 -63
7 -62
7 -63
7 -62
7 -62
7 -62
7 -62
7 -62
7 -62
7 -62
7 -62
7 -62
7 -62
7 -62
7 -62
7 -61
7 -62
7 -62
7 -62
7 -60
7 -61
7 -61
7 -61
7 -62
7 -62
7 -59
7 -62
7 -62
7 -61
7 -61
7 -62
7 -61
7 -62
7 -62
7 -62
7 -62
7 -62
7 -62
7 -62
7 -62
7 -62
7 -62
7 -62
7 -62
7 -62
7 -62
7 -62
7 -62
7 -62
7 -62
7 -61
7 -62
7 -61
7 -62
7 -61
7 -61
7 -62
7 -61
7 -61
7 -61
7 -61
7 -61
7 -61
7 -60
7 -60
7 -60
7 -60
7 -60
7 -60
7 -61
7 -60
7 -61
7 -62
7 -61
7 -61
7 -61
7 -60
7 -61
7 -61
7 -61
7 -61
7 -61
7 -30
7 -61
7 -61
7 -61
7 -61
7 -61
7 -61
7 -61
7 -61
7 -61
7 -61
7 -61
7 -61
7 -61
7 -60
7 -61
7 -61
7 -61
7 -61
7 -61
7 -61
7 -60
7 -62
7 -61
7 -62
7 -62
7 -62
7 -61
7 -62
7 -62
7 -61
7 -61
7 -45
7 -61
7 -62
7 -63
7 -63
7 -63
7 -63
7 -63
7 -63
7 -63
7 -63
7 -63
7 -63
7 -56
7 -63
7 -63
7 -62
7 -62
7 -62
7 -63
7 -62
7 -63
7 -60
7 -62
7 -62
7 -62
7 -63
7 -63
7 -63
7 -63
7 -59
7 -53
7 -62
7 -63
7 -63
7 -63
7 -63
7 -62
7 -62
7 -62
7 -62
7 -61
7 -61
7 -61
7 -67
7 -61
7 -60
7 -30
7 -60
7 -60
7 -61
7 -61
7 -61
7 -60
7 -60
7 -60
7 -60
7 -60
7 -60
7 -59
7 -59
7 -60
7 -60
7 -60
7 -59
7 -59
7 -58
7 -58
7 -59
7 -59
7 -59
7 -60
7 -60
7 -60
7 -60
7 -60
7 -60
7 -60
7 -60
7 -60
7 -60
7 -60
7 -60
7 -60
7 -60
7 -60
7 -60
7 -60
7 -60
7 -60
7 -58
7 -60
7 -60
7 -60
7 -60
7 -60
7 -60
7 -60
7 -60
7 -60
7 -61
7 -61
7 -62
7 -61
7 -61
7 -62
7 -62
7 -62
7 -62
7 -62
7 -62
7 -62
7 -62
7 -62
7 -61
7 -61
7 -62
7 -61
7 -62
7 -61
7 -61
7 -60
7 -60
7 -59
7 -60
7 -60
7 -60
7 -60
7 -60
7 -60
7 -61
7 -61
7 -61
7 -61
7 -62
7 -61
7 -61
7 -62
7 -61
7 -61
7 -61
7 -61
7 -61
7 -61
7 -61
7 -61
7 -61
7 -61
7 -61
7 -59
7 -61
7 -61
7 -61
7 -61
7 -61
7 -61
7 -61
7 -61
7 -61
7 -61
7 -62
7 -61
7 -60
7 -60
7 -60
7 -61
7 -68
7 -61
7 -61
7 -61
7 -61
7 -61
7 -61
7 -61
7 -61
7 -61
7 -61
7 -61
7 -61
7 -60
7 -61
7 -61
7 -61
7 -60
7 -61
7 -62
7 -61
7 -61
7 -61
7 -61
7 -61
7 -61
7 -62
7 -62
7 -62
7 -63
7 -63
7 -63
7 -63
7 -63
7 -63
7 -63
7 -63
7 -63
7 -63
7 -64
7 -64
7 -64
7 -63
7 -63
7 -63
7 -63
7 -64
7 -61
7 -63
7 -63
7 -63
7 -63
7 -63
7 -63
7 -63
7 -63
7 -60
7 -63
7 -63
7 -63
7 -63
7 -63
7 -63
7 -63
7 -63
7 -63
7 -63
7 -63
7 -63
7 -63
7 -63
7 -63
7 -63
7 -62
7 -62
7 -62
7 -62
7 -62
7 -62
7 -62
7 -63
7 -63
7 -64
7 -63
7 -63
7 -63
7 -63
7 -64
7 -63
7 -63
7 -63
7 -63
7 -63
7 -61
7 -63
7 -63
7 -63
7 -63
7 -62
7 -63
7 -62
7 -59
7 -64
7 -67
7 -63
7 -61
7 -64
7 -69
7 -70
7 -70
7 -70
7 -70
7 -70
7 -69
7 -68
7 -68
7 -67
7 -66
7 -67
7 -66
7 -66
7 -66
7 -65
7 -66
7 -66
7 -66
7 -66
7 -66
7 -66
7 -66
8 -82
8 -81
8 -81
8 -82
8 -81
8 -80
8 -82
8 -81
8 -79
8 -79
8 -77
8 -77
8 -77
8 -78
8 -78
8 -78
8 -78
8 -78
8 -78
8 -78
8 -77
8 -77
8 -78
8 -78
8 -79
8 -77
8 -79
8 -77
8 -78
8 -76
8 -81
8 -81
8 -80
8 -80
8 -76
8 -74
8 -78
8 -78
8 -77
8 -78
8 -78
8 -79
8 -79
8 -81
8 -74
8 -82
8 -81
8 -82
8 -83
8 -81
8 -83
8 -72
8 -80
8 -72
8 -82
8 -86
8 -82
8 -82
8 -83
8 -82
8 -81
8 -83
8 -83
8 -83
8 -84
8 -85
8 -86
8 -84
8 -85
8 -87
8 -86
8 -86
8 -87
8 -85
8 -78
8 -85
8 -85
8 -84
8 -84
8 -85
8 -85
8 -85
8 -84
8 -85
8 -85
8 -87
8 -83
8 -85
8 -84
8 -84
8 -85
8 -83
8 -87
8 -86
8 -84
8 -83
8 -81
8 -81
8 -83
8 -83
8 -81
8 -82
8 -81
8 -76
8 -77
8 -80
8 -80
8 -81
8 -76
8 -80
8 -80
8 -81
8 -81
8 -73
8 -81
8 -80
8 -80
8 -78
8 -81
8 -80
8 -81
8 -80
8 -80
8 -80
8 -81
8 -80
8 -80
8 -80
8 -80
8 -80
8 -80
8 -80
8 -80
8 -80
8 -80
8 -79
8 -79
8 -79
8 -79
8 -79
8 -80
8 -81
8 -81
8 -81
8 -82
8 -80
9 -79
9 -78
9 -76
9 -78
9 -78
9 -80
9 -79
9 -79
9 -80
9 -82
9 -84
9 -83
9 -85
9 -84
9 -81
9 -80
9 -79
9 -85
9 -81
9 -83
9 -83
9 -87
9 -85
9 -67
9 -82
9 -83
9 -78
9 -76
9 -76
9 -76
9 -76
9 -76
9 -77
9 -78
9 -78
9 -77
9 -78
9 -78
9 -78
9 -78
9 -80
9 -81
9 -78
9 -85
9 -83
9 -83
9 -82
9 -80
9 -82
9 -82
9 -80
9 -82
9 -82
9 -79
9 -79
9 -80
9 -80
9 -80
9 -80
9 -80
9 -78
9 -79
9 -73
9 -79
9 -78
9 -78
9 -78
9 -78
9 -77
9 -78
9 -78
9 -77
9 -78
9 -77
9 -77
9 -70
9 -78
9 -76
9 -78
9 -79
9 -78
9 -78
9 -78
9 -78
9 -78
9 -77
9 -76
9 -78
9 -77
9 -78
9 -78
9 -76
9 -78
9 -78
9 -77
9 -78
9 -79
9 -79
9 -79
9 -80
9 -80
9 -78
9 -81
9 -77
9 -81
9 -80
9 -80
9 -80
9 -78
9 -80
9 -79
9 -81
9 -80
9 -81
9 -82
9 -82
9 -59
9 -81
9 -77
9 -81
9 -81
9 -81
9 -82
9 -83
9 -81
9 -82
9 -81
9 -80
9 -82
9 -84
9 -82
9 -82
9 -82
9 -82
9 -82
9 -81
9 -81
9 -81
9 -79
9 -79
9 -76
9 -74
9 -76
9 -77
9 -76
9 -75
9 -75
9 -74
9 -74
9 -74
9 -75
9 -76
9 -77
9 -78
9 -75
9 -74
9 -80
9 -77
9 -77
9 -76
9 -75
9 -75
9 -73
9 -71
9 -72
9 -72
9 -72
9 -72
9 -72
9 -72
9 -72
9 -73
9 -73
9 -73
9 -72
9 -78
9 -79
9 -80
9 -79
9 -79
9 -81
9 -72
9 -81
9 -81
9 -81
9 -81
9 -82
9 -82
9 -82
9 -82
9 -82
9 -81
9 -76
9 -78
9 -77
9 -80
9 -83
9 -76
9 -85
9 -87
9 -84
9 -83
9 -83
9 -81
9 -81
9 -73
9 -81
9 -80
9 -80
9 -79
9 -79
9 -78
9 -78
9 -78
9 -80
9 -82
9 -82
9 -82
9 -83
9 -81
9 -81
9 -84
9 -83
9 -82
9 -80
9 -81
9 -81
9 -81
9 -81
9 -81
9 -81
9 -81
9 -81
9 -81
9 -81
9 -80
9 -81
9 -82
9 -81
9 -81
9 -81
9 -82
9 -82
9 -82
9 -82
9 -82
9 -81
9 -80
9 -81
9 -81
9 -81
9 -76
9 -82
9 -82
9 -82
9 -82
9 -82
9 -71
9 -81
9 -82
9 -81
9 -82
9 -81
9 -81
9 -81
9 -81
9 -67
9 -81
9 -80
9 -81
9 -82
9 -78
9 -81
9 -80
9 -81
9 -84
9 -84
10 -77
10 -77
10 -76
10 -78
10 -77
10 -76
10 -77
10 -77
10 -78
10 -77
10 -76
10 -78
10 -76
10 -74
10 -74
10 -75
10 -75
10 -74
10 -73
10 -72
10 -72
10 -72
10 -77
10 -84
10 -76
10 -75
10 -75
10 -76
10 -74
10 -73
10 -72
10 -73
10 -78
10 -81
10 -81
10 -76
10 -77
10 -77
10 -76
10 -76
10 -77
10 -79
10 -83
10 -81
10 -83
10 -83
10 -79
10 -77
10 -77
10 -79
10 -80
10 -83
10 -84
10 -84
10 -70
10 -76
10 -76
10 -74
10 -73
10 -72
10 -72
10 -72
10 -72
10 -72
10 -73
10 -72
10 -72
10 -72
10 -72
10 -70
10 -71
10 -72
10 -73
10 -74
10 -75
10 -79
10 -77
10 -76
10 -76
10 -75
10 -74
10 -74
10 -73
10 -73
10 -72
10 -72
10 -73
10 -74
10 -74
10 -74
10 -73
10 -75
10 -75
10 -75
10 -74
10 -74
10 -73
10 -74
10 -74
10 -69
10 -52
10 -74
10 -74
10 -75
10 -76
10 -76
10 -77
10 -78
10 -78
10 -79
10 -74
10 -81
10 -80
10 -79
10 -81
10 -82
10 -81
10 -66
10 -78
10 -79
10 -77
10 -80
10 -80
10 -81
10 -80
10 -80
10 -80
10 -79
10 -78
10 -78
10 -78
10 -79
10 -79
10 -79
10 -79
10 -65
10 -78
10 -76
10 -78
10 -77
10 -77
10 -77
10 -76
10 -76
10 -65
10 -74
10 -76
10 -73
10 -74
10 -74
10 -74
10 -74
10 -73
10 -74
10 -74
10 -74
10 -73
10 -73
10 -73
10 -74
10 -74
10 -74
10 -74
10 -74
10 -73
10 -73
10 -74
10 -38
10 -74
10 -73
10 -74
10 -74
10 -74
10 -74
10 -74
10 -74
10 -74
10 -74
10 -73
10 -74
10 -73
10 -73
10 -73
10 -73
10 -72
10 -73
10 -72
10 -72
10 -72
10 -73
10 -73
10 -73
10 -72
10 -73
10 -73
10 -73
10 -74
10 -73
10 -74
10 -74
10 -72
10 -72
10 -72
10 -72
10 -72
10 -72
10 -72
10 -72
10 -72
10 -72
10 -72
10 -72
10 -72
10 -73
10 -72
10 -72
10 -72
10 -73
10 -73
10 -73
10 -73
10 -73
10 -73
10 -72
10 -73
10 -73
10 -72
10 -73
10 -72
10 -73
10 -73
10 -72
10 -73
10 -74
10 -73
10 -74
10 -74
10 -75
10 -74
10 -75
10 -75
10 -75
10 -75
10 -75
10 -75
10 -75
10 -76
10 -75
10 -75
10 -76
10 -77
10 -81
10 -81
10 -77
10 -75
10 -74
10 -73
10 -72
10 -65
10 -71
10 -71
10 -71
10 -72
10 -72
10 -73
10 -73
10 -73
10 -75
10 -70
10 -71
10 -75
10 -74
10 -72
10 -72
10 -72
10 -71
10 -70
10 -71
10 -72
10 -72
10 -72
10 -73
10 -73
10 -72
10 -74
10 -74
10 -74
10 -74
10 -74
10 -74
10 -74
10 -73
10 -73
10 -72
10 -72
10 -72
10 -72
10 -68
10 -71
10 -71
10 -71
10 -71
10 -71
10 -70
10 -71
10 -71
10 -71
10 -72
10 -73
10 -76
10 -80
10 -80
10 -78
10 -76
10 -76
10 -76
10 -75
10 -76
10 -76
10 -75
10 -75
10 -74
10 -73
10 -73
10 -72
10 -72
10 -63
10 -72
10 -72
10 -72
10 -72
10 -72
10 -72
10 -72
10 -72
10 -72
10 -72
10 -72
10 -72
10 -72
10 -72
10 -63
10 -72
10 -72
10 -73
10 -73
10 -73
10 -74
10 -74
10 -74
10 -74
10 -74
10 -73
10 -73
10 -73
10 -73
10 -73
10 -73
10 -72
10 -73
10 -73
10 -74
10 -75
10 -74
10 -74
10 -74
10 -74
10 -74
10 -73
10 -74
10 -73
10 -73
10 -74
10 -73
10 -74
10 -74
10 -73
10 -74
10 -73
10 -73
10 -73
10 -73
10 -73
10 -74
10 -74
10 -73
10 -73
10 -72
10 -73
10 -73
10 -73
10 -74
10 -73
10 -74
10 -74
10 -75
10 -74
10 -69
10 -75
10 -75
10 -75
10 -74
10 -74
10 -74
10 -63
10 -74
10 -62
10 -74
10 -74
10 -74
10 -74
10 -74
10 -74
10 -75
10 -74
10 -74
10 -74
10 -75
10 -75
10 -76
10 -74
10 -72
10 -75
10 -76
10 -77
10 -81
10 -83
10 -82
10 -82
10 -82
10 -82
10 -83
10 -85
11 -70
11 -69
11 -69
11 -68
11 -68
11 -68
11 -68
11 -68
11 -68
11 -70
11 -71
11 -70
11 -63
11 -70
11 -76
11 -82
11 -72
11 -73
11 -72
11 -70
11 -69
11 -70
11 -70
11 -70
11 -69
11 -75
11 -67
11 -77
11 -72
11 -70
11 -68
11 -70
11 -70
11 -70
11 -69
11 -68
11 -67
11 -67
11 -67
11 -67
11 -66
11 -66
11 -66
11 -67
11 -67
11 -67
11 -66
11 -70
11 -70
11 -69
11 -68
11 -69
11 -69
11 -68
11 -68
11 -67
11 -66
11 -67
11 -68
11 -69
11 -69
11 -69
11 -68
11 -68
11 -70
11 -70
11 -71
11 -72
11 -74
11 -76
11 -73
11 -72
11 -71
11 -63
11 -70
11 -70
11 -71
11 -71
11 -72
11 -71
11 -71
11 -69
11 -68
11 -71
11 -76
11 -80
11 -70
11 -71
11 -71
11 -71
11 -70
11 -67
11 -66
11 -66
11 -68
11 -69
11 -69
11 -69
11 -69
11 -69
11 -69
11 -69
11 -69
11 -68
11 -68
11 -67
11 -68
11 -68
11 -68
11 -70
11 -71
11 -72
11 -73
11 -73
11 -73
11 -72
11 -73
11 -73
11 -73
11 -73
11 -74
11 -75
11 -76
11 -75
11 -76
11 -75
11 -72
11 -72
11 -70
11 -69
11 -68
11 -65
11 -65
11 -64
11 -60
11 -63
11 -62
11 -62
11 -62
11 -61
11 -62
11 -62
11 -62
11 -62
11 -64
11 -63
11 -64
11 -64
11 -63
11 -64
11 -63
11 -64
11 -64
11 -65
11 -65
11 -64
11 -65
11 -65
11 -65
11 -65
11 -64
11 -65
11 -44
11 -66
11 -66
11 -66
11 -67
11 -67
11 -68
11 -69
11 -72
11 -73
11 -73
11 -74
11 -74
11 -73
11 -76
11 -75
11 -76
11 -76
11 -76
11 -78
11 -76
11 -76
11 -76
11 -76
11 -77
11 -77
11 -77
11 -77
11 -77
11 -76
11 -76
11 -76
11 -75
11 -75
11 -70
11 -74
11 -73
11 -72
11 -72
11 -72
11 -72
11 -72
11 -72
11 -72
11 -73
11 -73
11 -75
11 -76
11 -76
11 -76
11 -76
11 -76
11 -77
11 -77
11 -77
11 -76
11 -76
11 -75
11 -77
11 -78
11 -77
11 -76
11 -76
11 -75
11 -75
11 -73
11 -73
11 -74
11 -74
11 -74
11 -75
11 -75
11 -74
11 -74
11 -74
11 -76
11 -76
11 -76
11 -78
11 -76
11 -75
11 -74
11 -73
11 -72
11 -71
11 -69
11 -69
11 -68
11 -67
11 -66
11 -64
11 -64
11 -64
11 -64
11 -64
11 -64
11 -64
11 -64
11 -66
11 -66
11 -66
11 -66
11 -67
11 -68
11 -68
11 -68
11 -69
11 -70
11 -72
11 -71
11 -70
11 -66
11 -64
11 -63
11 -62
11 -60
11 -61
11 -62
11 -64
11 -66
11 -68
11 -70
11 -72
11 -74
11 -75
11 -76
11 -76
11 -76
11 -76
11 -76
11 -75
11 -72
11 -71
11 -70
11 -68
11 -66
11 -65
11 -64
11 -63
11 -62
11 -62
11 -61
11 -61
11 -60
11 -60
11 -60
11 -60
11 -60
11 -60
11 -60
11 -60
11 -61
11 -60
11 -60
11 -60
11 -61
11 -61
11 -61
11 -62
11 -62
11 -62
11 -63
11 -64
11 -65
11 -66
11 -66
11 -68
11 -69
11 -69
11 -69
11 -69
11 -68
11 -67
11 -66
11 -66
11 -66
11 -66
11 -66
11 -66
11 -65
11 -64
11 -65
11 -64
11 -64
11 -64
11 -64
11 -64
11 -64
11 -63
11 -63
11 -63
11 -63
11 -63
11 -64
11 -64
11 -64
11 -64
11 -64
11 -64
11 -64
11 -64
11 -64
11 -64
11 -63
11 -63
11 -63
11 -63
11 -62
11 -62
11 -62
11 -62
11 -62
11 -62
11 -62
11 -62
11 -63
11 -63
11 -63
11 -63
11 -63
11 -60
11 -63
11 -63
11 -63
11 -63
11 -62
11 -62
11 -62
11 -62
11 -63
11 -63
11 -64
11 -64
11 -64
11 -64
11 -64
11 -62
11 -63
11 -62
11 -61
11 -62
11 -61
11 -61
11 -61
11 -61
11 -61
11 -61
11 -61
11 -61
11 -62
11 -61
11 -62
11 -61
11 -62
11 -61
11 -61
11 -61
11 -61
11 -61
11 -61
11 -61
11 -61
11 -61
11 -61
11 -61
11 -61
11 -61
11 -61
11 -61
11 -61
11 -62
11 -61
11 -61
11 -61
11 -31
11 -71
11 -62
11 -62
11 -61
11 -61
11 -61
11 -61
11 -61
11 -61
11 -61
11 -61
11 -61
11 -61
11 -61
11 -61
11 -61
11 -61
11 -61
11 -61
11 -61
11 -61
11 -61
11 -61
11 -61
11 -61
11 -61
11 -61
11 -61
11 -61
11 -61
11 -61
11 -61
11 -61
11 -61
11 -61
11 -61
11 -61
11 -63
11 -61
11 -61
11 -60
11 -60
11 -62
11 -64
11 -65
11 -76
11 -66
11 -65
11 -65
11 -66
11 -67
11 -67
11 -69
11 -70
11 -68
11 -66
11 -66
11 -66
11 -66
11 -66
11 -66
11 -66
11 -66
11 -65
11 -66
11 -66
11 -66
11 -66
11 -66
12 -63
12 -63
12 -62
12 -62
12 -62
12 -62
12 -62
12 -62
12 -62
12 -63
12 -62
12 -63
12 -63
12 -62
12 -63
12 -64
12 -64
12 -67
12 -73
12 -74
12 -73
12 -72
12 -70
12 -70
12 -70
12 -70
12 -68
12 -66
12 -66
12 -65
12 -65
12 -65
12 -64
12 -65
12 -64
12 -64
12 -64
12 -64
12 -64
12 -64
12 -65
12 -66
12 -65
12 -64
12 -65
12 -64
12 -64
12 -63
12 -64
12 -67
12 -63
12 -63
12 -61
12 -61
12 -60
12 -60
12 -58
12 -58
12 -59
12 -60
12 -60
12 -60
12 -60
12 -60
12 -60
12 -61
12 -60
12 -60
12 -62
12 -64
12 -66
12 -67
12 -67
12 -67
12 -67
12 -68
12 -67
12 -67
12 -67
12 -66
12 -65
12 -65
12 -68
12 -79
12 -76
12 -73
12 -74
12 -75
12 -73
12 -71
12 -73
12 -72
12 -70
12 -77
12 -72
12 -74
12 -69
12 -67
12 -68
12 -67
12 -64
12 -65
12 -65
12 -67
12 -67
12 -67
12 -67
12 -68
12 -68
12 -68
12 -68
12 -69
12 -68
12 -66
12 -65
12 -64
12 -64
12 -65
12 -67
12 -67
12 -66
12 -66
12 -66
12 -65
12 -64
12 -64
12 -65
12 -65
12 -65
12 -66
12 -65
12 -64
12 -64
12 -64
12 -64
12 -63
12 -63
12 -64
12 -64
12 -62
12 -60
12 -60
12 -60
12 -60
12 -59
12 -59
12 -59
12 -59
12 -59
12 -59
12 -60
12 -60
12 -60
12 -60
12 -60
12 -60
12 -60
12 -60
12 -60
12 -61
12 -61
12 -61
12 -61
12 -61
12 -61
12 -60
12 -60
12 -60
12 -61
12 -61
12 -61
12 -61
12 -61
12 -62
12 -62
12 -62
12 -62
12 -62
12 -63
12 -63
12 -64
12 -64
12 -65
12 -65
12 -65
12 -65
12 -65
12 -64
12 -64
12 -64
12 -64
12 -64
12 -64
12 -65
12 -65
12 -65
12 -65
12 -65
12 -64
12 -64
12 -64
12 -64
12 -64
12 -64
12 -64
12 -64
12 -64
12 -63
12 -63
12 -63
12 -63
12 -62
12 -62
12 -61
12 -61
12 -61
12 -61
12 -62
12 -61
12 -61
12 -61
12 -61
12 -62
12 -62
12 -62
12 -63
12 -63
12 -63
12 -63
12 -63
12 -63
12 -63
12 -63
12 -63
12 -63
12 -63
12 -62
12 -62
12 -62
12 -62
12 -62
12 -63
12 -64
12 -68
12 -68
12 -69
12 -67
12 -70
12 -70
12 -70
12 -72
12 -71
12 -73
12 -74
12 -72
12 -70
12 -68
12 -66
12 -66
12 -65
12 -64
12 -64
12 -64
12 -64
12 -63
12 -62
12 -62
12 -61
12 -61
12 -61
12 -60
12 -60
12 -59
12 -58
12 -58
12 -58
12 -57
12 -65
12 -57
12 -57
12 -58
12 -58
12 -58
12 -58
12 -58
12 -59
12 -63
12 -67
12 -70
12 -71
12 -72
12 -76
12 -77
12 -75
12 -72
12 -63
12 -59
12 -59
12 -61
12 -63
12 -64
12 -64
12 -65
12 -66
12 -66
12 -67
12 -69
12 -70
12 -71
12 -72
12 -72
12 -72
12 -73
12 -75
12 -75
12 -75
12 -73
12 -72
12 -71
12 -70
12 -69
12 -68
12 -67
12 -66
12 -65
12 -65
12 -64
12 -63
12 -63
12 -63
12 -64
12 -63
12 -63
12 -64
12 -64
12 -64
12 -64
12 -65
12 -65
12 -66
12 -66
12 -66
12 -66
12 -66
12 -66
12 -65
12 -65
12 -66
12 -66
12 -66
12 -67
12 -67
12 -68
12 -69
12 -69
12 -68
12 -68
12 -67
12 -67
12 -67
12 -67
12 -67
12 -66
12 -67
12 -68
12 -67
12 -67
12 -66
12 -66
12 -66
12 -66
12 -66
12 -66
12 -66
12 -65
12 -65
12 -65
12 -64
12 -64
12 -65
12 -66
12 -66
12 -66
12 -66
12 -66
12 -66
12 -66
12 -66
12 -66
12 -66
12 -66
12 -65
12 -65
12 -65
12 -66
12 -66
12 -66
12 -66
12 -66
12 -66
12 -67
12 -67
12 -67
12 -68
12 -68
12 -68
12 -68
12 -68
12 -69
12 -68
12 -67
12 -68
12 -69
12 -68
12 -68
12 -69
12 -69
12 -68
12 -69
12 -69
12 -68
12 -68
12 -68
12 -67
12 -67
12 -67
12 -67
12 -67
12 -67
12 -67
12 -68
12 -68
12 -68
12 -69
12 -68
12 -68
12 -68
12 -68
12 -68
12 -69
12 -68
12 -68
12 -68
12 -69
12 -69
12 -69
12 -69
12 -68
12 -68
12 -68
12 -68
12 -68
12 -68
12 -67
12 -69
12 -69
12 -69
12 -68
12 -30
12 -68
12 -69
12 -68
12 -70
12 -70
12 -69
12 -68
12 -68
12 -68
12 -68
12 -68
12 -68
12 -68
12 -68
12 -68
12 -68
12 -68
12 -68
12 -68
12 -68
12 -66
12 -68
12 -68
12 -68
12 -68
12 -68
12 -68
12 -67
12 -67
12 -67
12 -66
12 -64
12 -64
12 -64
12 -63
12 -62
12 -64
12 -65
12 -67
12 -67
12 -67
12 -67
12 -67
12 -68
12 -70
12 -70
12 -75
12 -82
12 -83
12 -76
12 -76
12 -79
12 -82
12 -78
12 -76
12 -77
12 -66
12 -76
12 -76
12 -78
12 -79
13 -78
13 -78
13 -79
13 -79
13 -79
13 -79
13 -80
13 -30
13 -79
13 -78
13 -81
13 -80
13 -81
13 -78
13 -80
13 -82
13 -83
13 -81
13 -82
13 -84
13 -83
13 -83
13 -83
13 -83
13 -82
13 -82
13 -79
13 -82
13 -83
13 -81
13 -83
13 -84
13 -83
13 -81
13 -84
13 -84
13 -86
13 -81
13 -80
13 -82
13 -83
13 -86
13 -84
13 -86
13 -83
13 -83
13 -84
13 -84
13 -84
13 -82
13 -83
13 -86
13 -85
13 -85
13 -82
13 -87
13 -84
13 -77
13 -83
13 -83
13 -84
13 -84
13 -84
13 -83
13 -84
13 -85
13 -84
13 -83
13 -84
13 -83
13 -82
13 -83
13 -81
13 -80
13 -78
13 -79
13 -82
13 -83
13 -81
13 -79
13 -79
13 -74
13 -80
13 -81
13 -83
13 -78
13 -78
13 -78
13 -78
13 -80
13 -81
13 -79
13 -79
13 -79
13 -79
13 -78
13 -78
13 -78
13 -78
13 -79
13 -30
13 -81
13 -84
13 -83
13 -82
13 -82
13 -83
13 -83
13 -82
13 -81
13 -78
13 -78
13 -78
13 -78
13 -78
13 -78
13 -84
13 -84
13 -83
13 -79
13 -81
13 -81
13 -82
13 -81
13 -81
13 -80
13 -80
13 -79
13 -80
13 -82
13 -83
13 -84
13 -70
13 -84
13 -83
13 -83
13 -82
13 -83
13 -78
13 -84
13 -84
13 -84
13 -84
13 -84
13 -84
13 -82
13 -83
13 -82
13 -83
13 -84
13 -83
13 -83
13 -84
13 -84
13 -85
13 -83
13 -83
13 -84
13 -83
13 -82
13 -84
13 -83
13 -84
13 -84
13 -82
13 -72
13 -81
13 -78
13 -78
13 -78
13 -78
13 -78
13 -78
13 -66
13 -78
13 -71
13 -66
13 -78
13 -79
13 -79
13 -79
13 -75
13 -78
14 -85
14 -82
14 -80
14 -80
14 -76
14 -77
14 -80
14 -82
14 -83
14 -84
14 -83
14 -82
14 -83
14 -82
14 -84
14 -84
14 -83
14 -83
14 -86
14 -85
14 -83
14 -84
14 -84
14 -84
14 -83
14 -83
14 -84
14 -86
14 -85
14 -84
14 -84
14 -83
14 -83
14 -84
14 -83
14 -86
14 -86
14 -84
14 -85
14 -88
14 -86
14 -72
14 -86
14 -86
14 -85
14 -84
14 -84
14 -84
14 -86
14 -87
14 -84
14 -85
14 -84
14 -84
14 -81
14 -83
14 -84
14 -86
14 -83
14 -82
14 -84
14 -78
14 -83
14 -82
14 -83
14 -83
14 -82
14 -83
14 -82
14 -83
14 -82
14 -66
15 -82
15 -81
15 -82
15 -82
15 -80
15 -78
15 -79
15 -80
15 -80
15 -81
15 -84
15 -84
15 -83
15 -81
15 -83
15 -84
15 -84
15 -81
15 -82
15 -84
15 -83
15 -83
15 -80
15 -85
15 -82
15 -82
15 -79
15 -79
15 -78
15 -77
15 -79
15 -83
15 -81
15 -83
15 -80
15 -84
15 -83
15 -83
15 -82
15 -80
15 -81
15 -80
15 -78
15 -78
15 -79
15 -78
15 -82
15 -81
15 -78
15 -79
15 -78
15 -76
15 -76
15 -78
15 -80
15 -80
15 -82
15 -75
15 -79
15 -78
15 -78
15 -77
15 -78
15 -79
15 -80
15 -79
15 -81
15 -78
15 -78
15 -77
15 -78
15 -78
15 -80
15 -79
15 -79
15 -80
15 -78
15 -80
15 -80
15 -80
15 -82
15 -81
15 -81
15 -82
15 -80
15 -78
15 -80
15 -78
15 -74
15 -78
15 -80
15 -79
15 -80
15 -81
15 -80
15 -82
15 -82
15 -82
15 -80
15 -82
15 -83
15 -82
15 -79
15 -80
15 -81
15 -81
15 -80
15 -82
15 -81
15 -83
15 -83
15 -81
15 -82
15 -79
15 -78
15 -78
15 -80
15 -79
15 -80
15 -80
15 -82
15 -81
15 -83
15 -83
15 -84
15 -82
15 -82
15 -82
15 -83
15 -83
15 -83
15 -82
15 -83
15 -85
15 -84
15 -84
15 -82
15 -81
15 -82
15 -79
15 -83
15 -83
15 -83
15 -82
15 -77
15 -84
15 -84
15 -84
15 -76
15 -84
15 -83
15 -82
15 -81
15 -82
15 -83
15 -81
15 -81
15 -82
15 -80
15 -80
15 -79
15 -78
15 -78
15 -77
15 -78
15 -77
15 -78
15 -72
15 -76
15 -78
15 -79
15 -80
15 -82
15 -83
15 -79
15 -83
15 -81
15 -79
15 -78
15 -78
15 -80
15 -80
15 -80
15 -81
15 -79
15 -78
15 -78
15 -78
15 -80
15 -81
15 -80
15 -80
15 -81
15 -78
15 -83
15 -83
15 -81
15 -81
15 -82
15 -79
15 -85
15 -84
15 -84
15 -84
15 -84
15 -58
15 -84
15 -85
15 -80
15 -79
15 -83
15 -82
15 -84
15 -83
15 -82
15 -82
15 -83
15 -81
15 -81
15 -80
15 -83
15 -84
15 -83
15 -81
15 -70
15 -77
15 -78
15 -76
15 -86
15 -85
15 -84
15 -83
15 -82
15 -80
15 -85
15 -84
16 -76
16 -77
16 -78
16 -78
16 -79
16 -78
16 -79
16 -80
16 -79
16 -80
16 -79
16 -81
16 -74
16 -83
16 -82
16 -77
16 -83
16 -82
16 -80
16 -83
16 -80
16 -79
16 -78
16 -78
16 -80
16 -80
16 -81
16 -81
16 -81
16 -81
16 -81
16 -78
16 -78
16 -79
16 -78
16 -78
16 -78
16 -76
16 -76
16 -76
16 -77
16 -79
16 -73
16 -77
16 -77
16 -78
16 -73
16 -81
16 -81
16 -78
16 -78
16 -75
16 -80
16 -84
16 -81
16 -80
16 -79
16 -82
16 -79
16 -77
16 -78
16 -81
16 -79
16 -82
16 -81
16 -78
16 -78
16 -67
16 -82
16 -79
16 -82
16 -81
16 -84
16 -79
16 -83
16 -82
16 -85
16 -81
16 -84
16 -83
16 -81
16 -80
16 -81
16 -77
16 -64
16 -77
16 -81
16 -83
16 -81
16 -81
16 -79
16 -77
16 -76
16 -83
16 -83
16 -83
16 -82
16 -84
16 -82
16 -81
16 -81
16 -78
16 -80
16 -82
16 -81
16 -78
16 -79
16 -80
16 -79
16 -80
16 -81
16 -80
16 -81
16 -79
16 -76
16 -80
16 -81
16 -81
16 -81
16 -83
16 -81
16 -80
16 -80
16 -80
16 -79
16 -80
16 -80
16 -80
16 -80
16 -80
16 -77
16 -81
16 -81
16 -80
16 -80
16 -80
16 -81
16 -81
16 -81
16 -79
16 -78
16 -78
16 -78
16 -79
16 -78
16 -78
16 -78
16 -78
16 -78
16 -78
16 -79
16 -80
16 -77
16 -80
16 -80
16 -81
16 -82
16 -80
16 -82
16 -82
16 -79
16 -83
16 -84
16 -85
16 -84
16 -81
16 -80
16 -78
16 -76
16 -75
16 -76
16 -76
16 -78
16 -75
16 -82
16 -81
16 -81
16 -82
16 -82
16 -83
16 -84
16 -83
16 -85
16 -84
16 -80
16 -82
16 -81
16 -78
16 -78
16 -78
16 -77
16 -78
16 -78
16 -79
16 -78
16 -79
16 -79
16 -79
16 -79
16 -80
16 -80
16 -78
16 -75
16 -73
16 -74
16 -74
16 -74
16 -74
16 -75
16 -73
16 -74
16 -73
16 -74
16 -73
16 -72
16 -75
16 -74
16 -75
16 -74
16 -74
16 -74
16 -73
16 -74
16 -75
16 -76
16 -76
16 -76
16 -77
16 -76
16 -76
16 -76
16 -76
16 -78
16 -78
16 -76
16 -76
16 -76
16 -77
16 -77
16 -78
16 -78
16 -78
16 -78
16 -78
16 -77
16 -75
16 -79
16 -78
16 -75
16 -80
16 -82
16 -82
16 -84
16 -74
16 -81
16 -75
16 -79
16 -78
16 -79
16 -79
16 -79
16 -80
16 -80
16 -81
16 -80
16 -80
16 -80
16 -83
16 -83
16 -81
16 -82
16 -74
16 -84
16 -79
16 -74
16 -87
16 -83
16 -82
16 -80
16 -82
16 -78
16 -78
16 -77
16 -81
16 -66
16 -83
16 -72
16 -82
16 -82
16 -82
17 -85
17 -84
17 -82
17 -70
17 -82
17 -83
17 -80
17 -78
17 -79
17 -78
17 -78
17 -78
17 -71
17 -78
17 -73
17 -77
17 -78
17 -78
17 -79
17 -82
17 -81
17 -83
17 -83
17 -77
17 -81
17 -79
17 -80
17 -80
17 -78
17 -78
17 -78
17 -79
17 -68
17 -78
17 -78
17 -79
17 -78
17 -78
17 -78
17 -78
17 -79
17 -79
17 -78
17 -73
17 -78
17 -78
17 -79
17 -79
17 -79
17 -78
17 -79
17 -81
17 -80
17 -79
17 -82
17 -80
17 -81
17 -81
17 -80
17 -80
17 -79
17 -80
17 -79
17 -80
17 -79
17 -78
17 -78
17 -55
17 -78
17 -78
17 -79
17 -79
17 -80
17 -80
17 -79
17 -79
17 -78
17 -79
17 -79
17 -80
17 -79
17 -79
17 -78
17 -78
17 -79
17 -78
17 -78
17 -78
17 -79
17 -78
17 -78
17 -78
17 -79
17 -80
17 -79
17 -79
17 -80
17 -80
17 -80
17 -80
17 -80
17 -79
17 -79
17 -79
17 -79
17 -78
17 -79
17 -79
17 -80
17 -81
17 -81
17 -81
17 -80
17 -80
17 -80
17 -80
17 -68
17 -78
17 -79
17 -78
17 -78
17 -78
17 -79
17 -78
17 -78
17 -78
17 -77
17 -77
17 -77
17 -77
17 -77
17 -78
17 -78
17 -81
17 -83
17 -78
17 -78
17 -83
17 -83
17 -78
17 -78
17 -65
17 -78
17 -78
17 -78
17 -78
17 -78
17 -78
17 -78
17 -78
17 -79
17 -80
17 -79
17 -82
17 -84
17 -84
17 -84
17 -84
17 -84
17 -83
17 -83
17 -83
17 -82
17 -80
17 -81
17 -80
17 -82
17 -83
17 -82
17 -72
17 -82
17 -82
17 -81
17 -82
17 -83
17 -83
17 -81
17 -80
17 -76
17 -81
17 -81
17 -80
17 -80
17 -76
17 -80
17 -80
17 -81
17 -80
17 -79
17 -80
17 -79
17 -80
17 -80
17 -80
17 -78
17 -78
17 -78
17 -77
17 -76
17 -77
17 -78
17 -78
17 -78
17 -78
17 -78
17 -78
17 -78
17 -73
17 -78
17 -78
17 -79
17 -78
17 -78
17 -78
17 -78
17 -78
17 -78
17 -78
17 -77
17 -78
17 -78
17 -75
17 -77
17 -79
17 -78
17 -76
17 -77
17 -74
17 -78
17 -76
17 -77
17 -79
17 -78
17 -60
17 -78
17 -78
17 -78
17 -78
17 -77
17 -77
17 -77
17 -77
17 -76
17 -78
17 -78
17 -78
17 -78
17 -77
17 -78
17 -78
17 -76
17 -78
17 -79
17 -79
17 -83
17 -81
17 -82
17 -82
17 -83
17 -84
17 -82
17 -82
17 -83
18 -78
18 -78
18 -79
18 -81
18 -72
18 -83
18 -83
18 -76
18 -75
18 -76
18 -76
18 -76
18 -76
18 -76
18 -76
18 -76
18 -76
18 -77
18 -78
18 -81
18 -80
18 -76
18 -76
18 -76
18 -76
18 -74
18 -74
18 -74
18 -75
18 -75
18 -76
18 -75
18 -75
18 -75
18 -76
18 -75
18 -75
18 -74
18 -74
18 -71
18 -75
18 -75
18 -74
18 -73
18 -73
18 -73
18 -72
18 -71
18 -72
18 -30
18 -70
18 -69
18 -70
18 -72
18 -71
18 -71
18 -70
18 -70
18 -70
18 -70
18 -70
18 -70
18 -70
18 -70
18 -70
18 -70
18 -71
18 -71
18 -71
18 -72
18 -72
18 -72
18 -71
18 -72
18 -70
18 -71
18 -72
18 -71
18 -72
18 -72
18 -74
18 -73
18 -73
18 -72
18 -72
18 -72
18 -72
18 -72
18 -72
18 -72
18 -70
18 -71
18 -72
18 -70
18 -71
18 -72
18 -73
18 -73
18 -73
18 -72
18 -72
18 -72
18 -73
18 -72
18 -72
18 -72
18 -72
18 -71
18 -73
18 -73
18 -72
18 -74
18 -74
18 -74
18 -75
18 -73
18 -73
18 -72
18 -73
18 -73
18 -72
18 -72
18 -72
18 -71
18 -71
18 -70
18 -70
18 -70
18 -70
18 -70
18 -70
18 -70
18 -69
18 -70
18 -70
18 -70
18 -70
18 -70
18 -70
18 -70
18 -70
18 -70
18 -70
18 -70
18 -70
18 -70
18 -70
18 -70
18 -70
18 -70
18 -70
18 -70
18 -70
18 -69
18 -70
18 -70
18 -70
18 -70
18 -71
18 -70
18 -71
18 -72
18 -71
18 -71
18 -71
18 -72
18 -72
18 -72
18 -72
18 -72
18 -30
18 -72
18 -71
18 -72
18 -72
18 -73
18 -72
18 -73
18 -73
18 -73
18 -74
18 -75
18 -72
18 -75
18 -76
18 -77
18 -78
18 -76
18 -73
18 -75
18 -74
18 -75
18 -75
18 -67
18 -74
18 -73
18 -73
18 -73
18 -73
18 -74
18 -73
18 -72
18 -60
18 -70
18 -72
18 -74
18 -74
18 -72
18 -72
18 -72
18 -72
18 -74
18 -72
18 -72
18 -74
18 -76
18 -76
18 -75
18 -74
18 -74
18 -76
18 -75
18 -73
18 -72
18 -73
18 -73
18 -73
18 -72
18 -74
18 -72
18 -70
18 -74
18 -70
18 -72
18 -72
18 -72
18 -72
18 -72
18 -72
18 -72
18 -72
18 -72
18 -73
18 -74
18 -72
18 -74
18 -75
18 -71
18 -73
18 -75
18 -75
18 -75
18 -73
18 -73
18 -71
18 -72
18 -76
18 -76
18 -76
18 -76
18 -76
18 -75
18 -76
18 -72
18 -71
18 -75
18 -80
18 -78
18 -76
18 -75
18 -75
18 -74
18 -74
18 -74
18 -72
18 -72
18 -72
18 -73
18 -74
18 -77
18 -74
18 -70
18 -70
18 -69
18 -70
18 -70
18 -70
18 -72
18 -73
18 -73
18 -74
18 -74
18 -76
18 -76
18 -78
18 -79
18 -79
18 -79
18 -81
18 -80
18 -80
18 -77
18 -80
18 -79
18 -80
18 -79
18 -78
18 -77
18 -76
18 -75
18 -73
18 -73
18 -72
18 -72
18 -73
18 -73
18 -74
18 -74
18 -74
18 -75
18 -76
18 -76
18 -76
18 -76
18 -74
18 -76
18 -75
18 -75
18 -75
18 -76
18 -75
18 -76
18 -78
18 -75
18 -79
18 -76
18 -75
18 -74
18 -73
18 -73
18 -67
18 -72
18 -73
18 -72
18 -71
18 -72
18 -70
18 -72
18 -72
18 -72
18 -72
18 -67
18 -72
18 -72
18 -72
18 -71
18 -71
18 -72
18 -72
18 -73
18 -74
18 -73
18 -73
18 -72
18 -73
18 -73
18 -73
18 -73
18 -74
18 -73
18 -73
18 -74
18 -74
18 -74
18 -74
18 -75
18 -75
18 -74
18 -76
18 -76
18 -76
18 -77
18 -76
18 -76
18 -76
18 -73
18 -75
18 -76
18 -77
18 -78
18 -79
18 -78
18 -76
18 -77
18 -78
18 -78
18 -78
18 -77
18 -77
18 -77
18 -76
18 -76
18 -76
18 -76
18 -76
18 -76
18 -75
18 -76
18 -76
18 -75
18 -76
18 -75
18 -76
18 -75
18 -76
18 -76
18 -75
18 -76
18 -76
18 -76
18 -76
18 -76
18 -69
18 -74
18 -76
18 -76
18 -76
18 -76
18 -76
18 -76
18 -74
18 -75
18 -75
18 -74
18 -75
18 -73
18 -74
18 -75
18 -75
18 -75
18 -74
18 -75
18 -74
18 -73
18 -75
18 -75
18 -76
18 -75
18 -76
18 -76
18 -75
18 -76
18 -75
18 -75
18 -74
18 -74
18 -72
18 -73
18 -73
18 -72
18 -73
18 -73
18 -71
18 -70
18 -72
18 -72
18 -71
18 -72
18 -72
18 -72
18 -73
18 -73
18 -72
18 -72
18 -73
18 -65
18 -72
18 -72
18 -72
18 -72
18 -72
18 -72
18 -71
18 -72
18 -72
18 -72
18 -71
18 -72
18 -72
18 -71
18 -71
19 -64
19 -84
19 -85
19 -74
19 -54
19 -81
19 -81
19 -76
19 -82
19 -83
19 -83
19 -83
19 -81
19 -81
19 -80
19 -81
19 -80
19 -79
19 -81
19 -79
19 -78
19 -78
19 -79
19 -80
19 -81
19 -81
19 -80
19 -80
19 -81
19 -80
19 -79
19 -85
19 -84
19 -84
19 -84
19 -84
19 -85
19 -84
19 -84
19 -84
19 -86
19 -84
19 -85
19 -77
19 -72
19 -86
19 -87
19 -88
19 -84
19 -84
19 -84
19 -84
19 -84
19 -86
19 -85
19 -84
19 -84
20 -76
20 -76
20 -76
20 -76
20 -77
20 -76
20 -78
20 -78
20 -78
20 -82
20 -82
20 -82
20 -80
20 -83
20 -81
20 -85
20 -82
20 -86
20 -81
20 -81
20 -83
20 -81
20 -81
20 -84
20 -84
20 -51
20 -84
20 -80
20 -81
20 -83
20 -82
20 -82
20 -73
20 -82
20 -82
20 -81
20 -82
20 -82
20 -82
20 -82
20 -85
20 -84
20 -84
20 -83
20 -84
20 -76
20 -82
20 -82
20 -81
20 -81
20 -80
20 -82
20 -83
20 -83
20 -83
20 -77
20 -83
20 -83
20 -83
20 -81
20 -84
20 -84
20 -84
20 -84
20 -83
20 -75
20 -84
20 -85
20 -85
20 -86
20 -83
20 -82
20 -85
20 -70
20 -84
20 -85
20 -86
20 -85
20 -84
20 -84
20 -84
20 -83
20 -79
20 -80
20 -78
20 -78
20 -78
20 -75
20 -76
20 -79
20 -80
20 -84
20 -84
20 -80
20 -78
20 -79
20 -78
20 -77
20 -77
20 -77
20 -76
20 -76
20 -76
20 -76
20 -78
20 -78
20 -77
20 -80
20 -83
20 -82
20 -64
20 -82
20 -80
20 -78
20 -77
20 -78
20 -78
20 -76
20 -77
20 -77
20 -78
20 -78
20 -76
20 -77
20 -77
20 -77
20 -78
20 -78
20 -78
20 -77
20 -76
20 -77
20 -78
20 -76
20 -76
20 -75
20 -76
20 -75
20 -75
20 -75
20 -75
20 -76
20 -76
20 -76
20 -76
20 -76
20 -78
20 -78
20 -77
20 -75
20 -77
20 -78
20 -80
20 -82
20 -77
20 -79
20 -78
20 -73
20 -78
20 -78
20 -74
20 -78
20 -78
20 -76
20 -76
20 -76
20 -76
20 -76
20 -76
20 -76
20 -76
20 -77
20 -77
20 -78
20 -78
20 -77
20 -78
20 -78
20 -75
20 -78
20 -78
20 -77
20 -57
20 -78
20 -79
20 -78
20 -78
20 -79
20 -79
20 -80
20 -83
20 -83
20 -83
20 -82
20 -82
20 -82
20 -81
20 -80
20 -76
20 -81
20 -80
20 -81
20 -82
20 -82
20 -82
20 -82
20 -76
20 -82
20 -81
20 -81
20 -79
20 -81
20 -80
20 -80
20 -78
20 -80
20 -79
20 -78
20 -79
20 -79
20 -79
20 -78
20 -80
20 -81
20 -80
20 -80
20 -80
20 -81
20 -81
20 -81
20 -81
20 -77
20 -79
20 -81
20 -80
20 -81
20 -79
20 -78
20 -78
20 -79
20 -80
20 -78
20 -72
20 -80
20 -81
20 -83
20 -81
20 -81
20 -81
20 -70
20 -80
20 -81
20 -83
20 -80
20 -67
20 -82
20 -82
21 -73
21 -73
21 -74
21 -75
21 -75
21 -76
21 -76
21 -75
21 -75
21 -85
21 -84
21 -78
21 -78
21 -81
21 -76
21 -81
21 -81
21 -78
21 -78
21 -78
21 -78
21 -77
21 -76
21 -78
21 -76
21 -76
21 -76
21 -76
21 -77
21 -77
21 -78
21 -82
21 -81
21 -79
21 -80
21 -79
21 -80
21 -76
21 -76
21 -76
21 -81
21 -79
21 -77
21 -79
21 -78
21 -82
21 -80
21 -81
21 -81
21 -81
21 -80
21 -78
21 -86
21 -81
21 -61
21 -84
21 -82
21 -81
21 -80
21 -83
21 -82
21 -82
21 -83
21 -82
21 -82
21 -82
21 -81
21 -82
21 -82
21 -83
21 -81
21 -82
21 -81
21 -81
21 -83
21 -83
21 -82
21 -82
21 -82
21 -82
21 -81
21 -81
21 -82
21 -82
21 -76
21 -78
21 -78
21 -78
21 -77
21 -77
21 -76
21 -77
21 -77
21 -73
21 -77
21 -77
21 -79
21 -78
21 -78
21 -80
21 -80
21 -80
21 -81
21 -80
21 -79
21 -81
21 -80
21 -79
21 -81
21 -77
21 -76
21 -76
21 -77
21 -78
21 -82
21 -82
21 -82
21 -81
21 -81
21 -82
21 -83
21 -85
21 -79
21 -79
21 -80
21 -80
21 -79
21 -78
21 -78
21 -79
21 -78
21 -78
21 -78
21 -78
21 -42
21 -79
21 -81
21 -81
21 -80
21 -79
21 -80
21 -78
21 -78
21 -77
21 -76
21 -76
21 -76
21 -76
21 -76
21 -76
21 -76
21 -75
21 -75
21 -76
21 -76
21 -76
21 -76
21 -76
21 -82
21 -83
21 -82
21 -83
21 -84
21 -80
21 -79
21 -83
21 -35
21 -79
21 -81
21 -79
21 -78
21 -79
21 -76
21 -76
21 -75
21 -75
21 -76
21 -76
21 -64
21 -75
21 -75
21 -74
21 -74
21 -75
21 -75
21 -76
21 -74
21 -80
21 -81
21 -81
21 -79
21 -79
21 -79
21 -76
21 -80
21 -78
21 -79
21 -78
21 -77
21 -77
21 -76
21 -73
21 -78
21 -77
21 -79
21 -81
21 -82
21 -80
21 -78
21 -78
21 -79
21 -78
21 -78
21 -80
21 -81
21 -78
21 -78
21 -77
21 -72
21 -80
21 -80
21 -78
21 -79
21 -77
21 -78
21 -81
21 -80
21 -73
21 -81
21 -83
21 -82
21 -83
21 -82
21 -81
21 -83
21 -83
21 -83
21 -84
22 -76
22 -75
22 -76
22 -76
22 -67
22 -76
22 -76
22 -76
22 -75
22 -79
22 -78
22 -76
22 -78
22 -77
22 -81
22 -80
22 -79
22 -78
22 -77
22 -78
22 -78
22 -76
22 -75
22 -76
22 -76
22 -78
22 -78
22 -79
22 -79
22 -81
22 -78
22 -77
22 -54
22 -76
22 -76
22 -78
22 -78
22 -77
22 -77
22 -77
22 -78
22 -80
22 -74
22 -79
22 -79
22 -79
22 -78
22 -77
22 -77
22 -76
22 -76
22 -76
22 -75
22 -76
22 -76
22 -75
22 -76
22 -75
22 -76
22 -76
22 -76
22 -75
22 -76
22 -76
22 -75
22 -76
22 -76
22 -76
22 -76
22 -75
22 -58
22 -75
22 -74
22 -74
22 -72
22 -75
22 -76
22 -72
22 -75
22 -75
22 -75
22 -76
22 -76
22 -76
22 -75
22 -75
22 -76
22 -76
22 -75
22 -75
22 -74
22 -74
22 -73
22 -74
22 -75
22 -75
22 -75
22 -75
22 -75
22 -75
22 -76
22 -76
22 -76
22 -77
22 -76
22 -75
22 -75
22 -75
22 -75
22 -76
22 -76
22 -76
22 -76
22 -73
22 -76
22 -76
22 -76
22 -76
22 -76
22 -76
22 -76
22 -76
22 -75
22 -75
22 -75
22 -76
22 -76
22 -75
22 -71
22 -73
22 -74
22 -75
22 -76
22 -76
22 -76
22 -76
22 -76
22 -76
22 -76
22 -70
22 -76
22 -78
22 -77
22 -76
22 -76
22 -77
22 -78
22 -76
22 -76
22 -76
22 -76
22 -77
22 -76
22 -75
22 -76
22 -76
22 -75
22 -75
22 -75
22 -75
22 -76
22 -76
22 -76
22 -75
22 -75
22 -75
22 -76
22 -75
22 -75
22 -75
22 -75
22 -75
22 -76
22 -75
22 -75
22 -76
22 -75
22 -75
22 -75
22 -75
22 -76
22 -76
22 -76
22 -76
22 -75
22 -75
22 -76
22 -75
22 -75
22 -75
22 -75
22 -76
22 -76
22 -76
22 -76
22 -76
22 -76
22 -76
22 -76
22 -75
22 -76
22 -76
22 -76
22 -75
22 -76
22 -76
22 -75
22 -75
22 -75
22 -75
22 -75
22 -75
22 -75
22 -76
22 -76
22 -77
22 -76
22 -78
22 -76
22 -76
22 -77
22 -76
22 -76
22 -76
22 -76
22 -75
22 -74
22 -75
22 -75
22 -76
22 -76
22 -76
22 -77
22 -76
22 -76
22 -59
22 -76
22 -76
22 -77
22 -77
22 -76
22 -77
22 -76
22 -76
22 -78
22 -76
22 -76
22 -77
22 -77
22 -68
22 -75
22 -76
22 -76
22 -77
22 -78
22 -77
22 -78
22 -52
22 -81
22 -84
22 -85
22 -82
22 -78
22 -72
22 -86
22 -84
22 -79
22 -76
22 -76
22 -75
22 -66
22 -60
22 -76
22 -77
22 -80
22 -82
22 -82
22 -83
22 -81
22 -79
22 -80
22 -78
22 -81
22 -81
22 -81
22 -81
22 -81
22 -82
22 -81
22 -79
22 -78
22 -78
22 -84
22 -84
22 -81
22 -81
22 -81
22 -80
22 -79
22 -79
22 -77
22 -79
22 -82
22 -82
22 -70
22 -83
22 -80
22 -82
22 -83
22 -81
22 -76
22 -80
22 -81
22 -82
22 -80
22 -82
22 -82
22 -81
22 -78
22 -81
22 -81
22 -80
22 -80
22 -80
22 -80
22 -76
22 -79
22 -78
22 -78
22 -78
22 -78
22 -76
22 -76
22 -76
22 -76
22 -77
22 -78
22 -78
22 -78
22 -78
22 -78
22 -78
22 -76
22 -78
22 -78
22 -80
22 -80
22 -79
22 -79
22 -78
22 -78
22 -78
22 -78
22 -79
22 -80
22 -79
22 -78
22 -78
22 -79
22 -76
22 -77
22 -76
22 -72
22 -78
22 -78
22 -75
22 -76
22 -77
22 -76
22 -74
22 -76
22 -76
22 -76
22 -75
22 -76
22 -76
22 -77
22 -75
22 -76
22 -75
22 -76
22 -76
22 -76
22 -76
22 -77
22 -77
22 -83
22 -78
22 -79
22 -80
22 -79
22 -83
22 -81
22 -79
22 -55
22 -78
22 -78
22 -81
22 -82
22 -76
22 -81
22 -82
22 -78
22 -81
22 -78
23 -74
23 -73
23 -74
23 -74
23 -75
23 -76
23 -76
23 -76
23 -75
23 -75
23 -75
23 -74
23 -75
23 -77
23 -75
23 -73
23 -76
23 -75
23 -75
23 -76
23 -76
23 -75
23 -75
23 -76
23 -76
23 -76
23 -70
23 -77
23 -78
23 -80
23 -77
23 -76
23 -76
23 -76
23 -76
23 -76
23 -75
23 -75
23 -74
23 -75
23 -75
23 -76
23 -76
23 -76
23 -76
23 -76
23 -75
23 -74
23 -73
23 -73
23 -69
23 -74
23 -73
23 -74
23 -74
23 -75
23 -74
23 -75
23 -75
23 -74
23 -74
23 -73
23 -74
23 -74
23 -73
23 -73
23 -73
23 -73
23 -73
23 -73
23 -73
23 -73
23 -73
23 -73
23 -72
23 -73
23 -73
23 -73
23 -73
23 -73
23 -74
23 -76
23 -78
23 -78
23 -78
23 -78
23 -78
23 -79
23 -62
23 -83
23 -80
23 -76
23 -78
23 -77
23 -76
23 -71
23 -78
23 -79
23 -78
23 -80
23 -78
23 -77
23 -76
23 -76
23 -75
23 -75
23 -76
23 -76
23 -76
23 -78
23 -78
23 -76
23 -76
23 -76
23 -76
23 -76
23 -75
23 -74
23 -75
23 -74
23 -73
23 -73
23 -73
23 -73
23 -73
23 -72
23 -73
23 -73
23 -74
23 -74
23 -75
23 -76
23 -66
23 -76
23 -75
23 -76
23 -76
23 -76
23 -76
23 -76
23 -75
23 -76
23 -76
23 -75
23 -75
23 -75
23 -75
23 -75
23 -75
23 -75
23 -75
23 -75
23 -75
23 -75
23 -75
23 -75
23 -75
23 -75
23 -76
23 -75
23 -76
23 -75
23 -76
23 -76
23 -76
23 -76
23 -76
23 -76
23 -76
23 -77
23 -79
23 -79
23 -80
23 -70
23 -79
23 -78
23 -65
23 -79
23 -79
23 -79
23 -79
23 -79
23 -80
23 -80
23 -81
23 -82
23 -82
23 -83
23 -82
23 -82
23 -81
23 -87
23 -85
23 -85
23 -85
23 -81
23 -82
23 -83
23 -83
23 -83
23 -83
23 -83
23 -83
23 -83
23 -82
23 -80
23 -83
23 -80
23 -78
23 -76
23 -75
23 -74
23 -73
23 -74
23 -75
23 -75
23 -73
23 -73
23 -74
23 -76
23 -78
23 -78
23 -77
23 -77
23 -76
23 -75
23 -75
23 -75
23 -75
23 -74
23 -74
23 -74
23 -73
23 -74
23 -72
23 -73
23 -73
23 -73
23 -75
23 -76
23 -76
23 -77
23 -79
23 -75
23 -78
23 -77
23 -77
23 -77
23 -78
23 -78
23 -78
23 -78
23 -79
23 -61
23 -79
23 -78
23 -66
23 -78
23 -78
23 -78
23 -78
23 -79
23 -81
23 -82
23 -85
23 -81
23 -81
23 -79
23 -80
23 -79
23 -78
23 -78
23 -78
23 -77
23 -76
23 -78
23 -79
23 -78
23 -78
23 -78
23 -80
23 -80
23 -81
23 -79
23 -80
23 -79
23 -79
23 -78
23 -79
23 -78
23 -80
23 -80
23 -79
23 -59
23 -80
23 -80
23 -79
23 -78
23 -79
23 -79
23 -79
23 -79
23 -78
23 -78
23 -78
23 -78
23 -78
23 -78
23 -78
23 -78
23 -78
23 -78
23 -78
23 -78
23 -78
23 -78
23 -78
23 -78
23 -77
23 -77
23 -78
23 -77
23 -77
23 -77
23 -76
23 -76
23 -77
23 -77
23 -77
23 -76
23 -78
23 -76
23 -78
23 -77
23 -78
23 -78
23 -78
23 -78
23 -78
23 -78
23 -64
23 -78
23 -78
23 -77
23 -78
23 -74
23 -77
23 -77
23 -77
23 -78
23 -78
23 -74
23 -78
23 -74
23 -77
23 -77
23 -77
23 -73
23 -64
23 -60
23 -76
23 -76
23 -76
23 -76
23 -82
23 -75
23 -75
23 -75
23 -76
23 -76
23 -75
23 -76
23 -76
23 -76
23 -78
23 -80
23 -76
23 -76
23 -76
23 -78
23 -78
23 -76
23 -80
23 -76
23 -76
24 -66
24 -67
24 -66
24 -66
24 -66
24 -66
24 -65
24 -66
24 -66
24 -65
24 -65
24 -77
24 -66
24 -67
24 -67
24 -67
24 -66
24 -68
24 -69
24 -68
24 -68
24 -68
24 -69
24 -68
24 -67
24 -68
24 -70
24 -71
24 -71
24 -70
24 -69
24 -70
24 -72
24 -82
24 -78
24 -78
24 -78
24 -78
24 -78
24 -77
24 -75
24 -73
24 -74
24 -77
24 -83
24 -79
24 -83
24 -83
24 -82
24 -80
24 -77
24 -77
24 -75
24 -75
24 -77
24 -78
24 -76
24 -75
24 -75
24 -76
24 -76
24 -76
24 -75
24 -75
24 -75
24 -77
24 -76
24 -75
24 -72
24 -72
24 -71
24 -70
24 -70
24 -70
24 -70
24 -68
24 -68
24 -69
24 -68
24 -67
24 -67
24 -67
24 -67
24 -69
24 -70
24 -70
24 -72
24 -72
24 -70
24 -70
24 -70
24 -71
24 -71
24 -70
24 -70
24 -72
24 -72
24 -70
24 -70
24 -70
24 -69
24 -69
24 -69
24 -69
24 -70
24 -70
24 -70
24 -69
24 -68
24 -69
24 -69
24 -68
24 -69
24 -69
24 -70
24 -69
24 -69
24 -69
24 -70
24 -70
24 -70
24 -69
24 -70
24 -70
24 -71
24 -70
24 -71
24 -71
24 -70
24 -70
24 -70
24 -70
24 -70
24 -70
24 -70
24 -70
24 -70
24 -70
24 -70
24 -70
24 -70
24 -70
24 -70
24 -70
24 -70
24 -70
24 -70
24 -70
24 -70
24 -70
24 -70
24 -70
24 -70
24 -70
24 -70
24 -70
24 -70
24 -70
24 -70
24 -70
24 -71
24 -70
24 -71
24 -70
24 -70
24 -70
24 -70
24 -70
24 -57
24 -70
24 -70
24 -70
24 -70
24 -70
24 -70
24 -70
24 -70
24 -70
24 -70
24 -70
24 -70
24 -70
24 -70
24 -70
24 -70
24 -70
24 -70
24 -70
24 -70
24 -70
24 -70
24 -70
24 -70
24 -70
24 -70
24 -70
24 -70
24 -70
24 -70
24 -70
24 -70
24 -70
24 -70
24 -70
24 -70
24 -70
24 -70
24 -70
24 -70
24 -70
24 -70
24 -70
24 -70
24 -70
24 -70
24 -70
24 -70
24 -70
24 -70
24 -70
24 -70
24 -70
24 -70
24 -70
24 -70
24 -70
24 -70
24 -70
24 -70
24 -73
24 -73
24 -71
24 -71
24 -70
24 -70
24 -69
24 -70
24 -70
24 -70
24 -70
24 -70
24 -70
24 -70
24 -70
24 -70
24 -71
24 -72
24 -71
24 -70
24 -70
24 -70
24 -70
24 -70
24 -70
24 -70
24 -70
24 -70
24 -70
24 -70
24 -70
24 -70
24 -70
24 -70
24 -70
24 -72
24 -71
24 -71
24 -72
24 -71
24 -72
24 -72
24 -72
24 -73
24 -72
24 -72
24 -71
24 -71
24 -72
24 -71
24 -72
24 -73
24 -70
24 -75
24 -79
24 -76
24 -74
24 -76
24 -78
24 -70
24 -77
24 -76
24 -73
24 -72
24 -72
24 -72
24 -72
24 -73
24 -73
24 -72
24 -72
24 -72
24 -72
24 -73
24 -73
24 -73
24 -72
24 -73
24 -72
24 -72
24 -74
24 -74
24 -75
24 -76
24 -81
24 -71
24 -80
24 -82
24 -80
24 -82
24 -81
24 -81
24 -82
24 -79
24 -77
24 -76
24 -76
24 -77
24 -74
24 -76
24 -78
24 -82
24 -82
24 -79
24 -77
24 -77
24 -78
24 -76
24 -76
24 -78
24 -80
24 -83
24 -79
24 -80
24 -79
24 -70
24 -77
24 -76
24 -76
24 -76
24 -76
24 -76
24 -75
24 -76
24 -79
24 -79
24 -85
24 -84
24 -80
24 -79
24 -78
24 -77
24 -77
24 -77
24 -78
24 -80
24 -81
24 -78
24 -76
24 -76
24 -76
24 -75
24 -75
24 -75
24 -75
24 -76
24 -76
24 -76
24 -76
24 -77
24 -77
24 -78
24 -77
24 -80
24 -82
24 -81
24 -80
24 -82
24 -82
24 -82
24 -81
24 -79
24 -68
24 -80
24 -82
24 -81
24 -81
24 -81
24 -76
24 -79
24 -78
24 -78
24 -78
24 -78
24 -78
24 -77
24 -77
24 -78
24 -78
24 -78
24 -78
24 -79
24 -79
24 -80
24 -80
24 -79
24 -80
24 -79
24 -81
24 -80
24 -80
24 -76
24 -79
24 -79
24 -78
24 -78
24 -78
24 -79
24 -79
24 -80
24 -79
24 -76
24 -78
24 -76
24 -73
24 -76
24 -76
24 -76
24 -81
24 -83
24 -70
24 -69
24 -66
24 -68
24 -69
24 -68
24 -69
24 -68
25 -84
25 -84
25 -83
25 -88
25 -83
25 -84
25 -85
25 -86
25 -79
25 -85
25 -86
25 -84
25 -86
25 -85
25 -83
25 -84
25 -83
25 -83
25 -84
25 -83
25 -64
25 -83
25 -81
25 -83
25 -84
25 -86
25 -84
25 -70
25 -86
25 -85
25 -86
25 -84
25 -83
25 -84
25 -84
25 -84
25 -83
26 -87
26 -79
26 -84
26 -83
26 -85
26 -82
26 -82
26 -80
26 -80
26 -80
26 -80
26 -82
26 -81
26 -80
26 -81
26 -78
26 -78
26 -80
26 -81
26 -80
26 -81
26 -78
26 -79
26 -80
26 -83
26 -82
26 -82
26 -80
26 -82
26 -82
26 -80
26 -82
26 -81
26 -81
26 -74
26 -76
26 -80
26 -82
26 -82
26 -79
26 -81
26 -85
26 -78
26 -79
26 -78
26 -78
26 -78
26 -79
26 -79
26 -80
26 -79
26 -80
26 -80
26 -79
26 -78
26 -79
26 -79
26 -80
26 -81
26 -80
26 -73
26 -81
26 -70
26 -81
26 -79
26 -82
26 -83
26 -83
26 -83
26 -82
26 -82
26 -79
26 -78
26 -80
26 -81
26 -81
26 -80
26 -81
26 -82
26 -82
26 -78
26 -81
26 -82
26 -81
26 -80
26 -81
26 -82
26 -79
26 -82
26 -82
26 -82
26 -81
26 -80
26 -81
26 -83
26 -83
26 -83
26 -76
26 -82
26 -84
26 -83
26 -73
26 -82
26 -82
26 -80
26 -83
26 -83
26 -84
26 -77
26 -83
26 -83
26 -86
26 -84
26 -86
26 -84
26 -83
26 -84
26 -84
26 -83
26 -83
26 -81
26 -81
26 -82
26 -82
26 -80
26 -79
26 -82
26 -81
26 -80
26 -78
26 -80
26 -82
26 -85
26 -82
26 -80
26 -80
26 -78
26 -77
26 -78
26 -78
26 -78
26 -78
26 -78
26 -78
26 -79
26 -78
26 -79
26 -79
26 -78
26 -78
26 -78
26 -77
26 -78
26 -77
26 -76
26 -76
26 -76
26 -77
26 -78
26 -77
26 -76
26 -76
26 -73
26 -76
26 -76
26 -76
26 -77
26 -78
26 -78
26 -78
26 -78
26 -78
26 -79
26 -78
26 -79
26 -79
26 -80
26 -64
26 -81
26 -80
26 -80
26 -81
26 -80
26 -80
26 -80
26 -80
26 -79
26 -78
26 -78
26 -78
26 -76
26 -76
26 -78
26 -78
26 -76
26 -77
26 -77
26 -76
26 -76
26 -77
26 -76
26 -77
26 -76
26 -77
26 -77
26 -77
26 -78
26 -76
26 -76
26 -76
26 -76
26 -78
26 -76
26 -78
26 -78
26 -79
26 -80
26 -78
26 -79
26 -78
26 -78
26 -77
26 -73
26 -76
26 -75
26 -78
26 -76
26 -77
26 -77
26 -78
26 -76
26 -77
26 -76
26 -46
26 -78
26 -78
26 -79
26 -78
26 -79
26 -78
26 -79
26 -78
26 -78
26 -79
26 -78
26 -78
26 -78
26 -78
26 -78
26 -78
26 -77
26 -77
26 -78
26 -76
26 -77
26 -77
26 -77
26 -77
26 -77
26 -77
26 -78
26 -78
26 -77
26 -76
26 -76
26 -77
26 -76
26 -76
26 -76
26 -74
26 -76
26 -76
26 -76
26 -76
26 -77
26 -76
26 -77
26 -79
26 -76
26 -76
26 -76
26 -76
26 -76
26 -76
26 -64
26 -77
26 -78
26 -78
26 -78
26 -78
26 -78
26 -78
26 -77
26 -78
26 -78
26 -76
27 -68
27 -83
27 -83
27 -69
27 -81
27 -82
27 -75
27 -82
27 -84
27 -83
27 -82
27 -83
27 -79
27 -79
27 -79
27 -79
27 -79
27 -80
27 -79
27 -79
27 -79
27 -80
27 -80
27 -79
27 -79
27 -81
27 -81
27 -80
27 -83
27 -80
27 -80
27 -79
27 -76
27 -80
27 -81
27 -82
27 -82
27 -83
27 -83
27 -83
27 -75
27 -78
27 -78
27 -77
27 -76
27 -76
27 -76
27 -76
27 -77
27 -77
27 -75
27 -75
27 -75
27 -76
27 -76
27 -77
27 -80
27 -81
27 -84
27 -72
27 -80
27 -80
27 -78
27 -78
27 -78
27 -78
27 -76
27 -77
27 -78
27 -78
27 -78
27 -79
27 -80
27 -80
27 -78
27 -76
27 -76
27 -77
27 -78
27 -79
27 -77
27 -80
27 -78
27 -83
27 -83
27 -84
27 -84
27 -83
27 -60
27 -82
27 -81
27 -82
27 -76
27 -76
27 -79
27 -79
27 -78
27 -79
27 -78
27 -76
27 -76
27 -76
27 -76
27 -76
27 -75
27 -76
27 -76
27 -76
27 -76
27 -76
27 -76
27 -76
27 -76
27 -76
27 -76
27 -76
27 -75
27 -76
27 -76
27 -76
27 -75
27 -76
27 -76
27 -71
27 -76
27 -75
27 -75
27 -75
27 -75
27 -75
27 -75
27 -75
27 -75
27 -75
27 -75
27 -75
27 -75
27 -75
27 -75
27 -74
27 -75
27 -75
27 -74
27 -75
27 -75
27 -75
27 -74
27 -74
27 -74
27 -75
27 -74
27 -75
27 -75
27 -74
27 -75
27 -74
27 -72
27 -74
27 -74
27 -74
27 -74
27 -74
27 -61
27 -75
27 -75
27 -75
27 -75
27 -75
27 -75
27 -75
27 -74
27 -75
27 -75
27 -75
27 -75
27 -76
27 -75
27 -75
27 -75
27 -75
27 -74
27 -74
27 -74
27 -75
27 -60
27 -74
27 -74
27 -74
27 -74
27 -74
27 -74
27 -74
27 -73
27 -74
27 -57
27 -74
27 -74
27 -75
27 -75
27 -74
27 -75
27 -75
27 -74
27 -76
27 -76
27 -76
27 -77
27 -82
27 -75
27 -75
27 -76
27 -77
27 -78
27 -79
27 -78
27 -81
27 -83
27 -83
27 -83
27 -83
27 -83
27 -83
27 -85
27 -81
27 -79
27 -78
27 -78
27 -77
27 -77
27 -76
27 -77
27 -77
27 -76
27 -77
27 -77
27 -77
27 -77
27 -76
27 -78
27 -77
27 -77
27 -77
27 -77
27 -77
27 -79
27 -78
27 -79
27 -80
27 -81
27 -82
27 -82
27 -82
27 -64
27 -86
27 -85
27 -81
27 -74
27 -78
27 -78
27 -78
27 -78
27 -78
27 -78
27 -78
27 -78
27 -78
27 -76
27 -76
27 -76
27 -72
27 -76
27 -76
27 -76
27 -76
27 -75
27 -76
27 -76
27 -75
27 -74
27 -74
27 -74
27 -74
27 -74
27 -73
27 -61
27 -72
27 -74
27 -73
27 -73
27 -74
27 -74
27 -74
27 -74
27 -75
27 -75
27 -75
27 -75
27 -75
27 -75
27 -75
27 -75
27 -75
27 -72
27 -74
27 -74
27 -75
27 -75
27 -75
27 -75
27 -74
27 -74
27 -74
27 -74
27 -75
27 -75
27 -74
27 -75
27 -75
27 -75
27 -75
27 -75
27 -75
27 -75
27 -75
27 -75
27 -75
27 -75
27 -76
27 -64
27 -73
27 -74
27 -75
27 -74
27 -74
27 -74
27 -74
27 -74
27 -75
27 -66
27 -75
27 -75
27 -76
27 -76
27 -76
27 -76
27 -77
27 -77
27 -77
27 -76
27 -76
27 -76
27 -76
27 -76
27 -76
27 -76
27 -77
27 -79
27 -80
27 -81
27 -83
27 -82
27 -80
27 -79
28 -83
28 -84
28 -83
28 -82
28 -83
28 -83
28 -78
28 -83
28 -83
28 -84
28 -82
28 -81
28 -81
28 -72
28 -82
28 -76
28 -80
28 -82
28 -83
28 -77
28 -81
28 -83
28 -81
28 -82
28 -81
28 -80
28 -80
28 -76
28 -81
28 -81
28 -85
28 -83
28 -85
28 -84
28 -85
28 -86
28 -83
28 -84
28 -86
28 -83
28 -85
28 -84
28 -84
28 -82
28 -82
28 -84
28 -76
28 -84
28 -87
28 -83
28 -83
28 -84
28 -84
28 -84
28 -84
28 -84
28 -84
28 -83
28 -83
28 -83
28 -83
28 -84
28 -84
28 -83
28 -83
28 -82
28 -84
28 -83
28 -81
28 -80
28 -81
28 -82
28 -81
28 -83
28 -82
28 -81
28 -82
28 -81
28 -81
28 -82
28 -81
28 -81
28 -72
28 -81
28 -80
28 -80
28 -80
28 -81
28 -81
28 -79
28 -80
28 -79
28 -79
28 -79
28 -79
28 -78
28 -78
28 -79
28 -80
28 -82
28 -82
28 -82
28 -81
28 -79
28 -72
28 -79
28 -80
28 -84
28 -85
28 -84
28 -84
28 -79
28 -80
28 -79
28 -79
28 -78
28 -78
28 -78
28 -78
28 -78
28 -78
28 -78
28 -79
28 -78
28 -78
28 -64
28 -78
28 -79
28 -79
28 -79
28 -79
28 -82
28 -79
28 -79
28 -79
28 -78
28 -78
28 -79
28 -78
28 -80
28 -79
28 -79
28 -79
28 -79
28 -79
28 -79
28 -79
28 -78
28 -80
28 -79
28 -80
28 -80
28 -78
28 -80
28 -80
28 -80
28 -79
28 -78
28 -78
28 -74
28 -78
28 -77
28 -78
28 -78
28 -78
28 -79
28 -79
28 -79
28 -72
28 -80
28 -79
28 -80
28 -79
28 -80
28 -79
28 -80
28 -80
28 -79
28 -79
28 -79
28 -80
28 -81
28 -78
28 -81
28 -81
28 -80
28 -80
28 -79
28 -80
28 -81
28 -79
28 -79
28 -80
28 -79
28 -80
28 -79
28 -80
28 -79
28 -79
28 -80
28 -80
28 -79
28 -80
28 -80
28 -80
28 -80
28 -80
28 -79
28 -79
28 -79
28 -78
28 -79
28 -78
28 -79
28 -80
28 -79
28 -79
28 -79
28 -79
28 -78
28 -79
28 -68
28 -74
28 -79
28 -76
28 -79
28 -79
28 -78
28 -78
28 -78
28 -79
28 -80
28 -79
28 -80
28 -82
28 -81
28 -81
28 -80
28 -81
28 -82
28 -82
28 -83
28 -82
28 -81
28 -81
28 -81
28 -81
28 -81
28 -79
28 -79
28 -81
28 -81
28 -81
29 -79
29 -80
29 -68
29 -81
29 -79
29 -81
29 -82
29 -74
29 -78
29 -78
29 -78
29 -77
29 -78
29 -77
29 -76
29 -76
29 -76
29 -77
29 -76
29 -76
29 -76
29 -77
29 -77
29 -76
29 -76
29 -76
29 -76
29 -76
29 -76
29 -77
29 -76
29 -76
29 -77
29 -76
29 -76
29 -78
29 -46
29 -76
29 -76
29 -78
29 -78
29 -77
29 -78
29 -77
29 -78
29 -77
29 -78
29 -78
29 -78
29 -79
29 -79
29 -80
29 -81
29 -82
29 -68
29 -81
29 -80
29 -79
29 -66
29 -80
29 -67
29 -79
29 -80
29 -78
29 -78
29 -78
29 -79
29 -80
29 -81
29 -70
29 -81
29 -81
29 -82
29 -79
29 -80
29 -79
29 -75
29 -80
29 -79
29 -81
29 -81
29 -64
29 -80
29 -65
29 -78
29 -79
29 -78
29 -77
29 -78
29 -76
29 -77
29 -76
29 -77
29 -76
29 -77
29 -76
29 -77
29 -77
29 -76
29 -76
29 -77
29 -77
29 -63
29 -78
29 -78
29 -77
29 -78
29 -78
29 -76
29 -76
29 -78
29 -77
29 -77
29 -77
29 -78
29 -74
29 -77
29 -77
29 -77
29 -77
29 -77
29 -78
29 -78
29 -78
29 -54
29 -78
29 -79
29 -78
29 -79
29 -79
29 -79
29 -80
29 -79
29 -79
29 -79
29 -78
29 -78
29 -78
29 -75
29 -70
29 -77
29 -77
29 -77
29 -73
29 -77
29 -77
29 -77
29 -78
29 -78
29 -78
29 -78
29 -79
29 -78
29 -79
29 -78
29 -78
29 -78
29 -78
29 -78
29 -71
29 -80
29 -66
29 -79
29 -79
29 -79
29 -79
29 -78
29 -78
29 -79
29 -78
29 -79
29 -79
29 -78
29 -78
29 -78
29 -78
29 -78
29 -78
29 -78
29 -78
29 -78
29 -78
29 -77
29 -77
29 -76
29 -76
29 -76
29 -76
29 -76
29 -76
29 -76
29 -76
29 -76
29 -76
29 -76
29 -76
29 -75
29 -75
29 -75
29 -75
29 -76
29 -76
29 -70
29 -78
29 -77
29 -76
29 -74
29 -75
29 -76
29 -77
29 -79
29 -81
29 -82
29 -84
29 -82
29 -84
29 -87
29 -84
29 -83
29 -82
29 -81
29 -79
29 -75
29 -78
29 -77
29 -77
29 -77
29 -78
29 -78
29 -77
29 -78
29 -73
29 -78
29 -78
29 -77
29 -78
29 -78
29 -78
29 -78
29 -79
29 -76
29 -76
29 -76
29 -76
29 -76
29 -76
29 -76
29 -76
29 -76
29 -75
29 -75
29 -75
29 -76
29 -76
29 -76
29 -65
29 -75
29 -76
29 -76
29 -76
29 -76
29 -73
29 -77
29 -76
29 -76
29 -76
29 -76
29 -75
29 -75
29 -75
29 -76
29 -76
29 -76
29 -75
29 -76
29 -76
29 -76
29 -77
29 -76
29 -77
29 -60
29 -76
29 -76
29 -76
29 -76
29 -76
29 -76
29 -78
29 -77
29 -77
29 -77
29 -78
29 -78
29 -78
29 -78
29 -76
29 -76
29 -77
29 -80
29 -78
29 -78
29 -78
29 -78
29 -78
29 -78
29 -78
29 -73
29 -78
29 -78
29 -78
29 -74
29 -78
29 -78
29 -78
29 -76
29 -76
29 -77
29 -74
29 -76
29 -76
29 -76
29 -76
29 -77
29 -76
29 -76
29 -77
29 -76
29 -77
29 -77
29 -78
29 -78
29 -76
29 -78
29 -78
29 -77
29 -76
29 -77
29 -75
29 -77
29 -77
29 -76
29 -76
29 -76
29 -77
29 -77
29 -77
29 -77
29 -77
29 -77
29 -77
29 -77
29 -77
29 -77
29 -77
29 -77
29 -76
29 -76
29 -76
29 -69
29 -76
29 -76
29 -76
29 -76
29 -76
29 -77
29 -78
29 -77
29 -77
29 -78
29 -77
29 -78
29 -78
29 -78
29 -78
29 -78
29 -79
29 -81
29 -81
29 -79
29 -79
29 -80
29 -80
29 -79
29 -79
29 -79
29 -79
29 -78
29 -78
29 -79
29 -78
30 -85
30 -84
30 -83
30 -84
30 -84
30 -83
30 -87
30 -85
30 -84
30 -83
30 -83
30 -83
30 -83
30 -78
30 -81
30 -81
30 -79
30 -79
30 -78
30 -79
30 -78
30 -79
30 -80
30 -80
30 -81
30 -80
30 -81
30 -79
30 -76
30 -82
30 -81
30 -81
30 -81
30 -82
30 -82
30 -82
30 -83
30 -81
30 -82
30 -83
30 -83
30 -83
30 -82
30 -83
30 -83
30 -84
30 -84
30 -83
30 -82
30 -82
30 -83
30 -82
30 -70
30 -83
30 -80
30 -83
30 -83
30 -84
30 -84
30 -84
30 -84
30 -85
30 -85
30 -84
30 -83
30 -82
30 -82
30 -81
30 -81
30 -80
30 -80
30 -80
30 -79
30 -78
30 -80
30 -84
30 -84
30 -84
30 -81
30 -78
30 -79
30 -81
30 -81
30 -82
30 -84
30 -84
30 -84
30 -84
30 -82
30 -82
30 -79
30 -79
30 -78
30 -78
30 -78
30 -79
30 -78
30 -79
30 -79
30 -78
30 -79
30 -81
30 -80
30 -82
30 -83
30 -82
30 -85
30 -84
30 -82
30 -83
30 -83
30 -79
30 -78
30 -83
30 -80
30 -80
30 -80
30 -80
30 -79
30 -79
30 -78
30 -79
30 -79
30 -80
30 -80
30 -80
30 -79
30 -79
30 -80
30 -79
30 -81
30 -77
30 -80
30 -80
30 -80
30 -80
30 -79
30 -79
30 -79
30 -79
30 -80
30 -79
30 -80
30 -80
30 -80
30 -75
30 -79
30 -78
30 -78
30 -79
30 -79
30 -79
30 -79
30 -79
30 -79
30 -79
30 -79
30 -79
30 -79
30 -80
30 -79
30 -80
30 -80
30 -79
30 -80
30 -79
30 -80
30 -79
30 -80
30 -80
30 -79
30 -80
30 -79
30 -80
30 -75
30 -79
30 -80
30 -80
30 -80
30 -63
30 -74
30 -78
30 -78
30 -82
30 -83
31 -76
31 -76
31 -76
31 -76
31 -76
31 -76
31 -76
31 -76
31 -70
31 -76
31 -75
31 -75
31 -76
31 -74
31 -75
31 -74
31 -74
31 -74
31 -74
31 -74
31 -73
31 -73
31 -74
31 -74
31 -75
31 -74
31 -75
31 -75
31 -75
31 -75
31 -75
31 -75
31 -62
31 -77
31 -77
31 -77
31 -76
31 -76
31 -76
31 -76
31 -76
31 -76
31 -76
31 -76
31 -77
31 -76
31 -77
31 -76
31 -78
31 -77
31 -72
31 -78
31 -74
31 -78
31 -79
31 -79
31 -80
31 -79
31 -77
31 -85
31 -84
31 -85
31 -82
31 -80
31 -82
31 -82
31 -82
31 -82
31 -83
31 -84
31 -84
31 -84
31 -84
31 -83
31 -78
31 -83
31 -72
31 -83
31 -71
31 -75
31 -83
31 -83
31 -77
31 -84
31 -84
31 -84
31 -85
31 -86
31 -83
31 -83
31 -83
31 -81
31 -81
31 -82
31 -82
31 -82
31 -82
31 -83
31 -85
31 -30
31 -78
31 -83
31 -84
31 -85
31 -85
31 -80
31 -78
31 -78
31 -79
31 -70
31 -79
31 -79
31 -79
31 -79
31 -80
31 -79
31 -80
31 -80
31 -80
31 -81
31 -74
32 -76
32 -76
32 -78
32 -78
32 -78
32 -78
32 -78
32 -77
32 -77
32 -77
32 -74
32 -75
32 -70
32 -78
32 -78
32 -77
32 -77
32 -77
32 -78
32 -79
32 -84
32 -80
32 -78
32 -77
32 -77
32 -78
32 -76
32 -76
32 -76
32 -76
32 -76
32 -75
32 -75
32 -76
32 -76
32 -74
32 -75
32 -75
32 -72
32 -74
32 -75
32 -74
32 -75
32 -75
32 -75
32 -76
32 -76
32 -76
32 -76
32 -74
32 -74
32 -77
32 -81
32 -80
32 -82
32 -81
32 -78
32 -78
32 -78
32 -80
32 -80
32 -79
32 -78
32 -78
32 -76
32 -76
32 -77
32 -76
32 -75
32 -76
32 -77
32 -78
32 -78
32 -79
32 -79
32 -79
32 -78
32 -78
32 -78
32 -76
32 -77
32 -78
32 -78
32 -78
32 -77
32 -77
32 -76
32 -76
32 -77
32 -77
32 -76
32 -77
32 -76
32 -76
32 -77
32 -77
32 -76
32 -78
32 -79
32 -78
32 -71
32 -81
32 -81
32 -82
32 -84
32 -84
32 -84
32 -82
32 -83
32 -82
32 -81
32 -71
32 -78
32 -78
32 -78
32 -78
32 -77
32 -76
32 -76
32 -76
32 -77
32 -76
32 -76
32 -75
32 -77
32 -76
32 -76
32 -75
32 -78
32 -76
32 -77
32 -78
32 -78
32 -76
32 -78
32 -78
32 -78
32 -75
32 -76
32 -76
32 -75
32 -76
32 -76
32 -63
32 -76
32 -57
32 -76
32 -76
32 -76
32 -77
32 -78
32 -78
32 -77
32 -61
32 -79
32 -78
32 -79
32 -78
32 -79
32 -78
32 -78
32 -78
32 -77
32 -76
32 -78
32 -77
32 -77
32 -76
32 -76
32 -77
32 -78
32 -76
32 -76
32 -63
32 -78
32 -78
32 -77
32 -79
32 -80
32 -83
32 -84
32 -82
32 -84
32 -84
32 -82
32 -80
32 -79
32 -82
32 -79
32 -76
32 -76
32 -70
32 -76
32 -76
32 -77
32 -77
32 -77
32 -76
32 -77
32 -77
32 -77
32 -76
32 -76
32 -76
32 -58
32 -76
32 -75
32 -76
32 -76
32 -76
32 -76
32 -76
32 -76
32 -76
32 -76
32 -76
32 -76
32 -75
32 -75
32 -74
32 -75
32 -69
32 -75
32 -74
32 -74
32 -74
32 -74
32 -74
32 -73
32 -74
32 -72
32 -72
32 -72
32 -72
32 -72
32 -72
32 -72
32 -72
32 -73
32 -73
32 -73
32 -73
32 -74
32 -74
32 -74
32 -74
32 -74
32 -74
32 -75
32 -75
32 -76
32 -76
32 -76
32 -76
32 -75
32 -76
32 -75
32 -75
32 -76
32 -71
32 -76
32 -76
32 -75
32 -75
32 -73
32 -73
32 -73
32 -75
32 -74
32 -76
32 -64
32 -74
32 -74
32 -74
32 -67
32 -74
32 -73
32 -74
32 -74
32 -74
32 -73
32 -74
32 -74
32 -74
32 -75
32 -75
32 -75
32 -75
32 -74
32 -73
32 -74
32 -74
32 -74
32 -73
32 -73
32 -74
32 -74
32 -74
32 -75
32 -75
32 -75
32 -75
32 -75
32 -76
32 -76
32 -76
32 -31
32 -76
32 -76
32 -76
32 -76
32 -76
32 -76
32 -75
32 -76
32 -76
32 -75
32 -74
32 -75
32 -74
32 -75
32 -76
32 -75
32 -75
32 -75
32 -74
32 -74
32 -75
32 -75
32 -75
32 -76
32 -76
32 -76
32 -75
32 -75
32 -74
32 -74
32 -75
32 -75
32 -75
32 -75
32 -76
32 -76
32 -76
32 -74
32 -75
32 -75
32 -76
32 -76
32 -76
32 -56
32 -76
32 -76
32 -76
32 -76
32 -76
32 -75
32 -76
32 -76
32 -76
32 -76
32 -76
32 -76
32 -76
32 -76
32 -76
32 -76
32 -76
32 -76
32 -77
32 -76
32 -75
32 -75
32 -74
32 -76
32 -77
32 -76
32 -70
32 -77
32 -76
32 -77
32 -79
32 -80
32 -81
32 -80
32 -80
32 -82
32 -79
32 -80
32 -80
32 -80
32 -78
32 -79
32 -79
33 -80
33 -79
33 -77
33 -64
33 -82
33 -80
33 -81
33 -82
33 -84
33 -83
33 -86
33 -83
33 -83
33 -74
33 -84
33 -83
33 -82
33 -81
33 -81
33 -79
33 -80
33 -81
33 -81
33 -85
33 -84
33 -84
33 -83
33 -84
33 -86
33 -86
33 -86
33 -69
33 -84
33 -85
33 -85
33 -85
33 -85
33 -79
33 -87
33 -85
33 -86
33 -84
33 -83
33 -66
33 -82
33 -83
33 -83
33 -83
33 -83
33 -83
33 -80
33 -80
33 -81
33 -80
33 -80
33 -80
33 -80
33 -80
33 -79
33 -79
33 -79
33 -79
33 -79
33 -71
33 -79
33 -79
33 -79
33 -81
33 -82
33 -81
33 -82
33 -82
33 -78
33 -83
33 -83
33 -83
33 -83
33 -84
33 -84
33 -76
33 -82
33 -82
33 -84
33 -83
33 -83
33 -83
33 -58
33 -82
33 -82
33 -82
33 -80
33 -83
33 -82
33 -82
33 -82
33 -82
33 -83
33 -83
33 -81
33 -82
33 -83
33 -82
33 -83
33 -82
33 -82
33 -82
33 -83
33 -83
33 -82
33 -81
33 -65
33 -82
33 -83
33 -83
33 -83
33 -82
33 -82
33 -83
33 -83
33 -82
33 -83
33 -82
33 -81
33 -83
33 -84
33 -87
34 -84
34 -83
34 -84
34 -84
34 -85
34 -84
34 -82
34 -80
34 -78
34 -78
34 -78
34 -76
34 -78
34 -78
34 -81
34 -78
34 -78
34 -79
34 -78
34 -78
34 -78
34 -78
34 -78
34 -76
34 -81
34 -81
34 -80
34 -79
34 -78
34 -78
34 -60
34 -79
34 -77
34 -77
34 -76
34 -76
34 -76
34 -77
34 -76
34 -76
34 -76
34 -76
34 -74
34 -76
34 -76
34 -75
34 -73
34 -75
34 -74
34 -74
34 -74
34 -75
34 -75
34 -74
34 -72
34 -72
34 -73
34 -73
34 -74
34 -73
34 -73
34 -73
34 -74
34 -74
34 -73
34 -73
34 -73
34 -74
34 -74
34 -74
34 -74
34 -74
34 -75
34 -75
34 -76
34 -76
34 -76
34 -75
34 -75
34 -76
34 -76
34 -76
34 -61
34 -76
34 -76
34 -76
34 -76
34 -76
34 -78
34 -80
34 -79
34 -80
34 -79
34 -79
34 -80
34 -80
34 -79
34 -79
34 -78
34 -72
34 -78
34 -78
34 -78
34 -78
34 -77
34 -78
34 -78
34 -78
34 -78
34 -78
34 -78
34 -78
34 -78
34 -75
34 -78
34 -78
34 -78
34 -77
34 -76
34 -77
34 -76
34 -76
34 -75
34 -76
34 -76
34 -76
34 -76
34 -76
34 -76
34 -76
34 -76
34 -76
34 -77
34 -76
34 -77
34 -78
34 -77
34 -66
34 -77
34 -77
34 -78
34 -77
34 -77
34 -77
34 -77
34 -77
34 -77
34 -76
34 -78
34 -77
34 -77
34 -78
34 -66
34 -78
34 -77
34 -77
34 -76
34 -76
34 -76
34 -76
34 -76
34 -76
34 -76
34 -76
34 -76
34 -76
34 -76
34 -76
34 -76
34 -76
34 -77
34 -78
34 -78
34 -78
34 -76
34 -77
34 -78
34 -78
34 -78
34 -78
34 -77
34 -78
34 -78
34 -78
34 -79
34 -78
34 -77
34 -78
34 -78
34 -78
34 -78
34 -78
34 -78
34 -79
34 -81
34 -82
34 -86
34 -81
34 -82
34 -85
34 -88
34 -86
34 -84
34 -84
34 -85
34 -85
34 -86
34 -68
34 -83
34 -83
34 -83
34 -83
34 -84
34 -84
34 -84
34 -64
34 -83
34 -83
34 -83
34 -86
34 -81
34 -30
34 -86
34 -89
34 -84
34 -75
34 -83
34 -79
34 -83
34 -83
34 -81
34 -82
34 -82
34 -82
34 -82
34 -83
34 -83
34 -84
35 -84
35 -85
35 -76
35 -61
35 -83
35 -81
35 -82
35 -82
35 -81
35 -82
35 -78
35 -78
35 -78
35 -77
35 -77
35 -77
35 -77
35 -78
35 -75
35 -76
35 -75
35 -75
35 -75
35 -75
35 -74
35 -75
35 -75
35 -75
35 -76
35 -75
35 -76
35 -76
35 -76
35 -76
35 -76
35 -75
35 -76
35 -76
35 -75
35 -75
35 -76
35 -76
35 -76
35 -76
35 -76
35 -76
35 -75
35 -76
35 -76
35 -76
35 -76
35 -76
35 -76
35 -76
35 -76
35 -57
35 -76
35 -76
35 -76
35 -77
35 -76
35 -77
35 -71
35 -76
35 -76
35 -76
35 -76
35 -76
35 -77
35 -77
35 -77
35 -77
35 -77
35 -76
35 -76
35 -76
35 -76
35 -75
35 -61
35 -74
35 -74
35 -74
35 -75
35 -75
35 -75
35 -76
35 -76
35 -75
35 -76
35 -76
35 -76
35 -72
35 -76
35 -76
35 -76
35 -76
35 -76
35 -76
35 -76
35 -76
35 -76
35 -76
35 -76
35 -72
35 -76
35 -76
35 -76
35 -73
35 -76
35 -76
35 -75
35 -75
35 -75
35 -76
35 -68
35 -75
35 -76
35 -76
35 -76
35 -75
35 -76
35 -76
35 -76
35 -76
35 -76
35 -76
35 -76
35 -76
35 -77
35 -76
35 -76
35 -76
35 -76
35 -76
35 -76
35 -76
35 -77
35 -76
35 -76
35 -76
35 -76
35 -76
35 -76
35 -76
35 -76
35 -74
35 -64
35 -30
35 -50
35 -77
35 -77
35 -78
35 -77
35 -76
35 -77
35 -69
35 -76
35 -77
35 -76
35 -76
35 -76
35 -76
35 -76
35 -76
35 -76
35 -76
35 -76
35 -76
35 -76
35 -75
35 -75
35 -75
35 -75
35 -76
35 -75
35 -76
35 -76
35 -76
35 -75
35 -76
35 -76
35 -76
35 -76
35 -76
35 -76
35 -76
35 -76
35 -77
35 -77
35 -77
35 -75
35 -78
35 -78
35 -77
35 -78
35 -79
35 -80
35 -80
35 -80
35 -80
35 -78
35 -78
35 -77
35 -77
35 -76
35 -76
35 -75
35 -74
35 -74
35 -74
35 -74
35 -75
35 -76
35 -76
35 -75
35 -74
35 -74
35 -76
35 -80
35 -76
35 -60
35 -74
35 -75
35 -74
35 -74
35 -75
35 -75
35 -75
35 -75
35 -73
35 -75
35 -76
35 -76
35 -82
35 -84
35 -76
35 -76
35 -82
35 -66
35 -77
35 -78
35 -78
35 -78
35 -78
35 -79
35 -78
35 -85
35 -87
35 -84
35 -84
35 -84
35 -85
35 -85
35 -87
35 -86
35 -84
35 -83
35 -83
35 -82
35 -83
35 -82
35 -84
35 -84
35 -84
35 -73
35 -80
35 -81
35 -79
35 -78
35 -81
35 -81
35 -69
35 -73
35 -53
35 -77
35 -82
35 -82
36 -81
36 -82
36 -82
36 -83
36 -84
36 -81
36 -84
36 -78
36 -78
36 -78
36 -76
36 -78
36 -77
36 -81
36 -80
36 -79
36 -80
36 -79
36 -79
36 -81
36 -82
36 -74
36 -82
36 -82
36 -80
36 -80
36 -81
36 -81
36 -83
36 -79
36 -78
36 -78
36 -78
36 -76
36 -78
36 -78
36 -78
36 -78
36 -78
36 -79
36 -79
36 -78
36 -78
36 -77
36 -78
36 -76
36 -76
36 -76
36 -76
36 -76
36 -76
36 -76
36 -76
36 -75
36 -75
36 -74
36 -73
36 -74
36 -74
36 -75
36 -74
36 -75
36 -74
36 -74
36 -74
36 -73
36 -62
36 -74
36 -74
36 -75
36 -74
36 -75
36 -74
36 -75
36 -75
36 -75
36 -75
36 -75
36 -75
36 -76
36 -76
36 -76
36 -73
36 -52
36 -76
36 -78
36 -78
36 -79
36 -80
36 -79
36 -78
36 -80
36 -79
36 -80
36 -81
36 -78
36 -80
36 -78
36 -79
36 -78
36 -78
36 -78
36 -79
36 -79
36 -80
36 -78
36 -82
36 -82
36 -82
36 -82
36 -81
36 -80
36 -81
36 -80
36 -79
36 -80
36 -81
36 -81
36 -81
36 -81
36 -81
36 -81
36 -70
36 -79
36 -79
36 -79
36 -78
36 -79
36 -78
36 -78
36 -77
36 -77
36 -77
36 -77
36 -73
36 -76
36 -76
36 -76
36 -76
36 -76
36 -76
36 -76
36 -72
36 -76
36 -76
36 -76
36 -77
36 -84
36 -80
36 -81
36 -84
36 -83
36 -84
36 -85
36 -59
36 -79
36 -85
36 -67
36 -83
36 -78
36 -87
36 -79
36 -85
36 -86
36 -84
36 -85
36 -85
36 -88
36 -85
36 -85
36 -83
36 -84
36 -85
36 -86
36 -84
36 -84
36 -84
36 -81
36 -84
36 -84
36 -84
36 -84
36 -80
36 -85
36 -84
36 -86
36 -86
36 -86
36 -81
36 -84
36 -84
36 -84
36 -83
36 -83
36 -80
36 -80
36 -81
36 -81
36 -79
36 -81
36 -81
36 -81
36 -82
36 -82
36 -82
36 -82
36 -82
36 -82
37 -85
37 -85
37 -85
37 -84
37 -83
37 -85
37 -73
37 -83
37 -84
37 -83
37 -84
37 -85
37 -84
37 -85
37 -84
37 -84
37 -86
37 -86
37 -62
37 -86
37 -84
37 -84
37 -84
37 -86
38 -76
38 -76
38 -74
38 -75
38 -74
38 -75
38 -75
38 -75
38 -74
38 -74
38 -74
38 -76
38 -76
38 -76
38 -76
38 -76
38 -76
38 -76
38 -75
38 -74
38 -73
38 -74
38 -74
38 -75
38 -75
38 -75
38 -73
38 -76
38 -78
38 -79
38 -80
38 -77
38 -78
38 -78
38 -77
38 -76
38 -77
38 -78
38 -78
38 -81
38 -84
38 -82
38 -81
38 -84
38 -82
38 -83
38 -82
38 -84
38 -81
38 -83
38 -83
38 -81
38 -82
38 -80
38 -78
38 -75
38 -74
38 -74
38 -74
38 -73
38 -73
38 -72
38 -72
38 -72
38 -72
38 -72
38 -71
38 -72
38 -72
38 -71
38 -72
38 -72
38 -72
38 -73
38 -72
38 -74
38 -75
38 -75
38 -73
38 -74
38 -74
38 -74
38 -73
38 -73
38 -72
38 -72
38 -72
38 -72
38 -72
38 -72
38 -72
38 -72
38 -72
38 -71
38 -72
38 -71
38 -72
38 -72
38 -72
38 -72
38 -73
38 -73
38 -73
38 -74
38 -75
38 -75
38 -75
38 -76
38 -76
38 -76
38 -76
38 -76
38 -76
38 -75
38 -74
38 -75
38 -75
38 -75
38 -73
38 -74
38 -74
38 -74
38 -74
38 -74
38 -74
38 -75
38 -75
38 -70
38 -30
38 -75
38 -74
38 -74
38 -74
38 -74
38 -74
38 -74
38 -75
38 -75
38 -74
38 -73
38 -74
38 -74
38 -74
38 -74
38 -72
38 -73
38 -73
38 -73
38 -73
38 -72
38 -72
38 -72
38 -72
38 -72
38 -72
38 -72
38 -72
38 -72
38 -72
38 -72
38 -72
38 -72
38 -72
38 -72
38 -72
38 -72
38 -72
38 -72
38 -72
38 -72
38 -72
38 -72
38 -72
38 -72
38 -72
38 -72
38 -72
38 -72
38 -72
38 -72
38 -72
38 -72
38 -72
38 -72
38 -72
38 -72
38 -72
38 -72
38 -72
38 -72
38 -72
38 -72
38 -72
38 -72
38 -72
38 -72
38 -71
38 -72
38 -72
38 -72
38 -72
38 -72
38 -72
38 -72
38 -69
38 -72
38 -72
38 -72
38 -72
38 -72
38 -72
38 -72
38 -72
38 -72
38 -72
38 -72
38 -72
38 -72
38 -71
38 -72
38 -71
38 -72
38 -70
38 -71
38 -68
38 -70
38 -71
38 -71
38 -71
38 -72
38 -72
38 -72
38 -72
38 -72
38 -72
38 -72
38 -72
38 -72
38 -73
38 -72
38 -72
38 -73
38 -73
38 -73
38 -73
38 -73
38 -73
38 -74
38 -75
38 -66
38 -77
38 -76
38 -49
38 -75
38 -72
38 -76
38 -76
38 -76
38 -77
38 -82
38 -83
38 -66
38 -73
38 -79
38 -77
38 -76
38 -76
38 -75
38 -75
38 -75
38 -75
38 -75
38 -73
38 -75
38 -75
38 -75
38 -75
38 -75
38 -75
38 -75
38 -75
38 -76
38 -75
38 -76
38 -76
38 -76
38 -76
38 -77
38 -79
38 -76
38 -79
38 -78
38 -78
38 -78
38 -77
38 -76
38 -76
38 -77
38 -78
38 -77
38 -77
38 -77
38 -63
38 -77
38 -78
38 -74
38 -76
38 -77
38 -77
38 -77
38 -77
38 -77
38 -78
38 -77
38 -76
38 -76
38 -76
38 -76
38 -76
38 -77
38 -77
38 -76
38 -78
38 -76
38 -72
38 -76
38 -76
38 -76
38 -76
38 -76
38 -76
38 -76
38 -76
38 -76
38 -76
38 -76
38 -76
38 -76
38 -77
38 -76
38 -76
38 -76
38 -77
38 -77
38 -78
38 -78
38 -78
38 -77
38 -77
38 -78
38 -66
38 -77
38 -76
38 -76
38 -76
38 -76
38 -76
38 -76
38 -76
38 -76
38 -76
38 -76
38 -76
38 -76
38 -76
38 -76
38 -76
38 -76
38 -75
38 -76
38 -76
38 -70
38 -76
38 -76
38 -76
38 -76
38 -76
38 -76
38 -76
38 -76
38 -76
38 -76
38 -76
38 -76
38 -76
38 -75
38 -76
38 -75
38 -75
38 -75
38 -76
38 -76
38 -76
38 -76
38 -76
38 -76
38 -76
38 -76
38 -76
38 -76
38 -75
38 -75
38 -75
38 -74
38 -74
38 -72
38 -73
38 -71
38 -76
38 -78
38 -78
