Beacon Rssi
1 -70
1 -72
1 -72
1 -71
1 -76
1 -71
1 -78
1 -78
1 -78
1 -80
1 -81
1 -79
1 -66
1 -81
1 -83
1 -78
1 -79
1 -75
1 -83
1 -78
1 -76
1 -75
1 -76
1 -76
1 -78
1 -72
1 -74
1 -76
1 -76
1 -77
1 -78
1 -82
1 -78
1 -77
1 -78
1 -79
1 -80
1 -79
1 -78
1 -78
1 -81
1 -78
1 -76
1 -75
1 -75
1 -76
1 -76
1 -79
1 -78
1 -80
1 -80
1 -80
1 -79
1 -78
1 -80
1 -82
1 -81
1 -84
1 -79
1 -83
1 -82
1 -82
1 -83
1 -78
1 -76
1 -76
1 -73
1 -73
1 -75
1 -76
1 -75
1 -72
1 -71
1 -75
1 -76
1 -77
1 -76
1 -76
2 -75
2 -73
2 -72
2 -73
2 -73
2 -72
2 -74
2 -72
2 -75
2 -83
2 -78
2 -76
2 -76
2 -76
2 -77
2 -77
2 -76
2 -76
2 -74
2 -74
2 -73
2 -73
2 -74
2 -75
2 -75
2 -75
2 -75
2 -74
2 -74
2 -84
2 -78
2 -72
2 -75
2 -75
2 -75
2 -77
2 -78
2 -81
2 -76
2 -73
2 -72
2 -72
2 -73
2 -74
2 -75
2 -76
2 -75
2 -80
2 -80
2 -76
2 -75
2 -75
2 -76
2 -76
2 -79
2 -81
2 -83
2 -77
2 -75
2 -74
2 -72
2 -72
2 -72
2 -76
2 -82
2 -80
2 -77
2 -73
2 -74
2 -76
2 -78
2 -76
2 -74
2 -73
2 -73
2 -78
2 -75
2 -75
2 -74
2 -75
2 -78
2 -75
2 -74
2 -74
2 -78
2 -74
2 -73
2 -77
2 -72
2 -72
2 -73
2 -73
2 -74
2 -73
3 -74
3 -75
3 -73
3 -76
3 -78
3 -73
3 -70
3 -70
3 -70
3 -71
3 -71
3 -71
3 -71
3 -73
3 -73
3 -72
3 -70
3 -70
3 -70
3 -70
3 -70
3 -70
3 -70
3 -70
3 -70
3 -71
3 -71
3 -70
3 -70
3 -70
3 -70
3 -70
3 -69
3 -69
3 -69
3 -69
3 -69
3 -69
3 -69
3 -69
3 -72
3 -71
3 -70
3 -70
3 -68
3 -69
3 -67
3 -66
3 -66
3 -69
3 -66
3 -61
3 -65
3 -65
3 -65
3 -66
3 -66
3 -67
3 -67
3 -67
3 -66
3 -67
3 -66
3 -66
3 -68
3 -66
3 -68
3 -70
3 -70
3 -69
3 -69
3 -68
3 -67
3 -68
3 -67
3 -66
3 -66
3 -67
3 -70
3 -70
3 -70
3 -69
3 -70
3 -69
3 -68
3 -67
3 -67
3 -70
3 -72
3 -72
3 -70
3 -69
3 -70
3 -70
3 -71
3 -69
3 -75
3 -69
3 -69
3 -68
3 -70
3 -70
3 -70
3 -69
3 -69
3 -68
3 -69
3 -68
3 -69
3 -70
3 -68
3 -73
3 -72
3 -72
3 -72
4 -73
4 -72
4 -72
4 -72
4 -77
4 -77
4 -76
4 -75
4 -74
4 -75
4 -83
4 -79
4 -78
4 -77
4 -81
4 -78
4 -77
4 -76
4 -80
4 -79
4 -70
4 -75
4 -73
4 -74
4 -76
4 -74
4 -76
4 -72
4 -73
4 -78
4 -80
4 -76
4 -75
4 -74
4 -74
4 -75
4 -72
4 -71
4 -72
4 -74
4 -74
4 -75
4 -72
4 -71
4 -71
4 -71
4 -72
4 -71
4 -71
4 -71
4 -71
4 -80
4 -79
4 -72
4 -72
4 -72
4 -71
4 -72
4 -70
4 -70
4 -70
4 -70
4 -70
4 -74
4 -75
4 -75
4 -72
4 -72
4 -71
4 -73
4 -72
4 -72
4 -72
4 -73
4 -72
4 -73
4 -72
4 -71
4 -71
4 -72
4 -72
4 -72
4 -72
4 -72
4 -72
4 -73
4 -73
4 -73
4 -73
5 -78
5 -79
5 -78
5 -81
5 -85
5 -82
5 -83
5 -88
5 -87
5 -84
5 -76
5 -80
5 -84
5 -85
5 -79
5 -77
5 -75
5 -66
5 -75
5 -79
5 -81
5 -79
5 -83
5 -83
5 -83
5 -84
5 -82
5 -80
5 -80
5 -80
5 -80
5 -84
5 -76
5 -77
5 -76
5 -78
5 -80
5 -80
5 -79
5 -80
5 -77
5 -81
5 -77
5 -76
5 -78
5 -76
5 -77
5 -76
5 -77
5 -76
5 -76
5 -76
5 -76
5 -78
5 -78
5 -76
5 -76
5 -76
5 -54
5 -77
5 -75
5 -78
5 -77
5 -78
5 -77
5 -76
5 -76
6 -79
6 -79
6 -85
6 -76
6 -79
6 -74
6 -72
6 -75
6 -75
6 -76
6 -76
6 -76
6 -76
6 -76
6 -76
6 -83
6 -80
6 -85
6 -83
6 -74
6 -74
6 -75
6 -76
6 -80
6 -82
6 -75
6 -78
6 -78
6 -75
6 -72
6 -74
6 -78
6 -78
6 -77
6 -78
6 -74
6 -72
6 -73
6 -74
6 -77
6 -76
6 -75
6 -76
6 -78
6 -75
6 -73
6 -73
6 -72
6 -72
6 -72
6 -72
6 -73
6 -77
6 -78
6 -73
6 -72
6 -70
6 -74
6 -73
6 -70
6 -71
6 -72
6 -70
6 -75
6 -73
6 -72
6 -73
6 -74
6 -74
6 -74
6 -72
6 -72
6 -72
6 -72
6 -72
6 -73
6 -73
6 -73
6 -74
6 -74
6 -75
6 -72
6 -75
6 -74
6 -78
6 -82
6 -76
6 -75
6 -75
6 -77
6 -77
6 -75
7 -76
7 -78
7 -78
7 -78
7 -76
7 -72
7 -76
7 -79
7 -80
7 -56
7 -78
7 -59
7 -76
7 -77
7 -76
7 -75
7 -73
7 -70
7 -70
7 -70
7 -71
7 -72
7 -72
7 -73
7 -73
7 -75
7 -74
7 -72
7 -72
7 -75
7 -75
7 -79
7 -75
7 -73
7 -72
7 -71
7 -74
7 -74
7 -81
7 -74
7 -76
7 -76
7 -76
7 -74
7 -78
7 -85
7 -80
7 -79
7 -78
7 -76
7 -76
7 -75
7 -75
7 -74
7 -74
7 -74
7 -75
7 -73
7 -73
7 -75
7 -75
7 -74
7 -75
7 -75
7 -76
7 -76
7 -76
7 -74
7 -79
7 -77
7 -76
7 -75
7 -77
7 -76
7 -76
7 -76
7 -75
7 -76
7 -78
7 -76
7 -78
7 -78
7 -77
7 -76
7 -76
7 -76
7 -76
7 -76
7 -76
7 -76
7 -78
7 -75
7 -76
7 -78
7 -77
7 -77
7 -75
7 -74
7 -74
7 -76
7 -76
7 -76
7 -76
8 -84
8 -81
8 -71
8 -82
8 -84
8 -80
8 -87
8 -84
8 -84
8 -83
8 -87
8 -83
8 -82
8 -83
8 -84
8 -83
8 -84
8 -82
8 -83
8 -83
8 -83
8 -82
8 -84
8 -81
8 -84
8 -87
9 -82
9 -83
9 -83
9 -83
9 -81
9 -79
9 -80
9 -78
9 -78
9 -79
9 -77
9 -80
9 -82
9 -83
9 -83
9 -86
9 -83
9 -82
9 -80
9 -84
9 -82
9 -80
9 -81
9 -81
9 -82
9 -84
9 -83
9 -81
9 -80
9 -82
9 -80
9 -80
9 -81
9 -81
9 -79
9 -79
9 -80
9 -81
9 -72
9 -80
9 -81
9 -80
9 -81
9 -78
9 -83
9 -81
9 -81
10 -85
10 -85
10 -82
10 -84
10 -83
10 -84
10 -80
10 -80
10 -83
10 -81
10 -81
10 -81
10 -80
10 -81
10 -82
10 -79
10 -83
10 -83
10 -82
10 -81
10 -81
10 -82
10 -80
10 -83
10 -83
10 -82
10 -84
10 -85
10 -84
10 -84
10 -84
10 -83
10 -84
10 -82
10 -81
11 -83
11 -80
11 -75
11 -76
11 -78
11 -76
11 -76
11 -79
11 -83
11 -82
11 -81
11 -77
11 -77
11 -76
11 -78
11 -79
11 -80
11 -79
11 -77
11 -75
11 -76
11 -75
11 -74
11 -72
11 -70
11 -70
11 -70
11 -66
11 -69
11 -69
11 -69
11 -69
11 -70
11 -70
11 -73
11 -71
11 -71
11 -70
11 -70
11 -72
11 -71
11 -74
11 -75
11 -76
11 -77
11 -76
11 -77
11 -74
11 -74
11 -70
11 -70
11 -70
11 -70
11 -72
11 -75
11 -77
11 -80
11 -77
11 -77
11 -76
11 -72
11 -72
11 -78
11 -81
11 -79
11 -82
11 -77
11 -78
11 -78
11 -78
11 -76
11 -76
11 -76
11 -75
11 -76
11 -76
11 -74
11 -75
11 -76
11 -72
11 -76
11 -76
11 -78
11 -76
12 -81
12 -80
12 -79
12 -81
12 -79
12 -78
12 -76
12 -76
12 -76
12 -76
12 -76
12 -76
12 -77
12 -76
12 -76
12 -76
12 -76
12 -76
12 -77
12 -75
12 -76
12 -76
12 -76
12 -55
12 -77
12 -77
12 -78
12 -81
12 -75
12 -77
12 -76
12 -76
12 -82
12 -80
12 -70
12 -84
12 -81
12 -82
12 -82
12 -82
12 -81
12 -82
12 -81
12 -83
12 -80
12 -84
12 -77
12 -84
12 -86
12 -84
12 -83
12 -79
12 -83
12 -82
12 -81
12 -81
12 -83
12 -81
12 -61
12 -82
12 -80
12 -80
12 -83
12 -84
12 -83
12 -82
13 -84
13 -82
13 -81
13 -82
13 -78
13 -77
13 -78
13 -77
13 -74
13 -76
13 -73
13 -76
13 -76
13 -75
13 -76
13 -78
13 -84
13 -77
13 -75
13 -78
13 -76
13 -83
13 -81
13 -78
13 -81
13 -76
13 -78
13 -76
13 -75
13 -74
13 -73
13 -75
13 -75
13 -76
13 -76
13 -77
13 -77
13 -76
13 -76
13 -77
13 -78
13 -78
13 -76
13 -77
13 -78
13 -75
13 -75
13 -75
13 -75
13 -75
13 -68
13 -76
13 -76
13 -76
13 -76
13 -78
13 -79
13 -77
13 -77
13 -78
13 -77
13 -77
13 -74
13 -78
13 -78
13 -78
13 -78
13 -76
13 -75
13 -75
13 -75
13 -74
13 -75
13 -77
13 -76
13 -79
13 -79
14 -80
14 -83
14 -72
14 -78
14 -76
14 -82
14 -73
14 -70
14 -70
14 -71
14 -73
14 -69
14 -72
14 -74
14 -75
14 -75
14 -76
14 -76
14 -77
14 -77
14 -76
14 -76
14 -79
14 -80
14 -80
14 -78
14 -81
14 -82
14 -76
14 -76
14 -76
14 -78
14 -76
14 -82
14 -80
14 -76
14 -76
14 -75
14 -78
14 -77
14 -57
14 -75
14 -73
14 -72
14 -72
14 -71
14 -77
14 -80
14 -79
14 -79
14 -76
14 -84
14 -79
14 -82
14 -80
14 -81
14 -77
14 -75
14 -76
14 -76
14 -76
14 -78
14 -79
14 -76
14 -78
14 -78
14 -76
14 -74
14 -73
14 -75
14 -76
14 -74
14 -74
14 -74
14 -84
14 -74
14 -74
14 -74
14 -74
14 -75
14 -73
14 -74
14 -74
14 -73
14 -73
14 -73
14 -74
14 -74
14 -73
14 -73
14 -73
14 -76
14 -79
14 -81
14 -81
14 -80
15 -68
15 -69
15 -70
15 -69
15 -70
15 -70
15 -76
15 -82
15 -75
15 -70
15 -70
15 -69
15 -70
15 -72
15 -71
15 -73
15 -85
15 -72
15 -72
15 -72
15 -72
15 -72
15 -74
15 -71
15 -74
15 -76
15 -77
15 -78
15 -74
15 -70
15 -70
15 -69
15 -70
15 -70
15 -70
15 -70
15 -70
15 -72
15 -72
15 -70
15 -84
15 -84
15 -78
15 -83
15 -79
15 -71
15 -72
15 -70
15 -81
15 -79
15 -82
15 -80
15 -78
15 -77
15 -77
15 -76
15 -76
15 -74
15 -71
15 -73
15 -76
15 -82
15 -82
15 -79
15 -77
15 -78
15 -73
15 -70
15 -72
15 -76
15 -78
15 -76
15 -76
15 -76
15 -79
15 -79
15 -78
15 -78
15 -77
15 -76
15 -76
15 -78
15 -77
15 -76
15 -76
15 -81
15 -79
15 -78
15 -78
15 -76
15 -75
15 -74
15 -75
15 -76
15 -76
15 -74
15 -72
15 -76
15 -72
15 -73
15 -74
15 -73
16 -65
16 -65
16 -65
16 -65
16 -65
16 -69
16 -78
16 -74
16 -70
16 -71
16 -68
16 -75
16 -71
16 -74
16 -73
16 -71
16 -71
16 -72
16 -70
16 -69
16 -69
16 -67
16 -67
16 -69
16 -65
16 -65
16 -65
16 -66
16 -65
16 -66
16 -70
16 -70
16 -70
16 -71
16 -70
16 -64
16 -64
16 -73
16 -68
16 -72
16 -70
16 -71
16 -69
16 -66
16 -66
16 -69
16 -71
16 -71
16 -73
16 -73
16 -68
16 -69
16 -70
16 -68
16 -70
16 -71
16 -72
16 -72
16 -74
16 -75
16 -76
16 -78
16 -59
16 -81
16 -80
16 -84
16 -73
16 -74
16 -77
16 -74
16 -72
16 -76
16 -78
16 -82
16 -83
16 -81
16 -78
16 -72
16 -71
16 -72
16 -75
16 -77
16 -82
16 -85
16 -81
16 -80
16 -80
16 -82
16 -77
16 -79
16 -85
17 -59
17 -59
17 -57
17 -61
17 -56
17 -57
17 -60
17 -60
17 -58
17 -57
17 -57
17 -59
17 -58
17 -58
17 -58
17 -60
17 -62
17 -61
17 -62
17 -64
17 -64
17 -66
17 -65
17 -62
17 -60
17 -61
17 -61
17 -60
17 -61
17 -62
17 -58
17 -56
17 -57
17 -58
17 -58
17 -66
17 -65
17 -57
17 -58
17 -57
17 -56
17 -54
17 -55
17 -56
17 -57
17 -57
17 -55
17 -54
17 -60
17 -60
17 -60
17 -60
17 -62
17 -60
17 -60
17 -60
17 -59
17 -59
17 -59
17 -60
17 -60
17 -58
17 -58
17 -58
17 -58
17 -58
17 -58
17 -59
17 -59
17 -60
17 -59
17 -59
17 -59
17 -59
17 -58
17 -60
17 -60
17 -60
17 -59
17 -58
17 -58
17 -58
17 -59
17 -58
17 -58
17 -58
17 -58
17 -60
17 -59
17 -60
17 -55
17 -60
17 -61
17 -61
17 -60
17 -60
17 -59
17 -60
17 -60
17 -60
17 -60
17 -60
17 -60
17 -57
17 -60
17 -61
17 -62
17 -63
17 -63
17 -61
17 -61
17 -62
17 -58
17 -58
17 -58
17 -58
17 -58
17 -58
18 -76
18 -76
18 -73
18 -71
18 -73
18 -78
18 -76
18 -79
18 -76
18 -75
18 -76
18 -72
18 -75
18 -76
18 -76
18 -75
18 -77
18 -75
18 -76
18 -77
18 -77
18 -78
18 -78
18 -77
18 -72
18 -72
18 -71
18 -76
18 -78
18 -78
18 -78
18 -72
18 -76
18 -75
18 -72
18 -70
18 -69
18 -70
18 -72
18 -75
18 -73
18 -71
18 -70
18 -70
18 -69
18 -68
18 -69
18 -73
18 -72
18 -72
18 -72
18 -72
18 -73
18 -74
18 -73
18 -72
18 -72
18 -72
18 -72
18 -72
18 -69
18 -76
18 -71
18 -73
18 -74
18 -73
18 -73
18 -74
18 -74
18 -75
18 -76
18 -73
18 -72
18 -72
18 -72
18 -71
18 -70
18 -72
18 -72
18 -73
18 -74
18 -74
18 -73
18 -73
18 -70
18 -71
18 -74
18 -73
18 -72
18 -71
18 -71
18 -72
18 -72
18 -72
18 -71
18 -71
18 -71
18 -72
18 -71
18 -72
18 -71
18 -74
18 -75
18 -72
18 -72
18 -70
18 -72
18 -73
18 -72
18 -71
18 -72
18 -73
18 -73
18 -73
19 -73
19 -74
19 -75
19 -87
19 -80
19 -83
19 -78
19 -77
19 -79
19 -78
19 -78
19 -79
19 -78
19 -78
19 -77
19 -79
19 -78
19 -78
19 -78
19 -78
19 -78
19 -80
19 -79
19 -79
19 -79
19 -81
19 -78
19 -82
19 -78
19 -78
19 -81
19 -79
19 -82
19 -83
19 -77
19 -76
19 -78
19 -78
19 -72
19 -76
19 -75
19 -76
19 -75
19 -74
19 -75
19 -73
19 -73
19 -73
19 -73
19 -74
19 -74
19 -75
19 -76
19 -76
19 -74
19 -73
19 -74
19 -75
19 -75
19 -75
19 -74
19 -74
19 -75
19 -78
19 -80
19 -78
19 -76
19 -76
19 -75
19 -74
19 -75
19 -75
19 -74
19 -74
19 -74
19 -74
19 -79
19 -76
19 -76
19 -78
19 -76
19 -76
19 -76
19 -76
19 -77
19 -78
19 -78
19 -78
19 -76
19 -74
19 -76
19 -77
19 -76
19 -74
19 -78
19 -75
19 -81
19 -80
20 -78
20 -79
20 -79
20 -70
20 -70
20 -71
20 -70
20 -70
20 -70
20 -73
20 -72
20 -71
20 -70
20 -70
20 -70
20 -72
20 -71
20 -70
20 -71
20 -71
20 -72
20 -71
20 -73
20 -71
20 -72
20 -70
20 -70
20 -71
20 -70
20 -73
20 -76
20 -69
20 -75
20 -85
20 -58
20 -84
20 -79
20 -76
20 -82
20 -84
20 -82
20 -81
20 -78
20 -81
20 -76
20 -76
20 -85
20 -85
20 -83
20 -82
20 -80
20 -78
20 -83
20 -83
20 -84
20 -86
20 -83
20 -82
20 -81
21 -76
21 -75
21 -82
21 -70
21 -77
21 -67
21 -66
21 -68
21 -71
21 -74
21 -70
21 -70
21 -70
21 -72
21 -74
21 -74
21 -73
21 -72
21 -77
21 -77
21 -78
21 -67
21 -76
21 -79
21 -74
21 -73
21 -70
21 -65
21 -82
21 -78
21 -70
21 -76
21 -69
21 -70
21 -69
21 -72
21 -69
21 -70
21 -70
21 -64
21 -66
21 -67
21 -64
21 -65
21 -62
21 -63
21 -62
21 -63
21 -62
21 -62
21 -61
21 -61
21 -62
21 -62
21 -63
21 -64
21 -61
21 -63
21 -64
21 -64
21 -62
21 -62
21 -62
21 -69
21 -66
21 -59
21 -63
21 -62
21 -61
21 -64
21 -73
21 -61
21 -61
21 -60
21 -60
21 -62
21 -69
21 -72
21 -68
21 -66
21 -68
21 -72
21 -72
21 -66
21 -64
21 -66
21 -67
21 -68
21 -69
21 -68
21 -68
21 -66
21 -66
21 -67
21 -70
21 -69
21 -66
21 -72
21 -73
21 -66
21 -67
21 -69
21 -68
21 -67
21 -66
22 -68
22 -66
22 -67
22 -69
22 -74
22 -75
22 -74
22 -30
22 -76
22 -70
22 -68
22 -64
22 -68
22 -65
22 -66
22 -66
22 -64
22 -64
22 -64
22 -64
22 -64
22 -64
22 -65
22 -65
22 -65
22 -66
22 -66
22 -66
22 -69
22 -75
22 -68
22 -64
22 -64
22 -64
22 -66
22 -64
22 -76
22 -70
22 -70
22 -66
22 -66
22 -66
22 -69
22 -78
22 -75
22 -70
22 -70
22 -72
22 -73
22 -77
22 -69
22 -67
22 -68
22 -68
22 -69
22 -64
22 -65
22 -65
22 -64
22 -64
22 -62
22 -62
22 -64
22 -64
22 -64
22 -65
22 -64
22 -63
22 -62
22 -62
22 -63
22 -69
22 -68
22 -64
22 -67
22 -67
22 -65
22 -64
22 -64
22 -64
22 -67
22 -76
22 -77
22 -75
22 -75
22 -75
22 -76
22 -73
22 -70
22 -69
22 -70
22 -72
22 -72
22 -72
22 -70
22 -70
22 -62
22 -68
22 -70
22 -73
22 -68
22 -71
22 -75
22 -81
23 -61
23 -61
23 -62
23 -64
23 -59
23 -62
23 -60
23 -57
23 -54
23 -54
23 -54
23 -54
23 -55
23 -54
23 -56
23 -57
23 -56
23 -56
23 -57
23 -57
23 -52
23 -58
23 -58
23 -58
23 -58
23 -58
23 -57
23 -58
23 -58
23 -59
23 -58
23 -59
23 -64
23 -58
23 -57
23 -56
23 -58
23 -53
23 -55
23 -61
23 -66
23 -69
23 -64
23 -63
23 -54
23 -55
23 -57
23 -60
23 -61
23 -61
23 -64
23 -70
23 -69
23 -69
23 -72
23 -68
23 -64
23 -72
23 -58
23 -72
23 -72
23 -67
23 -66
23 -69
23 -67
23 -64
23 -62
23 -62
23 -64
23 -66
23 -65
23 -66
23 -76
23 -66
23 -65
23 -68
23 -64
23 -66
23 -62
23 -62
23 -63
23 -63
23 -63
23 -65
23 -66
23 -60
23 -60
23 -62
23 -60
23 -62
23 -62
23 -60
23 -59
23 -60
23 -59
23 -58
23 -58
23 -59
23 -59
23 -59
23 -60
23 -63
23 -62
23 -62
23 -62
23 -63
23 -57
23 -59
23 -61
23 -61
23 -64
23 -60
23 -59
24 -61
24 -61
24 -62
24 -63
24 -62
24 -60
24 -62
24 -68
24 -61
24 -66
24 -64
24 -62
24 -66
24 -64
24 -65
24 -67
24 -64
24 -66
24 -69
24 -76
24 -77
24 -76
24 -73
24 -70
24 -70
24 -69
24 -69
24 -69
24 -71
24 -76
24 -71
24 -73
24 -72
24 -74
24 -72
24 -69
24 -70
24 -64
24 -63
24 -63
24 -67
24 -68
24 -62
24 -67
24 -63
24 -62
24 -62
24 -61
24 -60
24 -61
24 -61
24 -62
24 -61
24 -62
24 -60
24 -60
24 -60
24 -60
24 -60
24 -61
24 -62
24 -62
24 -63
24 -63
24 -63
24 -64
24 -63
24 -62
24 -60
24 -60
24 -60
24 -60
24 -62
24 -62
24 -62
24 -63
24 -63
24 -63
24 -62
24 -60
24 -62
24 -63
24 -61
24 -63
24 -63
24 -63
24 -63
24 -63
24 -63
24 -64
24 -64
24 -63
24 -63
24 -62
24 -62
24 -62
24 -62
24 -61
24 -62
24 -62
24 -62
24 -63
24 -61
24 -60
24 -60
24 -61
24 -60
24 -60
24 -61
24 -61
24 -61
25 -85
25 -81
25 -84
25 -81
25 -81
25 -78
25 -77
25 -76
25 -77
25 -76
25 -76
25 -80
25 -84
25 -81
25 -79
25 -78
25 -79
25 -81
25 -80
25 -84
25 -86
25 -85
25 -85
26 -78
26 -78
26 -75
26 -80
26 -75
26 -82
26 -79
26 -81
26 -76
26 -76
26 -79
26 -80
26 -78
26 -76
26 -80
26 -62
26 -84
26 -79
26 -83
26 -81
26 -84
26 -83
26 -82
26 -78
26 -79
26 -79
26 -81
26 -83
26 -77
26 -75
26 -76
26 -77
26 -77
26 -75
26 -75
26 -76
26 -77
26 -78
26 -77
26 -77
26 -77
26 -77
26 -78
26 -78
26 -81
26 -77
26 -71
26 -79
26 -77
26 -76
26 -77
27 -79
27 -77
27 -76
27 -74
27 -81
27 -74
27 -77
27 -85
27 -84
27 -81
27 -78
27 -78
27 -76
27 -76
27 -78
27 -80
27 -77
27 -64
27 -76
27 -76
27 -74
27 -76
27 -78
27 -81
27 -83
27 -75
27 -73
27 -81
27 -82
27 -80
27 -78
27 -79
27 -79
27 -73
27 -75
27 -72
27 -83
27 -83
27 -81
27 -78
27 -78
27 -77
27 -77
27 -78
27 -77
27 -77
27 -79
27 -82
27 -78
27 -58
27 -78
27 -78
27 -80
27 -82
27 -81
27 -76
27 -76
27 -78
27 -76
27 -76
27 -76
27 -76
27 -76
27 -76
27 -77
27 -77
27 -77
27 -77
27 -76
27 -81
27 -78
27 -78
27 -83
27 -70
27 -72
27 -72
27 -73
27 -73
28 -73
28 -74
28 -75
28 -75
28 -74
28 -75
28 -71
28 -76
28 -76
28 -79
28 -70
28 -78
28 -75
28 -75
28 -72
28 -73
28 -73
28 -72
28 -73
28 -72
28 -72
28 -72
28 -72
28 -72
28 -73
28 -73
28 -74
28 -75
28 -75
28 -74
28 -74
28 -75
28 -75
28 -72
28 -75
28 -75
28 -76
28 -60
28 -75
28 -81
28 -76
28 -76
28 -73
28 -79
28 -79
28 -78
28 -70
28 -80
28 -75
28 -74
28 -72
28 -71
28 -72
28 -72
28 -72
28 -69
28 -70
28 -70
28 -70
28 -70
28 -71
28 -70
28 -68
28 -67
28 -68
28 -68
28 -69
28 -68
28 -67
28 -67
28 -67
28 -73
28 -70
28 -68
28 -70
28 -70
28 -69
28 -68
28 -68
28 -68
28 -68
28 -67
28 -72
28 -75
28 -73
28 -72
28 -72
28 -72
28 -72
28 -74
28 -72
28 -71
28 -70
28 -72
28 -72
28 -72
28 -72
28 -73
28 -73
28 -71
28 -71
28 -71
28 -72
28 -72
28 -72
28 -72
28 -73
28 -72
28 -73
28 -73
28 -74
28 -72
28 -72
28 -72
29 -72
29 -72
29 -75
29 -75
29 -78
29 -71
29 -72
29 -70
29 -68
29 -67
29 -67
29 -69
29 -67
29 -68
29 -69
29 -69
29 -70
29 -70
29 -70
29 -69
29 -69
29 -69
29 -68
29 -69
29 -70
29 -72
29 -72
29 -71
29 -73
29 -72
29 -72
29 -78
29 -70
29 -69
29 -69
29 -73
29 -72
29 -67
29 -67
29 -81
29 -78
29 -71
29 -76
29 -70
29 -69
29 -78
29 -84
29 -83
29 -80
29 -82
29 -78
29 -79
29 -82
29 -84
29 -80
29 -78
29 -77
29 -76
29 -76
29 -76
29 -79
29 -78
29 -78
29 -76
29 -76
29 -76
29 -78
29 -79
29 -78
29 -74
29 -77
29 -75
29 -75
29 -74
29 -76
29 -76
29 -75
29 -75
29 -78
29 -79
29 -78
29 -77
29 -78
29 -78
29 -78
29 -78
29 -58
29 -78
29 -76
29 -74
29 -76
29 -78
29 -79
29 -81
30 -84
30 -83
30 -78
30 -87
30 -81
30 -76
30 -73
30 -72
30 -72
30 -72
30 -73
30 -72
30 -70
30 -74
30 -74
30 -73
30 -73
30 -71
30 -73
30 -72
30 -71
30 -70
30 -71
30 -72
30 -73
30 -74
30 -76
30 -84
30 -76
30 -76
30 -77
30 -76
30 -75
30 -80
30 -66
30 -77
30 -74
30 -77
30 -77
30 -79
30 -74
30 -73
30 -73
30 -74
30 -72
30 -72
30 -73
30 -77
30 -79
30 -76
30 -76
30 -75
30 -75
30 -76
30 -79
30 -80
30 -78
30 -72
30 -72
30 -74
30 -78
30 -84
30 -80
30 -83
30 -76
30 -76
30 -77
30 -77
30 -78
30 -76
30 -76
30 -77
30 -77
30 -74
30 -75
30 -76
30 -76
30 -77
30 -78
30 -76
30 -76
30 -76
30 -78
30 -76
30 -76
30 -77
30 -78
30 -80
30 -82
31 -81
31 -84
31 -73
31 -71
31 -70
31 -75
31 -72
31 -72
31 -70
31 -72
31 -70
31 -75
31 -75
31 -72
31 -76
31 -73
31 -75
31 -75
31 -74
31 -82
31 -80
31 -68
31 -72
31 -69
31 -70
31 -70
31 -67
31 -82
31 -72
31 -69
31 -82
31 -75
31 -74
31 -45
31 -66
31 -63
31 -69
31 -76
31 -72
31 -76
31 -78
31 -76
31 -84
31 -81
31 -79
31 -75
31 -67
31 -78
31 -81
31 -84
31 -76
31 -30
31 -77
31 -73
31 -70
31 -72
31 -74
31 -76
31 -79
31 -78
31 -76
31 -74
31 -74
31 -79
31 -76
31 -73
31 -67
31 -71
31 -70
31 -71
31 -72
31 -70
31 -71
31 -70
31 -70
31 -70
31 -70
31 -70
31 -70
31 -70
31 -70
31 -69
31 -69
31 -70
31 -61
31 -69
31 -70
31 -69
31 -70
31 -69
31 -72
31 -76
31 -76
31 -75
31 -74
32 -82
32 -46
32 -76
32 -75
32 -78
32 -74
32 -79
32 -76
32 -82
32 -85
32 -81
32 -83
32 -81
32 -80
32 -80
32 -86
32 -74
32 -74
32 -83
32 -78
32 -74
32 -75
32 -80
32 -78
32 -80
32 -80
32 -79
32 -78
32 -79
32 -84
32 -82
32 -81
32 -83
32 -80
32 -82
32 -82
32 -84
32 -80
32 -78
32 -78
32 -76
32 -30
32 -78
32 -79
32 -78
32 -79
32 -79
32 -79
32 -80
32 -78
32 -77
32 -80
32 -77
32 -78
32 -78
32 -77
32 -77
32 -77
32 -76
32 -77
32 -75
32 -76
32 -76
32 -75
32 -75
32 -74
32 -74
32 -75
32 -74
32 -75
32 -74
32 -73
32 -75
32 -73
32 -75
32 -74
32 -70
32 -76
33 -79
33 -79
33 -82
33 -79
33 -81
33 -81
33 -77
33 -83
33 -81
33 -81
33 -78
33 -78
33 -83
33 -84
33 -80
33 -76
33 -77
33 -77
33 -78
33 -81
33 -84
33 -77
33 -78
33 -76
33 -81
33 -84
33 -84
33 -82
33 -79
33 -77
33 -76
33 -77
33 -77
33 -76
33 -75
33 -76
33 -76
33 -74
33 -76
33 -75
33 -76
33 -76
33 -76
33 -75
33 -76
33 -76
33 -76
33 -75
33 -75
33 -75
33 -76
33 -78
33 -80
33 -76
33 -76
33 -75
33 -74
33 -74
33 -73
33 -74
33 -75
33 -74
33 -74
33 -74
33 -75
33 -74
33 -67
33 -75
33 -76
33 -75
33 -74
33 -75
33 -75
33 -75
33 -76
33 -75
33 -76
33 -76
33 -76
33 -76
33 -76
33 -76
33 -76
33 -76
33 -78
33 -76
33 -79
33 -80
33 -80
33 -77
34 -78
34 -77
34 -76
34 -75
34 -72
34 -72
34 -72
34 -71
34 -72
34 -72
34 -72
34 -72
34 -71
34 -70
34 -70
34 -70
34 -70
34 -71
34 -72
34 -74
34 -73
34 -73
34 -73
34 -73
34 -73
34 -74
34 -75
34 -70
34 -70
34 -70
34 -72
34 -71
34 -74
34 -75
34 -75
34 -72
34 -72
34 -74
34 -76
34 -78
34 -74
34 -73
34 -72
34 -74
34 -73
34 -74
34 -75
34 -70
34 -74
34 -74
34 -76
34 -76
34 -79
34 -78
34 -77
34 -79
34 -78
34 -80
34 -79
34 -82
34 -78
34 -74
34 -73
34 -75
34 -77
34 -79
34 -78
34 -78
34 -81
34 -78
34 -78
34 -81
34 -78
34 -77
34 -78
34 -78
34 -78
34 -80
34 -78
34 -74
34 -78
34 -78
34 -54
34 -78
34 -78
34 -78
34 -78
34 -77
34 -76
34 -78
34 -79
34 -77
34 -78
34 -76
34 -76
34 -83
34 -81
35 -72
35 -73
35 -74
35 -75
35 -73
35 -71
35 -73
35 -73
35 -70
35 -71
35 -75
35 -80
35 -81
35 -84
35 -81
35 -78
35 -76
35 -66
35 -72
35 -73
35 -74
35 -75
35 -77
35 -78
35 -79
35 -80
35 -76
35 -74
35 -75
35 -76
35 -76
35 -76
35 -77
35 -78
35 -74
35 -69
35 -76
35 -72
35 -72
35 -80
35 -75
35 -76
35 -78
35 -82
35 -77
35 -79
35 -75
35 -81
35 -76
35 -78
35 -81
35 -81
35 -73
35 -73
35 -75
35 -76
35 -76
35 -76
35 -48
35 -75
35 -73
35 -71
35 -70
35 -70
35 -70
35 -71
35 -72
35 -73
35 -75
35 -77
35 -77
35 -76
35 -72
35 -72
35 -72
35 -71
35 -71
35 -72
35 -72
35 -72
35 -74
35 -73
35 -71
35 -71
35 -71
35 -72
35 -70
35 -70
35 -71
35 -72
35 -72
35 -71
35 -72
35 -72
35 -72
35 -72
35 -73
35 -72
35 -71
35 -71
35 -71
35 -72
35 -72
35 -72
35 -71
35 -70
35 -70
35 -70
35 -70
36 -72
36 -70
36 -70
36 -70
36 -70
36 -70
36 -71
36 -71
36 -72
36 -71
36 -75
36 -67
36 -67
36 -68
36 -73
36 -70
36 -70
36 -70
36 -73
36 -79
36 -78
36 -77
36 -77
36 -76
36 -81
36 -84
36 -79
36 -70
36 -67
36 -70
36 -70
36 -70
36 -76
36 -76
36 -72
36 -78
36 -70
36 -70
36 -69
36 -71
36 -74
36 -72
36 -71
36 -72
36 -78
36 -75
36 -76
36 -75
36 -76
36 -75
36 -76
36 -78
36 -79
36 -78
36 -78
36 -78
36 -77
36 -79
36 -78
36 -74
36 -76
36 -78
36 -78
36 -77
36 -81
36 -78
36 -77
36 -77
36 -76
36 -75
36 -74
36 -71
36 -75
36 -73
36 -72
36 -74
36 -74
36 -74
36 -74
36 -76
36 -76
36 -76
36 -76
36 -72
36 -75
36 -76
36 -78
36 -75
36 -73
36 -75
36 -75
36 -77
36 -78
36 -72
36 -75
36 -73
36 -73
36 -72
37 -72
37 -77
37 -78
37 -70
37 -78
37 -70
37 -83
37 -76
37 -76
37 -74
37 -71
37 -69
37 -68
37 -70
37 -71
37 -70
37 -74
37 -72
37 -73
37 -74
37 -72
37 -74
37 -70
37 -70
37 -70
37 -70
37 -72
37 -71
37 -76
37 -81
37 -78
37 -73
37 -79
37 -81
37 -73
37 -78
37 -77
37 -74
37 -78
37 -70
37 -70
37 -70
37 -70
37 -72
37 -72
37 -72
37 -75
37 -76
37 -72
37 -74
37 -74
37 -72
37 -71
37 -72
37 -74
37 -75
37 -76
37 -77
37 -78
37 -76
37 -76
37 -76
37 -75
37 -74
37 -71
37 -71
37 -78
37 -85
37 -77
37 -76
37 -79
37 -79
37 -75
37 -75
37 -76
37 -75
37 -75
37 -76
37 -76
37 -76
37 -76
37 -76
37 -75
37 -75
37 -74
37 -76
37 -75
37 -78
37 -76
37 -72
37 -75
37 -73
37 -74
37 -73
37 -72
37 -73
37 -73
38 -74
38 -72
38 -73
38 -72
38 -67
38 -67
38 -68
38 -67
38 -69
38 -69
38 -70
38 -74
38 -70
38 -75
38 -78
38 -76
38 -73
38 -72
38 -72
38 -70
38 -73
38 -71
38 -74
38 -74
38 -73
38 -78
38 -76
38 -76
38 -74
38 -76
38 -37
38 -63
38 -79
38 -75
38 -72
38 -75
38 -72
38 -70
38 -69
38 -71
38 -73
38 -76
38 -75
38 -69
38 -64
38 -64
38 -72
38 -74
38 -72
38 -70
38 -71
38 -70
38 -69
38 -68
38 -66
38 -68
38 -69
38 -69
38 -69
38 -70
38 -70
38 -70
38 -70
38 -44
38 -67
38 -67
38 -67
38 -68
38 -68
38 -70
38 -70
38 -70
38 -72
38 -72
38 -72
38 -70
38 -67
38 -67
38 -66
38 -66
38 -67
38 -68
38 -68
38 -68
38 -67
38 -66
38 -65
38 -64
38 -65
38 -64
38 -75
38 -65
38 -66
38 -66
38 -66
38 -66
38 -66
38 -66
38 -66
38 -66
38 -68
38 -66
38 -66
38 -66
38 -67
38 -67
38 -67
38 -66
38 -66
38 -66
38 -66
38 -65
38 -65
