Beacon Rssi
1 -72
1 -71
1 -71
1 -70
1 -71
1 -71
1 -71
1 -71
1 -72
1 -73
1 -72
1 -72
1 -73
1 -74
1 -74
1 -74
1 -74
1 -72
1 -72
1 -72
1 -72
1 -71
1 -72
1 -74
1 -80
1 -84
1 -74
1 -72
1 -70
1 -70
1 -70
1 -72
1 -74
1 -74
1 -74
1 -74
1 -60
1 -81
1 -80
1 -80
1 -78
1 -78
1 -78
1 -76
1 -76
1 -76
1 -76
1 -75
1 -75
1 -76
1 -76
1 -76
1 -78
1 -54
1 -75
1 -77
1 -79
1 -78
1 -74
1 -72
1 -72
1 -70
1 -72
1 -76
1 -74
1 -73
1 -74
1 -75
1 -75
1 -75
1 -78
1 -79
1 -76
1 -75
1 -76
1 -73
1 -71
1 -73
1 -76
1 -76
1 -75
1 -76
1 -76
1 -75
1 -76
1 -76
1 -76
1 -75
1 -73
1 -73
1 -75
1 -65
1 -74
1 -70
1 -73
1 -78
1 -78
1 -76
1 -77
1 -76
1 -78
1 -67
1 -80
1 -81
1 -79
1 -77
1 -69
1 -79
1 -77
1 -76
1 -75
1 -75
1 -75
1 -76
1 -77
1 -78
1 -80
1 -79
1 -79
1 -81
1 -82
1 -80
1 -78
1 -80
1 -81
1 -78
1 -78
1 -79
1 -81
1 -85
1 -78
1 -82
1 -81
1 -81
1 -79
1 -80
1 -81
1 -84
1 -85
1 -84
1 -83
1 -82
1 -76
1 -76
1 -78
1 -82
1 -77
1 -82
1 -83
1 -82
1 -84
1 -80
1 -81
1 -70
1 -81
1 -80
1 -81
1 -84
1 -77
1 -75
1 -71
1 -78
1 -78
1 -81
1 -77
1 -78
1 -78
1 -80
1 -81
1 -80
1 -76
1 -74
1 -84
1 -84
1 -86
1 -84
1 -79
1 -78
1 -86
1 -79
1 -77
1 -78
1 -76
1 -76
1 -77
1 -77
1 -77
1 -76
1 -76
1 -76
1 -76
1 -74
1 -76
1 -76
1 -76
1 -76
1 -72
1 -76
1 -77
1 -80
1 -82
1 -82
1 -80
1 -79
1 -78
1 -76
1 -77
1 -79
1 -80
1 -79
1 -74
1 -79
1 -79
1 -80
1 -79
1 -80
1 -75
1 -74
1 -75
1 -76
1 -75
1 -74
1 -74
1 -73
1 -75
1 -75
1 -74
1 -75
1 -76
1 -76
1 -76
1 -70
1 -78
1 -78
1 -78
1 -78
1 -77
1 -82
1 -83
1 -81
1 -80
1 -75
1 -82
1 -80
1 -81
1 -77
1 -82
1 -80
1 -78
1 -78
1 -78
1 -78
1 -78
1 -78
1 -78
1 -78
1 -70
1 -84
1 -78
1 -82
1 -82
1 -83
1 -81
1 -79
1 -79
1 -82
1 -81
1 -83
1 -82
1 -82
1 -80
1 -81
1 -82
1 -84
1 -81
1 -79
1 -78
1 -78
1 -78
1 -78
1 -76
1 -77
1 -74
1 -78
1 -80
1 -81
1 -80
1 -70
1 -79
1 -78
1 -76
1 -74
1 -75
1 -75
1 -75
1 -73
1 -75
1 -74
1 -76
1 -76
1 -76
1 -77
1 -76
1 -76
1 -75
1 -75
1 -75
1 -74
1 -75
1 -75
1 -72
1 -74
1 -75
1 -76
1 -75
1 -75
1 -76
1 -73
1 -79
1 -74
1 -75
1 -80
1 -78
1 -78
1 -79
1 -79
1 -80
1 -77
1 -81
1 -82
1 -84
1 -83
1 -83
2 -72
2 -75
2 -74
2 -75
2 -72
2 -76
2 -75
2 -76
2 -75
2 -79
2 -76
2 -75
2 -73
2 -77
2 -79
2 -78
2 -78
2 -76
2 -78
2 -78
2 -80
2 -76
2 -75
2 -74
2 -75
2 -76
2 -86
2 -83
2 -78
2 -78
2 -78
2 -61
2 -81
2 -82
2 -84
2 -79
2 -80
2 -79
2 -84
2 -77
2 -83
2 -84
2 -85
2 -85
2 -84
2 -86
2 -83
2 -82
2 -83
2 -81
2 -82
2 -85
2 -84
2 -80
2 -81
2 -81
2 -81
2 -81
2 -82
2 -81
2 -80
2 -80
2 -78
2 -83
2 -79
2 -81
2 -82
2 -82
2 -76
2 -76
2 -77
2 -76
2 -78
2 -78
2 -78
2 -76
2 -76
2 -75
2 -77
2 -76
2 -76
2 -75
2 -74
2 -73
2 -73
2 -72
2 -76
2 -77
2 -77
2 -75
2 -77
2 -76
2 -76
2 -75
2 -72
2 -75
2 -75
2 -74
2 -76
2 -76
2 -72
2 -78
2 -76
2 -75
2 -72
2 -72
2 -76
2 -76
2 -76
2 -76
2 -78
2 -76
2 -76
2 -76
2 -76
2 -75
2 -76
2 -74
2 -75
2 -71
2 -75
2 -75
2 -74
2 -75
2 -76
2 -78
2 -73
2 -66
2 -78
2 -76
2 -76
2 -76
2 -76
2 -75
2 -75
2 -76
2 -76
2 -76
2 -75
2 -75
2 -73
2 -75
2 -76
2 -76
2 -75
2 -75
2 -74
2 -75
2 -74
2 -74
2 -74
2 -76
2 -71
2 -76
2 -72
2 -72
2 -70
2 -70
2 -71
2 -71
2 -70
2 -70
2 -71
2 -70
2 -72
2 -72
2 -71
2 -71
2 -71
2 -71
2 -70
2 -71
2 -70
2 -70
2 -70
2 -75
2 -70
2 -71
2 -72
2 -67
2 -71
2 -73
2 -71
2 -72
2 -72
2 -72
2 -72
2 -72
2 -79
2 -72
2 -71
2 -71
2 -72
2 -72
2 -72
2 -72
2 -72
2 -72
2 -72
2 -73
2 -72
2 -74
2 -72
2 -71
2 -71
2 -70
2 -71
2 -71
2 -71
2 -72
2 -72
2 -71
2 -71
2 -72
2 -72
2 -72
2 -72
2 -72
2 -72
2 -71
2 -72
2 -72
2 -72
2 -72
2 -72
2 -71
2 -72
2 -71
2 -72
2 -71
2 -71
2 -72
2 -72
2 -71
2 -72
2 -72
2 -72
2 -70
2 -71
2 -72
2 -72
2 -72
2 -72
2 -71
2 -72
2 -72
2 -71
2 -71
2 -71
2 -71
2 -71
2 -71
2 -67
2 -72
2 -72
2 -71
2 -71
2 -71
2 -72
2 -74
2 -74
2 -74
2 -76
2 -75
2 -73
2 -72
2 -73
2 -74
2 -74
2 -71
2 -73
2 -73
2 -72
2 -72
2 -72
2 -73
2 -73
2 -71
2 -76
2 -78
2 -79
2 -80
2 -81
2 -80
2 -79
2 -79
2 -78
2 -76
2 -76
2 -75
2 -74
2 -74
2 -70
2 -76
2 -75
2 -76
2 -76
2 -76
2 -77
2 -78
2 -78
2 -73
2 -78
2 -78
2 -76
2 -76
2 -75
2 -73
2 -72
2 -71
2 -71
2 -72
2 -72
2 -72
2 -72
2 -70
2 -76
2 -75
2 -76
2 -75
2 -75
2 -73
2 -74
2 -73
2 -72
2 -72
2 -73
2 -72
2 -72
2 -71
2 -71
2 -72
2 -71
2 -71
2 -70
2 -71
2 -71
2 -72
2 -72
2 -72
2 -72
2 -72
3 -77
3 -76
3 -76
3 -77
3 -76
3 -74
3 -76
3 -72
3 -76
3 -76
3 -72
3 -70
3 -72
3 -73
3 -76
3 -84
3 -85
3 -83
3 -76
3 -75
3 -81
3 -81
3 -76
3 -73
3 -72
3 -70
3 -71
3 -73
3 -76
3 -78
3 -78
3 -83
3 -82
3 -81
3 -80
3 -79
3 -76
3 -78
3 -74
3 -80
3 -81
3 -80
3 -80
3 -77
3 -76
3 -77
3 -78
3 -77
3 -76
3 -76
3 -78
3 -81
3 -82
3 -78
3 -78
3 -79
3 -70
3 -71
3 -73
3 -76
3 -75
3 -74
3 -75
3 -74
3 -72
3 -73
3 -73
3 -74
3 -75
3 -75
3 -74
3 -72
3 -73
3 -73
3 -73
3 -72
3 -72
3 -72
3 -73
3 -73
3 -75
3 -73
3 -76
3 -76
3 -75
3 -76
3 -74
3 -75
3 -75
3 -78
3 -77
3 -78
3 -78
3 -77
3 -79
3 -78
3 -78
3 -78
3 -78
3 -76
3 -71
3 -75
3 -74
3 -75
3 -80
3 -84
3 -83
3 -80
3 -79
3 -78
3 -79
3 -79
3 -79
3 -80
3 -78
3 -76
3 -75
3 -75
3 -75
3 -73
3 -76
3 -81
3 -82
3 -86
3 -80
3 -80
3 -78
3 -82
3 -84
3 -75
3 -71
3 -70
3 -71
3 -72
3 -72
3 -70
3 -72
3 -73
3 -75
3 -77
3 -77
3 -76
3 -80
3 -77
3 -77
3 -76
3 -77
3 -83
3 -85
3 -83
3 -79
3 -78
3 -77
3 -81
3 -79
3 -76
3 -74
3 -75
3 -71
3 -74
3 -72
3 -73
3 -74
3 -75
3 -73
3 -74
3 -78
3 -76
3 -76
3 -74
3 -75
3 -76
3 -70
3 -68
3 -68
3 -69
3 -70
3 -72
3 -77
3 -79
3 -72
3 -64
3 -76
3 -76
3 -77
3 -61
3 -80
3 -82
3 -83
3 -83
3 -83
3 -84
3 -82
3 -80
3 -81
3 -82
3 -84
3 -85
3 -81
3 -81
3 -84
3 -81
3 -80
3 -79
3 -80
3 -77
3 -72
3 -78
3 -78
3 -81
3 -83
3 -78
3 -75
3 -72
3 -72
3 -70
3 -70
3 -70
3 -72
3 -72
3 -70
3 -74
3 -75
3 -75
3 -76
3 -75
3 -74
3 -70
3 -73
3 -75
3 -76
3 -68
3 -76
3 -76
3 -76
3 -76
3 -76
3 -75
3 -76
3 -77
3 -76
3 -76
3 -73
3 -76
3 -76
3 -76
3 -76
3 -76
3 -77
3 -77
3 -78
3 -70
3 -79
3 -79
3 -79
3 -78
3 -77
3 -76
3 -74
3 -75
3 -74
3 -75
3 -75
3 -74
3 -74
3 -75
3 -75
3 -75
3 -75
3 -75
3 -75
3 -73
3 -73
3 -73
3 -74
3 -76
3 -76
3 -76
3 -76
3 -76
3 -76
3 -76
3 -73
3 -74
3 -75
3 -73
3 -74
3 -74
3 -75
3 -74
3 -74
3 -75
3 -74
3 -75
3 -73
3 -74
3 -72
3 -72
3 -72
3 -73
3 -73
3 -73
3 -73
3 -73
3 -74
3 -73
3 -72
3 -72
3 -74
3 -76
3 -75
3 -72
3 -72
3 -70
3 -72
3 -72
3 -71
3 -72
3 -72
3 -72
3 -72
3 -73
3 -73
3 -73
3 -75
3 -76
3 -76
3 -76
3 -76
3 -76
3 -72
3 -74
3 -74
3 -74
3 -75
3 -76
3 -76
3 -76
3 -76
3 -75
3 -75
3 -74
3 -74
3 -74
3 -75
3 -74
3 -75
3 -74
3 -74
3 -74
3 -74
3 -74
3 -74
3 -74
3 -74
3 -73
3 -72
3 -70
3 -72
3 -77
3 -76
3 -74
3 -73
3 -75
3 -76
3 -76
3 -76
3 -76
3 -76
3 -76
3 -30
3 -76
3 -76
3 -76
3 -74
3 -75
3 -76
3 -75
3 -76
3 -76
3 -75
3 -76
3 -70
3 -75
3 -76
3 -76
4 -76
4 -78
4 -78
4 -78
4 -78
4 -78
4 -83
4 -78
4 -74
4 -74
4 -82
4 -81
4 -80
4 -81
4 -81
4 -80
4 -79
4 -80
4 -72
4 -76
4 -78
4 -77
4 -80
4 -78
4 -78
4 -73
4 -82
4 -69
4 -82
4 -80
4 -77
4 -81
4 -79
4 -86
4 -82
4 -76
4 -80
4 -80
4 -74
4 -76
4 -80
4 -84
4 -82
4 -82
4 -80
4 -80
4 -85
4 -81
4 -80
4 -81
4 -83
4 -83
4 -83
4 -85
4 -79
4 -82
4 -83
4 -84
4 -80
4 -81
4 -84
4 -83
4 -78
4 -79
4 -84
4 -79
4 -78
4 -78
4 -78
4 -78
4 -76
4 -78
4 -77
4 -79
4 -78
4 -76
4 -79
4 -78
4 -82
4 -80
4 -82
4 -84
4 -73
4 -80
4 -81
4 -82
4 -82
4 -79
4 -84
4 -84
4 -80
4 -76
4 -78
4 -81
4 -77
4 -75
4 -77
4 -77
4 -77
4 -78
4 -84
4 -75
4 -58
4 -76
4 -78
4 -79
4 -78
4 -80
4 -78
4 -76
4 -76
4 -78
4 -79
4 -78
4 -78
4 -77
4 -84
4 -78
4 -73
4 -75
4 -73
4 -72
4 -72
4 -71
4 -71
4 -73
4 -69
4 -78
4 -84
4 -79
4 -70
4 -82
4 -84
4 -78
4 -78
4 -79
4 -78
4 -85
4 -70
4 -75
4 -77
4 -77
4 -76
4 -77
4 -73
4 -71
4 -79
4 -72
4 -78
4 -76
4 -76
4 -76
4 -78
4 -76
4 -76
4 -75
4 -74
4 -74
4 -76
4 -75
4 -74
4 -74
4 -74
4 -74
4 -74
4 -75
4 -76
4 -78
4 -77
4 -76
4 -76
4 -76
4 -75
4 -75
4 -75
4 -76
4 -76
4 -77
4 -76
4 -74
4 -76
4 -75
4 -72
4 -72
4 -73
4 -73
4 -73
4 -73
4 -74
4 -76
4 -76
4 -75
4 -76
4 -76
4 -79
4 -78
4 -78
4 -77
4 -76
4 -76
4 -76
4 -76
4 -76
4 -76
4 -76
4 -75
4 -76
4 -77
4 -77
4 -76
4 -78
4 -76
4 -76
4 -75
4 -78
4 -77
4 -78
4 -79
4 -78
4 -78
4 -77
4 -78
4 -78
4 -78
4 -78
4 -78
4 -79
4 -79
4 -78
4 -77
4 -77
4 -65
4 -77
4 -76
4 -76
4 -75
4 -76
4 -76
4 -75
4 -76
4 -76
4 -76
4 -76
4 -75
4 -76
4 -76
4 -76
4 -76
4 -76
4 -76
4 -73
4 -76
4 -78
4 -78
4 -78
4 -71
4 -84
4 -83
4 -84
4 -83
4 -80
4 -80
4 -83
4 -74
4 -82
4 -83
4 -83
4 -83
4 -84
4 -85
4 -75
4 -82
4 -80
4 -82
4 -83
5 -82
5 -84
5 -76
5 -79
5 -76
5 -74
5 -74
5 -73
5 -76
5 -77
5 -78
5 -80
5 -79
5 -80
5 -78
5 -78
5 -82
5 -83
5 -78
5 -76
5 -78
5 -81
5 -81
5 -81
5 -77
5 -53
5 -52
5 -74
5 -74
5 -74
5 -74
5 -74
5 -73
5 -76
5 -76
5 -76
5 -75
5 -76
5 -76
5 -76
5 -76
5 -76
5 -76
5 -76
5 -78
5 -78
5 -78
5 -76
5 -80
5 -67
5 -81
5 -76
5 -80
5 -78
5 -81
5 -81
5 -83
5 -79
5 -78
5 -84
5 -82
5 -79
5 -80
5 -76
5 -79
5 -76
5 -78
5 -76
5 -78
5 -76
5 -79
5 -78
5 -77
5 -78
5 -77
5 -80
5 -80
5 -76
5 -78
5 -78
5 -76
5 -78
5 -78
5 -69
5 -79
5 -78
5 -79
5 -77
5 -78
5 -79
5 -80
5 -70
5 -74
5 -80
5 -80
5 -78
5 -78
5 -78
5 -83
5 -81
5 -64
5 -79
5 -82
5 -79
5 -78
5 -78
5 -78
5 -77
5 -81
5 -80
5 -76
5 -76
5 -80
5 -80
5 -79
5 -78
5 -78
5 -80
5 -80
5 -78
5 -82
5 -81
5 -85
5 -85
5 -85
5 -83
5 -83
5 -80
5 -82
5 -78
5 -78
5 -78
5 -79
5 -80
5 -74
5 -78
5 -84
5 -84
5 -82
5 -80
5 -77
5 -77
5 -80
5 -74
5 -76
5 -78
5 -77
5 -79
5 -78
5 -78
5 -78
5 -77
5 -78
5 -78
5 -78
5 -78
5 -80
5 -78
5 -78
5 -78
5 -77
5 -79
5 -78
5 -80
5 -79
5 -82
5 -80
5 -86
5 -83
5 -86
5 -83
5 -73
5 -80
5 -80
5 -82
5 -86
5 -83
5 -83
5 -83
5 -84
5 -82
5 -83
5 -70
5 -85
5 -52
5 -83
5 -83
5 -84
5 -85
5 -85
5 -84
5 -83
5 -84
5 -82
5 -80
5 -80
5 -82
5 -81
5 -81
5 -79
5 -76
5 -81
5 -79
5 -80
5 -77
5 -80
5 -80
5 -78
5 -78
5 -77
5 -76
5 -75
5 -75
5 -75
5 -75
5 -76
5 -75
5 -76
5 -76
5 -76
5 -75
5 -75
5 -75
5 -74
5 -75
5 -74
5 -74
5 -75
5 -75
5 -74
5 -66
5 -74
5 -74
5 -74
5 -74
5 -74
5 -74
5 -74
5 -75
5 -75
5 -75
5 -76
5 -74
5 -76
5 -76
5 -70
5 -75
5 -78
5 -78
5 -76
5 -74
5 -77
5 -76
5 -78
5 -78
5 -78
5 -78
5 -74
5 -77
5 -78
5 -76
5 -81
5 -80
5 -78
5 -79
5 -81
5 -81
5 -81
5 -78
5 -83
5 -82
5 -79
5 -79
5 -80
5 -80
5 -79
6 -80
6 -81
6 -79
6 -78
6 -81
6 -82
6 -84
6 -80
6 -76
6 -76
6 -76
6 -75
6 -75
6 -77
6 -76
6 -77
6 -78
6 -77
6 -78
6 -78
6 -79
6 -80
6 -79
6 -78
6 -73
6 -83
6 -66
6 -78
6 -77
6 -77
6 -70
6 -77
6 -76
6 -76
6 -77
6 -73
6 -72
6 -75
6 -76
6 -80
6 -78
6 -76
6 -76
6 -76
6 -72
6 -76
6 -73
6 -72
6 -73
6 -73
6 -72
6 -72
6 -72
6 -71
6 -77
6 -73
6 -73
6 -72
6 -76
6 -71
6 -75
6 -75
6 -71
6 -75
6 -72
6 -70
6 -70
6 -73
6 -65
6 -69
6 -70
6 -70
6 -71
6 -70
6 -73
6 -64
6 -70
6 -72
6 -69
6 -70
6 -73
6 -71
6 -73
6 -70
6 -70
6 -71
6 -75
6 -74
6 -70
6 -71
6 -73
6 -72
6 -72
6 -70
6 -67
6 -70
6 -71
6 -70
6 -72
6 -71
6 -74
6 -72
6 -74
6 -70
6 -70
6 -68
6 -67
6 -68
6 -70
6 -74
6 -70
6 -69
6 -70
6 -70
6 -70
6 -70
6 -72
6 -72
6 -74
6 -73
6 -70
6 -71
6 -72
6 -73
6 -73
6 -70
6 -69
6 -70
6 -70
6 -72
6 -72
6 -64
6 -64
6 -75
6 -72
6 -72
6 -75
6 -77
6 -79
6 -73
6 -71
6 -73
6 -74
6 -72
6 -71
6 -73
6 -78
6 -77
6 -76
6 -74
6 -72
6 -72
6 -73
6 -72
6 -74
6 -72
6 -72
6 -74
6 -72
6 -73
6 -73
6 -72
6 -69
6 -69
6 -72
6 -73
6 -74
6 -76
6 -75
6 -70
6 -80
6 -55
6 -75
6 -74
6 -73
6 -74
6 -74
6 -72
6 -72
6 -73
6 -71
6 -71
6 -69
6 -70
6 -70
6 -72
6 -72
6 -72
6 -75
6 -76
6 -72
6 -76
6 -70
6 -72
6 -69
6 -69
6 -69
6 -70
6 -78
6 -70
6 -72
6 -69
6 -49
6 -71
6 -74
6 -73
6 -74
6 -71
6 -76
6 -74
6 -83
6 -78
6 -73
6 -72
6 -68
6 -69
6 -69
6 -72
6 -72
6 -74
6 -77
6 -79
6 -76
6 -72
6 -72
6 -70
6 -67
6 -68
6 -72
6 -79
6 -71
6 -78
6 -79
6 -83
6 -85
6 -84
6 -79
6 -82
6 -62
6 -81
6 -83
6 -84
6 -81
6 -78
6 -75
6 -76
6 -76
6 -75
6 -74
6 -78
6 -72
6 -71
6 -75
6 -73
6 -72
6 -72
6 -72
6 -71
6 -72
6 -75
6 -72
6 -74
6 -76
6 -76
6 -76
6 -79
6 -78
6 -76
6 -74
6 -75
6 -76
6 -76
6 -76
6 -77
6 -76
6 -77
6 -79
6 -77
6 -76
6 -76
6 -73
6 -75
6 -73
6 -70
6 -71
6 -70
6 -70
6 -70
6 -71
6 -72
6 -73
6 -73
6 -74
6 -74
6 -71
6 -74
6 -76
6 -77
6 -78
6 -77
6 -76
6 -73
6 -75
6 -72
6 -74
6 -76
6 -72
6 -72
6 -78
6 -76
6 -76
6 -76
6 -78
6 -76
6 -74
6 -76
6 -58
6 -78
6 -78
6 -80
6 -76
6 -73
6 -76
6 -75
6 -76
6 -78
6 -81
6 -78
6 -75
6 -76
6 -73
6 -77
6 -78
6 -77
6 -76
6 -77
6 -75
6 -76
6 -76
6 -79
6 -76
6 -80
6 -81
6 -78
6 -77
6 -76
6 -76
6 -72
6 -72
6 -75
6 -74
6 -76
6 -76
6 -78
6 -82
6 -84
6 -76
6 -72
6 -73
6 -71
6 -72
6 -73
6 -74
6 -74
6 -73
6 -73
6 -72
6 -73
6 -73
6 -74
6 -75
6 -74
6 -74
6 -74
6 -74
6 -73
6 -74
6 -74
6 -72
6 -75
6 -75
6 -77
6 -78
6 -80
6 -76
6 -78
6 -79
6 -79
6 -75
6 -76
6 -78
6 -76
6 -78
6 -84
6 -80
6 -81
6 -82
6 -82
6 -83
6 -83
6 -82
6 -83
6 -84
7 -76
7 -75
7 -76
7 -76
7 -76
7 -76
7 -76
7 -82
7 -83
7 -77
7 -78
7 -84
7 -81
7 -78
7 -78
7 -76
7 -78
7 -82
7 -77
7 -76
7 -79
7 -81
7 -76
7 -74
7 -73
7 -75
7 -83
7 -76
7 -78
7 -81
7 -78
7 -76
7 -78
7 -79
7 -78
7 -78
7 -79
7 -77
7 -77
7 -75
7 -76
7 -75
7 -75
7 -74
7 -76
7 -77
7 -76
7 -76
7 -76
7 -78
7 -79
7 -78
7 -72
7 -83
7 -84
7 -78
7 -76
7 -76
7 -79
7 -77
7 -74
7 -75
7 -77
7 -78
7 -81
7 -76
7 -76
7 -79
7 -78
7 -84
7 -76
7 -76
7 -85
7 -78
7 -80
7 -75
7 -76
7 -79
7 -82
7 -78
7 -76
7 -72
7 -79
7 -80
7 -80
7 -76
7 -63
7 -79
7 -77
7 -30
7 -76
7 -75
7 -74
7 -75
7 -74
7 -30
7 -73
7 -73
7 -72
7 -80
7 -76
7 -76
7 -81
7 -80
7 -79
7 -76
7 -74
7 -74
7 -77
7 -76
7 -79
7 -76
7 -75
7 -75
7 -76
7 -76
7 -76
7 -80
7 -79
7 -78
7 -77
7 -84
7 -83
7 -84
7 -77
7 -42
7 -80
7 -76
7 -73
7 -76
7 -84
7 -84
7 -78
7 -76
7 -70
7 -72
7 -72
7 -73
7 -74
7 -76
7 -75
7 -75
7 -78
7 -78
7 -77
7 -74
7 -73
7 -76
7 -71
7 -75
7 -76
7 -76
7 -80
7 -78
7 -76
7 -71
7 -74
7 -74
7 -76
7 -66
7 -71
7 -71
7 -70
7 -70
7 -71
7 -73
7 -73
7 -79
7 -73
7 -70
7 -69
7 -68
7 -69
7 -69
7 -69
7 -68
7 -68
7 -69
7 -69
7 -69
7 -68
7 -68
7 -68
7 -69
7 -69
7 -68
7 -69
7 -68
7 -69
7 -69
7 -69
7 -69
7 -69
7 -69
7 -69
7 -69
7 -70
7 -69
7 -70
7 -69
7 -69
7 -70
7 -69
7 -70
7 -64
7 -70
7 -72
7 -71
7 -71
7 -72
7 -75
7 -73
7 -72
7 -72
7 -72
7 -71
7 -73
7 -74
7 -74
7 -75
7 -74
7 -74
7 -74
7 -73
7 -72
7 -70
7 -70
7 -70
7 -71
7 -70
7 -72
7 -72
7 -73
7 -61
7 -80
7 -82
7 -83
7 -83
7 -78
7 -75
7 -78
7 -76
7 -75
7 -76
7 -76
7 -77
7 -76
7 -78
7 -80
7 -78
7 -80
7 -80
7 -81
7 -79
7 -77
7 -76
7 -73
7 -73
7 -72
7 -72
7 -58
7 -71
7 -72
7 -72
7 -72
7 -73
7 -73
7 -74
7 -72
7 -73
7 -74
7 -73
7 -74
7 -58
7 -76
7 -74
7 -73
7 -76
7 -76
7 -74
7 -75
7 -75
7 -72
7 -74
7 -71
7 -58
7 -70
7 -72
7 -72
7 -73
7 -72
7 -72
7 -72
7 -72
7 -72
7 -72
7 -72
7 -75
7 -74
7 -72
7 -72
7 -74
7 -74
7 -72
7 -73
7 -72
7 -72
7 -70
7 -73
7 -75
7 -74
7 -73
7 -72
7 -72
7 -73
7 -74
7 -73
7 -73
7 -71
7 -73
7 -73
7 -71
7 -71
7 -74
7 -76
7 -76
7 -76
7 -75
7 -76
7 -76
7 -76
7 -76
7 -76
7 -77
7 -78
7 -79
7 -78
7 -76
7 -75
7 -72
7 -72
7 -72
7 -71
7 -46
7 -71
7 -63
7 -71
7 -71
7 -71
7 -72
7 -71
7 -71
7 -71
7 -72
7 -72
7 -71
7 -72
7 -71
7 -72
7 -72
7 -70
7 -71
7 -71
7 -71
7 -71
7 -72
7 -71
7 -73
7 -74
7 -75
7 -73
7 -78
7 -80
7 -81
7 -80
7 -78
7 -73
7 -73
7 -72
7 -73
7 -72
7 -73
7 -73
7 -72
7 -72
7 -72
7 -73
7 -74
7 -74
7 -74
7 -73
7 -75
7 -75
7 -73
7 -76
7 -76
7 -75
7 -76
7 -75
7 -75
7 -76
7 -74
7 -75
7 -77
7 -72
7 -77
8 -81
8 -83
8 -82
8 -86
8 -83
8 -80
8 -80
8 -82
8 -85
8 -85
8 -83
8 -85
8 -85
8 -86
8 -80
8 -76
8 -84
8 -82
8 -84
8 -84
8 -87
8 -79
8 -83
8 -83
8 -82
8 -67
8 -84
8 -87
8 -88
9 -88
9 -83
9 -82
9 -83
9 -77
9 -82
9 -83
9 -84
9 -84
9 -83
9 -83
9 -79
9 -82
9 -82
9 -83
9 -82
9 -83
9 -82
9 -81
9 -83
9 -82
9 -83
9 -84
9 -84
9 -84
9 -83
9 -84
9 -83
9 -80
9 -82
9 -83
9 -84
9 -84
9 -84
9 -83
9 -84
9 -81
9 -81
9 -81
9 -81
9 -81
9 -81
9 -79
9 -81
9 -77
9 -79
9 -80
9 -81
9 -80
9 -80
9 -81
9 -80
9 -82
9 -82
9 -84
9 -84
9 -84
9 -83
9 -82
9 -81
9 -80
9 -81
9 -81
9 -82
9 -81
9 -79
9 -80
9 -80
9 -79
9 -81
9 -81
9 -80
9 -80
9 -81
9 -81
9 -81
9 -60
9 -80
9 -80
9 -80
9 -63
9 -81
9 -81
9 -80
9 -79
9 -79
9 -80
9 -80
9 -80
9 -81
9 -79
9 -80
9 -81
9 -81
9 -81
9 -70
9 -80
9 -79
9 -79
9 -80
9 -85
9 -85
9 -85
9 -85
9 -85
9 -85
9 -86
9 -85
9 -82
9 -85
10 -87
10 -83
10 -79
10 -81
10 -84
10 -84
10 -84
10 -82
10 -82
10 -84
10 -84
10 -83
10 -83
10 -84
10 -82
10 -78
10 -80
10 -83
10 -81
10 -81
10 -65
10 -82
10 -82
10 -82
10 -83
10 -82
10 -85
10 -86
10 -84
10 -80
10 -80
10 -85
10 -85
10 -84
10 -84
10 -87
10 -86
10 -85
10 -82
10 -86
10 -72
10 -84
10 -83
10 -88
10 -83
10 -87
10 -84
10 -84
10 -83
10 -84
10 -84
10 -83
10 -83
10 -81
10 -81
10 -81
10 -86
10 -84
10 -85
10 -85
10 -85
10 -86
10 -77
10 -83
10 -83
10 -84
10 -88
10 -84
10 -84
10 -84
10 -74
10 -85
10 -83
10 -85
10 -84
10 -84
10 -84
10 -84
10 -83
10 -83
10 -84
10 -86
10 -84
11 -85
11 -82
11 -82
11 -78
11 -78
11 -76
11 -72
11 -76
11 -76
11 -78
11 -81
11 -81
11 -82
11 -80
11 -84
11 -84
11 -83
11 -77
11 -81
11 -82
11 -82
11 -79
11 -81
11 -82
11 -80
11 -86
11 -86
11 -85
11 -82
11 -76
11 -80
11 -81
11 -81
11 -76
11 -81
11 -77
11 -78
11 -78
11 -83
11 -82
11 -71
11 -76
11 -76
11 -77
11 -76
11 -78
11 -78
11 -81
11 -67
11 -87
11 -83
11 -79
11 -84
11 -89
11 -82
11 -81
11 -84
11 -82
11 -85
11 -81
11 -80
11 -79
11 -85
11 -84
11 -84
11 -83
11 -79
11 -81
11 -78
11 -84
11 -55
11 -83
11 -82
11 -78
11 -83
11 -85
11 -80
11 -83
11 -78
11 -84
11 -80
11 -84
11 -78
11 -78
11 -84
11 -82
11 -82
11 -83
11 -88
11 -83
11 -84
11 -78
11 -76
11 -78
11 -81
11 -81
11 -77
11 -78
11 -79
11 -81
11 -81
11 -79
11 -79
11 -78
11 -78
11 -77
11 -77
11 -78
11 -77
11 -78
11 -84
11 -87
11 -77
11 -83
11 -76
11 -75
11 -78
11 -87
11 -83
11 -82
11 -81
11 -80
11 -83
11 -84
11 -85
11 -83
11 -83
11 -82
11 -82
11 -79
11 -82
11 -72
11 -82
11 -83
11 -84
11 -62
11 -83
11 -81
11 -84
11 -84
11 -85
11 -78
11 -77
11 -76
11 -78
11 -77
11 -76
11 -76
11 -78
11 -77
11 -76
11 -76
11 -76
11 -75
11 -76
11 -76
11 -75
11 -75
11 -74
11 -74
11 -76
11 -77
11 -78
11 -77
11 -77
11 -77
11 -76
11 -76
11 -76
11 -76
11 -75
11 -76
11 -76
11 -73
11 -74
11 -75
11 -76
11 -76
11 -76
11 -76
11 -77
11 -76
11 -77
11 -76
11 -76
11 -77
11 -76
11 -77
11 -80
11 -76
11 -77
11 -81
11 -80
11 -84
11 -80
11 -82
11 -82
11 -78
11 -82
11 -81
11 -81
11 -82
11 -76
11 -80
11 -81
11 -84
11 -80
11 -76
12 -74
12 -74
12 -74
12 -73
12 -74
12 -73
12 -73
12 -73
12 -72
12 -78
12 -76
12 -73
12 -67
12 -70
12 -54
12 -69
12 -71
12 -71
12 -72
12 -73
12 -72
12 -72
12 -71
12 -71
12 -72
12 -71
12 -71
12 -72
12 -75
12 -78
12 -76
12 -76
12 -77
12 -81
12 -84
12 -80
12 -80
12 -78
12 -53
12 -71
12 -78
12 -79
12 -76
12 -76
12 -74
12 -75
12 -77
12 -74
12 -73
12 -79
12 -76
12 -76
12 -76
12 -74
12 -76
12 -75
12 -76
12 -76
12 -75
12 -79
12 -78
12 -77
12 -78
12 -75
12 -75
12 -76
12 -75
12 -70
12 -70
12 -75
12 -75
12 -76
12 -77
12 -75
12 -72
12 -75
12 -74
12 -76
12 -73
12 -76
12 -76
12 -75
12 -75
12 -72
12 -74
12 -74
12 -76
12 -75
12 -74
12 -76
12 -74
12 -74
12 -73
12 -71
12 -72
12 -74
12 -73
12 -73
12 -73
12 -74
12 -74
12 -75
12 -75
12 -73
12 -72
12 -73
12 -75
12 -75
12 -76
12 -75
12 -74
12 -72
12 -75
12 -76
12 -73
12 -73
12 -73
12 -73
12 -73
12 -72
12 -73
12 -72
12 -73
12 -74
12 -74
12 -73
12 -72
12 -72
12 -72
12 -74
12 -75
12 -76
12 -75
12 -75
12 -75
12 -73
12 -74
12 -74
12 -74
12 -73
12 -74
12 -73
12 -74
12 -75
12 -75
12 -73
12 -74
12 -72
12 -71
12 -74
12 -75
12 -73
12 -72
12 -72
12 -72
12 -72
12 -73
12 -73
12 -74
12 -72
12 -73
12 -75
12 -73
12 -73
12 -73
12 -73
12 -72
12 -71
12 -71
12 -72
12 -71
12 -72
12 -72
12 -72
12 -71
12 -71
12 -70
12 -70
12 -70
12 -72
12 -72
12 -72
12 -70
12 -70
12 -70
12 -65
12 -72
12 -74
12 -73
12 -75
12 -74
12 -71
12 -70
12 -69
12 -69
12 -69
12 -70
12 -70
12 -70
12 -70
12 -70
12 -71
12 -72
12 -75
12 -72
12 -74
12 -76
12 -75
12 -75
12 -75
12 -76
12 -75
12 -74
12 -73
12 -71
12 -71
12 -72
12 -72
12 -72
12 -74
12 -76
12 -79
12 -81
12 -77
12 -76
12 -81
12 -78
12 -76
12 -73
12 -69
12 -70
12 -72
12 -73
12 -72
12 -72
12 -68
12 -72
12 -72
12 -71
12 -71
12 -70
12 -71
12 -70
12 -70
12 -72
12 -72
12 -72
12 -72
12 -72
12 -72
12 -72
12 -72
12 -72
12 -71
12 -71
12 -70
12 -71
12 -70
12 -70
12 -70
12 -72
12 -70
12 -71
12 -74
12 -76
12 -77
12 -78
12 -81
12 -79
12 -78
12 -76
12 -77
12 -76
12 -76
12 -76
12 -78
12 -79
12 -82
12 -78
12 -74
12 -73
12 -74
12 -69
12 -77
12 -79
12 -76
12 -74
12 -73
12 -74
12 -72
12 -73
12 -74
12 -77
12 -79
12 -77
12 -76
12 -76
12 -77
12 -77
12 -77
12 -78
12 -78
12 -78
12 -76
12 -79
12 -84
12 -83
12 -78
12 -80
12 -79
12 -79
12 -78
12 -79
12 -80
12 -78
12 -78
12 -78
12 -78
12 -79
12 -81
12 -81
12 -80
12 -81
12 -83
12 -81
12 -78
12 -78
12 -78
12 -78
12 -77
12 -77
12 -76
12 -78
12 -78
12 -76
12 -76
12 -76
12 -75
12 -76
12 -76
12 -76
12 -78
12 -78
12 -75
12 -78
12 -75
12 -75
12 -76
12 -79
12 -79
12 -78
12 -76
12 -75
12 -75
12 -76
12 -77
12 -76
12 -76
12 -76
12 -72
12 -75
12 -75
12 -74
12 -74
12 -74
12 -73
12 -72
12 -72
12 -73
12 -75
12 -76
12 -76
12 -76
12 -71
12 -77
12 -77
12 -73
12 -78
12 -79
12 -79
12 -76
12 -77
12 -78
12 -77
12 -70
12 -76
12 -76
12 -74
12 -76
12 -75
12 -75
12 -75
12 -74
12 -74
12 -74
12 -75
12 -76
12 -76
12 -76
12 -76
12 -78
12 -76
12 -79
12 -77
12 -76
12 -75
12 -73
12 -73
12 -74
12 -73
12 -73
12 -74
12 -73
12 -74
12 -74
12 -72
12 -73
12 -73
12 -74
12 -73
12 -74
12 -74
12 -73
12 -74
12 -74
12 -73
12 -74
12 -74
12 -73
12 -65
12 -74
12 -74
12 -74
12 -74
12 -73
12 -74
12 -73
13 -70
13 -76
13 -76
13 -76
13 -76
13 -76
13 -76
13 -76
13 -75
13 -77
13 -76
13 -75
13 -73
13 -74
13 -75
13 -74
13 -75
13 -70
13 -77
13 -83
13 -81
13 -78
13 -80
13 -80
13 -80
13 -78
13 -78
13 -78
13 -78
13 -78
13 -78
13 -81
13 -77
13 -78
13 -78
13 -80
13 -78
13 -80
13 -80
13 -80
13 -78
13 -79
13 -80
13 -84
13 -80
13 -82
13 -80
13 -81
13 -84
13 -85
13 -83
13 -85
13 -80
13 -79
13 -81
13 -82
13 -79
13 -82
13 -77
13 -79
13 -81
13 -80
13 -81
13 -82
13 -80
13 -80
13 -80
13 -83
13 -82
13 -82
13 -81
13 -82
13 -83
13 -81
13 -80
13 -79
13 -83
13 -83
13 -80
13 -71
13 -83
13 -81
13 -82
13 -83
13 -82
13 -81
13 -80
13 -67
13 -83
13 -82
13 -86
13 -83
13 -85
13 -82
13 -82
13 -82
13 -87
13 -80
13 -82
13 -81
13 -85
13 -84
13 -79
13 -84
13 -81
13 -82
13 -79
13 -78
13 -78
13 -79
13 -82
13 -80
13 -80
13 -77
13 -80
13 -81
13 -81
13 -81
13 -81
13 -79
13 -79
13 -79
13 -78
13 -79
13 -78
13 -85
13 -85
13 -82
13 -73
13 -76
13 -76
13 -77
13 -78
13 -82
13 -82
13 -81
13 -81
13 -82
13 -82
13 -81
13 -82
13 -76
13 -81
13 -84
13 -81
13 -79
13 -79
13 -80
13 -81
13 -82
13 -80
13 -80
13 -79
13 -78
13 -78
13 -78
13 -79
13 -80
13 -80
13 -78
13 -79
13 -81
13 -81
13 -82
13 -83
13 -83
13 -85
13 -82
13 -82
13 -82
13 -85
13 -87
13 -87
13 -84
13 -85
13 -86
13 -83
13 -81
13 -80
13 -79
13 -79
13 -80
13 -80
13 -77
13 -76
13 -84
13 -84
13 -84
13 -81
13 -80
13 -83
13 -78
13 -72
13 -83
13 -83
13 -80
13 -81
13 -82
13 -82
13 -82
13 -79
13 -84
13 -82
13 -82
13 -82
13 -81
13 -82
13 -82
13 -83
14 -75
14 -74
14 -76
14 -78
14 -79
14 -63
14 -78
14 -78
14 -83
14 -85
14 -81
14 -53
14 -79
14 -80
14 -81
14 -84
14 -75
14 -78
14 -78
14 -81
14 -57
14 -81
14 -84
14 -85
14 -83
14 -81
14 -83
14 -69
14 -84
14 -81
14 -82
14 -81
14 -83
14 -83
14 -83
14 -80
14 -83
14 -84
14 -84
14 -84
14 -84
14 -87
14 -85
14 -78
14 -84
14 -82
14 -81
14 -81
14 -81
14 -81
14 -80
14 -80
14 -85
14 -84
14 -83
14 -60
14 -74
14 -76
14 -78
14 -80
14 -75
14 -74
14 -75
14 -76
14 -80
14 -81
14 -81
14 -78
14 -81
14 -78
14 -74
14 -75
14 -75
14 -75
14 -74
14 -73
14 -74
14 -75
14 -78
14 -78
14 -77
14 -76
14 -76
14 -76
14 -76
14 -76
14 -77
14 -78
14 -78
14 -78
14 -62
14 -76
14 -76
14 -75
14 -62
14 -74
14 -73
14 -73
14 -74
14 -78
14 -80
14 -81
14 -83
14 -85
14 -78
14 -76
14 -76
14 -78
14 -80
14 -74
14 -67
14 -72
14 -72
14 -76
14 -75
14 -74
14 -76
14 -76
14 -77
14 -78
14 -78
14 -77
14 -76
14 -76
14 -76
14 -77
14 -76
14 -75
14 -76
14 -76
14 -76
14 -76
14 -77
14 -77
14 -76
14 -76
14 -75
14 -78
14 -78
14 -77
14 -76
14 -76
14 -77
14 -77
14 -77
14 -76
14 -76
14 -77
14 -78
14 -78
14 -78
14 -78
14 -78
14 -77
14 -76
14 -76
14 -76
14 -76
14 -75
14 -74
14 -75
14 -73
14 -75
14 -74
14 -74
14 -75
14 -74
14 -75
14 -74
14 -75
14 -75
14 -75
14 -75
14 -75
14 -74
14 -74
14 -73
14 -73
14 -72
14 -73
14 -72
14 -73
14 -73
14 -73
14 -73
14 -73
14 -72
14 -72
14 -73
14 -73
14 -73
14 -73
14 -74
14 -73
14 -73
14 -74
14 -75
14 -75
14 -74
14 -74
14 -73
14 -74
14 -73
14 -74
14 -74
14 -75
14 -74
14 -74
14 -75
14 -74
14 -73
14 -73
14 -75
14 -74
14 -71
14 -74
14 -75
14 -75
14 -75
14 -73
14 -76
14 -83
14 -81
14 -77
14 -72
14 -60
14 -72
14 -72
14 -72
14 -72
14 -72
14 -71
14 -71
14 -72
14 -72
14 -72
14 -72
14 -72
14 -72
14 -72
14 -71
14 -70
14 -70
14 -70
14 -72
14 -72
14 -73
14 -74
14 -76
14 -77
14 -79
14 -82
14 -76
14 -75
14 -76
14 -77
14 -77
14 -77
14 -77
14 -78
14 -79
14 -81
14 -81
14 -78
14 -76
14 -84
14 -84
14 -83
14 -82
14 -83
15 -67
15 -67
15 -67
15 -60
15 -67
15 -67
15 -66
15 -67
15 -68
15 -66
15 -66
15 -66
15 -66
15 -65
15 -66
15 -65
15 -65
15 -66
15 -67
15 -68
15 -70
15 -73
15 -78
15 -76
15 -76
15 -76
15 -73
15 -70
15 -70
15 -71
15 -73
15 -76
15 -83
15 -80
15 -82
15 -82
15 -82
15 -82
15 -78
15 -78
15 -78
15 -77
15 -76
15 -76
15 -76
15 -79
15 -79
15 -76
15 -71
15 -76
15 -76
15 -76
15 -76
15 -75
15 -78
15 -80
15 -78
15 -78
15 -76
15 -77
15 -78
15 -76
15 -77
15 -80
15 -79
15 -78
15 -81
15 -78
15 -75
15 -72
15 -73
15 -71
15 -83
15 -79
15 -68
15 -81
15 -77
15 -78
15 -80
15 -79
15 -79
15 -79
15 -81
15 -82
15 -78
15 -81
15 -78
15 -82
15 -78
15 -80
15 -77
15 -79
15 -80
15 -77
15 -76
15 -72
15 -78
15 -76
15 -77
15 -82
15 -78
15 -83
15 -80
15 -69
15 -74
15 -76
15 -71
15 -75
15 -75
15 -74
15 -72
15 -70
15 -78
15 -78
15 -78
15 -74
15 -73
15 -75
15 -75
15 -74
15 -75
15 -76
15 -70
15 -75
15 -76
15 -80
15 -79
15 -76
15 -78
15 -78
15 -73
15 -73
15 -75
15 -76
15 -75
15 -73
15 -72
15 -73
15 -74
15 -73
15 -73
15 -84
15 -75
15 -80
15 -73
15 -71
15 -73
15 -72
15 -72
15 -73
15 -73
15 -71
15 -73
15 -72
15 -73
15 -72
15 -72
15 -72
15 -75
15 -72
15 -70
15 -71
15 -75
15 -75
15 -74
15 -69
15 -74
15 -72
15 -70
15 -70
15 -74
15 -72
15 -74
15 -76
15 -72
15 -71
15 -71
15 -73
15 -72
15 -74
15 -76
15 -77
15 -72
15 -76
15 -74
15 -72
15 -72
15 -72
15 -74
15 -74
15 -75
15 -72
15 -74
15 -71
15 -69
15 -74
15 -76
15 -76
15 -77
15 -84
15 -83
15 -76
15 -78
15 -78
15 -78
15 -79
15 -74
15 -77
15 -77
15 -76
15 -75
15 -75
15 -75
15 -76
15 -77
15 -71
15 -81
15 -79
15 -79
15 -76
15 -83
15 -68
15 -74
15 -70
15 -70
15 -69
15 -72
15 -72
15 -72
15 -73
15 -74
15 -74
15 -72
15 -72
15 -72
15 -72
15 -74
15 -74
15 -72
15 -72
15 -72
15 -72
15 -71
15 -72
15 -73
15 -78
15 -77
15 -78
15 -80
15 -73
15 -78
15 -78
15 -78
15 -77
15 -78
15 -80
15 -82
15 -82
15 -81
15 -53
15 -84
15 -87
15 -81
15 -78
15 -75
15 -75
15 -76
15 -75
15 -75
15 -76
15 -76
15 -76
15 -76
15 -76
15 -77
15 -77
15 -78
15 -72
15 -80
15 -79
15 -83
15 -84
15 -86
15 -84
15 -82
15 -80
15 -84
15 -79
15 -78
15 -78
15 -78
15 -80
15 -80
15 -81
15 -82
15 -74
15 -82
15 -79
15 -80
15 -81
15 -81
15 -81
15 -83
15 -80
15 -76
15 -79
15 -76
15 -75
15 -75
15 -74
15 -74
15 -71
15 -74
15 -73
15 -73
15 -73
15 -72
15 -72
15 -72
15 -72
15 -72
15 -72
15 -71
15 -70
15 -70
15 -68
15 -70
15 -70
15 -70
15 -71
15 -71
15 -71
15 -72
16 -70
16 -69
16 -69
16 -70
16 -70
16 -70
16 -70
16 -70
16 -70
16 -70
16 -72
16 -68
16 -65
16 -66
16 -67
16 -66
16 -67
16 -76
16 -75
16 -72
16 -73
16 -74
16 -73
16 -76
16 -80
16 -71
16 -68
16 -69
16 -70
16 -72
16 -73
16 -72
16 -72
16 -71
16 -70
16 -70
16 -70
16 -70
16 -70
16 -69
16 -69
16 -69
16 -69
16 -67
16 -67
16 -66
16 -67
16 -67
16 -67
16 -68
16 -68
16 -68
16 -68
16 -69
16 -69
16 -70
16 -69
16 -68
16 -76
16 -76
16 -81
16 -79
16 -81
16 -78
16 -82
16 -55
16 -83
16 -73
16 -58
16 -69
16 -68
16 -69
16 -69
16 -68
16 -69
16 -68
16 -67
16 -66
16 -68
16 -68
16 -68
16 -68
16 -69
16 -68
16 -69
16 -69
16 -68
16 -69
16 -69
16 -70
16 -70
16 -70
16 -65
16 -31
16 -70
16 -71
16 -70
16 -70
16 -70
16 -70
16 -71
16 -72
16 -72
16 -75
16 -75
16 -74
16 -72
16 -72
16 -72
16 -70
16 -73
16 -74
16 -70
16 -69
16 -71
16 -72
16 -70
16 -73
16 -79
16 -77
16 -78
16 -77
16 -76
16 -72
16 -74
16 -78
16 -78
16 -77
16 -76
16 -75
16 -74
16 -71
16 -72
16 -75
16 -74
16 -74
16 -73
16 -74
16 -72
16 -72
16 -76
16 -77
16 -77
16 -76
16 -76
16 -73
16 -72
16 -72
16 -74
16 -74
16 -72
16 -70
16 -74
16 -75
16 -75
16 -73
16 -76
16 -75
16 -73
16 -73
16 -75
16 -74
16 -69
16 -69
16 -72
16 -69
16 -66
16 -64
16 -66
16 -65
16 -66
16 -66
16 -66
16 -65
16 -67
16 -68
16 -68
16 -70
16 -70
16 -72
16 -70
16 -68
16 -69
16 -70
16 -69
16 -66
16 -66
16 -66
16 -67
16 -66
16 -66
16 -67
16 -68
16 -68
16 -70
16 -72
16 -75
16 -75
16 -75
16 -73
16 -72
16 -70
16 -72
16 -73
16 -75
16 -77
16 -75
16 -69
16 -68
16 -66
16 -65
16 -69
16 -70
16 -69
16 -69
16 -70
16 -69
16 -70
16 -66
16 -64
16 -66
16 -67
16 -68
16 -70
16 -75
16 -76
16 -76
16 -72
16 -70
16 -71
16 -71
16 -72
16 -73
16 -72
16 -73
16 -74
16 -74
16 -75
16 -75
16 -75
16 -71
16 -75
16 -75
16 -75
16 -73
16 -72
16 -72
16 -71
16 -70
16 -68
16 -70
16 -72
16 -72
16 -76
16 -72
16 -70
16 -69
16 -66
16 -64
16 -64
16 -63
16 -64
16 -63
16 -64
16 -63
16 -63
16 -63
16 -63
16 -63
16 -64
16 -64
16 -64
16 -63
16 -63
16 -63
16 -63
16 -64
16 -64
16 -64
16 -64
16 -64
16 -63
16 -62
16 -60
16 -60
16 -59
16 -58
16 -58
16 -60
16 -61
16 -62
16 -64
16 -64
16 -65
16 -66
16 -66
16 -66
16 -66
16 -64
16 -63
16 -62
16 -62
16 -62
16 -62
16 -62
16 -62
16 -62
16 -62
16 -62
16 -62
16 -62
16 -62
16 -62
16 -62
16 -62
16 -63
16 -62
16 -62
16 -61
16 -61
16 -61
16 -61
16 -61
16 -60
16 -61
16 -61
16 -61
16 -61
16 -61
16 -60
16 -61
16 -61
16 -61
16 -61
16 -60
16 -60
16 -60
16 -60
16 -60
16 -60
16 -60
16 -60
16 -61
16 -30
16 -61
16 -61
16 -61
16 -62
16 -62
16 -62
16 -62
16 -62
16 -62
16 -63
16 -63
16 -62
16 -62
16 -62
16 -62
16 -62
16 -61
16 -62
16 -61
16 -61
16 -61
16 -61
16 -61
16 -61
16 -61
16 -61
16 -61
16 -61
16 -62
16 -62
16 -62
16 -63
16 -63
16 -63
16 -62
16 -62
16 -62
16 -62
16 -62
16 -62
16 -62
16 -63
16 -62
16 -62
16 -62
16 -62
16 -62
16 -61
16 -61
16 -62
16 -62
16 -62
16 -63
16 -63
16 -64
16 -64
16 -30
16 -66
16 -69
16 -69
16 -68
16 -66
16 -66
16 -69
16 -70
16 -70
16 -70
16 -70
16 -72
16 -74
16 -73
16 -72
16 -83
16 -79
16 -70
16 -67
16 -64
16 -64
16 -64
16 -64
16 -64
16 -64
16 -64
16 -64
16 -65
16 -65
16 -66
16 -67
16 -66
16 -67
16 -67
16 -66
16 -66
16 -66
16 -66
16 -66
16 -66
16 -65
16 -64
16 -65
16 -65
16 -66
16 -66
16 -66
16 -66
16 -67
16 -69
16 -70
16 -74
16 -74
16 -83
16 -75
16 -75
16 -73
16 -70
16 -69
16 -69
16 -70
16 -70
16 -71
16 -71
16 -73
16 -73
16 -73
16 -75
16 -75
16 -76
16 -76
16 -78
16 -78
16 -79
16 -76
16 -76
16 -78
16 -79
16 -81
16 -80
16 -79
16 -80
16 -80
16 -81
16 -79
16 -78
16 -78
16 -78
16 -79
16 -81
17 -56
17 -56
17 -56
17 -56
17 -56
17 -56
17 -56
17 -56
17 -57
17 -57
17 -54
17 -58
17 -63
17 -60
17 -56
17 -53
17 -54
17 -54
17 -55
17 -55
17 -56
17 -56
17 -58
17 -58
17 -58
17 -58
17 -58
17 -56
17 -57
17 -55
17 -54
17 -53
17 -52
17 -52
17 -52
17 -52
17 -52
17 -52
17 -52
17 -52
17 -52
17 -52
17 -52
17 -52
17 -52
17 -53
17 -52
17 -52
17 -52
17 -52
17 -52
17 -52
17 -52
17 -52
17 -52
17 -52
17 -52
17 -52
17 -52
17 -53
17 -52
17 -52
17 -53
17 -53
17 -53
17 -53
17 -53
17 -54
17 -54
17 -54
17 -54
17 -53
17 -53
17 -52
17 -52
17 -53
17 -53
17 -52
17 -52
17 -52
17 -52
17 -52
17 -52
17 -53
17 -53
17 -53
17 -53
17 -53
17 -52
17 -52
17 -52
17 -52
17 -52
17 -52
17 -52
17 -52
17 -52
17 -52
17 -52
17 -52
17 -52
17 -52
17 -52
17 -52
17 -52
17 -52
17 -52
17 -52
17 -52
17 -52
17 -52
17 -53
17 -52
17 -52
17 -52
17 -52
17 -52
17 -52
17 -52
17 -52
17 -52
17 -52
17 -53
17 -52
17 -52
17 -52
17 -53
17 -53
17 -53
17 -53
17 -53
17 -52
17 -52
17 -52
17 -52
17 -52
17 -52
17 -52
17 -52
17 -52
17 -53
17 -53
17 -53
17 -53
17 -53
17 -54
17 -54
17 -54
17 -54
17 -54
17 -53
17 -52
17 -53
17 -54
17 -54
17 -54
17 -53
17 -54
17 -53
17 -53
17 -54
17 -54
17 -54
17 -53
17 -53
17 -53
17 -53
17 -53
17 -53
17 -53
17 -53
17 -52
17 -52
17 -53
17 -53
17 -53
17 -53
17 -53
17 -53
17 -58
17 -52
17 -53
17 -52
17 -53
17 -52
17 -52
17 -52
17 -52
17 -52
17 -52
17 -52
17 -52
17 -53
17 -52
17 -53
17 -31
17 -52
17 -55
17 -58
17 -60
17 -58
17 -58
17 -59
17 -60
17 -60
17 -58
17 -58
17 -58
17 -58
17 -57
17 -57
17 -58
17 -58
17 -60
17 -56
17 -55
17 -55
17 -54
17 -54
17 -54
17 -54
17 -53
17 -53
17 -54
17 -54
17 -54
17 -64
17 -54
17 -55
17 -56
17 -58
17 -58
17 -60
17 -59
17 -59
17 -60
17 -61
17 -65
17 -58
17 -57
17 -59
17 -58
17 -57
17 -58
17 -61
17 -62
17 -66
17 -64
17 -61
17 -63
17 -66
17 -62
17 -56
17 -56
17 -54
17 -57
17 -59
17 -57
17 -54
17 -54
17 -54
17 -54
17 -54
17 -54
17 -54
17 -54
17 -57
17 -68
17 -57
17 -56
17 -55
17 -56
17 -55
17 -57
17 -56
17 -57
17 -57
17 -58
17 -58
17 -58
17 -56
17 -54
17 -55
17 -54
17 -53
17 -54
17 -53
17 -56
17 -58
17 -57
17 -57
17 -56
17 -55
17 -54
17 -53
17 -52
17 -52
17 -52
17 -52
17 -52
17 -53
17 -54
17 -54
17 -54
17 -54
17 -53
17 -53
17 -53
17 -52
17 -53
17 -53
17 -53
17 -54
17 -54
17 -54
17 -53
17 -52
17 -52
17 -52
17 -52
17 -52
17 -53
17 -54
17 -54
17 -54
17 -54
17 -54
17 -54
17 -54
17 -54
17 -54
17 -53
17 -52
17 -52
17 -52
17 -52
17 -52
17 -52
17 -52
17 -52
17 -52
17 -52
17 -52
17 -52
17 -52
17 -52
17 -52
17 -52
17 -52
17 -52
17 -52
17 -52
17 -52
17 -52
17 -52
17 -52
17 -52
17 -52
17 -52
17 -52
17 -52
17 -52
17 -52
17 -52
17 -52
17 -52
17 -52
17 -52
17 -52
17 -52
17 -52
17 -52
17 -52
17 -52
17 -52
17 -52
17 -52
17 -52
17 -52
17 -52
17 -52
17 -52
17 -52
17 -52
17 -52
17 -52
17 -52
17 -52
17 -52
17 -52
17 -52
17 -52
17 -52
17 -52
17 -52
17 -52
17 -52
17 -52
17 -52
17 -52
17 -52
17 -52
17 -52
17 -52
17 -52
17 -52
17 -52
17 -52
17 -52
17 -52
17 -52
17 -53
17 -53
17 -53
17 -53
17 -53
17 -53
17 -64
17 -53
17 -53
17 -53
17 -53
17 -53
17 -52
17 -53
17 -53
17 -53
17 -53
17 -53
17 -52
17 -53
17 -53
17 -54
17 -55
17 -57
17 -56
17 -56
17 -57
17 -56
17 -56
17 -56
17 -55
17 -55
17 -55
17 -55
17 -55
17 -55
17 -57
17 -63
17 -56
17 -54
17 -54
17 -54
17 -54
17 -54
17 -54
17 -54
17 -54
17 -54
17 -54
17 -54
17 -54
17 -54
17 -55
17 -54
17 -54
17 -62
17 -66
17 -54
17 -54
17 -54
17 -54
17 -54
17 -54
17 -54
17 -54
17 -54
17 -54
17 -54
17 -54
17 -56
17 -55
17 -56
17 -56
17 -56
17 -56
17 -66
17 -58
17 -58
17 -55
17 -54
17 -54
17 -54
17 -54
17 -54
17 -54
17 -54
17 -54
17 -54
17 -54
17 -54
17 -54
17 -54
17 -54
17 -55
17 -55
17 -55
17 -55
17 -55
17 -55
17 -55
17 -55
17 -55
17 -54
17 -55
17 -54
17 -55
17 -54
17 -55
17 -55
17 -55
17 -55
18 -81
18 -82
18 -81
18 -80
18 -78
18 -61
18 -76
18 -79
18 -76
18 -75
18 -76
18 -72
18 -72
18 -72
18 -72
18 -72
18 -70
18 -68
18 -69
18 -69
18 -70
18 -70
18 -73
18 -75
18 -75
18 -76
18 -74
18 -71
18 -69
18 -67
18 -66
18 -66
18 -69
18 -70
18 -70
18 -71
18 -72
18 -72
18 -71
18 -70
18 -70
18 -70
18 -69
18 -69
18 -68
18 -67
18 -66
18 -65
18 -66
18 -66
18 -51
18 -66
18 -67
18 -67
18 -66
18 -67
18 -68
18 -66
18 -67
18 -67
18 -67
18 -67
18 -70
18 -70
18 -68
18 -69
18 -77
18 -69
18 -68
18 -68
18 -68
18 -70
18 -69
18 -69
18 -68
18 -70
18 -70
18 -68
18 -69
18 -70
18 -70
18 -69
18 -70
18 -70
18 -69
18 -69
18 -71
18 -70
18 -70
18 -70
18 -69
18 -69
18 -70
18 -69
18 -70
18 -70
18 -70
18 -70
18 -69
18 -70
18 -69
18 -70
18 -70
18 -71
18 -70
18 -69
18 -70
18 -72
18 -70
18 -70
18 -69
18 -70
18 -68
18 -68
18 -69
18 -69
18 -69
18 -69
18 -70
18 -70
18 -69
18 -69
18 -70
18 -70
18 -70
18 -70
18 -69
18 -69
18 -68
18 -69
18 -68
18 -68
18 -67
18 -68
18 -68
18 -69
18 -69
18 -68
18 -69
18 -53
18 -69
18 -69
18 -68
18 -68
18 -68
18 -69
18 -70
18 -69
18 -69
18 -69
18 -68
18 -70
18 -70
18 -70
18 -69
18 -69
18 -70
18 -70
18 -69
18 -67
18 -67
18 -68
18 -68
18 -69
18 -69
18 -69
18 -69
18 -69
18 -69
18 -67
18 -67
18 -66
18 -66
18 -66
18 -66
18 -66
18 -66
18 -66
18 -66
18 -66
18 -67
18 -68
18 -69
18 -68
18 -67
18 -68
18 -68
18 -67
18 -68
18 -67
18 -67
18 -67
18 -68
18 -67
18 -69
18 -69
18 -69
18 -70
18 -70
18 -69
18 -70
18 -70
18 -70
18 -70
18 -68
18 -69
18 -69
18 -67
18 -65
18 -70
18 -69
18 -70
18 -72
18 -73
18 -73
18 -74
18 -72
18 -76
18 -76
18 -75
18 -76
18 -80
18 -80
18 -81
18 -74
18 -73
18 -72
18 -71
18 -72
18 -72
18 -70
18 -68
18 -68
18 -69
18 -70
18 -71
18 -76
18 -72
18 -74
18 -75
18 -76
18 -76
18 -72
18 -72
18 -73
18 -80
18 -79
18 -77
18 -78
18 -77
18 -77
18 -77
18 -76
18 -77
18 -76
18 -76
18 -76
18 -75
18 -75
18 -75
18 -74
18 -73
18 -73
18 -73
18 -72
18 -75
18 -71
18 -72
18 -75
18 -72
18 -74
18 -73
18 -71
18 -65
18 -70
18 -69
18 -72
18 -72
18 -71
18 -72
18 -73
18 -72
18 -72
18 -70
18 -72
18 -72
18 -72
18 -73
18 -74
18 -72
18 -71
18 -70
18 -70
18 -73
18 -76
18 -82
18 -78
18 -82
18 -78
18 -76
18 -74
18 -75
18 -76
18 -76
18 -76
18 -76
18 -76
18 -85
18 -83
18 -81
18 -80
18 -81
18 -80
18 -81
18 -80
18 -83
18 -85
18 -74
18 -80
18 -76
18 -77
18 -48
18 -78
18 -79
18 -82
18 -80
18 -79
18 -77
18 -76
18 -78
18 -79
18 -81
18 -79
18 -79
18 -78
18 -78
18 -78
18 -77
18 -76
18 -76
18 -76
18 -76
18 -76
18 -77
18 -77
18 -79
18 -80
18 -79
18 -82
18 -82
18 -81
18 -80
18 -78
18 -76
18 -75
18 -75
18 -75
18 -75
18 -76
18 -76
18 -76
18 -76
18 -75
18 -76
18 -71
18 -75
18 -76
18 -76
18 -78
18 -77
18 -77
18 -76
18 -76
18 -76
18 -75
18 -73
18 -72
18 -71
18 -71
18 -71
18 -70
18 -70
18 -70
18 -71
18 -71
18 -72
18 -72
18 -68
18 -73
18 -74
18 -74
18 -73
18 -73
18 -75
18 -81
18 -75
18 -75
18 -76
18 -76
18 -76
18 -76
18 -76
18 -75
18 -75
18 -73
18 -72
18 -74
18 -75
18 -75
18 -75
18 -75
18 -76
18 -78
18 -80
18 -79
18 -77
18 -76
18 -74
18 -80
18 -75
18 -74
18 -71
18 -72
18 -74
18 -74
18 -72
18 -72
18 -71
18 -72
18 -72
18 -72
18 -72
18 -72
18 -72
18 -71
18 -72
18 -71
18 -71
18 -72
18 -71
18 -72
18 -72
18 -72
18 -72
18 -71
18 -72
18 -71
18 -71
18 -72
18 -72
18 -72
18 -70
18 -71
18 -72
18 -72
19 -77
19 -76
19 -62
19 -77
19 -77
19 -77
19 -75
19 -85
19 -69
19 -84
19 -84
19 -79
19 -76
19 -75
19 -73
19 -71
19 -72
19 -74
19 -77
19 -72
19 -71
19 -72
19 -72
19 -74
19 -76
19 -81
19 -76
19 -84
19 -83
19 -83
19 -83
19 -81
19 -82
19 -81
19 -82
19 -82
19 -79
19 -80
19 -78
19 -78
19 -78
19 -78
19 -78
19 -78
19 -77
19 -78
19 -78
19 -80
19 -79
19 -78
19 -78
19 -78
19 -79
19 -81
19 -81
19 -76
19 -75
19 -83
19 -82
19 -82
19 -52
19 -82
19 -83
19 -82
19 -83
19 -76
19 -82
19 -80
19 -81
19 -81
19 -83
19 -80
19 -79
19 -81
19 -81
19 -80
19 -81
19 -83
19 -82
19 -82
19 -84
19 -83
19 -83
19 -82
19 -83
19 -83
19 -83
19 -82
19 -82
19 -83
19 -84
19 -82
19 -83
19 -83
19 -84
19 -86
19 -74
19 -83
19 -81
19 -80
19 -84
19 -83
19 -80
19 -83
19 -83
19 -79
19 -80
19 -83
19 -78
19 -78
19 -82
19 -79
19 -76
19 -77
19 -81
19 -84
19 -83
19 -83
19 -84
19 -82
19 -76
19 -81
19 -78
19 -78
19 -76
19 -76
19 -77
19 -82
19 -83
19 -76
19 -78
19 -78
19 -77
19 -76
19 -77
19 -76
19 -74
19 -76
19 -57
19 -79
19 -77
19 -83
19 -82
19 -57
19 -75
19 -77
19 -78
19 -77
19 -64
19 -83
19 -78
19 -78
19 -73
19 -75
19 -75
19 -74
19 -74
19 -76
19 -70
19 -74
19 -74
19 -74
19 -74
19 -70
19 -56
19 -76
19 -76
19 -77
19 -77
19 -77
19 -76
19 -75
19 -75
19 -74
19 -74
19 -75
19 -74
19 -74
19 -75
19 -74
19 -77
19 -76
19 -83
19 -83
19 -81
19 -79
19 -82
19 -85
19 -57
19 -84
19 -78
19 -84
19 -84
19 -83
19 -86
19 -84
19 -71
19 -82
19 -81
19 -82
19 -82
19 -81
19 -81
19 -81
19 -83
19 -83
19 -76
19 -83
19 -69
19 -80
19 -80
19 -80
19 -72
19 -80
19 -85
19 -85
19 -85
19 -83
19 -79
19 -78
19 -81
19 -81
19 -80
19 -79
19 -78
19 -78
19 -72
19 -73
19 -78
19 -78
19 -73
19 -78
19 -79
19 -83
19 -76
19 -76
19 -78
19 -76
19 -76
19 -76
19 -76
19 -76
19 -76
19 -76
19 -77
19 -77
19 -78
19 -78
19 -78
19 -77
19 -78
19 -78
19 -73
19 -80
19 -79
19 -79
19 -80
19 -82
19 -81
19 -81
19 -80
19 -80
19 -72
19 -81
19 -79
19 -80
19 -80
19 -80
19 -80
20 -79
20 -78
20 -81
20 -81
20 -80
20 -81
20 -81
20 -85
20 -78
20 -78
20 -75
20 -77
20 -76
20 -76
20 -75
20 -76
20 -75
20 -75
20 -75
20 -74
20 -73
20 -72
20 -72
20 -73
20 -73
20 -73
20 -74
20 -74
20 -75
20 -75
20 -75
20 -76
20 -76
20 -75
20 -75
20 -75
20 -75
20 -76
20 -76
20 -78
20 -84
20 -84
20 -84
20 -84
20 -84
20 -83
20 -76
20 -78
20 -76
20 -76
20 -76
20 -75
20 -76
20 -76
20 -76
20 -76
20 -76
20 -78
20 -76
20 -67
20 -68
20 -77
20 -78
20 -77
20 -78
20 -76
20 -78
20 -78
20 -78
20 -77
20 -79
20 -77
20 -78
20 -68
20 -73
20 -78
20 -78
20 -80
20 -80
20 -78
20 -79
20 -78
20 -78
20 -79
20 -76
20 -78
20 -80
20 -79
20 -76
20 -76
20 -77
20 -77
20 -76
20 -77
20 -78
20 -78
20 -81
20 -82
20 -78
20 -78
20 -76
20 -76
20 -76
20 -77
20 -76
20 -76
20 -76
20 -76
20 -81
20 -67
20 -79
20 -76
20 -77
20 -60
20 -78
20 -79
20 -59
20 -81
20 -79
20 -81
20 -79
20 -79
20 -78
20 -78
20 -78
20 -78
20 -80
20 -78
20 -79
20 -78
20 -78
20 -78
20 -77
20 -78
20 -77
20 -83
20 -79
20 -78
20 -80
20 -81
20 -79
20 -78
20 -79
20 -83
20 -69
20 -82
20 -81
20 -76
20 -76
20 -75
20 -76
20 -75
20 -74
20 -75
20 -76
20 -76
20 -76
20 -75
20 -75
20 -78
20 -81
20 -79
20 -79
20 -80
20 -77
20 -76
20 -75
20 -75
20 -77
20 -70
20 -76
20 -75
20 -75
20 -76
20 -75
20 -81
20 -77
20 -72
20 -74
20 -74
20 -74
20 -75
20 -76
20 -76
20 -76
20 -74
20 -74
20 -71
20 -74
20 -72
20 -72
20 -72
20 -72
20 -73
20 -74
20 -73
20 -73
20 -72
20 -72
20 -72
20 -72
20 -72
20 -73
20 -73
20 -74
20 -74
20 -74
20 -75
20 -74
20 -56
20 -74
20 -73
20 -73
20 -72
20 -71
20 -71
20 -71
20 -70
20 -71
20 -71
20 -66
20 -72
20 -72
20 -71
20 -71
20 -70
20 -69
20 -70
20 -70
20 -70
20 -70
20 -70
20 -70
20 -71
20 -71
20 -72
20 -72
20 -72
20 -72
20 -70
20 -70
20 -70
20 -70
20 -72
20 -74
20 -73
20 -72
20 -72
20 -72
20 -71
20 -72
20 -71
20 -72
20 -72
20 -72
20 -71
20 -71
20 -71
20 -71
20 -71
20 -71
20 -71
20 -71
20 -71
20 -71
20 -70
20 -70
20 -70
20 -71
20 -70
20 -70
20 -71
20 -70
20 -71
20 -71
20 -71
20 -71
20 -70
20 -70
20 -70
20 -70
20 -70
20 -70
20 -70
20 -70
20 -70
20 -70
20 -70
20 -71
20 -71
20 -71
20 -71
20 -71
20 -71
20 -71
20 -69
20 -70
20 -70
20 -70
20 -70
20 -70
20 -71
20 -71
20 -70
20 -70
20 -70
20 -70
20 -68
20 -71
20 -71
20 -71
20 -71
20 -71
20 -70
20 -70
20 -70
20 -69
20 -70
20 -70
20 -70
20 -70
20 -70
20 -70
20 -71
20 -70
20 -71
20 -71
20 -69
20 -72
20 -72
20 -72
20 -72
20 -71
20 -72
20 -71
20 -72
20 -72
20 -72
20 -72
20 -72
20 -72
20 -72
20 -71
20 -71
20 -71
20 -70
20 -70
20 -71
20 -72
20 -72
20 -72
20 -72
20 -73
20 -74
20 -76
20 -84
20 -82
20 -81
20 -78
20 -76
20 -75
20 -75
20 -75
20 -75
20 -76
20 -76
20 -76
20 -76
20 -76
20 -76
20 -76
20 -76
20 -76
20 -75
20 -75
20 -76
20 -76
20 -76
20 -76
20 -76
20 -76
20 -70
20 -76
20 -76
20 -76
20 -76
20 -76
20 -76
20 -76
20 -77
20 -76
20 -73
20 -72
20 -74
20 -70
20 -74
20 -76
20 -75
20 -76
20 -78
20 -78
20 -78
20 -78
20 -78
20 -76
20 -77
20 -76
20 -76
20 -76
20 -76
20 -73
20 -76
20 -76
20 -76
20 -76
20 -76
20 -76
20 -63
20 -76
20 -76
20 -76
20 -70
20 -76
20 -76
20 -76
20 -76
20 -76
21 -75
21 -76
21 -76
21 -76
21 -76
21 -76
21 -76
21 -73
21 -72
21 -64
21 -72
21 -74
21 -70
21 -70
21 -68
21 -69
21 -70
21 -72
21 -78
21 -76
21 -79
21 -79
21 -75
21 -72
21 -72
21 -79
21 -74
21 -73
21 -67
21 -64
21 -64
21 -64
21 -65
21 -66
21 -67
21 -66
21 -67
21 -68
21 -70
21 -73
21 -75
21 -76
21 -75
21 -62
21 -70
21 -69
21 -68
21 -68
21 -66
21 -66
21 -66
21 -65
21 -64
21 -64
21 -64
21 -64
21 -64
21 -64
21 -64
21 -65
21 -66
21 -64
21 -65
21 -66
21 -67
21 -66
21 -66
21 -67
21 -66
21 -67
21 -70
21 -70
21 -67
21 -68
21 -70
21 -70
21 -70
21 -69
21 -67
21 -67
21 -68
21 -66
21 -69
21 -70
21 -65
21 -66
21 -67
21 -66
21 -65
21 -65
21 -65
21 -65
21 -66
21 -66
21 -65
21 -65
21 -65
21 -65
21 -64
21 -64
21 -65
21 -64
21 -64
21 -64
21 -64
21 -64
21 -64
21 -64
21 -64
21 -64
21 -64
21 -64
21 -64
21 -64
21 -64
21 -65
21 -64
21 -66
21 -64
21 -64
21 -65
21 -64
21 -65
21 -64
21 -64
21 -64
21 -65
21 -65
21 -64
21 -65
21 -65
21 -64
21 -64
21 -65
21 -65
21 -64
21 -66
21 -66
21 -66
21 -66
21 -64
21 -65
21 -66
21 -68
21 -67
21 -65
21 -65
21 -68
21 -67
21 -68
21 -68
21 -69
21 -69
21 -68
21 -66
21 -64
21 -64
21 -64
21 -65
21 -65
21 -65
21 -66
21 -66
21 -65
21 -65
21 -65
21 -65
21 -64
21 -65
21 -65
21 -64
21 -64
21 -64
21 -64
21 -65
21 -67
21 -68
21 -66
21 -66
21 -50
21 -67
21 -63
21 -66
21 -58
21 -58
21 -67
21 -68
21 -67
21 -66
21 -69
21 -68
21 -67
21 -72
21 -75
21 -77
21 -74
21 -72
21 -73
21 -72
21 -71
21 -73
21 -70
21 -72
21 -70
21 -72
21 -74
21 -72
21 -75
21 -76
21 -73
21 -70
21 -68
21 -71
21 -76
21 -77
21 -75
21 -76
21 -72
21 -70
21 -73
21 -74
21 -75
21 -73
21 -73
21 -76
21 -80
21 -70
21 -64
21 -64
21 -63
21 -63
21 -64
21 -66
21 -72
21 -69
21 -70
21 -68
21 -67
21 -66
21 -65
21 -71
21 -73
21 -72
21 -67
21 -70
21 -75
21 -74
21 -72
21 -73
21 -72
21 -69
21 -67
21 -67
21 -68
21 -67
21 -69
21 -70
21 -77
21 -83
21 -78
21 -80
21 -82
21 -81
21 -78
21 -78
21 -76
21 -70
21 -76
21 -72
21 -78
21 -71
21 -74
21 -82
21 -74
21 -74
21 -72
21 -72
21 -72
21 -73
21 -73
21 -72
21 -70
21 -70
21 -70
21 -70
21 -71
21 -71
21 -72
21 -73
21 -72
21 -72
21 -71
21 -70
21 -70
21 -70
21 -70
21 -72
21 -72
21 -72
21 -74
21 -74
21 -78
21 -69
21 -73
21 -72
21 -73
21 -66
21 -72
21 -76
21 -77
21 -78
21 -82
21 -83
21 -83
21 -82
21 -83
21 -80
21 -81
21 -80
21 -76
21 -30
21 -71
21 -70
21 -70
21 -70
21 -71
21 -72
21 -72
21 -75
21 -76
21 -78
21 -79
21 -82
21 -83
21 -82
21 -85
21 -84
21 -84
21 -82
21 -74
21 -82
21 -84
21 -79
21 -81
21 -82
21 -78
21 -80
21 -80
21 -79
21 -78
21 -76
21 -78
21 -78
21 -81
21 -78
21 -71
21 -76
21 -76
21 -76
21 -76
21 -76
21 -75
21 -74
21 -73
21 -72
21 -72
21 -73
21 -74
21 -75
21 -75
21 -75
21 -74
21 -75
21 -74
21 -74
21 -73
21 -72
21 -70
21 -70
21 -68
21 -66
21 -63
21 -66
21 -65
21 -66
21 -66
21 -66
21 -66
21 -66
21 -66
21 -66
21 -77
21 -66
21 -66
21 -66
21 -66
21 -66
21 -66
21 -65
21 -65
21 -65
21 -65
21 -65
21 -66
21 -66
21 -66
21 -66
21 -67
21 -68
21 -70
21 -72
21 -72
21 -73
21 -74
21 -71
21 -69
21 -70
21 -68
21 -67
21 -66
21 -67
21 -67
21 -67
21 -67
21 -67
21 -68
21 -67
21 -67
21 -68
21 -69
21 -69
21 -69
21 -68
21 -69
21 -67
21 -68
21 -68
21 -68
21 -69
21 -69
21 -69
21 -69
21 -69
21 -69
21 -69
21 -69
21 -69
21 -69
21 -69
21 -68
22 -79
22 -74
22 -83
22 -77
22 -70
22 -67
22 -68
22 -68
22 -69
22 -69
22 -71
22 -70
22 -70
22 -70
22 -68
22 -66
22 -64
22 -64
22 -64
22 -64
22 -66
22 -66
22 -70
22 -70
22 -70
22 -66
22 -64
22 -64
22 -63
22 -63
22 -63
22 -62
22 -62
22 -62
22 -62
22 -63
22 -63
22 -63
22 -63
22 -62
22 -62
22 -62
22 -62
22 -62
22 -62
22 -62
22 -63
22 -63
22 -63
22 -63
22 -64
22 -64
22 -64
22 -63
22 -64
22 -64
22 -64
22 -65
22 -65
22 -64
22 -64
22 -63
22 -64
22 -64
22 -66
22 -64
22 -63
22 -64
22 -64
22 -63
22 -63
22 -64
22 -63
22 -63
22 -64
22 -64
22 -64
22 -64
22 -63
22 -64
22 -63
22 -64
22 -65
22 -65
22 -64
22 -64
22 -64
22 -65
22 -64
22 -69
22 -64
22 -69
22 -64
22 -63
22 -64
22 -64
22 -64
22 -64
22 -64
22 -65
22 -65
22 -64
22 -66
22 -66
22 -64
22 -65
22 -64
22 -65
22 -64
22 -66
22 -64
22 -65
22 -64
22 -64
22 -64
22 -64
22 -64
22 -64
22 -64
22 -64
22 -64
22 -64
22 -64
22 -64
22 -65
22 -64
22 -64
22 -64
22 -64
22 -66
22 -64
22 -64
22 -64
22 -63
22 -64
22 -64
22 -64
22 -64
22 -65
22 -63
22 -63
22 -64
22 -64
22 -64
22 -64
22 -64
22 -62
22 -63
22 -64
22 -64
22 -64
22 -63
22 -64
22 -64
22 -64
22 -64
22 -64
22 -64
22 -64
22 -64
22 -65
22 -65
22 -64
22 -64
22 -64
22 -64
22 -64
22 -63
22 -62
22 -62
22 -63
22 -63
22 -63
22 -64
22 -63
22 -63
22 -63
22 -63
22 -64
22 -63
22 -63
22 -62
22 -60
22 -63
22 -63
22 -63
22 -63
22 -64
22 -63
22 -63
22 -68
22 -64
22 -63
22 -64
22 -64
22 -64
22 -63
22 -64
22 -63
22 -63
22 -63
22 -64
22 -64
22 -64
22 -63
22 -63
22 -64
22 -65
22 -66
22 -66
22 -70
22 -66
22 -71
22 -71
22 -72
22 -69
22 -68
22 -66
22 -64
22 -63
22 -64
22 -63
22 -62
22 -63
22 -64
22 -63
22 -64
22 -66
22 -68
22 -70
22 -74
22 -76
22 -73
22 -73
22 -74
22 -71
22 -68
22 -69
22 -70
22 -69
22 -68
22 -65
22 -63
22 -64
22 -66
22 -70
22 -70
22 -70
22 -66
22 -70
22 -72
22 -75
22 -77
22 -74
22 -70
22 -71
22 -72
22 -72
22 -69
22 -73
22 -73
22 -72
22 -72
22 -70
22 -70
22 -69
22 -69
22 -69
22 -70
22 -71
22 -72
22 -74
22 -76
22 -76
22 -78
22 -80
22 -74
22 -70
22 -67
22 -64
22 -64
22 -63
22 -63
22 -63
22 -62
22 -62
22 -63
22 -63
22 -63
22 -63
22 -63
22 -63
22 -63
22 -64
22 -64
22 -64
22 -64
22 -64
22 -64
22 -63
22 -63
22 -64
22 -66
22 -66
22 -66
22 -66
22 -66
22 -68
22 -54
22 -83
22 -70
22 -69
22 -70
22 -73
22 -76
22 -79
22 -74
22 -74
22 -71
22 -70
22 -70
22 -70
22 -68
22 -68
22 -67
22 -67
22 -67
22 -67
22 -68
22 -68
22 -68
22 -68
22 -66
22 -66
22 -66
22 -67
22 -66
22 -65
22 -66
22 -66
22 -66
22 -66
22 -66
22 -66
22 -66
22 -65
22 -65
22 -65
22 -65
22 -64
22 -64
22 -65
22 -66
22 -68
22 -67
22 -70
22 -69
22 -69
22 -70
22 -68
22 -69
22 -70
22 -69
22 -70
22 -70
22 -70
22 -68
22 -70
22 -70
22 -69
22 -70
22 -70
22 -52
22 -70
22 -52
22 -70
22 -70
22 -70
22 -69
22 -69
22 -68
22 -67
22 -66
22 -66
22 -67
22 -67
22 -68
22 -69
22 -69
22 -69
22 -69
22 -71
22 -71
22 -72
22 -71
22 -71
22 -71
22 -72
22 -72
22 -72
22 -72
22 -72
22 -71
22 -72
22 -72
22 -74
22 -70
22 -70
22 -67
22 -70
22 -76
22 -75
22 -72
22 -73
22 -73
22 -69
22 -72
22 -72
22 -70
22 -70
22 -69
22 -67
22 -66
22 -65
22 -64
22 -64
22 -64
22 -64
22 -63
22 -63
22 -63
22 -64
22 -63
22 -63
22 -63
22 -63
22 -60
22 -63
22 -63
22 -63
22 -63
22 -63
22 -63
22 -63
22 -63
22 -63
22 -63
22 -64
22 -64
22 -64
22 -31
22 -64
22 -64
22 -64
22 -64
22 -64
22 -64
22 -64
22 -64
22 -64
22 -64
22 -65
22 -66
22 -66
22 -64
22 -66
22 -64
22 -64
22 -64
22 -64
22 -64
22 -63
22 -64
22 -64
22 -64
22 -64
22 -63
22 -63
22 -63
22 -64
22 -64
22 -64
22 -64
22 -63
22 -64
22 -64
22 -63
22 -63
22 -63
22 -63
22 -63
22 -63
22 -63
22 -63
22 -63
22 -63
22 -63
22 -54
22 -64
23 -61
23 -60
23 -60
23 -61
23 -61
23 -62
23 -62
23 -68
23 -65
23 -76
23 -70
23 -66
23 -66
23 -63
23 -63
23 -64
23 -64
23 -60
23 -68
23 -62
23 -63
23 -63
23 -61
23 -61
23 -62
23 -61
23 -62
23 -63
23 -63
23 -66
23 -63
23 -61
23 -65
23 -69
23 -70
23 -69
23 -67
23 -65
23 -63
23 -62
23 -61
23 -60
23 -59
23 -59
23 -59
23 -58
23 -59
23 -58
23 -58
23 -58
23 -58
23 -59
23 -60
23 -59
23 -59
23 -59
23 -60
23 -60
23 -60
23 -59
23 -59
23 -59
23 -61
23 -62
23 -64
23 -60
23 -64
23 -58
23 -56
23 -60
23 -57
23 -58
23 -58
23 -58
23 -58
23 -58
23 -58
23 -55
23 -56
23 -57
23 -56
23 -56
23 -56
23 -56
23 -57
23 -57
23 -57
23 -59
23 -57
23 -58
23 -60
23 -65
23 -60
23 -62
23 -63
23 -60
23 -61
23 -63
23 -63
23 -62
23 -61
23 -61
23 -61
23 -61
23 -61
23 -62
23 -61
23 -61
23 -59
23 -60
23 -60
23 -60
23 -61
23 -60
23 -59
23 -62
23 -61
23 -62
23 -61
23 -60
23 -61
23 -61
23 -61
23 -61
23 -62
23 -62
23 -63
23 -61
23 -64
23 -62
23 -62
23 -63
23 -60
23 -62
23 -64
23 -64
23 -63
23 -61
23 -63
23 -63
23 -61
23 -63
23 -62
23 -63
23 -64
23 -64
23 -61
23 -63
23 -64
23 -64
23 -64
23 -58
23 -63
23 -63
23 -60
23 -61
23 -61
23 -61
23 -61
23 -61
23 -60
23 -60
23 -60
23 -59
23 -59
23 -60
23 -58
23 -59
23 -61
23 -60
23 -60
23 -61
23 -60
23 -62
23 -59
23 -60
23 -58
23 -58
23 -58
23 -58
23 -58
23 -59
23 -60
23 -58
23 -58
23 -59
23 -58
23 -58
23 -58
23 -60
23 -60
23 -60
23 -59
23 -59
23 -58
23 -58
23 -58
23 -60
23 -62
23 -64
23 -60
23 -60
23 -60
23 -60
23 -60
23 -60
23 -63
23 -63
23 -62
23 -64
23 -64
23 -62
23 -62
23 -61
23 -62
23 -62
23 -64
23 -63
23 -64
23 -64
23 -64
23 -64
23 -64
23 -64
23 -66
23 -64
23 -62
23 -63
23 -64
23 -64
23 -63
23 -62
23 -66
23 -72
23 -70
23 -68
23 -70
23 -73
23 -77
23 -75
23 -63
23 -62
23 -60
23 -60
23 -59
23 -60
23 -63
23 -72
23 -75
23 -69
23 -63
23 -70
23 -67
23 -70
23 -70
23 -66
23 -60
23 -59
23 -60
23 -63
23 -63
23 -63
23 -63
23 -63
23 -63
23 -64
23 -64
23 -64
23 -65
23 -55
23 -64
23 -64
23 -64
23 -64
23 -56
23 -65
23 -65
23 -64
23 -64
23 -64
23 -64
23 -64
23 -64
23 -64
23 -63
23 -64
23 -64
23 -64
23 -64
23 -64
23 -64
23 -66
23 -65
23 -68
23 -64
23 -65
23 -64
23 -66
23 -64
23 -65
23 -65
23 -64
23 -64
23 -63
23 -60
23 -59
23 -59
23 -60
23 -60
23 -62
23 -64
23 -66
23 -69
23 -66
23 -64
23 -64
23 -64
23 -64
23 -66
23 -64
23 -63
23 -64
23 -66
23 -64
23 -62
23 -62
23 -62
23 -60
23 -60
23 -58
23 -59
23 -60
23 -62
23 -62
23 -62
23 -58
23 -57
23 -58
23 -58
23 -59
23 -58
23 -58
23 -58
23 -58
23 -58
23 -58
23 -58
23 -58
23 -58
23 -70
23 -58
23 -58
23 -58
23 -57
23 -57
23 -57
23 -57
23 -57
23 -57
23 -56
23 -57
23 -57
23 -57
23 -57
23 -58
23 -58
23 -57
23 -58
23 -58
23 -58
23 -59
23 -59
23 -58
23 -58
23 -58
23 -58
23 -58
23 -58
23 -57
23 -57
23 -57
23 -58
23 -58
23 -58
23 -58
23 -58
23 -58
23 -58
23 -58
23 -58
23 -58
23 -58
23 -58
23 -58
23 -58
23 -58
23 -58
23 -58
23 -58
23 -57
23 -57
23 -57
23 -58
23 -58
23 -58
23 -57
23 -57
23 -58
23 -58
23 -58
23 -58
23 -58
23 -57
23 -57
23 -57
23 -57
23 -58
23 -58
23 -58
23 -58
23 -58
23 -57
23 -57
23 -57
23 -56
23 -56
23 -57
23 -57
23 -58
23 -58
23 -58
23 -59
23 -62
23 -64
23 -61
23 -60
23 -60
23 -60
23 -60
23 -60
23 -60
23 -61
23 -62
23 -63
23 -64
23 -66
23 -67
23 -66
23 -62
23 -60
23 -60
23 -60
23 -60
23 -61
23 -61
23 -61
23 -60
23 -60
23 -60
23 -60
23 -60
23 -59
23 -60
23 -60
23 -60
23 -60
23 -60
23 -60
23 -59
23 -60
23 -59
23 -59
23 -59
23 -59
23 -59
23 -59
23 -60
23 -60
23 -62
23 -64
23 -64
23 -63
23 -63
23 -62
23 -64
23 -60
23 -63
23 -60
23 -61
23 -61
23 -62
23 -63
23 -63
23 -64
23 -64
23 -64
23 -64
23 -65
23 -66
23 -66
23 -66
23 -66
23 -67
23 -66
23 -66
23 -65
23 -64
23 -67
23 -66
23 -67
23 -67
23 -66
23 -67
23 -68
23 -69
23 -67
23 -68
23 -66
23 -66
23 -66
23 -66
23 -66
23 -66
23 -65
24 -63
24 -62
24 -62
24 -63
24 -63
24 -63
24 -63
24 -63
24 -63
24 -64
24 -67
24 -64
24 -68
24 -64
24 -64
24 -67
24 -67
24 -66
24 -64
24 -64
24 -66
24 -64
24 -63
24 -63
24 -63
24 -64
24 -64
24 -67
24 -66
24 -65
24 -64
24 -63
24 -61
24 -61
24 -63
24 -62
24 -60
24 -60
24 -60
24 -60
24 -60
24 -60
24 -60
24 -60
24 -60
24 -62
24 -62
24 -62
24 -62
24 -62
24 -62
24 -63
24 -64
24 -64
24 -64
24 -64
24 -64
24 -64
24 -65
24 -66
24 -65
24 -65
24 -66
24 -30
24 -65
24 -64
24 -69
24 -64
24 -64
24 -63
24 -62
24 -63
24 -61
24 -30
24 -66
24 -66
24 -64
24 -64
24 -65
24 -65
24 -65
24 -66
24 -66
24 -64
24 -64
24 -65
24 -62
24 -63
24 -65
24 -68
24 -68
24 -68
24 -66
24 -66
24 -65
24 -65
24 -64
24 -64
24 -64
24 -66
24 -65
24 -64
24 -65
24 -64
24 -64
24 -65
24 -64
24 -69
24 -68
24 -66
24 -66
24 -67
24 -66
24 -66
24 -68
24 -66
24 -69
24 -69
24 -67
24 -64
24 -64
24 -67
24 -70
24 -71
24 -72
24 -70
24 -70
24 -64
24 -63
24 -61
24 -70
24 -68
24 -64
24 -64
24 -65
24 -64
24 -64
24 -69
24 -72
24 -79
24 -69
24 -67
24 -63
24 -64
24 -69
24 -66
24 -66
24 -68
24 -72
24 -70
24 -69
24 -74
24 -77
24 -76
24 -81
24 -82
24 -73
24 -70
24 -69
24 -67
24 -66
24 -68
24 -68
24 -70
24 -70
24 -67
24 -64
24 -63
24 -64
24 -68
24 -70
24 -70
24 -72
24 -76
24 -82
24 -81
24 -69
24 -74
24 -67
24 -66
24 -65
24 -68
24 -66
24 -67
24 -67
24 -67
24 -67
24 -66
24 -65
24 -66
24 -65
24 -64
24 -64
24 -66
24 -72
24 -69
24 -66
24 -64
24 -62
24 -62
24 -60
24 -59
24 -59
24 -61
24 -63
24 -60
24 -62
24 -60
24 -62
24 -61
24 -63
24 -64
24 -64
24 -64
24 -64
24 -58
24 -61
24 -62
24 -63
24 -61
24 -61
24 -63
24 -62
24 -62
24 -61
24 -62
24 -62
24 -62
24 -64
24 -62
24 -63
24 -60
24 -60
24 -60
24 -60
24 -60
24 -60
24 -64
24 -66
24 -66
24 -66
24 -68
24 -69
24 -68
24 -68
24 -64
24 -63
24 -62
24 -61
24 -60
24 -61
24 -64
24 -65
24 -69
24 -71
24 -70
24 -68
24 -70
24 -65
24 -66
24 -69
24 -71
24 -66
24 -63
24 -62
24 -60
24 -64
24 -63
24 -62
24 -64
24 -64
24 -64
24 -64
24 -63
24 -62
24 -61
24 -62
24 -63
24 -63
24 -63
24 -73
24 -63
24 -63
24 -62
24 -62
24 -63
24 -64
24 -64
24 -66
24 -64
24 -62
24 -62
24 -62
24 -63
24 -64
24 -66
24 -68
24 -72
24 -74
24 -80
24 -72
24 -78
24 -76
24 -74
24 -73
24 -75
24 -77
24 -76
24 -77
24 -74
24 -70
24 -70
24 -70
24 -70
24 -74
24 -72
24 -70
24 -68
24 -68
24 -70
24 -70
24 -72
24 -70
24 -78
24 -66
24 -65
24 -65
24 -64
24 -63
24 -63
24 -64
24 -64
24 -66
24 -66
24 -66
24 -66
24 -66
24 -65
24 -65
24 -64
24 -64
24 -65
24 -65
24 -65
24 -64
24 -64
24 -66
24 -67
24 -69
24 -72
24 -81
24 -80
24 -76
24 -76
24 -76
24 -70
24 -72
24 -72
24 -70
24 -70
24 -72
24 -74
24 -72
24 -70
24 -70
24 -70
24 -67
24 -66
24 -66
24 -66
24 -67
24 -67
24 -66
24 -66
24 -66
24 -65
24 -66
24 -66
24 -66
24 -64
24 -64
24 -65
24 -64
24 -63
24 -63
24 -63
24 -63
24 -63
24 -63
24 -63
24 -63
24 -64
24 -63
24 -64
24 -64
24 -64
24 -64
24 -64
24 -64
24 -64
24 -64
24 -64
24 -64
24 -64
24 -64
24 -64
24 -64
24 -65
24 -66
24 -66
24 -66
24 -65
24 -66
24 -66
24 -66
24 -66
24 -66
24 -64
24 -66
24 -66
24 -66
24 -66
24 -66
24 -66
24 -66
24 -65
24 -56
24 -65
24 -64
24 -64
24 -64
24 -65
24 -69
24 -72
24 -74
24 -72
24 -72
24 -73
24 -73
24 -73
24 -75
24 -76
24 -75
24 -72
24 -70
24 -72
24 -76
24 -76
24 -77
24 -76
24 -75
24 -76
24 -78
24 -80
24 -78
24 -77
24 -77
24 -76
24 -76
24 -76
24 -76
24 -76
24 -75
24 -73
24 -72
24 -72
24 -72
24 -72
24 -76
24 -76
24 -78
24 -75
24 -76
24 -75
24 -72
24 -71
24 -72
24 -72
24 -72
24 -71
24 -71
24 -71
24 -71
24 -69
24 -70
24 -70
24 -70
24 -70
24 -70
24 -69
24 -70
24 -70
24 -69
24 -68
24 -69
24 -71
24 -71
24 -70
24 -70
24 -70
24 -70
24 -70
24 -70
24 -69
24 -69
24 -70
24 -70
24 -72
24 -72
24 -71
25 -83
25 -63
25 -80
25 -83
25 -84
25 -84
25 -84
25 -84
25 -84
25 -83
25 -83
25 -82
25 -82
25 -81
25 -81
25 -81
25 -81
25 -78
25 -81
25 -80
25 -80
25 -82
25 -82
25 -81
25 -82
25 -81
25 -86
25 -83
25 -85
25 -84
25 -82
25 -82
25 -76
25 -81
25 -82
25 -81
25 -83
25 -83
25 -80
25 -81
25 -80
25 -79
25 -78
25 -78
25 -78
25 -70
25 -80
25 -80
25 -80
25 -81
25 -79
25 -79
25 -79
25 -78
25 -80
25 -84
25 -84
25 -86
25 -80
25 -83
25 -78
25 -78
25 -85
25 -83
25 -63
25 -84
25 -83
25 -85
25 -83
25 -81
25 -79
25 -80
25 -80
25 -78
25 -79
25 -79
25 -78
25 -80
25 -80
25 -82
25 -81
25 -82
25 -80
25 -80
25 -80
25 -85
25 -83
25 -75
25 -81
25 -81
25 -82
25 -83
25 -84
25 -83
25 -81
25 -81
25 -83
25 -83
25 -60
25 -80
25 -84
25 -83
25 -83
25 -82
25 -83
25 -84
25 -84
25 -82
25 -83
25 -82
25 -81
25 -71
25 -81
25 -76
25 -80
25 -80
25 -76
25 -79
25 -81
25 -81
25 -80
25 -79
25 -82
25 -83
25 -84
25 -86
25 -84
25 -84
25 -84
25 -84
26 -78
26 -56
26 -79
26 -81
26 -81
26 -79
26 -79
26 -78
26 -75
26 -77
26 -77
26 -77
26 -79
26 -79
26 -80
26 -80
26 -79
26 -78
26 -84
26 -79
26 -76
26 -74
26 -72
26 -72
26 -72
26 -73
26 -72
26 -71
26 -73
26 -75
26 -74
26 -73
26 -71
26 -72
26 -72
26 -71
26 -72
26 -72
26 -71
26 -72
26 -72
26 -72
26 -72
26 -72
26 -72
26 -72
26 -72
26 -71
26 -70
26 -70
26 -72
26 -72
26 -72
26 -73
26 -73
26 -72
26 -67
26 -73
26 -74
26 -73
26 -73
26 -73
26 -73
26 -73
26 -72
26 -72
26 -72
26 -65
26 -72
26 -73
26 -72
26 -73
26 -73
26 -74
26 -74
26 -75
26 -74
26 -73
26 -73
26 -74
26 -73
26 -74
26 -66
26 -75
26 -74
26 -74
26 -75
26 -73
26 -76
26 -75
26 -74
26 -74
26 -73
26 -74
26 -62
26 -74
26 -73
26 -74
26 -74
26 -72
26 -73
26 -65
26 -72
26 -64
26 -73
26 -72
26 -73
26 -72
26 -73
26 -74
26 -74
26 -73
26 -69
26 -72
26 -72
26 -72
26 -71
26 -72
26 -72
26 -73
26 -72
26 -72
26 -73
26 -73
26 -71
26 -74
26 -74
26 -73
26 -73
26 -74
26 -74
26 -75
26 -73
26 -73
26 -73
26 -72
26 -72
26 -72
26 -72
26 -73
26 -72
26 -74
26 -64
26 -73
26 -73
26 -73
26 -72
26 -73
26 -74
26 -73
26 -73
26 -74
26 -73
26 -74
26 -74
26 -75
26 -75
26 -72
26 -72
26 -72
26 -72
26 -72
26 -74
26 -74
26 -72
26 -72
26 -72
26 -72
26 -75
26 -75
26 -76
26 -75
26 -75
26 -75
26 -76
26 -76
26 -75
26 -74
26 -73
26 -73
26 -73
26 -74
26 -74
26 -76
26 -76
26 -73
26 -74
26 -73
26 -73
26 -73
26 -74
26 -72
26 -75
26 -73
26 -74
26 -75
26 -64
26 -76
26 -74
26 -76
26 -64
26 -71
26 -76
26 -77
26 -82
26 -82
26 -58
26 -79
26 -74
26 -83
26 -84
26 -77
26 -77
26 -76
26 -80
26 -79
26 -81
26 -79
26 -77
26 -77
26 -77
26 -57
26 -82
26 -82
26 -82
26 -76
26 -77
26 -77
26 -80
26 -79
26 -79
26 -77
26 -76
26 -76
26 -72
26 -76
26 -76
26 -76
26 -76
26 -76
26 -77
26 -76
26 -77
26 -78
26 -77
26 -78
26 -78
26 -78
26 -78
26 -78
26 -81
26 -75
26 -74
26 -75
26 -73
26 -72
26 -73
26 -74
26 -74
26 -74
26 -74
26 -75
26 -78
26 -77
26 -77
26 -76
26 -76
26 -76
26 -75
26 -76
26 -76
26 -75
26 -75
26 -75
26 -78
26 -80
26 -82
26 -80
26 -79
26 -70
26 -79
26 -77
26 -79
26 -79
26 -79
26 -78
26 -76
26 -76
26 -76
26 -76
26 -76
26 -76
26 -76
26 -75
26 -76
26 -76
26 -76
26 -75
26 -75
26 -74
26 -74
26 -74
26 -74
26 -74
26 -75
26 -74
26 -74
26 -71
26 -71
26 -75
26 -75
26 -76
26 -76
26 -75
26 -73
26 -75
26 -75
26 -75
26 -75
26 -74
26 -74
26 -74
26 -75
26 -57
26 -76
26 -76
26 -75
26 -76
26 -76
26 -76
26 -74
26 -75
26 -76
26 -75
26 -75
26 -75
26 -74
26 -76
26 -76
26 -75
26 -75
26 -73
26 -74
26 -75
26 -74
26 -73
26 -74
26 -74
26 -73
26 -74
26 -74
26 -74
26 -74
26 -72
26 -73
26 -72
26 -72
26 -72
26 -72
26 -72
26 -72
26 -73
26 -75
26 -77
26 -77
26 -76
26 -76
26 -75
26 -75
26 -76
26 -74
26 -73
26 -73
26 -72
26 -72
26 -72
26 -72
26 -72
26 -73
26 -73
26 -74
26 -74
26 -74
26 -74
26 -74
26 -75
26 -76
26 -75
26 -76
26 -75
26 -74
26 -74
26 -72
26 -71
26 -70
26 -71
26 -73
26 -74
26 -75
26 -77
26 -74
26 -67
26 -78
26 -77
26 -77
26 -76
26 -76
26 -76
26 -75
26 -76
26 -76
26 -75
26 -76
26 -76
26 -76
26 -75
26 -78
26 -77
26 -77
26 -77
26 -77
26 -78
26 -77
26 -77
27 -71
27 -70
27 -67
27 -70
27 -70
27 -70
27 -70
27 -73
27 -74
27 -72
27 -72
27 -75
27 -66
27 -72
27 -73
27 -72
27 -75
27 -75
27 -74
27 -76
27 -80
27 -78
27 -76
27 -75
27 -75
27 -75
27 -72
27 -82
27 -78
27 -78
27 -77
27 -78
27 -77
27 -84
27 -84
27 -73
27 -82
27 -83
27 -81
27 -79
27 -78
27 -78
27 -81
27 -84
27 -84
27 -79
27 -86
27 -83
27 -79
27 -76
27 -79
27 -78
27 -65
27 -79
27 -79
27 -79
27 -80
27 -78
27 -79
27 -76
27 -77
27 -79
27 -77
27 -76
27 -78
27 -76
27 -75
27 -78
27 -79
27 -80
27 -80
27 -76
27 -65
27 -65
27 -76
27 -76
27 -76
27 -74
27 -76
27 -73
27 -75
27 -73
27 -74
27 -77
27 -76
27 -75
27 -76
27 -76
27 -76
27 -76
27 -76
27 -77
27 -74
27 -76
27 -80
27 -82
27 -80
27 -81
27 -78
27 -80
27 -77
27 -78
27 -78
27 -78
27 -79
27 -78
27 -79
27 -79
27 -78
27 -79
27 -77
27 -76
27 -71
27 -74
27 -77
27 -78
27 -76
27 -75
27 -76
27 -75
27 -79
27 -80
27 -77
27 -80
27 -78
27 -80
27 -78
27 -76
27 -78
27 -86
27 -85
27 -79
27 -77
27 -79
27 -82
27 -79
27 -79
27 -82
27 -83
27 -81
27 -79
27 -76
27 -80
27 -78
27 -78
27 -82
27 -84
27 -85
27 -82
27 -84
27 -79
27 -83
27 -80
27 -79
27 -81
27 -82
27 -81
27 -85
27 -82
27 -80
27 -78
27 -74
27 -73
27 -74
27 -76
27 -76
27 -72
27 -70
27 -69
27 -69
27 -72
27 -73
27 -69
27 -75
27 -75
27 -74
27 -73
27 -73
27 -75
27 -71
27 -72
27 -74
27 -75
27 -74
27 -75
27 -74
27 -75
27 -76
27 -73
27 -74
27 -74
27 -73
27 -72
27 -68
27 -73
27 -73
27 -75
27 -75
27 -74
27 -75
27 -76
27 -75
27 -75
27 -74
27 -75
27 -73
27 -74
27 -75
27 -72
27 -74
27 -76
27 -76
27 -77
27 -80
27 -78
27 -77
27 -75
27 -75
27 -74
27 -75
27 -73
27 -75
27 -75
27 -75
27 -75
27 -75
27 -75
27 -76
27 -76
27 -78
27 -76
27 -75
27 -74
27 -76
27 -75
27 -53
27 -75
27 -76
27 -82
27 -84
27 -79
27 -80
27 -84
27 -79
27 -76
27 -76
27 -76
27 -76
27 -76
27 -77
27 -77
27 -67
27 -77
27 -80
27 -80
27 -81
27 -78
27 -78
27 -76
27 -78
27 -76
27 -76
27 -76
27 -76
27 -75
27 -76
27 -74
27 -75
27 -76
27 -77
27 -70
27 -76
27 -76
27 -76
27 -78
27 -76
27 -76
27 -77
27 -76
27 -76
27 -76
27 -76
27 -76
27 -76
27 -70
27 -74
27 -74
27 -74
27 -74
27 -74
27 -74
27 -75
27 -75
27 -75
27 -74
27 -76
27 -76
27 -76
27 -77
27 -78
27 -76
27 -77
27 -76
27 -76
27 -78
27 -72
27 -79
27 -77
27 -78
27 -78
27 -77
27 -81
27 -81
27 -82
27 -82
27 -84
27 -78
27 -76
27 -76
27 -76
27 -74
27 -77
27 -78
27 -76
27 -76
27 -76
27 -76
27 -76
27 -76
27 -76
27 -76
27 -76
27 -30
27 -77
27 -76
27 -76
27 -76
27 -77
27 -78
27 -86
27 -85
27 -77
27 -79
27 -77
27 -78
27 -78
27 -83
27 -82
27 -85
27 -83
27 -80
27 -66
27 -82
27 -83
27 -85
28 -76
28 -76
28 -75
28 -77
28 -74
28 -76
28 -76
28 -76
28 -75
28 -75
28 -76
28 -75
28 -64
28 -82
28 -74
28 -74
28 -74
28 -73
28 -75
28 -74
28 -76
28 -79
28 -76
28 -75
28 -76
28 -76
28 -78
28 -58
28 -78
28 -78
28 -76
28 -76
28 -78
28 -84
28 -83
28 -82
28 -77
28 -79
28 -78
28 -79
28 -78
28 -78
28 -80
28 -81
28 -85
28 -81
28 -79
28 -79
28 -78
28 -84
28 -83
28 -81
28 -83
28 -80
28 -77
28 -76
28 -76
28 -77
28 -76
28 -75
28 -75
28 -78
28 -77
28 -76
28 -76
28 -78
28 -76
28 -78
28 -78
28 -74
28 -76
28 -76
28 -74
28 -74
28 -74
28 -73
28 -75
28 -69
28 -76
28 -69
28 -74
28 -74
28 -75
28 -75
28 -76
28 -76
28 -75
28 -74
28 -74
28 -73
28 -72
28 -72
28 -72
28 -72
28 -74
28 -75
28 -74
28 -75
28 -73
28 -72
28 -75
28 -75
28 -73
28 -74
28 -74
28 -75
28 -75
28 -74
28 -71
28 -75
28 -73
28 -73
28 -75
28 -74
28 -76
28 -75
28 -76
28 -76
28 -76
28 -76
28 -75
28 -76
28 -75
28 -74
28 -75
28 -74
28 -74
28 -73
28 -74
28 -74
28 -76
28 -76
28 -75
28 -76
28 -76
28 -74
28 -75
28 -75
28 -74
28 -75
28 -74
28 -75
28 -76
28 -74
28 -76
28 -76
28 -75
28 -77
28 -78
28 -80
28 -82
28 -79
28 -76
28 -80
28 -80
28 -78
28 -79
28 -78
28 -74
28 -80
28 -78
28 -77
28 -76
28 -76
28 -77
28 -72
28 -76
28 -77
28 -76
28 -75
28 -74
28 -75
28 -76
28 -76
28 -75
28 -76
28 -74
28 -76
28 -74
28 -76
28 -81
28 -74
28 -78
28 -78
28 -76
28 -76
28 -78
28 -76
28 -76
28 -76
28 -76
28 -62
28 -77
28 -78
28 -78
28 -78
28 -76
28 -78
28 -79
28 -79
28 -80
28 -78
28 -78
28 -76
28 -78
28 -78
28 -82
28 -78
28 -55
28 -76
28 -78
28 -80
28 -83
28 -84
28 -83
28 -85
28 -83
28 -78
28 -77
28 -76
28 -75
28 -74
28 -74
28 -75
28 -73
28 -72
28 -72
28 -73
28 -72
28 -74
28 -73
28 -74
28 -75
28 -74
28 -73
28 -73
28 -72
28 -74
28 -74
28 -76
28 -75
28 -74
28 -74
28 -74
28 -76
28 -72
28 -75
28 -74
28 -73
28 -71
28 -71
28 -72
28 -71
28 -71
28 -70
28 -71
28 -72
28 -72
28 -72
28 -72
28 -73
28 -73
28 -72
28 -72
28 -72
28 -72
28 -73
28 -72
28 -72
28 -72
28 -73
28 -74
28 -73
28 -73
28 -72
28 -72
28 -72
28 -72
28 -72
28 -73
28 -73
28 -70
28 -72
28 -72
28 -72
28 -72
28 -72
28 -72
28 -70
28 -71
28 -72
28 -71
28 -72
28 -72
28 -72
28 -72
28 -71
28 -71
28 -72
28 -72
28 -72
28 -71
28 -70
28 -72
28 -72
28 -72
28 -72
28 -72
28 -72
28 -72
28 -71
28 -71
28 -71
28 -72
28 -72
28 -72
28 -72
28 -72
28 -72
28 -72
28 -72
28 -72
28 -72
28 -71
28 -72
28 -72
28 -72
28 -72
28 -72
28 -72
28 -72
28 -71
28 -71
28 -71
28 -71
28 -70
28 -69
28 -71
28 -70
28 -71
28 -70
28 -70
28 -70
28 -70
28 -70
28 -71
28 -70
28 -72
28 -71
28 -71
28 -68
28 -72
28 -71
28 -73
28 -75
28 -75
28 -72
28 -76
28 -76
28 -76
28 -74
28 -73
28 -73
28 -71
28 -70
28 -70
28 -70
28 -70
28 -70
28 -71
28 -73
28 -72
28 -73
28 -73
28 -73
28 -73
28 -73
28 -72
28 -72
28 -72
28 -72
28 -72
28 -72
28 -71
28 -72
28 -71
28 -72
28 -72
28 -72
28 -72
28 -54
28 -72
28 -80
28 -70
28 -71
28 -72
28 -72
28 -73
28 -72
28 -73
28 -73
28 -72
28 -71
28 -72
28 -81
28 -72
28 -72
28 -73
28 -72
28 -83
28 -72
28 -72
28 -72
28 -72
28 -72
28 -72
28 -54
28 -72
28 -71
28 -71
28 -72
28 -72
28 -72
28 -72
28 -72
28 -72
28 -72
28 -72
28 -72
29 -68
29 -69
29 -69
29 -68
29 -69
29 -69
29 -69
29 -70
29 -72
29 -70
29 -68
29 -69
29 -69
29 -69
29 -73
29 -74
29 -73
29 -72
29 -71
29 -70
29 -70
29 -72
29 -72
29 -74
29 -78
29 -78
29 -61
29 -73
29 -75
29 -76
29 -77
29 -76
29 -76
29 -76
29 -80
29 -80
29 -79
29 -80
29 -79
29 -78
29 -76
29 -75
29 -74
29 -75
29 -79
29 -76
29 -77
29 -78
29 -76
29 -76
29 -76
29 -76
29 -77
29 -81
29 -79
29 -79
29 -74
29 -76
29 -76
29 -78
29 -78
29 -80
29 -78
29 -83
29 -78
29 -78
29 -77
29 -81
29 -83
29 -70
29 -72
29 -73
29 -72
29 -74
29 -74
29 -73
29 -74
29 -73
29 -74
29 -74
29 -73
29 -73
29 -72
29 -71
29 -71
29 -72
29 -72
29 -72
29 -68
29 -72
29 -72
29 -72
29 -72
29 -72
29 -73
29 -74
29 -73
29 -73
29 -72
29 -72
29 -73
29 -72
29 -71
29 -72
29 -72
29 -74
29 -73
29 -72
29 -73
29 -74
29 -73
29 -74
29 -76
29 -74
29 -72
29 -72
29 -72
29 -72
29 -72
29 -71
29 -71
29 -71
29 -74
29 -72
29 -71
29 -72
29 -73
29 -73
29 -71
29 -71
29 -70
29 -70
29 -70
29 -70
29 -70
29 -70
29 -70
29 -70
29 -70
29 -71
29 -71
29 -72
29 -72
29 -72
29 -72
29 -71
29 -70
29 -71
29 -71
29 -70
29 -70
29 -70
29 -70
29 -70
29 -70
29 -70
29 -70
29 -70
29 -70
29 -70
29 -70
29 -71
29 -70
29 -69
29 -70
29 -70
29 -71
29 -72
29 -71
29 -70
29 -70
29 -70
29 -70
29 -69
29 -70
29 -72
29 -71
29 -70
29 -70
29 -72
29 -72
29 -72
29 -71
29 -71
29 -67
29 -70
29 -70
29 -70
29 -71
29 -72
29 -72
29 -72
29 -71
29 -71
29 -70
29 -79
29 -69
29 -70
29 -70
29 -70
29 -70
29 -70
29 -71
29 -70
29 -72
29 -70
29 -70
29 -70
29 -70
29 -72
29 -72
29 -72
29 -71
29 -72
29 -74
29 -70
29 -70
29 -69
29 -70
29 -70
29 -70
29 -72
29 -74
29 -76
29 -76
29 -72
29 -72
29 -74
29 -75
29 -73
29 -74
29 -76
29 -79
29 -75
29 -76
29 -74
29 -71
29 -70
29 -69
29 -72
29 -72
29 -72
29 -72
29 -71
29 -70
29 -71
29 -72
29 -72
29 -72
29 -72
29 -71
29 -71
29 -70
29 -71
29 -71
29 -72
29 -72
29 -72
29 -72
29 -72
29 -72
29 -71
29 -71
29 -70
29 -70
29 -70
29 -70
29 -70
29 -70
29 -70
29 -70
29 -69
29 -71
29 -70
29 -71
29 -73
29 -76
29 -75
29 -75
29 -73
29 -73
29 -74
29 -75
29 -75
29 -76
29 -75
29 -74
29 -73
29 -73
29 -68
29 -75
29 -75
29 -74
29 -72
29 -72
29 -74
29 -76
29 -77
29 -71
29 -75
29 -76
29 -76
29 -66
29 -76
29 -75
29 -72
29 -72
29 -71
29 -72
29 -72
29 -72
29 -72
29 -71
29 -71
29 -72
29 -74
29 -74
29 -58
29 -77
29 -77
29 -77
29 -77
29 -76
29 -76
29 -76
29 -76
29 -75
29 -76
29 -76
29 -72
29 -70
29 -71
29 -70
29 -72
29 -74
29 -74
29 -76
29 -76
29 -79
29 -77
29 -81
29 -78
29 -79
29 -80
29 -78
29 -76
29 -76
29 -77
29 -78
29 -78
29 -75
29 -79
29 -79
29 -79
29 -78
29 -80
29 -79
29 -78
29 -79
29 -78
29 -78
29 -78
29 -78
29 -78
29 -78
29 -80
29 -82
29 -78
29 -82
29 -79
29 -81
29 -79
29 -78
29 -78
29 -78
29 -77
29 -78
29 -78
29 -71
29 -78
29 -78
29 -81
29 -78
29 -82
29 -79
29 -79
29 -80
29 -79
29 -79
29 -78
29 -75
29 -73
29 -71
29 -72
29 -74
29 -73
29 -72
29 -66
29 -73
29 -72
29 -70
29 -72
29 -71
29 -72
29 -71
29 -72
29 -72
29 -72
29 -72
29 -72
29 -73
29 -72
29 -72
29 -74
29 -73
29 -74
29 -71
29 -73
29 -72
29 -72
29 -71
29 -70
29 -72
29 -72
29 -72
29 -70
29 -70
29 -71
29 -70
29 -71
29 -70
29 -70
29 -70
29 -70
29 -70
29 -71
29 -71
29 -71
29 -72
29 -71
29 -70
29 -70
29 -70
29 -70
29 -70
29 -70
29 -70
29 -71
29 -70
29 -70
29 -70
29 -70
29 -70
29 -70
29 -70
30 -76
30 -80
30 -78
30 -78
30 -78
30 -78
30 -78
30 -78
30 -75
30 -75
30 -75
30 -76
30 -80
30 -80
30 -79
30 -78
30 -78
30 -76
30 -74
30 -77
30 -77
30 -76
30 -78
30 -74
30 -77
30 -78
30 -83
30 -82
30 -81
30 -81
30 -80
30 -81
30 -84
30 -81
30 -79
30 -78
30 -78
30 -81
30 -79
30 -80
30 -80
30 -79
30 -79
30 -80
30 -77
30 -82
30 -77
30 -76
30 -83
30 -82
30 -81
30 -81
30 -82
30 -80
30 -80
30 -82
30 -82
30 -82
30 -83
30 -85
30 -80
30 -80
30 -79
30 -80
30 -79
30 -79
30 -81
30 -80
30 -81
30 -80
30 -81
30 -81
30 -79
30 -70
30 -81
30 -82
30 -84
30 -83
30 -73
30 -80
30 -67
30 -80
30 -85
30 -85
30 -84
30 -86
30 -83
30 -84
30 -80
30 -81
30 -83
30 -83
30 -80
30 -81
30 -81
30 -82
30 -77
30 -76
30 -77
30 -76
30 -78
30 -77
30 -80
30 -79
30 -73
30 -80
30 -77
30 -76
30 -76
30 -73
30 -73
30 -74
30 -73
30 -73
30 -74
30 -75
30 -76
30 -75
30 -75
30 -75
30 -76
30 -78
30 -71
30 -72
30 -71
30 -72
30 -71
30 -70
30 -70
30 -72
30 -72
30 -72
30 -72
30 -72
30 -72
30 -72
30 -73
30 -73
30 -75
30 -75
30 -72
30 -75
30 -76
30 -64
30 -69
30 -78
30 -79
30 -84
30 -78
30 -73
30 -71
30 -70
30 -69
30 -70
30 -70
30 -71
30 -70
30 -70
30 -70
30 -71
30 -71
30 -71
30 -70
30 -70
30 -70
30 -70
30 -70
30 -70
30 -70
30 -70
30 -71
30 -71
30 -72
30 -72
30 -70
30 -70
30 -70
30 -70
30 -70
30 -70
30 -70
30 -70
30 -71
30 -72
30 -72
30 -71
30 -76
30 -76
30 -78
30 -79
30 -82
30 -84
30 -82
30 -82
30 -83
30 -84
30 -83
30 -82
30 -83
30 -80
30 -79
30 -70
30 -85
30 -83
30 -75
30 -79
30 -81
30 -78
30 -83
30 -82
30 -80
30 -80
30 -78
30 -78
30 -77
30 -76
30 -77
30 -78
30 -78
30 -79
30 -83
30 -82
30 -81
30 -81
30 -79
30 -81
30 -80
30 -79
30 -83
30 -82
30 -83
30 -76
30 -79
30 -78
30 -78
30 -78
30 -78
30 -77
30 -77
30 -78
30 -78
30 -78
30 -79
30 -78
30 -79
30 -79
30 -78
30 -78
30 -81
30 -81
30 -81
30 -79
30 -75
30 -79
30 -72
30 -72
30 -80
30 -70
30 -79
30 -84
30 -85
30 -81
30 -81
30 -80
30 -81
30 -76
30 -81
30 -83
30 -82
30 -82
30 -82
30 -82
30 -83
30 -84
30 -81
30 -78
30 -78
30 -82
30 -81
30 -79
30 -79
30 -81
30 -81
30 -78
30 -80
30 -80
30 -79
30 -80
30 -81
30 -80
30 -80
30 -81
30 -81
30 -67
30 -78
30 -78
30 -79
30 -80
30 -77
30 -78
30 -79
30 -79
30 -79
30 -79
30 -80
30 -79
30 -81
30 -78
31 -74
31 -74
31 -74
31 -72
31 -73
31 -74
31 -72
31 -81
31 -77
31 -76
31 -77
31 -77
31 -78
31 -78
31 -78
31 -82
31 -69
31 -69
31 -69
31 -70
31 -71
31 -72
31 -70
31 -69
31 -68
31 -69
31 -70
31 -70
31 -69
31 -69
31 -70
31 -70
31 -70
31 -70
31 -71
31 -72
31 -72
31 -70
31 -72
31 -65
31 -70
31 -70
31 -70
31 -70
31 -70
31 -69
31 -70
31 -70
31 -70
31 -70
31 -69
31 -70
31 -70
31 -71
31 -69
31 -70
31 -70
31 -72
31 -70
31 -70
31 -70
31 -70
31 -70
31 -71
31 -72
31 -71
31 -71
31 -71
31 -72
31 -72
31 -72
31 -72
31 -70
31 -70
31 -71
31 -70
31 -70
31 -70
31 -68
31 -68
31 -68
31 -70
31 -70
31 -67
31 -68
31 -68
31 -68
31 -68
31 -68
31 -65
31 -68
31 -68
31 -69
31 -68
31 -67
31 -67
31 -67
31 -68
31 -69
31 -68
31 -67
31 -67
31 -68
31 -68
31 -68
31 -68
31 -67
31 -67
31 -67
31 -68
31 -69
31 -67
31 -68
31 -53
31 -68
31 -68
31 -69
31 -69
31 -69
31 -68
31 -67
31 -67
31 -67
31 -68
31 -68
31 -67
31 -68
31 -69
31 -69
31 -69
31 -70
31 -69
31 -69
31 -68
31 -68
31 -68
31 -68
31 -67
31 -68
31 -68
31 -68
31 -69
31 -69
31 -68
31 -68
31 -68
31 -69
31 -68
31 -68
31 -69
31 -68
31 -67
31 -68
31 -68
31 -68
31 -67
31 -68
31 -70
31 -70
31 -70
31 -70
31 -70
31 -70
31 -72
31 -72
31 -71
31 -70
31 -71
31 -70
31 -70
31 -70
31 -69
31 -70
31 -71
31 -70
31 -71
31 -72
31 -72
31 -72
31 -72
31 -73
31 -81
31 -84
31 -78
31 -80
31 -82
31 -71
31 -77
31 -76
31 -79
31 -78
31 -77
31 -78
31 -80
31 -73
31 -74
31 -76
31 -76
31 -71
31 -72
31 -73
31 -72
31 -72
31 -76
31 -76
31 -79
31 -79
31 -78
31 -76
31 -73
31 -67
31 -70
31 -67
31 -67
31 -66
31 -66
31 -68
31 -68
31 -68
31 -69
31 -71
31 -78
31 -82
31 -82
31 -81
31 -84
31 -78
31 -76
31 -76
31 -74
31 -73
31 -75
31 -81
31 -75
31 -75
31 -72
31 -70
31 -69
31 -69
31 -68
31 -66
31 -66
31 -66
31 -66
31 -66
31 -67
31 -68
31 -68
31 -67
31 -67
31 -67
31 -67
31 -67
31 -67
31 -68
31 -68
31 -68
31 -68
31 -68
31 -68
31 -69
31 -70
31 -70
31 -70
31 -71
31 -71
31 -69
31 -68
31 -67
31 -67
31 -66
31 -67
31 -66
31 -66
31 -66
31 -66
31 -66
31 -66
31 -67
31 -67
31 -66
31 -69
31 -66
31 -66
31 -66
31 -66
31 -67
31 -67
31 -67
31 -66
31 -65
31 -63
31 -66
31 -66
31 -66
31 -66
31 -66
31 -66
31 -66
31 -66
31 -65
31 -66
31 -66
31 -66
31 -67
31 -67
31 -67
31 -68
31 -68
31 -69
31 -68
31 -68
31 -68
31 -67
31 -68
31 -68
31 -67
31 -68
31 -68
31 -68
31 -68
31 -55
31 -68
31 -69
31 -62
31 -68
31 -69
31 -69
31 -69
31 -70
31 -69
31 -68
31 -69
31 -69
31 -68
31 -69
31 -68
31 -69
31 -68
31 -69
31 -69
31 -68
31 -69
31 -69
31 -69
31 -69
31 -69
31 -69
31 -69
31 -68
31 -68
31 -68
31 -68
31 -67
31 -68
31 -68
31 -68
31 -67
31 -67
31 -67
31 -67
31 -67
31 -67
31 -66
31 -68
31 -68
31 -68
31 -68
31 -68
31 -69
31 -70
31 -72
31 -75
31 -74
31 -74
31 -78
31 -76
31 -76
31 -75
31 -71
31 -70
31 -71
31 -72
31 -70
31 -70
31 -73
31 -73
31 -74
31 -72
31 -73
31 -72
31 -70
31 -72
31 -72
31 -72
31 -72
31 -72
31 -72
31 -72
31 -72
31 -72
31 -73
31 -74
31 -74
31 -74
31 -74
31 -75
31 -76
31 -76
31 -73
31 -72
31 -72
31 -72
31 -73
31 -72
31 -80
31 -76
31 -81
31 -75
31 -79
31 -83
31 -84
32 -75
32 -81
32 -66
32 -80
32 -78
32 -74
32 -73
32 -73
32 -74
32 -75
32 -75
32 -75
32 -72
32 -71
32 -71
32 -72
32 -80
32 -86
32 -81
32 -77
32 -78
32 -78
32 -78
32 -77
32 -76
32 -74
32 -73
32 -72
32 -72
32 -73
32 -75
32 -75
32 -73
32 -73
32 -67
32 -72
32 -73
32 -73
32 -75
32 -74
32 -64
32 -74
32 -73
32 -75
32 -84
32 -79
32 -78
32 -77
32 -79
32 -78
32 -82
32 -80
32 -74
32 -82
32 -81
32 -76
32 -64
32 -77
32 -76
32 -77
32 -77
32 -69
32 -76
32 -75
32 -79
32 -76
32 -76
32 -75
32 -78
32 -79
32 -78
32 -78
32 -78
32 -76
32 -78
32 -78
32 -76
32 -75
32 -75
32 -75
32 -76
32 -73
32 -77
32 -76
32 -76
32 -76
32 -77
32 -76
32 -76
32 -75
32 -79
32 -80
32 -83
32 -83
32 -78
32 -78
32 -77
32 -80
32 -70
32 -81
32 -81
32 -78
32 -78
32 -77
32 -80
32 -75
32 -78
32 -74
32 -71
32 -74
32 -78
32 -64
32 -76
32 -76
32 -78
32 -84
32 -83
32 -80
32 -77
32 -80
32 -82
32 -85
32 -79
32 -81
32 -83
32 -80
32 -83
32 -83
32 -80
32 -78
32 -75
32 -72
32 -69
32 -70
32 -72
32 -72
32 -70
32 -73
32 -73
32 -74
32 -74
32 -72
32 -75
32 -73
32 -70
32 -74
32 -70
32 -70
32 -70
32 -70
32 -70
32 -71
32 -71
32 -72
32 -72
32 -71
32 -72
32 -65
32 -72
32 -71
32 -70
32 -70
32 -70
32 -70
32 -70
32 -70
32 -68
32 -70
32 -70
32 -71
32 -70
32 -70
32 -70
32 -70
32 -75
32 -75
32 -76
32 -77
32 -78
32 -73
32 -65
32 -70
32 -70
32 -69
32 -70
32 -83
32 -76
32 -75
32 -72
32 -71
32 -72
32 -68
32 -69
32 -70
32 -70
32 -71
32 -71
32 -70
32 -70
32 -71
32 -71
32 -70
32 -71
32 -70
32 -70
32 -69
32 -70
32 -70
32 -70
32 -70
32 -70
32 -70
32 -70
32 -70
32 -70
32 -72
32 -71
32 -68
32 -70
32 -70
32 -70
32 -70
32 -70
32 -72
32 -72
32 -74
32 -73
32 -77
32 -79
32 -79
32 -80
32 -80
32 -78
32 -77
32 -69
32 -59
32 -67
32 -77
32 -76
32 -74
32 -73
32 -71
32 -70
32 -72
32 -75
32 -77
32 -76
32 -75
32 -76
32 -75
32 -74
32 -75
32 -76
32 -76
32 -78
32 -78
32 -82
32 -80
32 -78
32 -78
32 -78
32 -78
32 -78
32 -77
32 -77
32 -77
32 -76
32 -78
32 -79
32 -78
32 -83
32 -78
32 -84
32 -84
32 -79
32 -80
32 -79
32 -79
32 -80
32 -81
32 -83
32 -79
32 -80
32 -79
32 -78
32 -79
32 -79
32 -75
32 -78
32 -79
32 -78
32 -78
32 -79
32 -78
32 -79
32 -81
32 -83
32 -84
32 -80
32 -78
32 -76
32 -77
32 -77
32 -76
32 -78
32 -79
32 -80
32 -80
32 -76
32 -78
32 -82
32 -84
32 -85
32 -79
32 -78
32 -78
32 -70
32 -80
32 -78
32 -76
32 -73
32 -72
32 -72
32 -73
32 -72
32 -71
32 -70
32 -72
32 -72
32 -72
32 -72
32 -74
32 -74
32 -74
32 -74
32 -72
32 -72
32 -70
32 -72
32 -72
32 -72
32 -71
32 -72
32 -59
32 -72
32 -72
32 -71
32 -60
32 -60
32 -72
32 -72
32 -72
32 -72
32 -72
32 -72
32 -72
32 -72
32 -73
32 -72
32 -72
32 -71
32 -71
32 -70
32 -70
32 -70
32 -69
32 -69
32 -70
32 -69
32 -71
32 -70
32 -72
32 -72
32 -72
32 -59
32 -72
32 -72
32 -72
32 -72
32 -71
32 -72
32 -72
32 -72
32 -72
32 -72
32 -72
32 -72
32 -72
32 -72
32 -72
32 -72
32 -72
32 -72
32 -73
32 -30
32 -73
32 -73
32 -72
32 -73
32 -73
32 -73
32 -73
32 -72
32 -72
32 -72
32 -72
33 -78
33 -78
33 -74
33 -78
33 -78
33 -78
33 -78
33 -78
33 -81
33 -80
33 -80
33 -78
33 -78
33 -78
33 -77
33 -77
33 -78
33 -75
33 -76
33 -78
33 -77
33 -78
33 -76
33 -77
33 -84
33 -81
33 -76
33 -77
33 -76
33 -76
33 -77
33 -77
33 -78
33 -78
33 -77
33 -78
33 -78
33 -78
33 -79
33 -79
33 -79
33 -79
33 -81
33 -80
33 -83
33 -79
33 -78
33 -79
33 -80
33 -80
33 -77
33 -79
33 -80
33 -63
33 -78
33 -79
33 -78
33 -78
33 -79
33 -79
33 -79
33 -81
33 -79
33 -81
33 -79
33 -79
33 -78
33 -80
33 -80
33 -78
33 -78
33 -80
33 -66
33 -80
33 -78
33 -78
33 -80
33 -78
33 -80
33 -80
33 -81
33 -81
33 -82
33 -82
33 -78
33 -80
33 -78
33 -79
33 -77
33 -78
33 -78
33 -78
33 -79
33 -79
33 -79
33 -80
33 -78
33 -78
33 -78
33 -78
33 -78
33 -79
33 -78
33 -77
33 -76
33 -77
33 -78
33 -78
33 -78
33 -79
33 -76
33 -78
33 -79
33 -79
33 -78
33 -75
33 -81
33 -82
33 -78
33 -78
33 -78
33 -78
33 -78
33 -79
33 -78
33 -79
33 -81
33 -79
33 -80
33 -80
33 -81
33 -81
33 -79
33 -81
33 -82
33 -81
33 -80
33 -81
33 -84
33 -82
33 -84
33 -82
33 -63
33 -79
33 -79
33 -76
33 -78
33 -77
33 -77
33 -77
33 -80
33 -81
33 -79
33 -84
33 -82
33 -83
33 -87
33 -76
33 -80
33 -79
33 -82
33 -76
33 -74
33 -85
33 -84
33 -82
33 -83
33 -83
33 -81
33 -79
33 -79
33 -79
33 -79
33 -84
33 -81
33 -78
33 -76
33 -76
33 -75
33 -75
33 -75
33 -75
33 -75
33 -76
33 -76
33 -76
33 -76
33 -76
33 -76
33 -76
33 -76
33 -76
33 -76
33 -76
33 -75
33 -76
33 -76
33 -75
33 -76
33 -76
33 -77
33 -78
33 -74
33 -81
33 -80
33 -79
33 -80
33 -80
33 -80
33 -81
33 -81
33 -80
33 -82
33 -78
33 -78
33 -78
33 -77
33 -76
33 -76
33 -76
33 -76
33 -77
33 -77
33 -77
33 -78
33 -77
33 -78
33 -78
33 -82
33 -80
33 -81
33 -81
33 -74
33 -82
33 -82
33 -81
33 -81
33 -83
33 -83
33 -82
33 -82
33 -80
33 -81
33 -80
33 -79
33 -83
33 -84
33 -83
33 -83
33 -84
33 -84
33 -73
33 -81
33 -81
33 -82
33 -82
33 -82
33 -84
33 -83
33 -74
33 -83
33 -80
33 -79
33 -80
33 -81
33 -78
33 -78
33 -79
33 -80
33 -80
33 -80
33 -79
33 -78
33 -78
33 -78
33 -78
33 -78
33 -78
33 -78
33 -77
33 -78
33 -78
33 -77
33 -77
33 -78
33 -77
33 -77
33 -78
33 -78
33 -78
33 -84
34 -82
34 -82
34 -82
34 -80
34 -76
34 -78
34 -72
34 -80
34 -84
34 -80
34 -82
34 -83
34 -83
34 -83
34 -83
34 -86
34 -85
34 -82
34 -84
34 -80
34 -81
34 -82
34 -82
34 -77
34 -85
34 -80
34 -80
34 -82
34 -83
34 -82
34 -84
34 -81
34 -70
34 -82
34 -82
34 -84
34 -80
34 -80
34 -75
34 -77
34 -73
34 -76
34 -77
34 -76
34 -78
34 -78
34 -80
34 -76
34 -69
34 -81
34 -76
34 -75
34 -75
34 -75
34 -75
34 -77
34 -77
34 -82
34 -78
34 -79
34 -78
34 -77
34 -76
34 -81
34 -78
34 -84
34 -78
34 -75
34 -70
34 -70
34 -70
34 -71
34 -72
34 -78
34 -80
34 -54
34 -78
34 -80
34 -76
34 -76
34 -78
34 -80
34 -79
34 -83
34 -76
34 -80
34 -81
34 -82
34 -82
34 -82
34 -80
34 -79
34 -78
34 -79
34 -80
34 -79
34 -84
34 -84
34 -83
34 -78
34 -77
34 -76
34 -76
34 -76
34 -76
34 -75
34 -75
34 -75
34 -75
34 -75
34 -75
34 -75
34 -75
34 -75
34 -74
34 -74
34 -76
34 -81
34 -84
34 -82
34 -80
34 -80
34 -81
34 -81
34 -82
34 -82
34 -78
34 -77
34 -76
34 -77
34 -78
34 -74
34 -78
34 -78
34 -78
34 -78
34 -78
34 -76
34 -77
34 -71
34 -76
34 -76
34 -75
34 -75
34 -75
34 -75
34 -75
34 -75
34 -75
34 -75
34 -76
34 -75
34 -74
34 -75
34 -75
34 -75
34 -75
34 -76
34 -76
34 -78
34 -77
34 -78
34 -78
34 -78
34 -79
34 -81
34 -78
34 -78
34 -80
34 -79
34 -79
34 -72
34 -78
34 -78
34 -77
34 -76
34 -70
34 -78
34 -77
34 -76
34 -78
34 -77
34 -77
34 -77
34 -76
34 -76
34 -76
34 -75
34 -75
34 -75
34 -74
34 -74
34 -74
34 -74
34 -74
34 -74
34 -74
34 -74
34 -75
34 -75
34 -75
34 -75
34 -70
34 -75
34 -76
34 -76
34 -76
34 -76
34 -74
34 -77
34 -76
34 -77
34 -77
34 -76
34 -76
34 -76
34 -76
34 -76
34 -76
34 -76
34 -77
34 -76
34 -76
34 -76
34 -73
34 -77
34 -75
34 -76
34 -76
34 -80
34 -84
34 -80
34 -80
34 -80
34 -79
34 -79
34 -78
34 -82
34 -80
34 -80
34 -80
34 -79
34 -78
34 -80
34 -84
34 -83
34 -73
34 -82
34 -83
34 -82
34 -83
34 -81
34 -80
34 -79
34 -78
34 -78
34 -79
34 -80
34 -79
34 -79
34 -78
34 -78
34 -59
34 -77
34 -77
34 -73
34 -76
34 -75
34 -75
34 -75
34 -74
34 -74
34 -75
34 -74
34 -76
34 -78
34 -78
34 -80
34 -80
34 -80
34 -77
34 -76
34 -78
34 -78
34 -77
34 -78
34 -79
34 -79
34 -79
34 -76
34 -77
34 -79
34 -79
34 -80
34 -80
34 -81
34 -80
34 -81
34 -80
34 -78
34 -78
35 -74
35 -76
35 -76
35 -76
35 -78
35 -78
35 -75
35 -83
35 -82
35 -83
35 -77
35 -77
35 -79
35 -75
35 -77
35 -84
35 -76
35 -75
35 -75
35 -77
35 -78
35 -77
35 -73
35 -75
35 -75
35 -76
35 -76
35 -76
35 -76
35 -76
35 -76
35 -59
35 -83
35 -84
35 -83
35 -79
35 -79
35 -75
35 -74
35 -86
35 -80
35 -78
35 -80
35 -79
35 -78
35 -78
35 -79
35 -76
35 -80
35 -81
35 -76
35 -77
35 -80
35 -81
35 -82
35 -83
35 -80
35 -76
35 -81
35 -81
35 -81
35 -79
35 -79
35 -82
35 -80
35 -81
35 -83
35 -82
35 -82
35 -83
35 -79
35 -80
35 -82
35 -84
35 -82
35 -79
35 -82
35 -85
35 -83
35 -81
35 -83
35 -81
35 -83
35 -80
35 -78
35 -80
35 -78
35 -76
35 -77
35 -83
35 -78
35 -84
35 -81
35 -83
35 -82
35 -84
35 -84
35 -84
35 -82
35 -79
35 -70
35 -78
35 -78
35 -74
35 -62
35 -72
35 -70
35 -70
35 -72
35 -75
35 -65
35 -72
35 -73
35 -72
35 -73
35 -83
35 -69
35 -76
35 -75
35 -76
35 -76
35 -30
35 -77
35 -76
35 -77
35 -76
35 -76
35 -75
35 -76
35 -76
35 -76
35 -77
35 -78
35 -79
35 -80
35 -82
35 -81
35 -80
35 -78
35 -75
35 -75
35 -74
35 -74
35 -70
35 -76
35 -78
35 -79
35 -78
35 -76
35 -72
35 -71
35 -71
35 -70
35 -71
35 -71
35 -70
35 -71
35 -70
35 -70
35 -71
35 -70
35 -70
35 -70
35 -70
35 -72
35 -72
35 -70
35 -69
35 -68
35 -66
35 -69
35 -70
35 -72
35 -71
35 -72
35 -72
35 -71
35 -70
35 -70
35 -70
35 -69
35 -70
35 -64
35 -69
35 -69
35 -70
35 -70
35 -70
35 -70
35 -70
35 -70
35 -70
35 -70
35 -70
35 -70
35 -50
35 -70
35 -70
35 -70
35 -70
35 -70
35 -70
35 -70
35 -70
35 -70
35 -69
35 -69
35 -69
35 -70
35 -70
35 -69
35 -69
35 -69
35 -69
35 -69
35 -70
35 -70
35 -70
35 -70
35 -70
35 -70
35 -71
35 -70
35 -71
35 -71
35 -71
35 -70
35 -70
35 -70
35 -71
35 -71
35 -71
35 -71
35 -63
35 -72
35 -71
35 -71
35 -71
35 -71
35 -70
35 -70
35 -70
35 -70
35 -70
35 -70
35 -31
35 -71
35 -71
35 -72
35 -72
35 -72
35 -72
35 -72
35 -71
35 -71
35 -70
35 -70
35 -71
35 -71
35 -71
35 -71
35 -71
35 -71
35 -71
35 -71
35 -71
35 -71
35 -71
35 -71
35 -71
35 -71
35 -70
35 -71
35 -70
35 -71
35 -75
35 -70
35 -75
35 -69
35 -76
35 -76
35 -76
35 -76
35 -77
35 -77
35 -77
35 -78
35 -82
35 -79
35 -76
35 -73
35 -73
35 -73
35 -73
35 -74
35 -72
35 -74
35 -75
35 -75
35 -76
35 -75
35 -74
35 -72
35 -74
35 -71
35 -74
35 -73
35 -73
35 -74
35 -73
35 -73
35 -73
35 -73
35 -73
35 -74
35 -74
35 -74
35 -75
35 -76
35 -76
35 -76
35 -79
35 -79
35 -76
35 -74
35 -79
35 -76
35 -73
35 -73
35 -73
35 -73
35 -74
35 -74
35 -74
35 -75
35 -75
35 -76
35 -76
35 -75
35 -70
35 -73
35 -76
35 -76
35 -76
35 -76
35 -76
35 -76
35 -75
35 -76
35 -75
35 -75
35 -75
35 -74
35 -75
35 -75
35 -76
36 -68
36 -68
36 -69
36 -69
36 -69
36 -69
36 -69
36 -68
36 -67
36 -66
36 -68
36 -67
36 -66
36 -68
36 -68
36 -70
36 -70
36 -70
36 -70
36 -71
36 -70
36 -70
36 -70
36 -69
36 -69
36 -66
36 -66
36 -65
36 -66
36 -71
36 -75
36 -70
36 -77
36 -72
36 -67
36 -66
36 -65
36 -66
36 -66
36 -66
36 -61
36 -66
36 -66
36 -66
36 -67
36 -68
36 -69
36 -69
36 -69
36 -67
36 -67
36 -67
36 -68
36 -68
36 -67
36 -68
36 -68
36 -68
36 -68
36 -68
36 -63
36 -68
36 -69
36 -69
36 -69
36 -68
36 -67
36 -68
36 -67
36 -67
36 -67
36 -67
36 -70
36 -72
36 -74
36 -73
36 -73
36 -75
36 -76
36 -73
36 -72
36 -73
36 -77
36 -76
36 -72
36 -66
36 -70
36 -72
36 -71
36 -70
36 -71
36 -68
36 -70
36 -71
36 -71
36 -74
36 -74
36 -71
36 -71
36 -73
36 -72
36 -70
36 -70
36 -69
36 -69
36 -68
36 -70
36 -70
36 -70
36 -70
36 -70
36 -72
36 -73
36 -72
36 -71
36 -71
36 -72
36 -72
36 -72
36 -73
36 -72
36 -72
36 -70
36 -70
36 -70
36 -70
36 -69
36 -69
36 -70
36 -70
36 -70
36 -70
36 -69
36 -69
36 -70
36 -72
36 -72
36 -70
36 -70
36 -70
36 -70
36 -70
36 -70
36 -67
36 -69
36 -70
36 -72
36 -71
36 -70
36 -70
36 -70
36 -69
36 -69
36 -70
36 -72
36 -75
36 -72
36 -69
36 -67
36 -68
36 -68
36 -69
36 -70
36 -69
36 -67
36 -67
36 -67
36 -67
36 -67
36 -67
36 -68
36 -70
36 -70
36 -69
36 -69
36 -69
36 -69
36 -69
36 -69
36 -68
36 -67
36 -67
36 -67
36 -67
36 -64
36 -68
36 -69
36 -66
36 -66
36 -69
36 -70
36 -69
36 -69
36 -69
36 -70
36 -70
36 -69
36 -67
36 -66
36 -65
36 -64
36 -64
36 -65
36 -64
36 -64
36 -66
36 -65
36 -65
36 -66
36 -66
36 -67
36 -67
36 -66
36 -67
36 -67
36 -66
36 -66
36 -67
36 -68
36 -66
36 -67
36 -66
36 -66
36 -67
36 -68
36 -68
36 -66
36 -66
36 -68
36 -69
36 -70
36 -69
36 -67
36 -67
36 -67
36 -67
36 -68
36 -68
36 -68
36 -66
36 -66
36 -68
36 -71
36 -70
36 -69
36 -72
36 -68
36 -67
36 -66
36 -64
36 -63
36 -63
36 -64
36 -64
36 -63
36 -64
36 -64
36 -64
36 -66
36 -65
36 -66
36 -72
36 -79
36 -80
36 -77
36 -78
36 -76
36 -73
36 -78
36 -76
36 -76
36 -75
36 -68
36 -76
36 -77
36 -73
36 -76
36 -76
36 -76
36 -76
36 -75
36 -74
36 -74
36 -72
36 -73
36 -72
36 -71
36 -71
36 -73
36 -80
36 -83
36 -81
36 -81
36 -75
36 -75
36 -80
36 -73
36 -82
36 -86
36 -74
36 -72
36 -72
36 -72
36 -72
36 -72
36 -70
36 -70
36 -71
36 -72
36 -72
36 -72
36 -72
36 -74
36 -74
36 -76
36 -75
36 -52
36 -77
36 -81
36 -77
36 -76
36 -76
36 -76
36 -76
36 -76
36 -76
36 -40
36 -62
36 -74
36 -77
36 -70
36 -77
36 -77
36 -76
36 -76
36 -76
36 -76
36 -76
36 -77
36 -77
36 -80
36 -78
36 -76
36 -75
36 -74
36 -72
36 -75
36 -76
36 -75
36 -75
36 -75
36 -75
36 -76
36 -71
36 -77
36 -78
36 -76
36 -76
36 -76
36 -76
36 -77
36 -75
36 -77
36 -75
36 -73
36 -75
36 -75
36 -76
36 -74
36 -73
36 -74
36 -74
36 -75
36 -74
36 -74
36 -73
36 -73
36 -72
36 -73
36 -72
36 -72
36 -72
36 -72
36 -72
36 -73
36 -73
36 -72
36 -72
36 -73
36 -71
36 -70
36 -70
36 -71
36 -71
36 -68
36 -69
36 -70
36 -70
36 -70
36 -70
36 -69
36 -69
36 -70
36 -71
36 -73
36 -74
36 -73
36 -73
36 -74
36 -76
36 -75
36 -74
36 -74
36 -75
36 -75
36 -74
36 -73
36 -72
36 -70
36 -70
36 -70
36 -72
36 -73
36 -73
36 -74
36 -73
36 -74
36 -74
36 -73
36 -74
36 -74
36 -75
36 -76
36 -76
36 -76
36 -77
36 -78
36 -76
36 -76
36 -76
36 -76
36 -76
36 -80
36 -78
36 -81
36 -76
36 -78
36 -79
36 -78
36 -75
36 -70
36 -74
36 -75
36 -71
36 -73
36 -73
36 -75
36 -75
36 -76
36 -76
36 -75
36 -76
36 -78
36 -76
36 -75
36 -76
36 -81
36 -77
36 -78
36 -78
36 -78
36 -77
36 -76
36 -76
36 -76
36 -76
37 -66
37 -66
37 -68
37 -67
37 -67
37 -67
37 -66
37 -67
37 -67
37 -68
37 -67
37 -69
37 -66
37 -67
37 -66
37 -66
37 -66
37 -67
37 -67
37 -66
37 -66
37 -65
37 -65
37 -64
37 -66
37 -71
37 -71
37 -70
37 -70
37 -68
37 -69
37 -69
37 -70
37 -75
37 -81
37 -76
37 -74
37 -74
37 -74
37 -74
37 -75
37 -79
37 -79
37 -80
37 -80
37 -82
37 -80
37 -80
37 -80
37 -78
37 -77
37 -76
37 -76
37 -76
37 -75
37 -74
37 -74
37 -72
37 -73
37 -73
37 -72
37 -73
37 -74
37 -74
37 -74
37 -62
37 -72
37 -73
37 -74
37 -72
37 -73
37 -73
37 -74
37 -75
37 -74
37 -74
37 -75
37 -75
37 -76
37 -74
37 -75
37 -74
37 -74
37 -72
37 -73
37 -73
37 -73
37 -64
37 -72
37 -71
37 -74
37 -74
37 -72
37 -73
37 -73
37 -76
37 -74
37 -72
37 -74
37 -72
37 -73
37 -73
37 -73
37 -73
37 -73
37 -72
37 -73
37 -72
37 -74
37 -73
37 -73
37 -73
37 -73
37 -74
37 -72
37 -72
37 -72
37 -74
37 -74
37 -73
37 -72
37 -72
37 -72
37 -72
37 -72
37 -72
37 -73
37 -72
37 -72
37 -72
37 -72
37 -72
37 -74
37 -74
37 -74
37 -73
37 -74
37 -74
37 -74
37 -73
37 -73
37 -72
37 -72
37 -72
37 -74
37 -69
37 -75
37 -72
37 -76
37 -77
37 -76
37 -76
37 -75
37 -76
37 -74
37 -74
37 -75
37 -75
37 -76
37 -75
37 -73
37 -75
37 -75
37 -74
37 -74
37 -74
37 -76
37 -76
37 -74
37 -75
37 -74
37 -73
37 -72
37 -73
37 -53
37 -75
37 -77
37 -77
37 -76
37 -73
37 -75
37 -74
37 -76
37 -76
37 -76
37 -76
37 -77
37 -74
37 -73
37 -73
37 -74
37 -74
37 -53
37 -70
37 -76
37 -80
37 -84
37 -77
37 -78
37 -76
37 -76
37 -74
37 -73
37 -78
37 -83
37 -85
37 -84
37 -78
37 -77
37 -76
37 -76
37 -77
37 -76
37 -80
37 -76
37 -74
37 -81
37 -79
37 -76
37 -77
37 -77
37 -77
37 -83
37 -83
37 -75
37 -76
37 -76
37 -75
37 -72
37 -71
37 -73
37 -72
37 -70
37 -70
37 -72
37 -74
37 -75
37 -75
37 -76
37 -75
37 -74
37 -75
37 -76
37 -76
37 -77
37 -75
37 -78
37 -78
37 -77
37 -76
37 -75
37 -72
37 -76
37 -74
37 -72
37 -72
37 -70
37 -75
37 -76
37 -75
37 -77
37 -80
37 -83
37 -84
37 -83
37 -84
37 -83
37 -82
37 -82
37 -79
37 -79
37 -80
37 -80
37 -79
37 -83
37 -80
37 -79
37 -73
37 -77
37 -76
37 -77
37 -80
37 -81
37 -81
37 -80
37 -81
37 -81
37 -80
37 -80
37 -80
37 -78
37 -78
37 -78
37 -77
37 -77
37 -78
37 -79
37 -78
37 -80
37 -82
37 -83
37 -84
37 -84
37 -82
37 -84
37 -82
37 -83
37 -83
37 -79
37 -78
37 -78
37 -80
37 -80
37 -78
37 -77
37 -78
37 -79
37 -78
37 -78
37 -77
37 -76
37 -76
37 -76
37 -76
37 -74
37 -75
37 -73
37 -74
37 -75
37 -75
37 -76
37 -76
37 -76
37 -73
37 -76
37 -76
37 -74
37 -76
37 -77
37 -77
37 -78
37 -77
37 -78
37 -81
37 -81
37 -80
37 -78
37 -78
37 -78
37 -38
37 -78
37 -78
37 -77
37 -78
37 -77
37 -78
37 -78
37 -77
37 -80
37 -82
37 -82
37 -84
37 -78
37 -78
37 -79
37 -78
37 -77
37 -76
37 -78
37 -72
37 -78
37 -78
37 -76
37 -76
37 -75
37 -74
37 -75
37 -76
37 -75
37 -75
37 -76
37 -76
37 -75
37 -76
37 -75
37 -75
37 -76
37 -76
37 -75
37 -75
37 -72
37 -73
37 -74
37 -74
37 -74
37 -76
37 -81
37 -83
37 -84
37 -82
37 -81
37 -80
37 -79
37 -79
37 -81
37 -78
37 -78
37 -78
37 -78
37 -78
37 -78
37 -77
37 -78
37 -78
37 -78
37 -79
38 -62
38 -61
38 -61
38 -62
38 -62
38 -62
38 -61
38 -62
38 -62
38 -63
38 -65
38 -64
38 -63
38 -64
38 -64
38 -62
38 -62
38 -62
38 -62
38 -63
38 -63
38 -64
38 -64
38 -66
38 -70
38 -69
38 -64
38 -68
38 -30
38 -69
38 -69
38 -65
38 -65
38 -66
38 -65
38 -64
38 -63
38 -64
38 -64
38 -64
38 -64
38 -64
38 -64
38 -63
38 -64
38 -64
38 -63
38 -63
38 -63
38 -62
38 -63
38 -63
38 -63
38 -63
38 -63
38 -63
38 -63
38 -63
38 -63
38 -63
38 -63
38 -63
38 -64
38 -64
38 -63
38 -63
38 -63
38 -63
38 -63
38 -64
38 -63
38 -64
38 -66
38 -65
38 -64
38 -64
38 -64
38 -64
38 -65
38 -64
38 -64
38 -63
38 -64
38 -64
38 -64
38 -64
38 -64
38 -64
38 -63
38 -64
38 -64
38 -64
38 -63
38 -63
38 -64
38 -64
38 -64
38 -64
38 -64
38 -64
38 -64
38 -64
38 -64
38 -64
38 -64
38 -64
38 -64
38 -64
38 -63
38 -63
38 -63
38 -63
38 -63
38 -63
38 -64
38 -63
38 -63
38 -63
38 -63
38 -63
38 -63
38 -63
38 -64
38 -63
38 -64
38 -63
38 -63
38 -63
38 -63
38 -63
38 -63
38 -63
38 -64
38 -63
38 -63
38 -63
38 -63
38 -63
38 -63
38 -63
38 -63
38 -64
38 -63
38 -63
38 -63
38 -63
38 -64
38 -64
38 -65
38 -64
38 -64
38 -64
38 -64
38 -64
38 -64
38 -64
38 -64
38 -64
38 -64
38 -59
38 -64
38 -64
38 -64
38 -64
38 -64
38 -64
38 -64
38 -64
38 -64
38 -64
38 -64
38 -63
38 -63
38 -64
38 -63
38 -63
38 -64
38 -64
38 -65
38 -64
38 -65
38 -64
38 -64
38 -64
38 -64
38 -64
38 -64
38 -64
38 -64
38 -64
38 -64
38 -64
38 -64
38 -64
38 -64
38 -64
38 -63
38 -64
38 -64
38 -64
38 -64
38 -64
38 -64
38 -67
38 -67
38 -66
38 -64
38 -64
38 -64
38 -64
38 -64
38 -64
38 -64
38 -64
38 -64
38 -64
38 -64
38 -64
38 -64
38 -65
38 -64
38 -64
38 -64
38 -64
38 -64
38 -64
38 -64
38 -64
38 -63
38 -63
38 -63
38 -63
38 -62
38 -62
38 -64
38 -68
38 -63
38 -63
38 -63
38 -64
38 -64
38 -64
38 -70
38 -66
38 -66
38 -66
38 -69
38 -66
38 -64
38 -64
38 -64
38 -64
38 -64
38 -64
38 -65
38 -64
38 -59
38 -62
38 -65
38 -68
38 -65
38 -65
38 -66
38 -69
38 -72
38 -70
38 -71
38 -69
38 -64
38 -64
38 -64
38 -64
38 -65
38 -64
38 -66
38 -64
38 -65
38 -65
38 -66
38 -64
38 -64
38 -64
38 -64
38 -65
38 -64
38 -64
38 -64
38 -64
38 -64
38 -64
38 -64
38 -64
38 -65
38 -64
38 -64
38 -64
38 -64
38 -64
38 -64
38 -64
38 -64
38 -64
38 -64
38 -64
38 -66
38 -66
38 -66
38 -68
38 -69
38 -68
38 -67
38 -69
38 -70
38 -70
38 -70
38 -71
38 -72
38 -74
38 -77
38 -80
38 -80
38 -78
38 -77
38 -75
38 -73
38 -74
38 -74
38 -70
38 -70
38 -70
38 -76
38 -73
38 -70
38 -68
38 -67
38 -67
38 -68
38 -69
38 -70
38 -70
38 -69
38 -69
38 -70
38 -70
38 -72
38 -76
38 -81
38 -78
38 -75
38 -64
38 -78
38 -76
38 -77
38 -78
38 -83
38 -83
38 -72
38 -70
38 -76
38 -75
38 -76
38 -78
38 -78
38 -78
38 -76
38 -74
38 -74
38 -73
38 -72
38 -72
38 -72
38 -70
38 -71
38 -70
38 -72
38 -76
38 -83
38 -85
38 -80
38 -84
38 -82
38 -80
38 -78
38 -78
38 -78
38 -81
38 -80
38 -79
38 -78
38 -78
38 -78
38 -80
38 -79
38 -84
38 -80
38 -76
38 -85
38 -72
38 -70
38 -69
38 -69
38 -69
38 -69
38 -70
38 -30
38 -70
38 -68
38 -68
38 -67
38 -66
38 -66
38 -66
38 -65
38 -64
38 -64
38 -64
38 -64
38 -64
38 -64
38 -64
38 -64
38 -64
38 -64
38 -62
38 -64
38 -64
38 -64
38 -63
38 -63
38 -63
38 -64
38 -64
38 -63
38 -64
38 -63
38 -63
38 -64
38 -63
38 -63
38 -63
38 -63
38 -63
38 -63
38 -63
38 -63
38 -63
38 -63
38 -63
38 -63
38 -63
38 -64
38 -64
38 -66
38 -67
38 -66
38 -65
38 -64
38 -65
38 -65
38 -69
38 -70
38 -69
38 -69
38 -68
38 -69
38 -69
38 -69
38 -69
38 -68
38 -69
38 -68
38 -68
38 -68
38 -69
38 -69
38 -70
38 -70
38 -69
38 -68
38 -69
38 -69
38 -66
38 -66
38 -66
38 -66
38 -66
38 -66
38 -66
38 -66
38 -66
38 -66
38 -66
38 -66
38 -31
