Beacon Rssi
1 -74
1 -74
1 -73
1 -74
1 -74
1 -73
1 -72
1 -72
1 -72
1 -73
1 -73
1 -73
1 -80
1 -83
1 -76
1 -76
1 -75
1 -56
1 -76
1 -75
1 -76
1 -76
1 -77
1 -77
1 -76
1 -30
1 -79
1 -67
1 -80
1 -76
1 -76
1 -76
1 -76
1 -76
1 -79
1 -77
1 -76
1 -76
1 -78
1 -76
1 -78
1 -78
1 -76
1 -76
1 -76
1 -78
1 -78
1 -70
1 -79
1 -78
1 -76
1 -73
1 -74
1 -75
1 -78
1 -78
1 -78
1 -56
1 -77
1 -76
1 -76
1 -77
1 -76
1 -58
1 -76
1 -78
1 -78
1 -78
1 -78
1 -79
1 -79
1 -78
1 -78
1 -74
1 -77
1 -77
1 -77
1 -67
1 -76
1 -74
1 -75
1 -76
1 -76
1 -75
1 -75
1 -76
1 -77
1 -77
1 -76
1 -76
1 -76
1 -76
1 -75
1 -76
1 -76
1 -76
1 -76
1 -76
1 -78
1 -79
1 -79
1 -80
1 -81
1 -81
1 -80
1 -81
1 -79
1 -71
1 -78
1 -77
1 -76
1 -75
1 -55
1 -74
1 -73
1 -72
1 -70
1 -72
1 -71
1 -72
1 -72
1 -72
1 -72
1 -73
1 -73
1 -74
1 -74
1 -76
1 -75
1 -77
1 -78
1 -80
1 -78
1 -76
1 -73
1 -73
1 -72
1 -70
1 -71
1 -74
1 -84
1 -77
1 -76
1 -73
1 -76
1 -77
1 -74
1 -72
1 -72
1 -72
1 -72
1 -71
1 -70
1 -71
1 -71
1 -71
1 -71
1 -71
1 -70
1 -71
1 -70
1 -72
1 -74
1 -76
1 -76
1 -76
1 -75
1 -70
1 -75
1 -75
1 -74
1 -73
1 -72
1 -72
1 -70
1 -70
1 -70
1 -70
1 -70
1 -71
1 -71
1 -71
1 -71
1 -72
1 -72
1 -73
1 -75
1 -76
1 -75
1 -73
1 -72
1 -72
1 -75
1 -79
1 -78
1 -78
1 -74
1 -73
1 -79
1 -81
1 -81
1 -78
1 -78
1 -79
1 -79
1 -78
1 -78
1 -76
1 -76
1 -75
1 -75
1 -74
1 -75
1 -77
1 -79
1 -81
1 -82
1 -79
1 -77
1 -76
1 -75
1 -74
1 -74
1 -73
1 -72
1 -73
1 -74
1 -76
1 -79
1 -78
1 -80
1 -82
1 -30
1 -79
1 -79
1 -78
1 -78
1 -79
1 -81
1 -80
1 -82
1 -81
1 -78
1 -76
1 -74
1 -74
1 -73
1 -73
1 -73
1 -73
1 -52
1 -30
1 -73
1 -70
1 -73
1 -72
1 -72
1 -74
1 -73
1 -73
1 -73
1 -74
1 -73
1 -75
1 -76
1 -76
1 -84
1 -82
1 -78
1 -73
1 -75
1 -74
1 -73
1 -72
1 -72
1 -73
1 -71
1 -58
1 -63
1 -72
1 -72
1 -73
1 -75
1 -73
1 -72
1 -72
1 -72
1 -73
1 -72
1 -73
1 -73
1 -74
1 -82
1 -83
1 -83
1 -82
1 -79
1 -78
1 -78
1 -78
1 -79
1 -81
1 -78
1 -81
1 -80
1 -71
1 -75
1 -76
1 -76
1 -75
1 -77
1 -74
1 -76
1 -76
1 -74
1 -75
1 -76
1 -72
1 -78
1 -77
1 -77
1 -74
1 -82
1 -78
1 -77
1 -75
1 -76
1 -73
1 -76
1 -76
1 -76
1 -76
1 -76
1 -76
1 -75
1 -76
1 -75
1 -75
1 -75
1 -73
1 -74
1 -72
1 -72
1 -71
1 -71
1 -70
1 -71
1 -70
1 -70
1 -70
1 -70
1 -72
1 -73
1 -74
1 -75
1 -76
1 -78
1 -82
1 -84
1 -82
1 -72
1 -81
1 -81
1 -81
1 -78
1 -79
1 -79
1 -77
1 -78
1 -78
1 -77
1 -82
1 -81
1 -83
1 -81
1 -81
1 -80
1 -79
1 -79
1 -79
1 -78
1 -80
1 -82
1 -83
1 -75
1 -86
1 -86
1 -82
1 -78
1 -80
1 -80
1 -78
1 -75
1 -76
1 -78
1 -78
1 -78
1 -76
1 -76
1 -76
1 -73
1 -75
1 -75
1 -74
1 -74
1 -73
1 -72
1 -70
2 -77
2 -76
2 -79
2 -78
2 -82
2 -78
2 -80
2 -77
2 -75
2 -74
2 -75
2 -75
2 -74
2 -77
2 -81
2 -86
2 -78
2 -78
2 -77
2 -73
2 -72
2 -72
2 -74
2 -76
2 -66
2 -79
2 -75
2 -76
2 -76
2 -76
2 -76
2 -76
2 -75
2 -76
2 -76
2 -76
2 -76
2 -75
2 -75
2 -73
2 -74
2 -74
2 -74
2 -75
2 -74
2 -73
2 -74
2 -73
2 -74
2 -73
2 -73
2 -72
2 -72
2 -72
2 -72
2 -72
2 -72
2 -72
2 -72
2 -71
2 -71
2 -70
2 -70
2 -70
2 -70
2 -70
2 -70
2 -70
2 -70
2 -71
2 -71
2 -49
2 -71
2 -71
2 -72
2 -72
2 -71
2 -72
2 -72
2 -72
2 -73
2 -72
2 -72
2 -72
2 -72
2 -72
2 -72
2 -72
2 -72
2 -71
2 -72
2 -72
2 -71
2 -72
2 -72
2 -73
2 -72
2 -72
2 -72
2 -72
2 -71
2 -71
2 -71
2 -70
2 -70
2 -70
2 -70
2 -70
2 -70
2 -70
2 -70
2 -70
2 -70
2 -70
2 -71
2 -70
2 -70
2 -70
2 -50
2 -70
2 -70
2 -72
2 -75
2 -77
2 -82
2 -82
2 -82
2 -72
2 -72
2 -73
2 -74
2 -75
2 -73
2 -73
2 -71
2 -72
2 -70
2 -72
2 -72
2 -72
2 -72
2 -72
2 -72
2 -72
2 -72
2 -73
2 -73
2 -75
2 -75
2 -76
2 -76
2 -76
2 -76
2 -76
2 -75
2 -76
2 -75
2 -75
2 -74
2 -74
2 -74
2 -73
2 -74
2 -72
2 -75
2 -74
2 -73
2 -73
2 -73
2 -73
2 -74
2 -74
2 -75
2 -74
2 -76
2 -76
2 -76
2 -74
2 -75
2 -77
2 -77
2 -82
2 -81
2 -83
2 -84
2 -85
2 -83
2 -82
2 -78
2 -74
2 -76
2 -76
2 -78
2 -81
2 -80
2 -80
2 -78
2 -79
2 -77
2 -78
2 -78
2 -79
2 -78
2 -77
2 -76
2 -76
2 -76
2 -77
2 -77
2 -78
2 -78
2 -58
2 -77
2 -76
2 -76
2 -75
2 -54
2 -84
2 -75
2 -74
2 -75
2 -76
2 -76
2 -76
2 -77
2 -78
2 -71
2 -81
2 -82
2 -80
2 -79
2 -79
2 -77
2 -78
2 -77
2 -77
2 -78
2 -78
2 -78
2 -78
2 -76
2 -77
2 -76
2 -76
2 -76
2 -74
2 -74
2 -74
2 -73
2 -75
2 -74
2 -74
2 -75
2 -75
2 -75
2 -75
2 -76
2 -75
2 -75
2 -73
2 -76
2 -76
2 -76
2 -76
2 -76
2 -77
2 -79
2 -78
2 -77
2 -75
2 -72
2 -73
2 -74
2 -75
2 -75
2 -73
2 -74
2 -74
2 -75
2 -76
2 -78
2 -79
2 -78
2 -77
2 -74
2 -76
2 -76
2 -76
2 -76
2 -75
2 -75
2 -74
2 -75
2 -76
2 -78
2 -80
2 -78
2 -79
2 -82
2 -80
2 -82
2 -80
2 -81
2 -79
2 -78
2 -77
2 -78
2 -78
2 -76
2 -75
2 -77
2 -77
2 -78
2 -77
2 -78
2 -78
2 -78
2 -77
2 -78
2 -77
2 -77
2 -77
2 -77
2 -77
2 -76
2 -76
2 -76
2 -76
2 -75
2 -74
2 -74
2 -74
2 -75
2 -75
2 -74
2 -75
2 -75
2 -76
2 -76
2 -72
2 -76
2 -76
2 -76
2 -76
2 -76
2 -76
2 -77
2 -76
2 -76
2 -75
2 -75
2 -74
2 -75
2 -75
2 -75
2 -76
2 -76
2 -76
2 -75
2 -76
2 -76
2 -76
2 -76
2 -76
2 -75
2 -75
2 -76
2 -76
2 -76
2 -76
2 -76
2 -76
2 -75
2 -75
2 -76
2 -77
2 -79
2 -79
2 -78
2 -78
2 -80
2 -83
2 -78
2 -77
2 -77
2 -76
2 -77
2 -77
2 -76
2 -76
2 -76
2 -76
2 -76
2 -76
2 -76
2 -76
2 -79
2 -79
2 -81
2 -82
2 -78
2 -77
2 -78
2 -80
2 -80
2 -79
2 -80
2 -81
2 -81
2 -81
2 -60
2 -77
2 -76
2 -56
2 -78
2 -76
2 -78
2 -77
2 -80
2 -80
2 -84
2 -80
2 -79
2 -81
2 -82
2 -82
2 -82
2 -80
2 -79
2 -78
3 -69
3 -70
3 -69
3 -70
3 -69
3 -70
3 -70
3 -70
3 -70
3 -69
3 -69
3 -69
3 -70
3 -69
3 -69
3 -72
3 -73
3 -71
3 -74
3 -71
3 -72
3 -71
3 -72
3 -72
3 -71
3 -72
3 -73
3 -68
3 -69
3 -79
3 -69
3 -69
3 -70
3 -72
3 -72
3 -74
3 -76
3 -80
3 -77
3 -77
3 -78
3 -78
3 -78
3 -76
3 -74
3 -72
3 -71
3 -71
3 -75
3 -82
3 -76
3 -76
3 -75
3 -75
3 -74
3 -75
3 -77
3 -80
3 -80
3 -76
3 -73
3 -72
3 -72
3 -73
3 -73
3 -76
3 -76
3 -76
3 -76
3 -77
3 -76
3 -77
3 -77
3 -78
3 -76
3 -77
3 -76
3 -76
3 -75
3 -76
3 -76
3 -76
3 -76
3 -75
3 -73
3 -74
3 -74
3 -74
3 -74
3 -73
3 -72
3 -72
3 -72
3 -72
3 -72
3 -72
3 -72
3 -72
3 -72
3 -72
3 -71
3 -71
3 -71
3 -70
3 -70
3 -70
3 -70
3 -70
3 -70
3 -70
3 -70
3 -70
3 -71
3 -71
3 -72
3 -71
3 -72
3 -72
3 -71
3 -72
3 -70
3 -66
3 -72
3 -71
3 -71
3 -71
3 -72
3 -72
3 -72
3 -72
3 -72
3 -72
3 -72
3 -71
3 -70
3 -70
3 -70
3 -70
3 -70
3 -68
3 -69
3 -69
3 -69
3 -69
3 -68
3 -68
3 -69
3 -69
3 -69
3 -69
3 -69
3 -69
3 -72
3 -75
3 -74
3 -71
3 -73
3 -77
3 -77
3 -72
3 -72
3 -75
3 -75
3 -76
3 -76
3 -76
3 -76
3 -76
3 -76
3 -74
3 -75
3 -77
3 -78
3 -78
3 -76
3 -78
3 -76
3 -77
3 -78
3 -79
3 -78
3 -76
3 -76
3 -76
3 -72
3 -73
3 -73
3 -72
3 -72
3 -73
3 -75
3 -76
3 -70
3 -69
3 -76
3 -76
3 -64
3 -75
3 -73
3 -74
3 -76
3 -76
3 -72
3 -60
3 -74
3 -75
3 -68
3 -72
3 -75
3 -75
3 -77
3 -78
3 -60
3 -83
3 -80
3 -78
3 -78
3 -77
3 -76
3 -74
3 -76
3 -72
3 -77
3 -78
3 -78
3 -76
3 -76
3 -76
3 -75
3 -75
3 -76
3 -76
3 -76
3 -77
3 -78
3 -78
3 -79
3 -88
3 -82
3 -81
3 -81
3 -82
3 -81
3 -84
3 -73
3 -58
3 -76
3 -76
3 -52
3 -74
3 -74
3 -74
3 -74
3 -73
3 -73
3 -74
3 -73
3 -73
3 -74
3 -74
3 -73
3 -73
3 -74
3 -76
3 -79
3 -80
3 -76
3 -76
3 -77
3 -77
3 -79
3 -80
3 -78
3 -77
3 -76
3 -75
3 -72
3 -72
3 -70
3 -70
3 -71
3 -70
3 -70
3 -69
3 -55
3 -69
3 -70
3 -69
3 -70
3 -70
3 -70
3 -72
3 -73
3 -74
3 -77
3 -76
3 -76
3 -77
3 -78
3 -79
3 -82
3 -81
3 -81
3 -80
3 -80
3 -81
3 -81
3 -78
3 -78
3 -79
3 -52
3 -77
3 -76
3 -78
3 -77
3 -76
3 -77
3 -72
3 -76
3 -75
3 -75
3 -76
3 -76
3 -76
3 -75
3 -73
3 -72
3 -72
3 -70
3 -73
3 -72
3 -73
3 -72
3 -76
3 -58
3 -76
3 -78
3 -78
3 -77
3 -78
3 -76
3 -75
3 -74
3 -73
3 -72
3 -72
3 -72
3 -73
3 -51
3 -67
3 -74
3 -75
3 -76
3 -77
3 -75
3 -45
3 -75
3 -74
3 -70
3 -72
3 -72
3 -72
3 -72
3 -71
3 -70
3 -70
3 -70
3 -72
3 -72
3 -73
3 -74
3 -74
3 -79
3 -84
3 -78
3 -75
3 -73
3 -71
3 -70
3 -71
3 -71
3 -70
3 -71
3 -71
3 -70
3 -72
3 -72
3 -72
3 -73
3 -74
3 -76
3 -78
3 -77
3 -76
3 -76
3 -59
3 -76
3 -76
3 -78
3 -78
3 -76
3 -76
3 -75
3 -74
3 -75
3 -75
3 -76
3 -75
3 -74
3 -74
3 -74
3 -75
3 -76
3 -74
3 -72
3 -72
3 -75
3 -82
3 -84
3 -83
3 -69
3 -75
3 -78
3 -78
3 -77
3 -77
3 -76
3 -74
3 -75
3 -74
4 -74
4 -75
4 -76
4 -75
4 -74
4 -75
4 -75
4 -75
4 -76
4 -76
4 -75
4 -76
4 -78
4 -78
4 -78
4 -76
4 -73
4 -74
4 -72
4 -73
4 -72
4 -73
4 -73
4 -74
4 -74
4 -72
4 -72
4 -72
4 -73
4 -75
4 -74
4 -72
4 -70
4 -70
4 -70
4 -67
4 -70
4 -70
4 -72
4 -72
4 -72
4 -73
4 -72
4 -72
4 -72
4 -72
4 -72
4 -72
4 -71
4 -70
4 -71
4 -71
4 -71
4 -71
4 -71
4 -71
4 -71
4 -71
4 -71
4 -71
4 -71
4 -70
4 -71
4 -70
4 -71
4 -70
4 -69
4 -70
4 -70
4 -70
4 -70
4 -71
4 -70
4 -70
4 -70
4 -70
4 -70
4 -70
4 -70
4 -70
4 -70
4 -70
4 -70
4 -70
4 -70
4 -70
4 -70
4 -72
4 -70
4 -70
4 -70
4 -70
4 -70
4 -70
4 -70
4 -70
4 -70
4 -70
4 -70
4 -70
4 -70
4 -70
4 -70
4 -70
4 -70
4 -70
4 -70
4 -70
4 -70
4 -70
4 -70
4 -70
4 -70
4 -70
4 -70
4 -70
4 -70
4 -70
4 -70
4 -70
4 -70
4 -69
4 -70
4 -70
4 -70
4 -70
4 -70
4 -70
4 -70
4 -70
4 -70
4 -71
4 -70
4 -70
4 -71
4 -71
4 -70
4 -70
4 -70
4 -70
4 -70
4 -70
4 -70
4 -70
4 -70
4 -70
4 -70
4 -70
4 -70
4 -70
4 -72
4 -71
4 -71
4 -73
4 -60
4 -69
4 -73
4 -59
4 -72
4 -72
4 -71
4 -74
4 -73
4 -75
4 -74
4 -72
4 -76
4 -74
4 -74
4 -54
4 -75
4 -76
4 -75
4 -75
4 -73
4 -72
4 -73
4 -74
4 -73
4 -72
4 -73
4 -73
4 -75
4 -75
4 -74
4 -74
4 -75
4 -75
4 -74
4 -75
4 -76
4 -73
4 -75
4 -76
4 -76
4 -76
4 -76
4 -76
4 -76
4 -77
4 -76
4 -76
4 -76
4 -76
4 -78
4 -78
4 -77
4 -75
4 -76
4 -77
4 -77
4 -77
4 -75
4 -75
4 -75
4 -72
4 -74
4 -73
4 -75
4 -78
4 -78
4 -78
4 -83
4 -78
4 -78
4 -74
4 -72
4 -73
4 -72
4 -70
4 -72
4 -71
4 -70
4 -70
4 -71
4 -71
4 -71
4 -70
4 -70
4 -82
4 -71
4 -71
4 -71
4 -71
4 -71
4 -70
4 -71
4 -71
4 -71
4 -71
4 -70
4 -70
4 -70
4 -70
4 -70
4 -70
4 -70
4 -70
4 -71
4 -71
4 -71
4 -71
4 -70
4 -71
4 -71
4 -70
4 -70
4 -70
4 -70
4 -71
4 -70
4 -70
4 -70
4 -70
4 -70
4 -70
4 -70
4 -70
4 -70
4 -70
4 -71
4 -71
4 -72
4 -71
4 -72
4 -72
4 -72
4 -72
4 -70
4 -71
4 -72
4 -73
4 -72
4 -72
4 -73
4 -72
4 -73
4 -72
4 -72
4 -71
4 -71
4 -71
4 -72
4 -73
4 -74
4 -80
4 -78
4 -79
4 -78
4 -76
4 -74
4 -73
4 -72
4 -72
4 -70
4 -69
4 -72
4 -72
4 -70
4 -70
4 -72
4 -72
4 -73
4 -73
4 -72
4 -71
4 -70
4 -71
4 -70
4 -71
4 -71
4 -70
4 -70
4 -70
4 -70
4 -70
4 -70
4 -70
4 -69
4 -69
4 -70
4 -70
4 -70
4 -69
4 -70
4 -70
4 -70
4 -70
4 -70
4 -70
4 -70
4 -70
4 -70
4 -70
4 -70
4 -70
4 -70
4 -66
4 -69
4 -70
4 -70
4 -58
4 -70
4 -69
4 -70
4 -69
4 -69
4 -69
4 -69
4 -70
4 -70
4 -70
4 -70
4 -70
4 -70
4 -70
4 -72
4 -72
4 -73
4 -72
4 -72
4 -71
4 -72
4 -71
4 -73
4 -73
4 -72
4 -72
4 -71
4 -72
4 -72
4 -72
4 -71
4 -72
4 -72
4 -71
4 -71
4 -71
4 -70
4 -70
4 -71
4 -71
4 -71
4 -70
4 -71
4 -71
4 -71
4 -72
4 -72
4 -72
4 -72
4 -72
4 -72
4 -72
4 -72
4 -73
4 -72
4 -72
4 -68
4 -72
4 -72
4 -55
4 -72
4 -72
4 -72
4 -72
4 -72
4 -72
4 -72
4 -73
4 -74
4 -72
4 -73
4 -73
4 -75
4 -76
4 -76
4 -76
4 -76
4 -78
4 -80
4 -80
4 -78
4 -78
4 -79
4 -79
4 -80
4 -80
4 -80
4 -79
4 -80
4 -76
4 -78
4 -44
4 -77
4 -77
4 -77
4 -76
4 -76
4 -76
4 -76
4 -76
4 -77
4 -77
4 -78
4 -78
4 -78
4 -76
4 -76
4 -73
4 -72
4 -74
4 -77
4 -78
4 -77
4 -76
4 -77
4 -79
4 -78
4 -76
4 -76
4 -76
4 -77
4 -77
4 -77
4 -77
4 -77
4 -78
4 -77
4 -78
5 -79
5 -73
5 -69
5 -71
5 -80
5 -82
5 -80
5 -83
5 -81
5 -84
5 -84
5 -81
5 -81
5 -79
5 -78
5 -71
5 -77
5 -78
5 -73
5 -81
5 -81
5 -78
5 -79
5 -83
5 -84
5 -84
5 -87
5 -86
5 -84
5 -84
5 -81
5 -83
5 -84
5 -84
5 -84
5 -84
5 -87
5 -83
5 -82
5 -83
5 -82
5 -82
5 -82
5 -84
5 -84
5 -84
5 -83
5 -83
5 -84
5 -80
5 -80
5 -78
5 -78
5 -77
5 -77
5 -78
5 -77
5 -78
5 -80
5 -81
5 -63
5 -83
5 -79
5 -83
5 -84
5 -81
5 -81
5 -78
5 -78
5 -78
5 -77
5 -78
5 -56
5 -57
5 -80
5 -81
5 -87
5 -84
5 -85
5 -83
5 -84
5 -83
5 -83
5 -83
5 -83
5 -84
5 -84
5 -83
5 -69
5 -83
5 -83
5 -83
5 -83
5 -82
5 -85
5 -84
5 -82
5 -79
5 -78
5 -80
5 -81
5 -81
5 -83
5 -82
5 -81
5 -81
5 -82
5 -83
5 -84
5 -84
5 -83
5 -82
5 -80
5 -81
5 -83
5 -83
5 -82
5 -84
5 -84
5 -84
5 -83
6 -69
6 -80
6 -80
6 -79
6 -81
6 -84
6 -61
6 -81
6 -83
6 -86
6 -84
6 -86
6 -86
6 -88
6 -88
6 -83
6 -87
6 -84
6 -83
6 -84
6 -83
6 -83
6 -87
6 -83
6 -85
6 -83
6 -86
6 -84
6 -85
6 -82
6 -68
6 -82
6 -83
6 -83
6 -30
6 -82
6 -83
6 -82
6 -83
6 -83
6 -82
6 -83
6 -84
6 -30
6 -30
6 -82
6 -59
6 -83
6 -83
6 -83
6 -84
6 -84
6 -84
6 -83
6 -84
7 -86
7 -84
7 -75
7 -85
7 -83
7 -81
7 -82
7 -83
7 -82
7 -86
7 -85
7 -84
7 -32
7 -84
7 -84
7 -84
7 -83
7 -84
8 -47
8 -80
8 -79
8 -79
8 -80
8 -82
8 -82
8 -83
8 -84
8 -81
8 -83
8 -83
8 -85
8 -85
8 -86
8 -84
8 -83
8 -84
8 -84
8 -84
8 -86
8 -72
8 -84
8 -86
8 -87
8 -85
8 -83
8 -84
8 -86
8 -86
8 -85
8 -80
8 -85
8 -85
8 -84
8 -85
8 -85
8 -85
8 -84
8 -84
8 -85
8 -87
8 -86
8 -84
8 -84
8 -84
8 -84
8 -84
8 -85
8 -85
8 -83
8 -85
8 -83
8 -86
8 -85
8 -85
8 -86
8 -86
8 -79
8 -85
8 -84
8 -86
8 -84
8 -86
8 -85
9 -83
9 -84
9 -62
9 -83
9 -83
9 -79
9 -78
9 -78
9 -81
9 -81
9 -80
9 -78
9 -76
9 -78
9 -79
9 -84
9 -83
9 -83
9 -83
9 -84
9 -86
9 -82
9 -81
9 -72
9 -80
9 -82
9 -83
9 -84
9 -81
9 -81
9 -82
9 -83
9 -82
9 -82
9 -82
9 -83
9 -76
9 -82
9 -83
9 -84
9 -83
9 -82
9 -82
9 -84
9 -83
9 -84
9 -84
9 -82
9 -84
9 -84
9 -84
9 -84
9 -84
9 -84
9 -83
9 -84
9 -85
9 -70
9 -84
9 -73
9 -83
9 -82
9 -82
9 -85
9 -80
9 -78
9 -82
9 -83
9 -83
9 -79
9 -83
9 -84
9 -84
9 -84
9 -83
9 -84
9 -84
9 -84
9 -83
9 -83
9 -83
9 -84
9 -82
9 -83
9 -83
9 -82
9 -81
9 -78
9 -84
9 -76
9 -85
9 -80
9 -84
9 -84
9 -83
9 -81
9 -82
9 -80
9 -81
9 -80
9 -80
9 -79
9 -80
9 -81
9 -81
9 -82
9 -80
9 -81
9 -80
9 -80
9 -78
9 -79
9 -76
9 -80
9 -79
9 -80
9 -79
9 -80
9 -78
9 -80
9 -79
9 -79
9 -79
9 -78
9 -79
9 -79
9 -76
9 -77
9 -77
9 -80
9 -81
9 -79
9 -79
9 -78
9 -79
9 -81
9 -79
9 -80
9 -81
9 -82
9 -82
9 -81
9 -80
9 -80
9 -81
9 -80
9 -81
9 -80
9 -80
9 -80
9 -81
9 -80
9 -81
9 -82
9 -82
9 -81
9 -81
9 -79
9 -78
9 -79
9 -81
9 -82
9 -80
9 -82
9 -82
9 -82
9 -84
9 -81
9 -80
9 -79
9 -80
9 -80
9 -78
9 -79
9 -80
9 -79
9 -82
9 -81
9 -80
9 -81
9 -79
9 -80
9 -79
9 -81
9 -82
9 -65
9 -82
9 -83
9 -81
9 -80
9 -81
9 -83
9 -81
9 -83
9 -83
9 -82
9 -77
9 -80
9 -80
9 -81
9 -80
9 -81
9 -81
9 -81
9 -81
9 -80
9 -81
9 -81
9 -81
9 -80
9 -81
9 -81
9 -83
9 -84
9 -83
9 -84
9 -82
9 -81
9 -83
9 -83
9 -83
9 -81
9 -82
9 -80
9 -82
9 -83
9 -82
9 -83
9 -84
9 -84
9 -84
9 -82
9 -83
9 -80
9 -84
9 -79
9 -80
9 -81
9 -81
9 -82
9 -81
9 -79
9 -82
9 -80
9 -68
9 -80
9 -74
9 -80
9 -79
9 -79
9 -81
9 -81
9 -81
9 -81
9 -82
9 -82
9 -81
9 -75
9 -81
10 -83
10 -84
10 -88
10 -85
10 -81
10 -83
10 -85
10 -84
10 -82
10 -83
10 -85
10 -86
10 -86
10 -84
10 -83
10 -86
10 -84
10 -85
10 -83
10 -85
10 -84
10 -86
10 -85
10 -85
10 -85
10 -83
10 -85
10 -79
10 -83
10 -84
10 -87
10 -82
10 -83
10 -85
10 -86
10 -86
10 -88
10 -83
10 -52
10 -86
10 -87
10 -85
10 -83
10 -83
10 -83
10 -83
10 -83
10 -82
10 -82
10 -82
10 -83
10 -82
10 -83
10 -82
10 -80
10 -82
10 -81
10 -79
10 -78
10 -79
10 -78
10 -80
10 -78
10 -79
10 -79
10 -80
10 -82
10 -83
10 -85
10 -85
10 -83
10 -82
10 -82
10 -84
10 -84
10 -81
10 -85
10 -82
11 -82
11 -78
11 -80
11 -78
11 -82
11 -81
11 -80
11 -82
11 -72
11 -85
11 -81
11 -83
11 -82
11 -82
11 -84
11 -86
11 -84
11 -85
11 -84
11 -85
11 -83
11 -68
11 -81
11 -81
11 -81
11 -82
11 -83
11 -82
11 -81
11 -82
11 -82
11 -73
11 -81
11 -77
11 -82
11 -82
11 -81
11 -82
11 -82
11 -79
11 -81
11 -81
11 -80
11 -80
11 -81
11 -81
11 -81
11 -81
11 -81
11 -81
11 -82
11 -81
11 -82
11 -82
11 -81
11 -75
11 -78
11 -80
11 -82
11 -81
11 -81
11 -81
11 -80
11 -80
11 -81
11 -79
11 -79
11 -78
11 -78
11 -77
11 -76
11 -77
11 -77
11 -77
11 -77
11 -77
11 -77
11 -77
11 -78
11 -81
11 -84
11 -85
11 -85
11 -88
11 -84
11 -83
11 -84
11 -85
11 -85
11 -84
11 -81
11 -81
11 -83
11 -79
11 -80
11 -80
11 -82
11 -81
11 -82
11 -86
11 -84
11 -83
11 -82
11 -79
11 -80
11 -83
11 -83
11 -86
11 -83
11 -86
11 -84
11 -83
11 -86
11 -83
11 -84
11 -85
11 -70
11 -81
11 -80
11 -82
11 -78
11 -82
11 -82
11 -45
11 -84
11 -84
11 -75
11 -78
11 -80
11 -82
11 -85
11 -82
11 -82
11 -82
11 -82
11 -83
11 -82
11 -81
11 -83
11 -81
11 -81
11 -81
11 -82
11 -82
11 -83
11 -83
11 -83
11 -82
11 -70
12 -83
12 -86
12 -80
12 -83
12 -83
12 -83
12 -86
12 -84
12 -82
12 -86
12 -84
12 -83
12 -83
12 -85
12 -85
12 -85
12 -75
12 -88
12 -84
12 -81
12 -82
12 -82
12 -66
12 -78
12 -77
12 -78
12 -78
12 -80
12 -79
12 -80
12 -81
12 -70
12 -84
12 -85
12 -84
12 -84
12 -85
12 -84
12 -83
12 -85
12 -84
12 -83
12 -77
12 -81
12 -82
12 -82
12 -87
12 -86
12 -84
12 -83
12 -81
12 -81
12 -82
12 -80
12 -81
12 -82
12 -82
12 -80
12 -79
12 -80
12 -78
12 -81
12 -83
12 -83
12 -84
12 -84
12 -87
12 -86
12 -84
12 -83
12 -82
12 -81
12 -83
12 -79
12 -77
12 -79
12 -79
12 -79
12 -79
12 -80
12 -80
12 -78
12 -79
12 -78
12 -78
12 -78
12 -78
12 -77
12 -78
12 -78
12 -80
12 -79
12 -78
12 -79
12 -80
12 -80
12 -80
12 -79
12 -79
12 -78
12 -80
12 -69
12 -78
12 -80
12 -82
12 -82
12 -80
12 -81
12 -82
12 -83
12 -82
12 -82
12 -81
12 -81
12 -81
12 -81
12 -74
12 -59
13 -78
13 -81
13 -83
13 -84
13 -79
13 -78
13 -76
13 -75
13 -76
13 -75
13 -75
13 -74
13 -74
13 -74
13 -75
13 -75
13 -78
13 -84
13 -85
13 -86
13 -77
13 -75
13 -75
13 -76
13 -76
13 -76
13 -78
13 -79
13 -78
13 -78
13 -77
13 -77
13 -76
13 -75
13 -75
13 -75
13 -75
13 -75
13 -76
13 -76
13 -70
13 -76
13 -76
13 -74
13 -76
13 -76
13 -76
13 -76
13 -76
13 -76
13 -76
13 -77
13 -78
13 -78
13 -78
13 -78
13 -78
13 -78
13 -78
13 -75
13 -78
13 -79
13 -80
13 -80
13 -80
13 -80
13 -80
13 -81
13 -43
13 -81
13 -83
13 -83
13 -82
13 -85
13 -84
13 -80
13 -81
13 -82
13 -76
13 -83
13 -84
13 -86
13 -79
13 -78
13 -78
13 -76
13 -76
13 -75
13 -75
13 -75
13 -75
13 -76
13 -78
13 -78
13 -78
13 -79
13 -79
13 -78
13 -78
13 -78
13 -76
13 -76
13 -76
13 -76
13 -76
13 -76
13 -76
13 -76
13 -77
13 -75
13 -76
13 -77
13 -78
13 -79
13 -80
13 -78
13 -80
13 -79
13 -78
13 -78
13 -78
13 -78
13 -78
13 -78
13 -77
13 -76
13 -77
13 -76
13 -76
13 -76
13 -77
13 -77
13 -78
13 -78
13 -76
13 -78
13 -76
13 -76
13 -73
13 -74
13 -75
13 -82
13 -58
13 -82
13 -81
13 -74
13 -78
13 -76
13 -75
13 -76
13 -76
13 -76
13 -77
13 -77
13 -76
13 -78
13 -78
13 -78
13 -78
13 -76
13 -75
13 -75
13 -76
13 -76
13 -76
13 -76
13 -76
13 -76
13 -75
13 -75
13 -75
13 -75
13 -52
13 -75
13 -75
13 -76
13 -76
13 -75
13 -75
13 -74
13 -73
13 -73
13 -73
13 -73
13 -73
13 -72
13 -73
13 -73
13 -73
13 -73
13 -74
13 -73
13 -73
13 -73
13 -73
13 -74
13 -74
13 -30
13 -71
13 -72
13 -73
13 -73
13 -72
13 -73
13 -72
13 -72
13 -72
13 -72
13 -72
13 -72
13 -72
13 -72
13 -72
13 -72
13 -72
13 -72
13 -72
13 -72
13 -72
13 -72
13 -72
13 -72
13 -73
13 -72
13 -72
13 -72
13 -73
13 -73
13 -73
13 -73
13 -72
13 -72
13 -73
13 -72
13 -73
13 -73
13 -73
13 -73
13 -72
13 -73
13 -73
13 -74
13 -74
13 -76
13 -75
13 -76
13 -77
13 -76
13 -76
13 -76
13 -76
13 -76
13 -76
13 -76
13 -75
13 -75
13 -75
13 -75
13 -75
13 -71
13 -74
13 -74
13 -73
13 -73
13 -73
13 -73
13 -73
13 -73
13 -73
13 -73
13 -73
13 -74
13 -73
13 -74
13 -67
13 -74
13 -74
13 -74
13 -74
13 -74
13 -74
13 -73
13 -73
13 -74
13 -73
13 -72
13 -71
13 -72
13 -74
13 -74
13 -73
13 -73
13 -74
13 -74
13 -75
13 -75
13 -75
13 -74
13 -75
13 -75
13 -75
13 -70
13 -73
13 -72
13 -67
13 -72
13 -72
13 -72
13 -73
13 -74
13 -73
13 -73
13 -73
13 -73
13 -73
13 -74
13 -73
13 -74
13 -74
13 -73
13 -74
13 -73
13 -73
13 -73
13 -71
13 -74
13 -74
13 -73
13 -74
13 -74
13 -74
13 -75
13 -74
13 -74
13 -74
13 -75
13 -75
13 -75
13 -74
13 -75
13 -75
13 -76
13 -75
13 -75
13 -75
13 -76
13 -56
13 -67
13 -76
13 -76
13 -71
13 -76
13 -76
13 -75
13 -69
13 -75
13 -74
13 -74
13 -74
13 -74
13 -75
13 -75
13 -75
13 -75
13 -45
13 -75
13 -75
13 -74
13 -61
13 -73
13 -73
13 -74
13 -74
13 -74
13 -74
13 -74
13 -74
13 -75
13 -75
13 -75
13 -75
13 -75
13 -75
13 -76
13 -75
13 -75
13 -75
13 -75
13 -75
13 -75
13 -74
13 -74
13 -74
13 -74
13 -75
13 -74
13 -73
13 -76
13 -76
13 -76
13 -75
13 -74
13 -74
13 -71
13 -71
13 -72
13 -72
13 -73
13 -72
13 -72
13 -72
13 -72
13 -72
13 -71
13 -71
13 -72
13 -72
13 -72
13 -72
13 -72
13 -72
13 -72
13 -72
13 -72
13 -72
14 -70
14 -72
14 -71
14 -70
14 -70
14 -70
14 -70
14 -70
14 -70
14 -70
14 -70
14 -69
14 -69
14 -76
14 -75
14 -75
14 -73
14 -72
14 -78
14 -74
14 -74
14 -76
14 -78
14 -77
14 -76
14 -77
14 -76
14 -75
14 -72
14 -70
14 -70
14 -70
14 -73
14 -77
14 -79
14 -76
14 -78
14 -87
14 -80
14 -78
14 -78
14 -77
14 -78
14 -78
14 -78
14 -79
14 -78
14 -79
14 -79
14 -79
14 -81
14 -83
14 -84
14 -83
14 -82
14 -83
14 -82
14 -83
14 -83
14 -83
14 -87
14 -83
14 -81
14 -78
14 -44
14 -78
14 -78
14 -79
14 -80
14 -77
14 -75
14 -76
14 -76
14 -76
14 -76
14 -72
14 -76
14 -76
14 -76
14 -75
14 -74
14 -73
14 -73
14 -73
14 -72
14 -72
14 -72
14 -72
14 -72
14 -73
14 -73
14 -73
14 -73
14 -73
14 -73
14 -60
14 -74
14 -73
14 -73
14 -72
14 -73
14 -73
14 -71
14 -70
14 -70
14 -79
14 -70
14 -70
14 -70
14 -71
14 -74
14 -75
14 -76
14 -75
14 -74
14 -74
14 -74
14 -75
14 -74
14 -74
14 -74
14 -76
14 -78
14 -78
14 -77
14 -76
14 -46
14 -73
14 -81
14 -79
14 -75
14 -75
14 -75
14 -75
14 -75
14 -74
14 -74
14 -73
14 -72
14 -72
14 -73
14 -72
14 -72
14 -72
14 -72
14 -71
14 -72
14 -74
14 -74
14 -74
14 -73
14 -72
14 -72
14 -72
14 -72
14 -72
14 -72
14 -72
14 -72
14 -72
14 -72
14 -73
14 -70
14 -73
14 -74
14 -74
14 -74
14 -74
14 -74
14 -75
14 -75
14 -75
14 -74
14 -74
14 -74
14 -74
14 -74
14 -74
14 -73
14 -73
14 -74
14 -74
14 -75
14 -75
14 -75
14 -63
14 -74
14 -75
14 -74
14 -75
14 -75
14 -75
14 -72
14 -72
14 -72
14 -72
14 -73
14 -72
14 -72
14 -72
14 -72
14 -72
14 -72
14 -72
14 -72
14 -72
14 -72
14 -72
14 -72
14 -71
14 -72
14 -71
14 -71
14 -72
14 -72
14 -72
14 -72
14 -72
14 -76
14 -78
14 -78
14 -77
14 -75
14 -74
14 -74
14 -75
14 -74
14 -73
14 -74
14 -74
14 -74
14 -75
14 -75
14 -73
14 -75
14 -75
14 -73
14 -74
14 -74
14 -70
14 -73
14 -73
14 -72
14 -72
14 -72
14 -72
14 -73
14 -73
14 -73
14 -74
14 -76
14 -76
14 -73
14 -76
14 -76
14 -76
14 -76
14 -76
14 -75
14 -75
14 -74
14 -74
14 -74
14 -74
14 -74
14 -73
14 -73
14 -74
14 -73
14 -73
14 -73
14 -72
14 -72
14 -72
14 -73
14 -73
14 -73
14 -72
14 -73
14 -73
14 -73
14 -72
14 -72
14 -73
14 -73
14 -72
14 -73
14 -73
14 -73
14 -73
14 -73
14 -74
14 -73
14 -73
14 -72
14 -73
14 -72
14 -73
14 -72
14 -72
14 -72
14 -72
14 -71
14 -72
14 -72
14 -73
14 -73
14 -73
14 -74
14 -73
14 -73
14 -73
14 -46
14 -73
14 -72
14 -72
14 -72
14 -72
14 -72
14 -72
14 -72
14 -71
14 -71
14 -71
14 -72
14 -71
14 -70
14 -71
14 -71
14 -71
14 -71
14 -71
14 -70
14 -70
14 -70
14 -71
14 -71
14 -68
14 -72
14 -72
14 -72
14 -73
14 -74
14 -75
14 -76
14 -78
14 -79
14 -76
14 -77
14 -77
14 -75
14 -78
14 -77
14 -76
14 -76
14 -76
14 -75
14 -78
14 -80
14 -80
14 -81
14 -81
14 -81
14 -80
14 -83
14 -82
14 -83
14 -82
14 -83
14 -83
14 -83
14 -82
14 -81
14 -79
14 -76
14 -78
14 -79
14 -76
14 -78
14 -77
14 -80
14 -80
14 -81
14 -71
14 -81
14 -84
14 -78
14 -77
14 -78
14 -80
14 -81
14 -78
14 -76
14 -76
14 -75
14 -75
14 -75
15 -74
15 -74
15 -76
15 -76
15 -77
15 -76
15 -76
15 -74
15 -75
15 -76
15 -74
15 -74
15 -74
15 -73
15 -73
15 -73
15 -74
15 -75
15 -75
15 -75
15 -75
15 -76
15 -76
15 -72
15 -72
15 -72
15 -72
15 -71
15 -72
15 -72
15 -72
15 -72
15 -72
15 -72
15 -71
15 -71
15 -70
15 -70
15 -72
15 -72
15 -72
15 -72
15 -71
15 -71
15 -71
15 -71
15 -72
15 -72
15 -72
15 -73
15 -73
15 -73
15 -73
15 -74
15 -73
15 -74
15 -75
15 -74
15 -73
15 -73
15 -72
15 -72
15 -74
15 -75
15 -75
15 -75
15 -76
15 -76
15 -76
15 -76
15 -76
15 -76
15 -76
15 -76
15 -76
15 -68
15 -44
15 -78
15 -83
15 -83
15 -44
15 -78
15 -78
15 -76
15 -76
15 -76
15 -76
15 -76
15 -76
15 -77
15 -75
15 -79
15 -80
15 -81
15 -79
15 -76
15 -76
15 -76
15 -76
15 -77
15 -77
15 -77
15 -78
15 -77
15 -78
15 -78
15 -80
15 -83
15 -86
15 -83
15 -80
15 -77
15 -76
15 -75
15 -74
15 -75
15 -75
15 -75
15 -73
15 -74
15 -74
15 -73
15 -74
15 -74
15 -74
15 -74
15 -75
15 -79
15 -78
15 -78
15 -79
15 -78
15 -77
15 -78
15 -79
15 -80
15 -82
15 -81
15 -78
15 -78
15 -77
15 -77
15 -78
15 -78
15 -77
15 -77
15 -76
15 -78
15 -79
15 -79
15 -83
15 -83
15 -78
15 -78
15 -78
15 -78
15 -74
15 -74
15 -73
15 -73
15 -73
15 -77
15 -78
15 -79
15 -78
15 -77
15 -76
15 -76
15 -77
15 -77
15 -78
15 -76
15 -77
15 -73
15 -76
15 -78
15 -77
15 -76
15 -75
15 -74
15 -73
15 -72
15 -72
15 -73
15 -72
15 -72
15 -72
15 -72
15 -72
15 -72
15 -74
15 -74
15 -73
15 -73
15 -73
15 -73
15 -73
15 -72
15 -73
15 -75
15 -76
15 -76
15 -76
15 -77
15 -77
15 -78
15 -76
15 -76
15 -75
15 -75
15 -75
15 -71
15 -76
15 -76
15 -77
15 -77
15 -77
15 -76
15 -75
15 -76
15 -78
15 -76
15 -76
15 -77
15 -76
15 -76
15 -76
15 -76
15 -76
15 -76
15 -76
15 -76
15 -75
15 -74
15 -76
15 -76
15 -75
15 -77
15 -77
15 -76
15 -78
15 -69
15 -76
15 -78
15 -78
15 -78
15 -76
15 -76
15 -76
15 -75
15 -76
15 -75
15 -76
15 -79
15 -78
15 -77
15 -67
15 -81
15 -84
15 -78
15 -80
15 -81
15 -83
15 -77
15 -76
15 -76
15 -74
15 -76
15 -76
15 -77
15 -76
15 -52
15 -76
15 -75
15 -71
15 -76
15 -76
15 -52
15 -76
15 -76
15 -77
15 -77
15 -77
15 -76
15 -76
15 -77
15 -77
15 -78
15 -77
15 -78
15 -77
15 -78
15 -79
15 -80
15 -79
15 -79
15 -80
15 -79
15 -80
15 -80
15 -30
15 -77
15 -76
15 -78
15 -79
15 -67
15 -81
15 -78
15 -78
15 -78
15 -76
15 -76
15 -76
15 -75
15 -75
15 -75
15 -74
15 -76
15 -78
15 -77
15 -75
15 -76
15 -75
15 -75
15 -76
15 -76
15 -75
15 -75
15 -74
15 -75
15 -62
15 -70
15 -76
15 -76
15 -78
15 -79
15 -80
15 -80
15 -83
15 -85
15 -83
15 -78
15 -70
15 -82
15 -37
15 -78
15 -70
15 -79
15 -72
15 -74
15 -75
15 -75
15 -74
15 -74
15 -69
15 -74
15 -75
15 -74
15 -74
15 -75
15 -76
15 -76
15 -77
15 -78
15 -76
15 -79
15 -79
15 -80
16 -82
16 -81
16 -80
16 -82
16 -80
16 -84
16 -85
16 -81
16 -81
16 -78
16 -77
16 -77
16 -74
16 -76
16 -78
16 -78
16 -80
16 -78
16 -76
16 -81
16 -84
16 -77
16 -76
16 -76
16 -76
16 -76
16 -76
16 -76
16 -76
16 -78
16 -78
16 -79
16 -77
16 -76
16 -76
16 -76
16 -76
16 -76
16 -76
16 -76
16 -76
16 -76
16 -76
16 -75
16 -76
16 -76
16 -78
16 -77
16 -79
16 -80
16 -80
16 -80
16 -79
16 -83
16 -78
16 -82
16 -78
16 -74
16 -81
16 -82
16 -79
16 -79
16 -72
16 -80
16 -82
16 -81
16 -81
16 -69
16 -80
16 -81
16 -82
16 -77
16 -77
16 -79
16 -82
16 -83
16 -84
16 -85
16 -80
16 -80
16 -78
16 -78
16 -77
16 -77
16 -79
16 -78
16 -79
16 -77
16 -75
16 -76
16 -74
16 -75
16 -75
16 -76
16 -76
16 -76
16 -77
16 -77
16 -69
16 -83
16 -85
16 -82
16 -83
16 -81
16 -78
16 -78
16 -78
16 -78
16 -78
16 -79
16 -78
16 -68
16 -80
16 -82
16 -85
16 -80
16 -79
16 -78
16 -76
16 -76
16 -76
16 -74
16 -71
16 -72
16 -72
16 -72
16 -72
16 -72
16 -72
16 -72
16 -72
16 -74
16 -75
16 -76
16 -78
16 -78
16 -77
16 -79
16 -79
16 -81
16 -80
16 -79
16 -79
16 -78
16 -78
16 -78
16 -79
16 -78
16 -78
16 -78
16 -78
16 -79
16 -80
16 -81
16 -79
16 -76
16 -80
16 -78
16 -78
16 -76
16 -77
16 -73
16 -78
16 -80
16 -79
16 -79
16 -80
16 -78
16 -78
16 -80
16 -74
16 -77
16 -76
16 -78
16 -77
16 -78
16 -78
16 -78
16 -78
16 -77
16 -77
16 -76
16 -76
16 -76
16 -76
16 -77
16 -77
16 -77
16 -78
16 -78
16 -79
16 -79
16 -78
16 -79
16 -79
16 -78
16 -78
16 -76
16 -77
16 -76
16 -78
16 -81
16 -80
16 -79
16 -79
16 -85
16 -82
16 -82
16 -83
16 -82
16 -82
16 -79
16 -81
16 -82
16 -83
16 -81
16 -80
16 -79
16 -80
16 -80
16 -80
16 -78
16 -78
16 -73
16 -79
16 -78
16 -78
16 -79
16 -83
16 -81
16 -80
16 -71
16 -78
16 -78
16 -79
16 -82
16 -78
16 -78
16 -78
16 -78
16 -78
16 -78
16 -67
16 -81
16 -81
16 -80
16 -80
16 -79
16 -78
16 -79
16 -79
16 -78
16 -78
16 -78
16 -78
16 -79
16 -79
16 -79
16 -78
16 -78
16 -56
16 -79
16 -78
16 -79
16 -78
16 -77
16 -78
16 -77
16 -67
16 -77
16 -77
16 -78
16 -76
16 -78
16 -79
16 -78
16 -79
16 -76
16 -77
16 -77
16 -77
16 -77
16 -76
16 -77
16 -74
16 -75
16 -76
16 -75
16 -74
16 -75
16 -76
16 -76
16 -76
16 -77
16 -76
16 -75
16 -75
16 -75
16 -74
16 -73
16 -73
16 -75
16 -75
16 -75
16 -75
16 -76
16 -75
16 -75
16 -75
16 -76
16 -76
16 -76
16 -76
16 -77
16 -77
16 -67
16 -76
16 -76
16 -78
16 -77
16 -76
16 -76
16 -76
16 -78
16 -75
16 -75
16 -79
16 -79
16 -79
16 -78
16 -83
16 -76
16 -78
16 -77
16 -76
16 -76
16 -76
16 -77
16 -79
16 -81
16 -79
16 -78
16 -78
16 -78
16 -80
17 -82
17 -81
17 -83
17 -82
17 -82
17 -82
17 -80
17 -84
17 -79
17 -78
17 -78
17 -79
17 -80
17 -78
17 -76
17 -77
17 -78
17 -81
17 -83
17 -81
17 -82
17 -82
17 -82
17 -79
17 -81
17 -79
17 -80
17 -78
17 -76
17 -77
17 -76
17 -71
17 -76
17 -60
17 -79
17 -80
17 -79
17 -80
17 -81
17 -82
17 -83
17 -84
17 -84
17 -86
17 -86
17 -85
17 -56
17 -84
17 -83
17 -82
17 -80
17 -78
17 -78
17 -59
17 -79
17 -71
17 -79
17 -80
17 -79
17 -80
17 -84
17 -84
17 -76
17 -66
17 -75
17 -75
17 -75
17 -74
17 -75
17 -75
17 -75
17 -75
17 -75
17 -75
17 -76
17 -76
17 -77
17 -76
17 -75
17 -76
17 -76
17 -75
17 -71
17 -76
17 -74
17 -69
17 -76
17 -76
17 -72
17 -75
17 -52
17 -76
17 -73
17 -76
17 -75
17 -76
17 -76
17 -76
17 -75
17 -75
17 -75
17 -76
17 -76
17 -78
17 -69
17 -78
17 -78
17 -78
17 -78
17 -78
17 -77
17 -76
17 -75
17 -75
17 -76
17 -74
17 -74
17 -75
17 -76
17 -75
17 -73
17 -54
17 -76
17 -76
17 -76
17 -76
17 -75
17 -76
17 -75
17 -76
17 -64
17 -76
17 -76
17 -75
17 -75
17 -76
17 -68
17 -74
17 -76
17 -76
17 -75
17 -76
17 -76
17 -77
17 -77
17 -78
17 -72
17 -77
17 -78
17 -69
17 -78
17 -76
17 -78
17 -78
17 -78
17 -77
17 -77
17 -76
17 -76
17 -76
17 -76
17 -75
17 -76
17 -75
17 -76
17 -76
17 -76
17 -76
17 -76
17 -79
17 -85
17 -84
17 -81
17 -79
17 -77
17 -76
17 -76
17 -76
17 -76
17 -76
17 -76
17 -75
17 -76
17 -75
17 -75
17 -75
17 -75
17 -75
17 -75
17 -75
17 -76
17 -76
17 -76
17 -76
17 -76
17 -77
17 -77
17 -77
17 -77
17 -77
17 -78
17 -77
17 -77
17 -76
17 -76
17 -76
17 -76
17 -77
17 -76
17 -76
17 -76
17 -78
17 -78
17 -79
17 -73
17 -80
17 -80
17 -80
17 -80
17 -81
17 -80
17 -79
17 -78
17 -78
17 -77
17 -75
17 -78
17 -78
17 -77
17 -78
17 -79
17 -78
17 -77
17 -77
17 -76
17 -76
17 -76
17 -76
17 -76
17 -70
17 -76
17 -77
17 -77
17 -78
17 -78
17 -78
17 -78
17 -78
17 -78
17 -78
17 -78
17 -77
17 -76
17 -76
17 -76
17 -76
17 -48
17 -75
17 -75
17 -75
17 -75
17 -75
17 -75
17 -72
17 -76
17 -76
17 -76
17 -76
17 -76
17 -76
17 -74
17 -75
17 -76
17 -76
17 -73
17 -76
17 -67
17 -76
17 -76
17 -76
17 -75
17 -76
17 -75
17 -75
17 -75
17 -76
17 -76
17 -75
17 -75
17 -75
17 -75
17 -76
17 -75
17 -75
17 -75
17 -75
17 -75
17 -37
17 -76
17 -76
17 -76
17 -70
17 -76
17 -78
17 -76
17 -76
17 -77
17 -78
17 -84
17 -82
17 -83
17 -81
17 -69
17 -82
18 -74
18 -74
18 -73
18 -74
18 -74
18 -73
18 -73
18 -73
18 -73
18 -73
18 -72
18 -72
18 -73
18 -76
18 -74
18 -76
18 -78
18 -80
18 -72
18 -73
18 -72
18 -72
18 -72
18 -72
18 -74
18 -73
18 -72
18 -72
18 -72
18 -70
18 -74
18 -76
18 -76
18 -75
18 -74
18 -76
18 -70
18 -70
18 -71
18 -71
18 -70
18 -71
18 -71
18 -72
18 -72
18 -72
18 -72
18 -72
18 -72
18 -72
18 -72
18 -72
18 -71
18 -71
18 -72
18 -72
18 -72
18 -71
18 -71
18 -70
18 -70
18 -70
18 -70
18 -70
18 -70
18 -70
18 -70
18 -70
18 -70
18 -70
18 -69
18 -70
18 -69
18 -69
18 -69
18 -70
18 -68
18 -70
18 -70
18 -70
18 -70
18 -69
18 -69
18 -69
18 -69
18 -69
18 -69
18 -70
18 -69
18 -69
18 -69
18 -68
18 -43
18 -70
18 -70
18 -70
18 -70
18 -70
18 -70
18 -70
18 -70
18 -70
18 -70
18 -70
18 -70
18 -71
18 -70
18 -70
18 -70
18 -70
18 -69
18 -69
18 -69
18 -69
18 -69
18 -69
18 -68
18 -69
18 -69
18 -67
18 -69
18 -69
18 -70
18 -70
18 -70
18 -70
18 -70
18 -70
18 -70
18 -70
18 -70
18 -70
18 -70
18 -70
18 -71
18 -72
18 -72
18 -73
18 -73
18 -74
18 -76
18 -77
18 -78
18 -82
18 -79
18 -81
18 -79
18 -76
18 -75
18 -74
18 -72
18 -72
18 -70
18 -69
18 -69
18 -69
18 -69
18 -67
18 -69
18 -69
18 -70
18 -71
18 -73
18 -73
18 -73
18 -73
18 -74
18 -76
18 -75
18 -76
18 -77
18 -76
18 -76
18 -77
18 -77
18 -78
18 -76
18 -76
18 -74
18 -73
18 -73
18 -74
18 -75
18 -74
18 -73
18 -75
18 -76
18 -75
18 -77
18 -78
18 -78
18 -80
18 -80
18 -78
18 -76
18 -77
18 -77
18 -69
18 -76
18 -76
18 -75
18 -74
18 -72
18 -73
18 -71
18 -73
18 -73
18 -72
18 -72
18 -74
18 -76
18 -75
18 -76
18 -75
18 -76
18 -73
18 -74
18 -75
18 -58
18 -73
18 -75
18 -76
18 -77
18 -77
18 -76
18 -74
18 -73
18 -72
18 -72
18 -72
18 -73
18 -72
18 -72
18 -72
18 -73
18 -73
18 -73
18 -73
18 -72
18 -72
18 -73
18 -72
18 -72
18 -72
18 -73
18 -74
18 -73
18 -72
18 -72
18 -72
18 -72
18 -73
18 -72
18 -73
18 -72
18 -72
18 -72
18 -72
18 -72
18 -74
18 -73
18 -73
18 -73
18 -73
18 -73
18 -73
18 -73
18 -73
18 -74
18 -74
18 -72
18 -73
18 -73
18 -72
18 -72
18 -73
18 -72
18 -73
18 -73
18 -72
18 -73
18 -72
18 -73
18 -72
18 -73
18 -72
18 -72
18 -72
18 -73
18 -73
18 -73
18 -73
18 -73
18 -72
18 -72
18 -72
18 -72
18 -73
18 -72
18 -72
18 -72
18 -73
18 -73
18 -72
18 -73
18 -72
18 -73
18 -72
18 -72
18 -72
18 -72
18 -72
18 -72
18 -70
18 -72
18 -73
18 -72
18 -73
18 -73
18 -72
18 -72
18 -73
18 -74
18 -74
18 -75
18 -75
18 -75
18 -75
18 -76
18 -79
18 -80
18 -80
18 -78
18 -78
18 -78
18 -73
18 -76
18 -76
18 -75
18 -75
18 -74
18 -74
18 -75
18 -74
18 -74
18 -72
18 -73
18 -72
18 -72
18 -72
18 -73
18 -74
18 -72
18 -73
18 -72
18 -72
18 -73
18 -74
18 -74
18 -74
18 -73
18 -73
18 -72
18 -73
18 -72
18 -72
18 -72
18 -72
18 -72
18 -72
18 -72
18 -72
18 -72
18 -73
18 -72
18 -72
18 -72
18 -72
18 -72
18 -70
18 -72
18 -69
18 -71
18 -73
18 -73
18 -73
18 -62
18 -72
18 -73
18 -73
18 -73
18 -72
18 -73
18 -72
18 -72
18 -73
18 -73
18 -72
18 -72
18 -72
18 -73
18 -71
18 -72
18 -72
18 -72
18 -72
18 -73
18 -72
18 -72
18 -72
18 -72
18 -73
18 -72
18 -73
18 -73
18 -73
18 -72
18 -72
18 -72
18 -73
18 -72
18 -72
18 -72
18 -71
18 -72
18 -72
18 -72
18 -72
18 -72
18 -72
18 -72
18 -72
18 -72
18 -72
18 -73
18 -72
18 -72
18 -73
18 -72
18 -72
18 -73
18 -74
18 -75
18 -76
18 -76
18 -76
18 -76
18 -76
18 -77
18 -79
18 -82
18 -84
18 -83
18 -84
18 -82
18 -83
18 -82
18 -82
18 -80
18 -80
18 -80
18 -79
18 -78
18 -78
18 -78
18 -79
18 -78
18 -77
18 -77
18 -78
18 -76
18 -76
18 -75
18 -76
18 -76
18 -76
18 -76
18 -76
18 -76
18 -76
18 -76
18 -76
18 -76
18 -75
18 -74
18 -75
18 -72
18 -72
18 -73
18 -72
18 -72
18 -71
18 -70
18 -72
18 -73
18 -75
18 -75
18 -76
18 -75
18 -75
18 -76
18 -77
18 -76
18 -78
18 -78
19 -85
19 -87
19 -83
19 -77
19 -81
19 -84
19 -84
19 -82
19 -83
19 -82
19 -81
19 -81
19 -81
19 -79
19 -81
19 -80
19 -80
19 -81
19 -82
19 -82
19 -80
19 -82
19 -82
19 -82
19 -83
19 -83
19 -83
19 -83
19 -82
19 -83
19 -81
19 -81
19 -69
19 -80
19 -80
19 -81
19 -80
19 -81
19 -73
19 -82
19 -82
19 -82
19 -79
19 -80
19 -80
19 -70
19 -32
19 -80
19 -79
19 -79
19 -79
19 -79
19 -79
19 -43
19 -79
19 -77
19 -78
19 -78
19 -79
19 -79
19 -72
19 -78
19 -73
19 -77
19 -78
19 -77
19 -76
19 -76
19 -76
19 -78
19 -77
19 -78
19 -78
19 -78
19 -77
19 -78
19 -78
19 -78
19 -68
19 -77
19 -77
19 -78
19 -78
19 -78
19 -78
19 -78
19 -79
19 -78
19 -79
19 -79
19 -79
19 -80
19 -78
19 -80
19 -82
19 -82
19 -82
19 -82
19 -76
19 -79
19 -78
19 -78
19 -79
19 -81
19 -81
19 -71
19 -82
19 -84
19 -83
19 -84
19 -83
19 -84
19 -83
19 -82
19 -83
19 -84
19 -84
19 -83
19 -80
19 -60
19 -81
19 -81
19 -85
19 -85
19 -74
19 -87
19 -86
19 -82
19 -83
19 -82
19 -85
19 -84
19 -84
19 -85
19 -83
19 -82
19 -84
19 -80
19 -85
19 -85
19 -85
19 -84
19 -82
19 -82
19 -81
19 -82
19 -81
19 -81
19 -81
19 -82
19 -82
19 -81
19 -83
19 -82
19 -82
19 -82
19 -82
19 -82
19 -83
19 -83
19 -82
19 -80
19 -82
19 -84
19 -83
19 -85
19 -84
19 -78
19 -83
19 -83
19 -84
19 -84
19 -85
19 -85
19 -83
19 -84
19 -84
19 -83
19 -84
19 -75
19 -85
19 -85
19 -84
19 -86
19 -85
19 -73
19 -85
19 -85
19 -84
19 -85
19 -85
19 -84
19 -86
19 -84
19 -84
19 -86
19 -79
19 -84
19 -86
19 -83
19 -71
19 -84
19 -83
19 -85
20 -82
20 -82
20 -80
20 -78
20 -73
20 -74
20 -80
20 -81
20 -80
20 -81
20 -82
20 -81
20 -79
20 -80
20 -78
20 -79
20 -80
20 -80
20 -79
20 -79
20 -79
20 -80
20 -81
20 -82
20 -81
20 -81
20 -80
20 -80
20 -79
20 -79
20 -79
20 -79
20 -78
20 -78
20 -78
20 -78
20 -78
20 -80
20 -79
20 -79
20 -73
20 -78
20 -78
20 -77
20 -78
20 -77
20 -78
20 -78
20 -77
20 -77
20 -77
20 -76
20 -76
20 -77
20 -77
20 -76
20 -77
20 -78
20 -78
20 -78
20 -79
20 -78
20 -78
20 -76
20 -78
20 -74
20 -76
20 -78
20 -78
20 -78
20 -77
20 -77
20 -77
20 -72
20 -78
20 -69
20 -70
20 -76
20 -72
20 -77
20 -73
20 -73
20 -76
20 -78
20 -76
20 -76
20 -75
20 -76
20 -76
20 -76
20 -76
20 -73
20 -73
20 -76
20 -76
20 -77
20 -77
20 -79
20 -76
20 -84
20 -82
20 -80
20 -80
20 -81
20 -80
20 -80
20 -80
20 -81
20 -81
20 -81
20 -80
20 -81
20 -81
20 -80
20 -80
20 -81
20 -81
20 -80
20 -82
20 -83
20 -83
20 -82
20 -82
20 -82
20 -82
20 -81
20 -81
20 -80
20 -80
20 -81
20 -82
20 -70
20 -81
20 -70
20 -82
20 -83
20 -81
20 -82
20 -81
20 -82
20 -82
20 -81
20 -82
20 -80
20 -81
20 -83
20 -83
20 -83
20 -83
20 -82
20 -82
20 -81
20 -81
20 -80
20 -79
20 -78
20 -79
20 -80
20 -81
20 -75
20 -81
20 -81
20 -81
20 -80
20 -77
20 -78
20 -79
20 -79
20 -79
20 -78
20 -78
20 -78
20 -80
20 -79
20 -79
20 -80
20 -79
20 -75
20 -81
20 -79
20 -79
20 -81
20 -79
20 -81
20 -79
20 -79
20 -79
20 -78
20 -79
20 -80
20 -80
20 -79
20 -79
20 -79
20 -79
20 -78
20 -79
20 -81
20 -80
20 -80
20 -80
20 -79
20 -81
20 -79
20 -81
20 -80
20 -81
20 -79
20 -81
20 -82
20 -81
20 -80
20 -79
20 -79
20 -73
20 -78
20 -77
20 -78
20 -78
20 -77
20 -78
20 -79
20 -80
20 -81
20 -80
20 -80
20 -81
20 -80
20 -43
20 -81
20 -81
20 -81
20 -83
20 -80
20 -80
20 -80
20 -79
20 -79
20 -79
20 -79
20 -78
20 -78
20 -80
20 -80
20 -79
20 -79
20 -79
20 -78
20 -81
20 -80
20 -80
20 -80
20 -82
20 -81
20 -81
20 -81
20 -81
20 -81
20 -80
20 -81
20 -81
20 -80
20 -81
20 -80
20 -80
20 -80
20 -81
20 -80
20 -81
20 -80
20 -75
20 -80
20 -80
20 -80
20 -80
20 -79
20 -80
20 -79
20 -79
20 -80
20 -79
20 -79
20 -80
20 -79
20 -80
20 -81
20 -80
20 -82
20 -82
20 -83
20 -84
20 -83
20 -82
20 -73
20 -81
20 -82
20 -81
20 -84
20 -85
20 -84
20 -83
20 -84
20 -83
20 -84
20 -83
20 -83
20 -82
20 -81
20 -81
20 -54
20 -83
20 -81
20 -53
20 -83
20 -83
20 -83
20 -84
20 -80
20 -81
20 -79
20 -84
20 -84
20 -82
20 -84
20 -83
20 -83
20 -76
21 -83
21 -82
21 -79
21 -83
21 -83
21 -83
21 -82
21 -82
21 -82
21 -87
21 -87
21 -81
21 -78
21 -82
21 -80
21 -79
21 -86
21 -84
21 -86
21 -83
21 -80
21 -79
21 -80
21 -78
21 -84
21 -80
21 -85
21 -84
21 -84
21 -78
21 -79
21 -78
21 -78
21 -84
21 -84
21 -83
21 -70
21 -83
21 -82
21 -84
21 -82
21 -83
21 -84
21 -83
21 -85
21 -84
21 -83
21 -85
21 -83
21 -84
21 -86
21 -85
21 -84
21 -83
21 -66
21 -79
21 -80
21 -81
21 -83
21 -82
21 -84
21 -83
21 -83
21 -82
21 -82
21 -82
21 -81
21 -72
21 -80
21 -78
21 -78
21 -78
21 -78
21 -79
21 -79
21 -80
21 -83
21 -84
21 -87
21 -83
21 -84
21 -83
21 -85
21 -82
21 -81
21 -79
21 -85
21 -82
21 -83
21 -83
21 -84
21 -84
21 -84
21 -83
21 -80
21 -81
21 -81
21 -81
21 -82
21 -83
21 -84
21 -83
21 -83
21 -83
21 -83
21 -82
21 -85
21 -86
21 -83
21 -60
21 -86
21 -86
22 -82
22 -83
22 -83
22 -65
22 -83
22 -83
22 -83
22 -85
22 -83
22 -83
22 -80
22 -84
22 -82
22 -82
22 -85
22 -84
22 -87
22 -87
22 -85
22 -83
22 -83
22 -83
22 -85
22 -85
22 -87
22 -82
22 -83
22 -81
22 -74
22 -85
22 -84
22 -82
22 -83
22 -82
22 -82
22 -80
22 -81
22 -81
22 -81
22 -82
22 -83
22 -82
22 -82
22 -82
22 -84
22 -81
22 -79
22 -79
22 -77
22 -77
22 -76
22 -78
22 -79
22 -79
22 -78
22 -80
22 -81
22 -81
22 -82
22 -82
22 -82
22 -84
22 -86
22 -84
22 -85
22 -76
22 -79
22 -79
22 -79
22 -79
22 -80
22 -81
22 -80
22 -75
22 -80
22 -81
22 -81
22 -81
22 -80
22 -81
22 -81
22 -81
22 -80
22 -81
22 -82
22 -81
22 -81
22 -81
22 -82
22 -83
22 -83
22 -82
22 -82
22 -81
22 -82
22 -83
22 -70
22 -84
22 -71
22 -80
22 -79
22 -78
22 -78
22 -78
22 -76
22 -78
22 -78
22 -78
23 -83
23 -82
23 -83
23 -82
23 -78
23 -82
23 -84
23 -83
23 -79
23 -80
23 -80
23 -76
23 -83
23 -82
23 -80
23 -79
23 -76
23 -77
23 -78
23 -77
23 -78
23 -78
23 -73
23 -80
23 -80
23 -81
23 -80
23 -79
23 -79
23 -78
23 -78
23 -77
23 -78
23 -78
23 -77
23 -77
23 -76
23 -77
23 -76
23 -77
23 -74
23 -77
23 -77
23 -76
23 -77
23 -77
23 -77
23 -78
23 -78
23 -78
23 -77
23 -78
23 -76
23 -78
23 -78
23 -78
23 -79
23 -73
23 -78
23 -73
23 -78
23 -78
23 -78
23 -66
23 -78
23 -77
23 -78
23 -78
23 -78
23 -77
23 -77
23 -77
23 -77
23 -77
23 -74
23 -76
23 -78
23 -77
23 -78
23 -78
23 -78
23 -78
23 -80
23 -82
23 -82
23 -82
23 -82
23 -80
23 -78
23 -78
23 -78
23 -78
23 -78
23 -78
23 -78
23 -78
23 -80
23 -78
23 -79
23 -75
23 -83
23 -82
23 -83
23 -81
23 -80
23 -78
23 -78
23 -78
23 -30
23 -80
23 -79
23 -79
23 -81
23 -81
23 -80
23 -80
23 -80
23 -80
23 -78
23 -79
23 -79
23 -78
23 -78
23 -78
23 -78
23 -79
23 -79
23 -77
23 -79
23 -80
23 -82
23 -83
23 -80
23 -82
23 -82
23 -81
23 -81
23 -78
23 -80
23 -80
23 -80
23 -80
23 -80
23 -80
23 -81
23 -80
23 -81
23 -81
23 -80
23 -79
23 -78
23 -78
23 -78
23 -78
23 -78
23 -80
23 -80
23 -68
23 -79
23 -78
23 -78
23 -78
23 -78
23 -78
23 -79
23 -78
23 -78
23 -79
23 -79
23 -79
23 -79
23 -80
23 -80
23 -81
23 -80
23 -79
23 -78
23 -79
23 -79
23 -64
23 -79
23 -78
23 -78
23 -78
23 -79
23 -80
23 -79
23 -78
23 -78
23 -78
23 -79
23 -79
23 -79
23 -79
23 -80
23 -79
23 -78
23 -78
23 -78
23 -78
23 -79
23 -78
23 -78
23 -80
23 -79
23 -81
23 -82
23 -82
23 -81
23 -81
23 -74
23 -77
23 -81
23 -81
23 -81
23 -81
23 -81
23 -81
23 -80
23 -79
23 -79
23 -78
23 -80
23 -80
23 -80
23 -79
23 -78
23 -78
23 -59
23 -78
23 -79
23 -78
23 -58
23 -80
23 -80
23 -79
23 -81
23 -80
23 -71
23 -80
23 -79
23 -80
23 -80
23 -79
23 -78
23 -79
23 -79
23 -78
23 -78
23 -78
23 -79
23 -68
23 -58
23 -70
23 -78
23 -78
23 -78
23 -78
23 -78
23 -73
23 -78
23 -78
23 -78
23 -78
23 -78
23 -78
23 -78
23 -78
23 -79
23 -72
23 -71
23 -79
23 -80
23 -79
23 -80
23 -79
23 -79
23 -80
23 -77
23 -83
23 -82
23 -81
23 -81
23 -82
23 -82
23 -81
23 -82
23 -81
23 -82
23 -81
23 -81
23 -80
23 -80
23 -76
23 -78
23 -79
23 -80
23 -79
23 -80
23 -79
23 -81
23 -82
23 -81
23 -78
23 -75
23 -79
23 -77
23 -81
23 -81
23 -80
23 -70
23 -77
23 -75
23 -77
23 -77
23 -77
23 -78
23 -78
23 -78
23 -78
23 -79
23 -79
23 -79
23 -79
23 -78
24 -83
24 -84
24 -82
24 -83
24 -83
24 -83
24 -86
24 -85
24 -88
24 -85
24 -86
25 -64
25 -64
25 -63
25 -65
25 -65
25 -64
25 -65
25 -62
25 -64
25 -64
25 -64
25 -64
25 -70
25 -68
25 -65
25 -65
25 -66
25 -68
25 -72
25 -71
25 -73
25 -79
25 -58
25 -70
25 -72
25 -69
25 -67
25 -65
25 -64
25 -64
25 -62
25 -61
25 -61
25 -61
25 -64
25 -65
25 -64
25 -66
25 -63
25 -61
25 -60
25 -60
25 -52
25 -58
25 -58
25 -58
25 -58
25 -58
25 -58
25 -58
25 -58
25 -58
25 -59
25 -65
25 -60
25 -61
25 -61
25 -60
25 -60
25 -60
25 -60
25 -60
25 -60
25 -60
25 -60
25 -60
25 -60
25 -60
25 -60
25 -60
25 -60
25 -60
25 -60
25 -60
25 -60
25 -60
25 -60
25 -60
25 -60
25 -60
25 -60
25 -60
25 -60
25 -60
25 -60
25 -61
25 -61
25 -61
25 -62
25 -43
25 -62
25 -61
25 -61
25 -61
25 -61
25 -61
25 -61
25 -61
25 -56
25 -62
25 -62
25 -63
25 -63
25 -63
25 -63
25 -63
25 -64
25 -64
25 -65
25 -64
25 -64
25 -64
25 -64
25 -64
25 -63
25 -67
25 -63
25 -42
25 -63
25 -62
25 -62
25 -42
25 -62
25 -63
25 -64
25 -64
25 -64
25 -64
25 -63
25 -62
25 -62
25 -61
25 -60
25 -61
25 -30
25 -61
25 -61
25 -61
25 -61
25 -62
25 -62
25 -63
25 -63
25 -64
25 -64
25 -65
25 -65
25 -66
25 -55
25 -30
25 -66
25 -66
25 -66
25 -65
25 -64
25 -64
25 -63
25 -62
25 -61
25 -60
25 -60
25 -60
25 -60
25 -60
25 -60
25 -60
25 -61
25 -60
25 -60
25 -60
25 -60
25 -60
25 -60
25 -60
25 -60
25 -60
25 -70
25 -59
25 -59
25 -59
25 -58
25 -58
25 -58
25 -58
25 -58
25 -58
25 -59
25 -59
25 -59
25 -59
25 -59
25 -59
25 -59
25 -58
25 -58
25 -58
25 -58
25 -58
25 -57
25 -58
25 -57
25 -58
25 -58
25 -58
25 -58
25 -58
25 -58
25 -58
25 -58
25 -58
25 -58
25 -58
25 -67
25 -60
25 -60
25 -60
25 -58
25 -58
25 -58
25 -58
25 -58
25 -58
25 -58
25 -58
25 -59
25 -60
25 -61
25 -64
25 -64
25 -62
25 -64
25 -63
25 -64
25 -63
25 -58
25 -63
25 -61
25 -60
25 -60
25 -60
25 -59
25 -58
25 -58
25 -59
25 -59
25 -59
25 -59
25 -59
25 -59
25 -58
25 -58
25 -58
25 -58
25 -58
25 -58
25 -58
25 -58
25 -59
25 -59
25 -60
25 -59
25 -59
25 -59
25 -59
25 -59
25 -58
25 -58
25 -58
25 -59
25 -59
25 -59
25 -59
25 -59
25 -59
25 -60
25 -60
25 -60
25 -60
25 -60
25 -60
25 -60
25 -60
25 -60
25 -60
25 -60
25 -60
25 -60
25 -60
25 -60
25 -60
25 -60
25 -60
25 -60
25 -60
25 -60
25 -60
25 -60
25 -60
25 -60
25 -60
25 -60
25 -60
25 -60
25 -60
25 -60
25 -59
25 -59
25 -58
25 -58
25 -58
25 -58
25 -58
25 -58
25 -58
25 -58
25 -58
25 -58
25 -58
25 -58
25 -58
25 -58
25 -58
25 -58
25 -58
25 -58
25 -58
25 -58
25 -58
25 -59
25 -59
25 -59
25 -59
25 -60
25 -60
25 -60
25 -60
25 -61
25 -61
25 -61
25 -61
25 -61
25 -60
25 -61
25 -63
25 -63
25 -63
25 -62
25 -61
25 -61
25 -61
25 -61
25 -61
25 -61
25 -60
25 -60
25 -60
25 -60
25 -60
25 -60
25 -60
25 -60
25 -60
25 -60
25 -60
25 -60
25 -61
25 -61
25 -61
25 -60
25 -60
25 -60
25 -59
25 -60
25 -60
25 -60
25 -52
25 -60
25 -59
25 -59
25 -60
25 -59
25 -60
25 -60
25 -60
25 -60
25 -60
25 -60
25 -59
25 -59
25 -59
25 -59
25 -59
25 -58
25 -58
25 -59
25 -58
25 -58
25 -58
25 -55
25 -58
25 -58
25 -58
25 -59
25 -59
25 -59
25 -59
25 -56
25 -55
25 -59
25 -59
25 -58
25 -58
25 -58
25 -58
25 -58
25 -58
25 -58
25 -58
25 -58
25 -58
25 -58
25 -58
25 -58
25 -58
25 -54
25 -58
25 -58
25 -58
25 -58
25 -58
25 -58
25 -58
25 -58
25 -58
25 -58
25 -58
25 -58
25 -58
25 -58
25 -58
25 -58
25 -59
25 -59
25 -59
25 -59
25 -60
25 -61
25 -62
25 -63
25 -64
25 -65
25 -66
25 -67
25 -71
25 -71
25 -71
25 -71
25 -71
25 -71
25 -70
25 -71
25 -70
25 -70
25 -70
25 -69
25 -67
25 -67
25 -67
25 -67
25 -66
25 -66
25 -30
25 -66
25 -66
25 -66
25 -66
25 -66
25 -66
25 -66
25 -65
25 -64
25 -64
25 -64
25 -64
25 -64
25 -64
25 -64
25 -64
25 -64
25 -65
25 -65
25 -65
25 -65
25 -64
25 -63
25 -63
25 -64
25 -65
25 -64
25 -66
25 -64
25 -60
25 -66
25 -60
25 -62
25 -64
25 -64
25 -63
25 -63
25 -62
25 -64
25 -69
25 -64
25 -64
25 -30
25 -64
25 -70
25 -65
25 -66
25 -66
25 -67
25 -68
25 -68
25 -69
25 -69
26 -45
26 -45
26 -45
26 -46
26 -46
26 -46
26 -46
26 -46
26 -46
26 -46
26 -46
26 -45
26 -48
26 -49
26 -46
26 -45
26 -45
26 -46
26 -47
26 -46
26 -46
26 -44
26 -44
26 -44
26 -44
26 -44
26 -43
26 -43
26 -42
26 -43
26 -45
26 -46
26 -46
26 -46
26 -48
26 -48
26 -47
26 -46
26 -46
26 -46
26 -45
26 -44
26 -44
26 -44
26 -44
26 -43
26 -43
26 -44
26 -44
26 -44
26 -44
26 -43
26 -44
26 -44
26 -44
26 -44
26 -43
26 -43
26 -43
26 -43
26 -43
26 -43
26 -43
26 -43
26 -43
26 -42
26 -42
26 -42
26 -42
26 -42
26 -42
26 -30
26 -42
26 -42
26 -42
26 -42
26 -42
26 -42
26 -42
26 -41
26 -41
26 -31
26 -41
26 -42
26 -42
26 -42
26 -42
26 -42
26 -42
26 -42
26 -42
26 -42
26 -42
26 -42
26 -49
26 -43
26 -43
26 -43
26 -43
26 -43
26 -43
26 -43
26 -44
26 -44
26 -44
26 -44
26 -45
26 -45
26 -44
26 -44
26 -44
26 -44
26 -44
26 -44
26 -30
26 -44
26 -43
26 -43
26 -43
26 -43
26 -43
26 -43
26 -43
26 -44
26 -44
26 -44
26 -44
26 -44
26 -43
26 -43
26 -43
26 -43
26 -43
26 -43
26 -43
26 -43
26 -43
26 -44
26 -44
26 -44
26 -45
26 -45
26 -45
26 -45
26 -45
26 -46
26 -46
26 -46
26 -46
26 -46
26 -46
26 -46
26 -46
26 -46
26 -46
26 -46
26 -46
26 -45
26 -44
26 -43
26 -42
26 -42
26 -42
26 -42
26 -44
26 -46
26 -46
26 -46
26 -45
26 -45
26 -46
26 -47
26 -47
26 -47
26 -48
26 -48
26 -48
26 -48
26 -48
26 -48
26 -48
26 -48
26 -48
26 -48
26 -48
26 -47
26 -46
26 -46
26 -46
26 -46
26 -46
26 -46
26 -46
26 -46
26 -47
26 -46
26 -47
26 -48
26 -48
26 -48
26 -48
26 -49
26 -49
26 -48
26 -47
26 -46
26 -46
26 -46
26 -45
26 -45
26 -45
26 -45
26 -44
26 -44
26 -43
26 -42
26 -44
26 -45
26 -45
26 -46
26 -46
26 -46
26 -47
26 -47
26 -47
26 -48
26 -47
26 -47
26 -47
26 -47
26 -46
26 -47
26 -46
26 -46
26 -46
26 -48
26 -46
26 -42
26 -43
26 -42
26 -41
26 -42
26 -42
26 -42
26 -42
26 -43
26 -43
26 -43
26 -43
26 -42
26 -42
26 -42
26 -42
26 -43
26 -43
26 -43
26 -43
26 -43
26 -43
26 -43
26 -42
26 -42
26 -42
26 -42
26 -42
26 -43
26 -44
26 -44
26 -45
26 -45
26 -46
26 -46
26 -46
26 -46
26 -45
26 -45
26 -44
26 -44
26 -44
26 -43
26 -43
26 -42
26 -42
26 -42
26 -42
26 -42
26 -42
26 -53
26 -42
26 -42
26 -42
26 -43
26 -43
26 -43
26 -43
26 -43
26 -43
26 -43
26 -43
26 -43
26 -43
26 -43
26 -43
26 -43
26 -43
26 -42
26 -42
26 -43
26 -43
26 -44
26 -44
26 -45
26 -45
26 -45
26 -45
26 -45
26 -44
26 -45
26 -45
26 -45
26 -45
26 -45
26 -45
26 -45
26 -44
26 -44
26 -43
26 -43
26 -43
26 -42
26 -43
26 -44
26 -45
26 -46
26 -47
26 -48
26 -51
26 -51
26 -52
26 -52
26 -52
26 -51
26 -50
26 -48
26 -48
26 -48
26 -49
26 -49
26 -51
26 -50
26 -51
26 -51
26 -50
26 -49
26 -48
26 -48
26 -46
26 -45
26 -44
26 -44
26 -43
26 -43
26 -43
26 -43
26 -43
26 -43
26 -43
26 -49
26 -43
26 -43
26 -43
26 -43
26 -43
26 -44
26 -44
26 -44
26 -44
26 -44
26 -44
26 -43
26 -43
26 -43
26 -44
26 -44
26 -44
26 -49
26 -43
26 -44
26 -44
26 -44
26 -44
26 -45
26 -44
26 -46
26 -46
26 -45
26 -45
26 -45
26 -46
26 -46
26 -46
26 -46
26 -46
26 -46
26 -46
26 -46
26 -45
26 -45
26 -45
26 -45
26 -45
26 -45
26 -45
26 -44
26 -44
26 -44
26 -44
26 -44
26 -45
26 -45
26 -46
26 -46
26 -46
26 -45
26 -45
26 -45
26 -44
26 -44
26 -43
26 -44
26 -44
26 -44
26 -44
26 -44
26 -45
26 -45
26 -45
26 -46
26 -46
26 -46
26 -46
26 -45
26 -45
26 -44
26 -43
26 -43
26 -43
26 -42
26 -42
26 -42
26 -42
26 -42
26 -42
26 -42
26 -42
26 -43
26 -43
26 -44
26 -45
26 -46
26 -46
26 -46
26 -46
26 -45
26 -45
26 -45
26 -45
26 -45
26 -45
26 -45
26 -45
26 -44
26 -44
26 -44
26 -44
26 -44
26 -44
26 -44
26 -44
26 -44
26 -44
26 -44
26 -44
26 -44
26 -43
26 -43
26 -43
26 -43
26 -42
26 -42
26 -42
26 -42
26 -43
26 -42
26 -42
26 -43
26 -43
26 -43
26 -42
26 -41
26 -43
26 -46
26 -46
26 -47
26 -46
26 -41
26 -42
26 -40
26 -40
26 -40
26 -39
26 -39
26 -39
26 -39
26 -39
26 -39
26 -40
26 -40
26 -40
26 -40
26 -40
26 -40
26 -40
26 -40
26 -40
26 -40
26 -40
26 -40
27 -60
27 -60
27 -60
27 -60
27 -60
27 -60
27 -60
27 -60
27 -60
27 -60
27 -60
27 -60
27 -60
27 -60
27 -63
27 -66
27 -62
27 -68
27 -58
27 -58
27 -58
27 -58
27 -57
27 -57
27 -55
27 -54
27 -53
27 -53
27 -54
27 -58
27 -56
27 -58
27 -58
27 -59
27 -60
27 -59
27 -59
27 -57
27 -58
27 -58
27 -58
27 -59
27 -60
27 -58
27 -55
27 -52
27 -52
27 -57
27 -50
27 -50
27 -51
27 -51
27 -52
27 -52
27 -52
27 -51
27 -51
27 -51
27 -62
27 -51
27 -52
27 -52
27 -52
27 -52
27 -51
27 -51
27 -51
27 -51
27 -51
27 -51
27 -50
27 -50
27 -50
27 -50
27 -51
27 -50
27 -49
27 -51
27 -51
27 -50
27 -50
27 -50
27 -50
27 -50
27 -50
27 -50
27 -50
27 -50
27 -50
27 -49
27 -49
27 -49
27 -49
27 -49
27 -49
27 -49
27 -49
27 -50
27 -50
27 -50
27 -49
27 -50
27 -50
27 -50
27 -50
27 -50
27 -50
27 -50
27 -50
27 -50
27 -50
27 -50
27 -50
27 -50
27 -50
27 -50
27 -50
27 -50
27 -50
27 -50
27 -50
27 -50
27 -50
27 -50
27 -49
27 -50
27 -50
27 -49
27 -49
27 -49
27 -49
27 -50
27 -49
27 -50
27 -49
27 -50
27 -50
27 -50
27 -50
27 -50
27 -50
27 -50
27 -50
27 -50
27 -51
27 -51
27 -51
27 -51
27 -52
27 -52
27 -52
27 -53
27 -53
27 -30
27 -61
27 -54
27 -54
27 -54
27 -64
27 -52
27 -52
27 -52
27 -52
27 -50
27 -50
27 -49
27 -50
27 -50
27 -51
27 -51
27 -52
27 -52
27 -52
27 -51
27 -50
27 -51
27 -50
27 -50
27 -51
27 -51
27 -60
27 -52
27 -52
27 -52
27 -52
27 -31
27 -52
27 -30
27 -52
27 -53
27 -54
27 -54
27 -54
27 -54
27 -53
27 -53
27 -53
27 -52
27 -52
27 -53
27 -53
27 -54
27 -54
27 -54
27 -54
27 -54
27 -54
27 -30
27 -55
27 -56
27 -57
27 -57
27 -57
27 -55
27 -54
27 -54
27 -54
27 -54
27 -54
27 -54
27 -54
27 -54
27 -54
27 -54
27 -54
27 -53
27 -52
27 -58
27 -54
27 -55
27 -55
27 -56
27 -58
27 -61
27 -64
27 -64
27 -64
27 -67
27 -59
27 -64
27 -64
27 -64
27 -66
27 -66
27 -61
27 -60
27 -58
27 -57
27 -58
27 -57
27 -56
27 -55
27 -56
27 -56
27 -55
27 -54
27 -54
27 -53
27 -52
27 -52
27 -52
27 -53
27 -53
27 -54
27 -53
27 -53
27 -52
27 -52
27 -52
27 -52
27 -52
27 -52
27 -52
27 -52
27 -52
27 -52
27 -52
27 -52
27 -52
27 -52
27 -52
27 -52
27 -52
27 -52
27 -52
27 -52
27 -52
27 -52
27 -52
27 -52
27 -52
27 -53
27 -53
27 -53
27 -53
27 -53
27 -53
27 -53
27 -53
27 -53
27 -53
27 -52
27 -52
27 -53
27 -52
27 -52
27 -52
27 -52
27 -58
27 -52
27 -52
27 -52
27 -52
27 -64
27 -59
27 -52
27 -52
27 -52
27 -52
27 -52
27 -52
27 -52
27 -52
27 -52
27 -52
27 -52
27 -52
27 -52
27 -52
27 -52
27 -52
27 -51
27 -52
27 -52
27 -52
27 -52
27 -52
27 -52
27 -52
27 -52
27 -52
27 -52
27 -52
27 -52
27 -52
27 -52
27 -52
27 -52
27 -53
27 -52
27 -52
27 -52
27 -52
27 -52
27 -52
27 -52
27 -52
27 -52
27 -52
27 -52
27 -53
27 -54
27 -55
27 -55
27 -54
27 -53
27 -53
27 -53
27 -52
27 -52
27 -52
27 -52
27 -52
27 -52
27 -52
27 -52
27 -52
27 -52
27 -52
27 -53
27 -53
27 -52
27 -53
27 -53
27 -53
27 -53
27 -53
27 -53
27 -52
27 -52
27 -52
27 -52
27 -52
27 -52
27 -52
27 -52
27 -52
27 -52
27 -52
27 -52
27 -52
27 -52
27 -52
27 -52
27 -52
27 -58
27 -52
27 -52
27 -52
27 -52
27 -52
27 -52
27 -52
27 -51
27 -52
27 -52
27 -51
27 -51
27 -51
27 -51
27 -51
27 -51
27 -51
27 -51
27 -51
27 -51
27 -51
27 -51
27 -51
27 -51
27 -51
27 -52
27 -51
27 -51
27 -51
27 -51
27 -51
27 -51
27 -51
27 -51
27 -51
27 -51
27 -51
27 -51
27 -51
27 -52
27 -52
27 -52
27 -52
27 -52
27 -52
27 -52
27 -52
27 -51
27 -52
27 -51
27 -51
27 -51
27 -51
27 -51
27 -51
27 -52
27 -52
27 -52
27 -52
27 -51
27 -51
27 -52
27 -52
27 -52
27 -52
27 -52
27 -52
27 -52
27 -53
27 -53
27 -54
27 -54
27 -54
27 -55
27 -56
27 -58
27 -58
27 -58
27 -58
27 -58
27 -58
27 -58
27 -58
27 -58
27 -58
27 -58
27 -58
27 -57
27 -57
27 -57
27 -57
27 -56
27 -56
27 -56
27 -56
27 -56
27 -56
27 -56
27 -56
27 -55
27 -55
27 -55
27 -55
27 -54
27 -54
27 -54
27 -54
27 -54
27 -54
27 -54
27 -53
27 -54
27 -53
27 -53
27 -53
27 -53
27 -53
27 -54
27 -57
27 -55
27 -52
27 -52
27 -53
27 -52
27 -52
27 -52
27 -52
27 -52
27 -52
27 -52
27 -52
27 -40
27 -57
27 -57
27 -56
27 -56
27 -56
27 -58
27 -58
27 -58
27 -59
27 -59
28 -75
28 -77
28 -63
28 -79
28 -83
28 -81
28 -73
28 -70
28 -65
28 -67
28 -64
28 -66
28 -67
28 -64
28 -63
28 -64
28 -65
28 -66
28 -66
28 -59
28 -66
28 -63
28 -61
28 -62
28 -60
28 -60
28 -61
28 -62
28 -46
28 -64
28 -73
28 -80
28 -74
28 -63
28 -64
28 -64
28 -62
28 -61
28 -64
28 -67
28 -67
28 -66
28 -66
28 -66
28 -66
28 -66
28 -69
28 -69
28 -69
28 -68
28 -68
28 -68
28 -68
28 -69
28 -64
28 -68
28 -69
28 -63
28 -67
28 -68
28 -69
28 -70
28 -69
28 -70
28 -70
28 -70
28 -60
28 -68
28 -69
28 -70
28 -70
28 -70
28 -70
28 -70
28 -70
28 -69
28 -68
28 -70
28 -70
28 -70
28 -70
28 -70
28 -70
28 -70
28 -71
28 -71
28 -72
28 -72
28 -73
28 -72
28 -73
28 -73
28 -70
28 -73
28 -72
28 -72
28 -72
28 -73
28 -72
28 -56
28 -72
28 -72
28 -71
28 -71
28 -71
28 -70
28 -70
28 -70
28 -71
28 -72
28 -70
28 -71
28 -70
28 -70
28 -70
28 -71
28 -70
28 -70
28 -70
28 -70
28 -70
28 -70
28 -70
28 -70
28 -71
28 -70
28 -70
28 -70
28 -70
28 -70
28 -72
28 -74
28 -76
28 -76
28 -78
28 -76
28 -75
28 -74
28 -73
28 -72
28 -73
28 -74
28 -74
28 -75
28 -76
28 -75
28 -76
28 -69
28 -72
28 -70
28 -70
28 -68
28 -65
28 -66
28 -67
28 -71
28 -72
28 -80
28 -72
28 -72
28 -73
28 -72
28 -71
28 -70
28 -70
28 -70
28 -70
28 -70
28 -69
28 -70
28 -70
28 -70
28 -69
28 -68
28 -68
28 -69
28 -68
28 -66
28 -66
28 -65
28 -65
28 -66
28 -66
28 -66
28 -66
28 -66
28 -66
28 -67
28 -67
28 -67
28 -67
28 -67
28 -66
28 -66
28 -66
28 -65
28 -64
28 -64
28 -67
28 -67
28 -70
28 -76
28 -78
28 -76
28 -73
28 -78
28 -65
28 -76
28 -74
28 -68
28 -73
28 -67
28 -83
28 -77
28 -76
28 -72
28 -70
28 -70
28 -70
28 -69
28 -69
28 -61
28 -66
28 -66
28 -66
28 -67
28 -68
28 -67
28 -67
28 -68
28 -67
28 -67
28 -67
28 -67
28 -67
28 -66
28 -66
28 -70
28 -71
28 -73
28 -74
28 -73
28 -74
28 -75
28 -75
28 -75
28 -77
28 -78
28 -56
28 -75
28 -73
28 -72
28 -73
28 -73
28 -72
28 -73
28 -73
28 -72
28 -74
28 -72
28 -72
28 -72
28 -74
28 -70
28 -74
28 -73
28 -73
28 -74
28 -74
28 -73
28 -74
28 -71
28 -72
28 -72
28 -72
28 -71
28 -71
28 -71
28 -71
28 -70
28 -70
28 -69
28 -69
28 -70
28 -70
28 -70
28 -70
28 -69
28 -70
28 -71
28 -72
28 -72
28 -72
28 -72
28 -72
28 -72
28 -71
28 -71
28 -71
28 -71
28 -70
28 -70
28 -70
28 -70
28 -70
28 -69
28 -69
28 -68
28 -67
28 -68
28 -73
28 -72
28 -73
28 -71
28 -69
28 -72
28 -74
28 -74
28 -75
28 -79
28 -80
28 -75
28 -71
28 -70
28 -72
28 -77
28 -71
28 -70
28 -70
28 -70
28 -71
28 -72
28 -76
28 -72
28 -71
28 -70
28 -69
28 -68
28 -69
28 -68
28 -69
28 -68
28 -68
28 -68
28 -68
28 -68
28 -68
28 -68
28 -68
28 -67
28 -68
28 -69
28 -69
28 -70
28 -70
28 -72
28 -71
28 -70
28 -71
28 -70
28 -72
28 -73
28 -72
28 -70
28 -72
28 -72
28 -71
28 -72
28 -73
28 -72
28 -71
28 -72
28 -73
28 -74
28 -74
28 -75
28 -74
28 -73
28 -74
28 -73
28 -73
28 -73
28 -72
28 -72
28 -72
28 -71
28 -71
28 -72
28 -72
28 -72
28 -70
28 -70
28 -70
28 -69
28 -69
28 -70
28 -72
28 -72
28 -72
28 -73
28 -73
28 -71
28 -70
28 -70
28 -69
28 -69
28 -68
28 -66
28 -66
28 -66
28 -69
28 -65
28 -65
28 -65
28 -65
28 -65
28 -66
28 -66
28 -67
28 -66
28 -67
28 -70
28 -67
28 -65
28 -66
28 -66
28 -66
28 -62
28 -64
28 -64
28 -64
28 -64
28 -64
28 -65
28 -65
28 -65
28 -66
28 -69
28 -71
28 -72
28 -72
28 -72
28 -73
28 -72
28 -72
28 -72
28 -72
28 -71
28 -71
28 -70
28 -70
28 -69
28 -80
28 -69
28 -69
28 -69
28 -69
28 -69
28 -69
28 -68
28 -67
28 -67
28 -67
28 -67
28 -65
28 -66
28 -67
28 -67
28 -68
28 -69
28 -69
28 -68
28 -67
28 -68
28 -71
28 -69
28 -70
28 -67
28 -67
28 -66
28 -67
28 -81
28 -69
28 -69
28 -69
28 -69
28 -69
28 -66
28 -67
28 -68
28 -67
28 -66
28 -76
28 -72
28 -71
28 -70
28 -69
28 -70
28 -71
28 -73
28 -74
28 -75
29 -68
29 -67
29 -69
29 -68
29 -69
29 -68
29 -69
29 -68
29 -62
29 -67
29 -69
29 -66
29 -66
29 -68
29 -70
29 -70
29 -73
29 -76
29 -78
29 -73
29 -71
29 -74
29 -64
29 -70
29 -73
29 -70
29 -69
29 -67
29 -68
29 -72
29 -73
29 -67
29 -64
29 -64
29 -66
29 -69
29 -70
29 -71
29 -73
29 -76
29 -72
29 -70
29 -67
29 -66
29 -66
29 -66
29 -66
29 -67
29 -68
29 -72
29 -76
29 -81
29 -81
29 -83
29 -84
29 -81
29 -83
29 -78
29 -80
29 -76
29 -74
29 -72
29 -72
29 -73
29 -74
29 -75
29 -75
29 -75
29 -76
29 -75
29 -75
29 -76
29 -76
29 -76
29 -71
29 -77
29 -68
29 -78
29 -78
29 -76
29 -76
29 -76
29 -76
29 -76
29 -78
29 -78
29 -79
29 -81
29 -82
29 -79
29 -78
29 -80
29 -78
29 -68
29 -77
29 -76
29 -76
29 -78
29 -80
29 -77
29 -76
29 -76
29 -75
29 -74
29 -73
29 -72
29 -73
29 -73
29 -74
29 -75
29 -75
29 -76
29 -75
29 -75
29 -74
29 -73
29 -73
29 -72
29 -73
29 -72
29 -76
29 -77
29 -80
29 -76
29 -72
29 -72
29 -73
29 -73
29 -66
29 -67
29 -64
29 -64
29 -64
29 -64
29 -64
29 -63
29 -63
29 -63
29 -63
29 -63
29 -63
29 -63
29 -64
29 -64
29 -64
29 -64
29 -64
29 -64
29 -65
29 -64
29 -66
29 -68
29 -67
29 -67
29 -66
29 -66
29 -66
29 -64
29 -64
29 -64
29 -60
29 -63
29 -64
29 -65
29 -66
29 -68
29 -68
29 -67
29 -66
29 -66
29 -66
29 -65
29 -64
29 -63
29 -62
29 -62
29 -62
29 -60
29 -60
29 -60
29 -65
29 -65
29 -64
29 -67
29 -66
29 -65
29 -66
29 -66
29 -66
29 -66
29 -66
29 -66
29 -66
29 -67
29 -69
29 -62
29 -69
29 -68
29 -68
29 -69
29 -70
29 -70
29 -70
29 -68
29 -68
29 -69
29 -72
29 -72
29 -71
29 -71
29 -71
29 -71
29 -70
29 -70
29 -68
29 -69
29 -70
29 -71
29 -71
29 -71
29 -70
29 -70
29 -70
29 -70
29 -70
29 -70
29 -70
29 -72
29 -74
29 -76
29 -74
29 -80
29 -85
29 -83
29 -81
29 -78
29 -75
29 -76
29 -75
29 -76
29 -68
29 -78
29 -76
29 -74
29 -70
29 -70
29 -69
29 -69
29 -69
29 -70
29 -70
29 -69
29 -67
29 -70
29 -70
29 -69
29 -68
29 -68
29 -69
29 -69
29 -70
29 -70
29 -71
29 -71
29 -71
29 -72
29 -71
29 -71
29 -70
29 -71
29 -76
29 -74
29 -73
29 -72
29 -72
29 -72
29 -72
29 -71
29 -69
29 -69
29 -70
29 -70
29 -70
29 -72
29 -71
29 -62
29 -67
29 -67
29 -67
29 -68
29 -70
29 -73
29 -75
29 -75
29 -75
29 -75
29 -75
29 -76
29 -76
29 -75
29 -74
29 -73
29 -73
29 -72
29 -73
29 -72
29 -72
29 -71
29 -71
29 -71
29 -70
29 -70
29 -71
29 -71
29 -71
29 -70
29 -71
29 -70
29 -70
29 -72
29 -73
29 -73
29 -73
29 -72
29 -73
29 -75
29 -76
29 -76
29 -74
29 -76
29 -70
29 -70
29 -71
29 -70
29 -70
29 -70
29 -70
29 -69
29 -70
29 -69
29 -68
29 -69
29 -68
29 -66
29 -69
29 -70
29 -70
29 -66
29 -70
29 -70
29 -70
29 -70
29 -70
29 -69
29 -69
29 -68
29 -68
29 -67
29 -67
29 -67
29 -66
29 -67
29 -66
29 -66
29 -66
29 -66
29 -66
29 -65
29 -65
29 -65
29 -64
29 -64
29 -64
29 -64
29 -64
29 -64
29 -64
29 -64
29 -64
29 -64
29 -62
29 -64
29 -64
29 -65
29 -65
29 -67
29 -69
29 -69
29 -69
29 -58
29 -70
29 -70
29 -69
29 -68
29 -67
29 -67
29 -67
29 -68
29 -68
29 -68
29 -68
29 -67
29 -66
29 -67
29 -52
29 -68
29 -68
29 -69
29 -69
29 -69
29 -64
29 -69
29 -69
29 -69
29 -68
29 -69
29 -69
29 -66
29 -69
29 -70
29 -70
29 -69
29 -70
29 -70
29 -70
29 -70
29 -70
29 -71
29 -68
29 -70
29 -62
29 -68
29 -66
29 -71
29 -73
29 -72
29 -76
29 -74
29 -66
29 -66
29 -66
29 -64
29 -64
29 -64
29 -65
29 -66
29 -65
29 -66
29 -68
29 -70
29 -69
29 -69
29 -69
29 -69
29 -69
29 -70
29 -70
29 -70
29 -70
29 -71
29 -72
30 -71
30 -71
30 -70
30 -70
30 -70
30 -70
30 -70
30 -70
30 -70
30 -64
30 -70
30 -71
30 -73
30 -71
30 -71
30 -72
30 -70
30 -71
30 -70
30 -70
30 -72
30 -72
30 -74
30 -70
30 -75
30 -72
30 -71
30 -72
30 -72
30 -73
30 -72
30 -73
30 -71
30 -69
30 -69
30 -68
30 -69
30 -64
30 -70
30 -72
30 -75
30 -79
30 -77
30 -76
30 -76
30 -76
30 -77
30 -78
30 -78
30 -77
30 -78
30 -78
30 -78
30 -77
30 -76
30 -75
30 -74
30 -73
30 -74
30 -73
30 -73
30 -73
30 -74
30 -74
30 -75
30 -73
30 -74
30 -74
30 -75
30 -75
30 -75
30 -75
30 -75
30 -75
30 -76
30 -76
30 -76
30 -76
30 -76
30 -76
30 -76
30 -75
30 -75
30 -76
30 -59
30 -76
30 -76
30 -76
30 -76
30 -76
30 -76
30 -76
30 -58
30 -76
30 -76
30 -76
30 -76
30 -76
30 -75
30 -75
30 -74
30 -75
30 -72
30 -73
30 -74
30 -74
30 -69
30 -74
30 -75
30 -75
30 -73
30 -72
30 -73
30 -75
30 -76
30 -76
30 -76
30 -76
30 -76
30 -76
30 -76
30 -76
30 -76
30 -76
30 -76
30 -76
30 -76
30 -77
30 -78
30 -77
30 -77
30 -76
30 -76
30 -76
30 -76
30 -76
30 -75
30 -75
30 -74
30 -74
30 -73
30 -73
30 -73
30 -73
30 -73
30 -73
30 -72
30 -72
30 -73
30 -72
30 -73
30 -73
30 -74
30 -75
30 -76
30 -76
30 -76
30 -76
30 -76
30 -76
30 -75
30 -42
30 -73
30 -74
30 -73
30 -76
30 -75
30 -78
30 -78
30 -78
30 -76
30 -77
30 -76
30 -76
30 -76
30 -76
30 -75
30 -75
30 -75
30 -73
30 -74
30 -73
30 -74
30 -74
30 -74
30 -74
30 -75
30 -76
30 -76
30 -76
30 -76
30 -76
30 -76
30 -77
30 -77
30 -76
30 -76
30 -75
30 -73
30 -72
30 -73
30 -74
30 -75
30 -74
30 -75
30 -76
30 -78
30 -79
30 -80
30 -81
30 -81
30 -81
30 -76
30 -75
30 -76
30 -72
30 -72
30 -70
30 -70
30 -70
30 -70
30 -70
30 -71
30 -71
30 -70
30 -70
30 -70
30 -72
30 -70
30 -72
30 -70
30 -70
30 -70
30 -70
30 -70
30 -71
30 -71
30 -72
30 -72
30 -72
30 -74
30 -74
30 -75
30 -74
30 -74
30 -75
30 -76
30 -76
30 -77
30 -78
30 -78
30 -77
30 -77
30 -76
30 -76
30 -76
30 -76
30 -76
30 -76
30 -76
30 -76
30 -76
30 -76
30 -76
30 -76
30 -75
30 -74
30 -73
30 -73
30 -73
30 -73
30 -73
30 -74
30 -74
30 -74
30 -74
30 -75
30 -76
30 -75
30 -76
30 -75
30 -76
30 -76
30 -75
30 -75
30 -75
30 -75
30 -76
30 -75
30 -76
30 -76
30 -76
30 -76
30 -76
30 -76
30 -78
30 -78
30 -78
30 -79
30 -79
30 -79
30 -79
30 -79
30 -79
30 -71
30 -78
30 -77
30 -78
30 -76
30 -44
30 -77
30 -76
30 -76
30 -77
30 -76
30 -54
30 -74
30 -75
30 -76
30 -75
30 -75
30 -76
30 -76
30 -76
30 -76
30 -75
30 -74
30 -73
30 -71
30 -71
30 -73
30 -74
30 -68
30 -74
30 -74
30 -74
30 -75
30 -75
30 -78
30 -77
30 -77
30 -76
30 -76
30 -76
30 -70
30 -75
30 -75
30 -75
30 -75
30 -76
30 -76
30 -76
30 -76
30 -78
30 -79
30 -78
30 -78
30 -78
30 -78
30 -78
30 -78
30 -78
30 -78
30 -77
30 -78
30 -78
30 -79
30 -78
30 -79
30 -79
30 -78
30 -78
30 -77
30 -78
30 -78
30 -77
30 -78
30 -78
30 -78
30 -77
30 -78
30 -79
30 -79
30 -80
30 -81
30 -51
30 -81
30 -73
30 -44
30 -83
30 -84
30 -83
30 -79
30 -77
30 -77
30 -75
30 -74
30 -73
30 -72
30 -72
30 -71
30 -71
30 -71
30 -71
30 -71
30 -71
30 -70
30 -70
30 -70
30 -71
30 -70
30 -70
30 -70
30 -70
30 -70
30 -70
30 -70
30 -70
30 -70
30 -70
30 -70
30 -71
30 -71
30 -70
30 -70
30 -70
30 -70
30 -70
30 -70
30 -70
30 -70
30 -70
30 -70
30 -70
30 -70
30 -70
30 -69
30 -70
30 -68
30 -71
30 -71
30 -71
30 -72
30 -72
30 -71
30 -72
30 -70
30 -71
30 -70
30 -72
30 -72
30 -76
30 -75
30 -76
30 -75
30 -73
30 -74
30 -73
30 -73
30 -72
30 -72
30 -70
30 -68
30 -67
30 -68
30 -68
30 -69
30 -69
30 -69
30 -69
30 -69
30 -69
30 -69
30 -69
31 -80
31 -79
31 -79
31 -77
31 -75
31 -76
31 -76
31 -76
31 -78
31 -61
31 -79
31 -82
31 -84
31 -81
31 -62
31 -75
31 -69
31 -78
31 -79
31 -76
31 -74
31 -74
31 -73
31 -73
31 -73
31 -73
31 -73
31 -74
31 -74
31 -73
31 -72
31 -73
31 -74
31 -75
31 -76
31 -77
31 -76
31 -77
31 -77
31 -69
31 -77
31 -77
31 -78
31 -77
31 -76
31 -76
31 -77
31 -71
31 -77
31 -69
31 -76
31 -72
31 -76
31 -76
31 -76
31 -76
31 -76
31 -76
31 -76
31 -76
31 -76
31 -76
31 -71
31 -76
31 -75
31 -75
31 -76
31 -75
31 -75
31 -75
31 -76
31 -75
31 -76
31 -76
31 -76
31 -76
31 -76
31 -76
31 -76
31 -76
31 -76
31 -76
31 -76
31 -76
31 -75
31 -76
31 -76
31 -75
31 -75
31 -76
31 -76
31 -76
31 -76
31 -75
31 -76
31 -76
31 -75
31 -70
31 -75
31 -75
31 -74
31 -75
31 -75
31 -75
31 -75
31 -75
31 -72
31 -74
31 -75
31 -74
31 -74
31 -74
31 -74
31 -74
31 -75
31 -74
31 -75
31 -75
31 -74
31 -74
31 -74
31 -74
31 -51
31 -74
31 -75
31 -75
31 -75
31 -75
31 -76
31 -77
31 -77
31 -76
31 -75
31 -75
31 -76
31 -72
31 -72
31 -73
31 -73
31 -73
31 -73
31 -74
31 -73
31 -73
31 -74
31 -74
31 -74
31 -74
31 -74
31 -74
31 -74
31 -74
31 -74
31 -74
31 -74
31 -74
31 -74
31 -73
31 -72
31 -68
31 -73
31 -73
31 -73
31 -73
31 -73
31 -74
31 -73
31 -73
31 -74
31 -73
31 -72
31 -72
31 -72
31 -72
31 -72
31 -75
31 -74
31 -76
31 -76
31 -76
31 -78
31 -80
31 -83
31 -84
31 -84
31 -85
31 -84
31 -86
31 -83
31 -79
31 -79
31 -81
31 -79
31 -80
31 -77
31 -76
31 -76
31 -76
31 -77
31 -81
31 -80
31 -80
31 -80
31 -82
31 -84
31 -84
31 -78
31 -78
31 -76
31 -77
31 -78
31 -75
31 -78
31 -78
31 -78
31 -80
31 -81
31 -81
31 -81
31 -81
31 -72
31 -83
31 -84
31 -83
31 -63
31 -81
31 -73
31 -78
31 -78
31 -78
31 -78
31 -77
31 -76
31 -76
31 -77
31 -68
31 -76
31 -76
31 -70
31 -77
31 -77
31 -78
31 -78
31 -79
31 -79
31 -81
31 -79
31 -76
31 -76
31 -79
31 -78
31 -81
31 -80
31 -78
31 -58
31 -75
31 -78
31 -76
31 -76
31 -76
31 -76
31 -76
31 -80
31 -81
31 -82
31 -82
31 -82
31 -82
31 -81
31 -83
31 -81
31 -81
31 -80
31 -79
31 -78
31 -78
31 -78
31 -78
31 -78
31 -77
31 -77
31 -77
31 -79
31 -80
31 -80
31 -80
31 -78
31 -77
31 -76
31 -76
31 -76
31 -77
31 -78
31 -78
31 -79
31 -80
31 -80
31 -78
31 -78
31 -77
31 -76
31 -76
31 -46
31 -76
31 -77
31 -78
31 -77
31 -78
31 -79
31 -80
31 -81
31 -76
31 -84
31 -81
31 -81
31 -80
31 -78
31 -79
31 -79
31 -78
31 -77
31 -66
31 -78
31 -77
31 -81
31 -81
31 -80
31 -79
31 -80
31 -80
31 -79
31 -79
31 -79
31 -79
31 -78
31 -79
31 -80
31 -80
31 -81
31 -81
31 -80
31 -79
31 -80
31 -80
31 -79
31 -76
31 -78
31 -78
31 -85
31 -83
31 -83
31 -85
31 -84
32 -64
32 -68
32 -67
32 -66
32 -66
32 -65
32 -65
32 -65
32 -66
32 -66
32 -66
32 -65
32 -64
32 -61
32 -60
32 -58
32 -58
32 -59
32 -60
32 -58
32 -57
32 -56
32 -55
32 -54
32 -54
32 -56
32 -58
32 -59
32 -63
32 -60
32 -60
32 -60
32 -58
32 -58
32 -58
32 -60
32 -62
32 -62
32 -63
32 -61
32 -58
32 -60
32 -61
32 -64
32 -59
32 -57
32 -54
32 -54
32 -53
32 -54
32 -54
32 -54
32 -53
32 -53
32 -52
32 -53
32 -54
32 -54
32 -55
32 -56
32 -56
32 -55
32 -55
32 -54
32 -54
32 -54
32 -54
32 -54
32 -54
32 -54
32 -54
32 -54
32 -54
32 -54
32 -54
32 -55
32 -56
32 -57
32 -56
32 -56
32 -56
32 -56
32 -56
32 -56
32 -56
32 -57
32 -57
32 -57
32 -57
32 -57
32 -57
32 -57
32 -57
32 -58
32 -58
32 -58
32 -58
32 -60
32 -60
32 -60
32 -60
32 -61
32 -61
32 -62
32 -63
32 -63
32 -63
32 -62
32 -62
32 -62
32 -61
32 -60
32 -60
32 -60
32 -59
32 -58
32 -58
32 -58
32 -58
32 -57
32 -57
32 -58
32 -58
32 -58
32 -58
32 -59
32 -59
32 -59
32 -59
32 -58
32 -58
32 -58
32 -57
32 -57
32 -57
32 -57
32 -58
32 -58
32 -58
32 -60
32 -60
32 -61
32 -63
32 -64
32 -65
32 -66
32 -68
32 -70
32 -70
32 -70
32 -70
32 -71
32 -70
32 -70
32 -69
32 -68
32 -66
32 -65
32 -64
32 -60
32 -59
32 -58
32 -56
32 -55
32 -54
32 -54
32 -54
32 -54
32 -55
32 -56
32 -54
32 -58
32 -57
32 -57
32 -55
32 -54
32 -54
32 -54
32 -54
32 -55
32 -55
32 -55
32 -55
32 -55
32 -55
32 -55
32 -54
32 -54
32 -54
32 -54
32 -53
32 -54
32 -54
32 -54
32 -54
32 -54
32 -54
32 -54
32 -54
32 -54
32 -54
32 -55
32 -55
32 -56
32 -56
32 -56
32 -57
32 -56
32 -56
32 -56
32 -55
32 -55
32 -55
32 -44
32 -55
32 -54
32 -55
32 -54
32 -53
32 -54
32 -54
32 -55
32 -54
32 -55
32 -56
32 -57
32 -57
32 -57
32 -57
32 -57
32 -56
32 -56
32 -56
32 -56
32 -56
32 -56
32 -57
32 -55
32 -58
32 -55
32 -54
32 -55
32 -55
32 -54
32 -54
32 -54
32 -54
32 -54
32 -54
32 -54
32 -54
32 -54
32 -54
32 -53
32 -53
32 -52
32 -52
32 -52
32 -53
32 -53
32 -54
32 -54
32 -54
32 -55
32 -56
32 -56
32 -56
32 -55
32 -55
32 -55
32 -54
32 -54
32 -54
32 -54
32 -54
32 -54
32 -53
32 -53
32 -53
32 -52
32 -52
32 -52
32 -52
32 -52
32 -52
32 -52
32 -52
32 -52
32 -52
32 -52
32 -52
32 -52
32 -52
32 -52
32 -52
32 -52
32 -52
32 -52
32 -52
32 -52
32 -52
32 -52
32 -52
32 -52
32 -52
32 -52
32 -52
32 -52
32 -52
32 -52
32 -52
32 -52
32 -52
32 -52
32 -52
32 -52
32 -53
32 -53
32 -53
32 -53
32 -53
32 -53
32 -54
32 -54
32 -53
32 -54
32 -53
32 -53
32 -53
32 -53
32 -53
32 -53
32 -53
32 -52
32 -52
32 -52
32 -52
32 -52
32 -52
32 -53
32 -53
32 -54
32 -54
32 -54
32 -54
32 -52
32 -53
32 -54
32 -54
32 -54
32 -54
32 -54
32 -53
32 -54
32 -55
32 -56
32 -55
32 -56
32 -56
32 -56
32 -56
32 -55
32 -54
32 -53
32 -52
32 -52
32 -52
32 -52
32 -52
32 -52
32 -52
32 -52
32 -52
32 -52
32 -52
32 -52
32 -52
32 -52
32 -52
32 -52
32 -52
32 -52
32 -52
32 -52
32 -52
32 -52
32 -53
32 -52
32 -53
32 -53
32 -52
32 -52
32 -53
32 -53
32 -52
32 -52
32 -53
32 -52
32 -53
32 -44
32 -52
32 -52
32 -53
32 -54
32 -54
32 -54
32 -54
32 -55
32 -56
32 -55
32 -55
32 -54
32 -54
32 -54
32 -54
32 -54
32 -54
32 -54
32 -55
32 -55
32 -55
32 -56
32 -56
32 -56
32 -56
32 -55
32 -55
32 -55
32 -54
32 -54
32 -54
32 -54
32 -54
32 -55
32 -57
32 -57
32 -57
32 -57
32 -57
32 -57
32 -57
32 -56
32 -56
32 -56
32 -56
32 -56
32 -55
32 -56
32 -55
32 -55
32 -55
32 -54
32 -54
32 -54
32 -53
32 -53
32 -53
32 -53
32 -53
32 -53
32 -53
32 -54
32 -54
32 -54
32 -54
32 -54
32 -54
32 -54
32 -54
32 -54
32 -54
32 -54
32 -54
32 -54
32 -54
32 -54
32 -54
32 -54
32 -54
32 -54
32 -54
32 -54
32 -54
32 -54
32 -54
32 -54
32 -54
32 -54
32 -54
32 -54
32 -64
32 -54
32 -54
32 -54
32 -54
32 -54
32 -54
32 -54
32 -54
32 -54
32 -54
32 -54
32 -54
32 -54
32 -54
32 -55
32 -56
32 -56
32 -55
32 -55
32 -55
32 -58
32 -58
32 -62
32 -62
32 -60
32 -60
32 -58
32 -60
32 -59
32 -59
32 -59
32 -58
32 -58
32 -59
32 -59
32 -59
32 -59
32 -60
32 -59
32 -59
33 -58
33 -59
33 -58
33 -59
33 -58
33 -59
33 -59
33 -59
33 -58
33 -59
33 -58
33 -58
33 -58
33 -58
33 -59
33 -60
33 -59
33 -58
33 -60
33 -64
33 -72
33 -68
33 -67
33 -64
33 -63
33 -60
33 -57
33 -57
33 -60
33 -58
33 -60
33 -55
33 -55
33 -54
33 -54
33 -54
33 -53
33 -54
33 -54
33 -55
33 -56
33 -74
33 -70
33 -68
33 -58
33 -55
33 -53
33 -52
33 -52
33 -53
33 -52
33 -53
33 -53
33 -53
33 -55
33 -58
33 -66
33 -70
33 -71
33 -72
33 -70
33 -66
33 -61
33 -60
33 -61
33 -60
33 -59
33 -59
33 -59
33 -59
33 -61
33 -62
33 -64
33 -64
33 -61
33 -60
33 -59
33 -59
33 -59
33 -59
33 -42
33 -60
33 -59
33 -59
33 -58
33 -58
33 -58
33 -58
33 -58
33 -58
33 -57
33 -58
33 -58
33 -57
33 -57
33 -57
33 -57
33 -57
33 -56
33 -56
33 -56
33 -56
33 -55
33 -55
33 -55
33 -55
33 -56
33 -56
33 -56
33 -56
33 -56
33 -56
33 -56
33 -57
33 -57
33 -57
33 -57
33 -57
33 -57
33 -57
33 -57
33 -57
33 -57
33 -57
33 -56
33 -56
33 -55
33 -56
33 -56
33 -56
33 -56
33 -56
33 -56
33 -56
33 -56
33 -56
33 -56
33 -56
33 -56
33 -56
33 -56
33 -56
33 -55
33 -54
33 -54
33 -54
33 -54
33 -55
33 -55
33 -55
33 -55
33 -55
33 -55
33 -55
33 -55
33 -55
33 -56
33 -56
33 -56
33 -56
33 -56
33 -57
33 -58
33 -58
33 -61
33 -66
33 -72
33 -65
33 -59
33 -58
33 -60
33 -60
33 -60
33 -59
33 -58
33 -58
33 -58
33 -58
33 -58
33 -58
33 -58
33 -58
33 -58
33 -58
33 -58
33 -59
33 -59
33 -58
33 -58
33 -57
33 -58
33 -59
33 -60
33 -60
33 -60
33 -60
33 -60
33 -60
33 -60
33 -60
33 -60
33 -60
33 -60
33 -60
33 -58
33 -59
33 -60
33 -60
33 -60
33 -60
33 -60
33 -61
33 -64
33 -61
33 -64
33 -66
33 -68
33 -64
33 -63
33 -64
33 -64
33 -62
33 -62
33 -62
33 -62
33 -62
33 -62
33 -60
33 -62
33 -71
33 -71
33 -65
33 -64
33 -62
33 -63
33 -65
33 -66
33 -66
33 -66
33 -68
33 -68
33 -68
33 -67
33 -65
33 -64
33 -64
33 -64
33 -64
33 -62
33 -60
33 -58
33 -58
33 -58
33 -58
33 -58
33 -58
33 -58
33 -58
33 -57
33 -56
33 -56
33 -55
33 -56
33 -56
33 -56
33 -56
33 -59
33 -62
33 -63
33 -64
33 -64
33 -64
33 -63
33 -62
33 -63
33 -62
33 -61
33 -60
33 -60
33 -60
33 -60
33 -60
33 -60
33 -61
33 -61
33 -62
33 -63
33 -63
33 -64
33 -64
33 -64
33 -64
33 -64
33 -64
33 -62
33 -67
33 -60
33 -59
33 -58
33 -58
33 -58
33 -58
33 -58
33 -58
33 -51
33 -58
33 -58
33 -58
33 -58
33 -58
33 -57
33 -57
33 -57
33 -57
33 -57
33 -57
33 -58
33 -58
33 -58
33 -58
33 -58
33 -59
33 -60
33 -60
33 -60
33 -59
33 -61
33 -60
33 -60
33 -58
33 -57
33 -56
33 -57
33 -56
33 -56
33 -57
33 -58
33 -58
33 -58
33 -57
33 -56
33 -55
33 -54
33 -54
33 -54
33 -54
33 -55
33 -55
33 -56
33 -57
33 -58
33 -58
33 -59
33 -60
33 -61
33 -64
33 -65
33 -64
33 -65
33 -65
33 -66
33 -66
33 -66
33 -66
33 -65
33 -64
33 -61
33 -61
33 -52
33 -60
33 -60
33 -60
33 -59
33 -59
33 -60
33 -60
33 -59
33 -58
33 -58
33 -58
33 -58
33 -57
33 -56
33 -56
33 -56
33 -56
33 -56
33 -57
33 -58
33 -58
33 -58
33 -57
33 -57
33 -57
33 -54
33 -56
33 -56
33 -56
33 -56
33 -56
33 -57
33 -57
33 -56
33 -57
33 -57
33 -57
33 -57
33 -57
33 -57
33 -57
33 -58
33 -58
33 -57
33 -57
33 -57
33 -56
33 -56
33 -55
33 -55
33 -55
33 -55
33 -56
33 -56
33 -57
33 -57
33 -58
33 -58
33 -58
33 -58
33 -58
33 -58
33 -58
33 -58
33 -57
33 -57
33 -57
33 -57
33 -56
33 -56
33 -57
33 -57
33 -58
33 -58
33 -60
33 -61
33 -62
33 -64
33 -66
33 -70
33 -73
33 -69
33 -74
33 -61
33 -60
33 -58
33 -57
33 -56
33 -55
33 -55
33 -56
33 -56
33 -56
33 -56
33 -57
33 -57
33 -57
33 -57
33 -57
33 -57
33 -57
33 -58
33 -58
33 -58
33 -58
33 -58
33 -58
33 -59
33 -58
33 -58
33 -59
33 -59
33 -60
33 -58
33 -60
33 -60
33 -61
33 -30
33 -61
33 -61
33 -61
33 -62
33 -62
33 -63
33 -60
33 -60
33 -60
33 -62
33 -68
33 -72
33 -77
33 -71
33 -66
33 -64
33 -66
33 -68
33 -70
33 -71
33 -67
33 -62
33 -59
33 -59
33 -59
33 -60
33 -60
33 -59
33 -58
33 -58
33 -58
33 -57
33 -57
33 -57
33 -57
34 -62
34 -62
34 -62
34 -63
34 -63
34 -63
34 -63
34 -63
34 -63
34 -62
34 -62
34 -61
34 -60
34 -61
34 -61
34 -63
34 -66
34 -64
34 -64
34 -63
34 -62
34 -60
34 -62
34 -62
34 -62
34 -62
34 -60
34 -60
34 -60
34 -61
34 -63
34 -64
34 -65
34 -67
34 -67
34 -66
34 -64
34 -61
34 -60
34 -60
34 -60
34 -60
34 -61
34 -63
34 -64
34 -66
34 -68
34 -67
34 -70
34 -70
34 -68
34 -65
34 -63
34 -61
34 -60
34 -60
34 -60
34 -60
34 -60
34 -60
34 -61
34 -61
34 -61
34 -62
34 -62
34 -63
34 -63
34 -64
34 -64
34 -64
34 -64
34 -64
34 -63
34 -63
34 -64
34 -65
34 -66
34 -66
34 -67
34 -67
34 -66
34 -66
34 -59
34 -66
34 -68
34 -68
34 -69
34 -69
34 -70
34 -70
34 -70
34 -70
34 -70
34 -71
34 -70
34 -71
34 -70
34 -70
34 -70
34 -70
34 -70
34 -69
34 -68
34 -66
34 -65
34 -45
34 -65
34 -66
34 -66
34 -66
34 -67
34 -67
34 -68
34 -69
34 -69
34 -70
34 -70
34 -70
34 -69
34 -69
34 -69
34 -70
34 -70
34 -70
34 -70
34 -69
34 -70
34 -70
34 -71
34 -72
34 -73
34 -75
34 -76
34 -77
34 -77
34 -76
34 -75
34 -72
34 -70
34 -68
34 -64
34 -65
34 -64
34 -63
34 -62
34 -62
34 -61
34 -61
34 -60
34 -61
34 -61
34 -61
34 -62
34 -62
34 -63
34 -64
34 -65
34 -66
34 -70
34 -72
34 -70
34 -63
34 -60
34 -60
34 -58
34 -58
34 -60
34 -63
34 -69
34 -72
34 -74
34 -74
34 -72
34 -70
34 -79
34 -74
34 -77
34 -76
34 -75
34 -75
34 -76
34 -76
34 -76
34 -77
34 -81
34 -84
34 -82
34 -84
34 -81
34 -76
34 -73
34 -75
34 -81
34 -76
34 -73
34 -72
34 -70
34 -68
34 -66
34 -65
34 -68
34 -69
34 -64
34 -58
34 -58
34 -58
34 -58
34 -58
34 -58
34 -58
34 -58
34 -58
34 -58
34 -58
34 -58
34 -58
34 -58
34 -58
34 -58
34 -58
34 -59
34 -62
34 -58
34 -58
34 -58
34 -58
34 -58
34 -59
34 -59
34 -60
34 -60
34 -62
34 -62
34 -62
34 -62
34 -63
34 -64
34 -64
34 -64
34 -65
34 -65
34 -64
34 -64
34 -64
34 -63
34 -63
34 -63
34 -64
34 -65
34 -66
34 -67
34 -69
34 -69
34 -68
34 -67
34 -68
34 -66
34 -66
34 -65
34 -64
34 -64
34 -63
34 -63
34 -63
34 -63
34 -63
34 -62
34 -62
34 -62
34 -64
34 -63
34 -63
34 -64
34 -64
34 -64
34 -64
34 -64
34 -64
34 -64
34 -58
34 -63
34 -63
34 -63
34 -63
34 -63
34 -63
34 -72
34 -64
34 -65
34 -66
34 -66
34 -66
34 -66
34 -67
34 -67
34 -68
34 -68
34 -68
34 -68
34 -67
34 -67
34 -68
34 -68
34 -68
34 -67
34 -67
34 -67
34 -67
34 -66
34 -65
34 -64
34 -64
34 -64
34 -64
34 -63
34 -63
34 -64
34 -66
34 -67
34 -70
34 -69
34 -67
34 -66
34 -63
34 -61
34 -60
34 -60
34 -60
34 -60
34 -60
34 -60
34 -60
34 -60
34 -60
34 -61
34 -61
34 -62
34 -63
34 -64
34 -64
34 -65
34 -66
34 -66
34 -66
34 -65
34 -64
34 -64
34 -63
34 -63
34 -63
34 -63
34 -63
34 -63
34 -63
34 -63
34 -63
34 -64
34 -64
34 -64
34 -64
34 -64
34 -66
34 -66
34 -66
34 -66
34 -65
34 -66
34 -66
34 -66
34 -66
34 -66
34 -66
34 -65
34 -65
34 -65
34 -66
34 -66
34 -66
34 -66
34 -66
34 -66
34 -66
34 -66
34 -66
34 -66
34 -66
34 -67
34 -67
34 -67
34 -67
34 -68
34 -68
34 -68
34 -68
34 -68
34 -68
34 -67
34 -67
34 -66
34 -67
34 -66
34 -66
34 -66
34 -66
34 -65
34 -65
34 -66
34 -67
34 -67
34 -67
34 -67
34 -68
34 -68
34 -68
34 -68
34 -68
34 -68
34 -68
34 -67
34 -67
34 -66
34 -66
34 -66
34 -66
34 -66
34 -66
34 -67
34 -67
34 -67
34 -68
34 -70
34 -71
34 -71
34 -70
34 -71
34 -70
34 -70
34 -69
34 -66
34 -64
34 -64
34 -63
34 -63
34 -61
34 -61
34 -60
34 -60
34 -60
34 -60
34 -60
34 -60
34 -61
34 -62
34 -62
34 -62
34 -62
34 -61
34 -61
34 -61
34 -60
34 -60
34 -61
34 -61
34 -60
34 -60
34 -60
34 -60
34 -60
34 -60
34 -60
34 -60
34 -60
34 -60
34 -60
34 -60
34 -60
34 -65
34 -60
34 -60
34 -58
34 -60
34 -60
34 -60
34 -60
34 -60
34 -60
34 -60
34 -60
34 -60
34 -60
34 -60
34 -60
34 -58
34 -58
34 -58
34 -58
34 -58
34 -59
34 -59
34 -60
34 -60
34 -60
34 -58
34 -58
34 -58
34 -60
34 -60
34 -58
34 -58
34 -58
34 -58
34 -58
34 -58
34 -58
34 -58
34 -58
34 -58
34 -58
34 -58
34 -58
35 -70
35 -69
35 -69
35 -68
35 -61
35 -69
35 -69
35 -69
35 -69
35 -69
35 -67
35 -64
35 -64
35 -67
35 -69
35 -66
35 -64
35 -63
35 -62
35 -62
35 -63
35 -63
35 -63
35 -62
35 -60
35 -59
35 -60
35 -60
35 -61
35 -62
35 -62
35 -63
35 -64
35 -66
35 -65
35 -64
35 -64
35 -64
35 -64
35 -64
35 -62
35 -62
35 -62
35 -63
35 -64
35 -65
35 -66
35 -67
35 -70
35 -72
35 -73
35 -69
35 -71
35 -72
35 -70
35 -66
35 -64
35 -63
35 -62
35 -62
35 -61
35 -62
35 -62
35 -64
35 -66
35 -67
35 -69
35 -70
35 -70
35 -71
35 -72
35 -73
35 -74
35 -74
35 -76
35 -76
35 -76
35 -78
35 -83
35 -82
35 -78
35 -76
35 -76
35 -76
35 -78
35 -79
35 -76
35 -75
35 -74
35 -57
35 -70
35 -71
35 -70
35 -70
35 -69
35 -69
35 -69
35 -68
35 -68
35 -68
35 -68
35 -67
35 -66
35 -65
35 -65
35 -64
35 -64
35 -64
35 -64
35 -64
35 -64
35 -64
35 -64
35 -64
35 -64
35 -64
35 -65
35 -66
35 -67
35 -70
35 -69
35 -69
35 -69
35 -67
35 -66
35 -65
35 -64
35 -65
35 -66
35 -66
35 -66
35 -66
35 -66
35 -66
35 -66
35 -66
35 -65
35 -64
35 -64
35 -64
35 -62
35 -62
35 -61
35 -60
35 -60
35 -60
35 -59
35 -59
35 -59
35 -60
35 -60
35 -60
35 -61
35 -61
35 -62
35 -64
35 -65
35 -70
35 -43
35 -78
35 -74
35 -70
35 -68
35 -66
35 -65
35 -73
35 -70
35 -66
35 -66
35 -66
35 -66
35 -67
35 -66
35 -66
35 -68
35 -68
35 -67
35 -67
35 -66
35 -66
35 -66
35 -66
35 -65
35 -65
35 -66
35 -67
35 -67
35 -67
35 -67
35 -66
35 -64
35 -66
35 -66
35 -66
35 -66
35 -54
35 -65
35 -64
35 -64
35 -63
35 -62
35 -62
35 -63
35 -64
35 -65
35 -66
35 -66
35 -67
35 -68
35 -69
35 -70
35 -72
35 -72
35 -72
35 -72
35 -81
35 -68
35 -61
35 -60
35 -59
35 -60
35 -60
35 -60
35 -60
35 -60
35 -60
35 -59
35 -60
35 -61
35 -62
35 -64
35 -62
35 -63
35 -64
35 -64
35 -64
35 -64
35 -65
35 -66
35 -68
35 -67
35 -69
35 -71
35 -70
35 -70
35 -72
35 -73
35 -72
35 -72
35 -71
35 -70
35 -70
35 -70
35 -71
35 -70
35 -70
35 -70
35 -70
35 -70
35 -70
35 -70
35 -70
35 -69
35 -68
35 -68
35 -68
35 -68
35 -69
35 -70
35 -73
35 -73
35 -71
35 -71
35 -71
35 -71
35 -63
35 -71
35 -72
35 -71
35 -72
35 -73
35 -72
35 -72
35 -73
35 -73
35 -74
35 -73
35 -73
35 -72
35 -72
35 -72
35 -70
35 -70
35 -70
35 -69
35 -70
35 -70
35 -71
35 -72
35 -72
35 -70
35 -70
35 -69
35 -69
35 -69
35 -69
35 -68
35 -68
35 -68
35 -68
35 -68
35 -69
35 -69
35 -70
35 -70
35 -71
35 -72
35 -73
35 -74
35 -74
35 -74
35 -76
35 -72
35 -71
35 -69
35 -67
35 -66
35 -64
35 -64
35 -63
35 -64
35 -62
35 -62
35 -63
35 -64
35 -65
35 -66
35 -67
35 -68
35 -70
35 -74
35 -76
35 -77
35 -75
35 -72
35 -72
35 -72
35 -70
35 -70
35 -70
35 -70
35 -72
35 -75
35 -76
35 -77
35 -78
35 -78
35 -76
35 -76
35 -75
35 -75
35 -74
35 -75
35 -73
35 -72
35 -74
35 -75
35 -74
35 -73
35 -73
35 -72
35 -72
35 -72
35 -72
35 -71
35 -72
35 -72
35 -54
35 -71
35 -70
35 -69
35 -68
35 -68
35 -69
35 -70
35 -70
35 -70
35 -69
35 -70
35 -70
35 -65
35 -72
35 -72
35 -73
35 -59
35 -70
35 -70
35 -68
35 -67
35 -67
35 -68
35 -68
35 -69
35 -70
35 -71
35 -72
35 -70
35 -72
35 -73
35 -74
35 -74
35 -72
35 -72
35 -72
35 -71
35 -69
35 -68
35 -67
35 -67
35 -61
35 -66
35 -70
35 -71
35 -73
35 -78
35 -75
35 -73
35 -72
35 -70
35 -68
35 -66
35 -64
35 -63
35 -63
35 -62
35 -61
35 -60
35 -60
35 -59
35 -58
35 -58
35 -58
35 -58
35 -59
35 -59
35 -59
35 -59
35 -58
35 -58
35 -58
35 -58
35 -59
35 -59
35 -59
35 -59
35 -59
35 -59
35 -59
35 -60
35 -59
35 -59
35 -59
35 -60
35 -60
35 -60
35 -60
35 -60
35 -60
35 -60
35 -60
35 -60
35 -60
35 -60
35 -60
35 -60
35 -60
35 -60
35 -60
35 -60
35 -63
35 -60
35 -62
35 -62
35 -63
35 -63
35 -64
35 -68
35 -70
35 -66
35 -66
35 -68
35 -69
35 -69
35 -67
35 -66
35 -66
35 -66
35 -67
35 -67
35 -66
35 -66
35 -66
35 -65
35 -65
35 -64
35 -64
36 -58
36 -77
36 -76
36 -76
36 -76
36 -76
36 -77
36 -77
36 -78
36 -81
36 -80
36 -74
36 -70
36 -73
36 -74
36 -70
36 -70
36 -68
36 -68
36 -70
36 -72
36 -77
36 -54
36 -76
36 -70
36 -72
36 -72
36 -74
36 -71
36 -64
36 -63
36 -62
36 -61
36 -60
36 -60
36 -61
36 -62
36 -64
36 -67
36 -74
36 -70
36 -69
36 -69
36 -68
36 -66
36 -66
36 -66
36 -66
36 -67
36 -68
36 -67
36 -72
36 -72
36 -74
36 -75
36 -73
36 -71
36 -69
36 -69
36 -70
36 -70
36 -70
36 -70
36 -70
36 -71
36 -70
36 -69
36 -68
36 -69
36 -70
36 -69
36 -70
36 -69
36 -69
36 -70
36 -70
36 -71
36 -71
36 -70
36 -71
36 -71
36 -71
36 -71
36 -72
36 -72
36 -73
36 -73
36 -73
36 -74
36 -74
36 -73
36 -74
36 -75
36 -76
36 -77
36 -78
36 -77
36 -77
36 -77
36 -76
36 -70
36 -76
36 -76
36 -76
36 -74
36 -74
36 -74
36 -74
36 -74
36 -72
36 -69
36 -71
36 -71
36 -71
36 -71
36 -71
36 -72
36 -71
36 -70
36 -70
36 -70
36 -68
36 -68
36 -68
36 -68
36 -44
36 -70
36 -70
36 -72
36 -74
36 -71
36 -82
36 -84
36 -80
36 -77
36 -75
36 -73
36 -70
36 -70
36 -69
36 -67
36 -67
36 -67
36 -66
36 -67
36 -68
36 -70
36 -76
36 -72
36 -71
36 -70
36 -69
36 -70
36 -54
36 -74
36 -76
36 -76
36 -76
36 -76
36 -76
36 -75
36 -76
36 -75
36 -75
36 -71
36 -54
36 -71
36 -72
36 -72
36 -71
36 -70
36 -70
36 -70
36 -69
36 -69
36 -69
36 -69
36 -69
36 -69
36 -69
36 -80
36 -69
36 -69
36 -69
36 -70
36 -70
36 -71
36 -73
36 -75
36 -75
36 -73
36 -72
36 -71
36 -72
36 -70
36 -67
36 -68
36 -69
36 -71
36 -73
36 -74
36 -75
36 -75
36 -75
36 -74
36 -74
36 -74
36 -78
36 -80
36 -74
36 -69
36 -42
36 -68
36 -68
36 -66
36 -66
36 -66
36 -67
36 -68
36 -68
36 -68
36 -68
36 -68
36 -68
36 -67
36 -66
36 -79
36 -68
36 -68
36 -69
36 -68
36 -68
36 -69
36 -56
36 -68
36 -67
36 -55
36 -67
36 -67
36 -68
36 -69
36 -70
36 -70
36 -71
36 -72
36 -71
36 -70
36 -70
36 -70
36 -68
36 -68
36 -67
36 -66
36 -67
36 -66
36 -66
36 -66
36 -66
36 -66
36 -66
36 -66
36 -68
36 -69
36 -69
36 -69
36 -69
36 -70
36 -69
36 -69
36 -69
36 -69
36 -69
36 -69
36 -69
36 -80
36 -68
36 -68
36 -68
36 -68
36 -69
36 -66
36 -69
36 -69
36 -69
36 -70
36 -70
36 -70
36 -70
36 -68
36 -70
36 -69
36 -70
36 -69
36 -69
36 -68
36 -67
36 -68
36 -68
36 -68
36 -68
36 -68
36 -67
36 -65
36 -65
36 -66
36 -68
36 -67
36 -67
36 -69
36 -71
36 -72
36 -66
36 -76
36 -74
36 -69
36 -70
36 -71
36 -71
36 -71
36 -75
36 -81
36 -77
36 -76
36 -71
36 -69
36 -68
36 -67
36 -66
36 -66
36 -66
36 -53
36 -66
36 -66
36 -66
36 -65
36 -66
36 -66
36 -66
36 -66
36 -67
36 -67
36 -67
36 -68
36 -67
36 -68
36 -67
36 -67
36 -67
36 -67
36 -67
36 -67
36 -66
36 -66
36 -66
36 -66
36 -66
36 -67
36 -30
36 -67
36 -67
36 -68
36 -70
36 -70
36 -70
36 -70
36 -70
36 -70
36 -70
36 -70
36 -70
36 -70
36 -70
36 -68
36 -68
36 -69
36 -69
36 -68
36 -69
36 -67
36 -68
36 -68
36 -63
36 -69
36 -67
36 -70
36 -70
36 -70
36 -70
36 -70
36 -69
36 -68
36 -68
36 -54
36 -68
36 -67
36 -67
36 -67
36 -68
36 -68
36 -68
36 -68
36 -67
36 -67
36 -68
36 -68
36 -68
36 -68
36 -69
36 -69
36 -70
36 -70
36 -70
36 -70
36 -68
36 -68
36 -68
36 -69
36 -70
36 -84
36 -78
36 -70
36 -72
36 -80
36 -78
36 -76
36 -76
36 -76
36 -74
36 -75
36 -75
36 -75
36 -72
36 -72
36 -72
36 -72
36 -72
36 -71
36 -71
36 -70
36 -71
36 -71
36 -70
36 -70
36 -70
36 -72
36 -74
36 -72
36 -70
36 -70
36 -68
36 -70
36 -69
36 -67
36 -68
36 -65
36 -66
36 -63
36 -64
36 -65
36 -65
36 -64
36 -63
36 -63
36 -63
36 -64
36 -64
36 -66
36 -65
36 -65
36 -66
36 -66
36 -66
36 -66
36 -67
36 -67
36 -69
36 -69
37 -76
37 -76
37 -76
37 -76
37 -76
37 -74
37 -76
37 -76
37 -76
37 -78
37 -78
37 -86
37 -80
37 -76
37 -78
37 -80
37 -74
37 -75
37 -78
37 -84
37 -80
37 -80
37 -72
37 -78
37 -77
37 -82
37 -79
37 -76
37 -79
37 -76
37 -74
37 -74
37 -74
37 -75
37 -74
37 -73
37 -72
37 -73
37 -72
37 -72
37 -72
37 -72
37 -73
37 -76
37 -76
37 -76
37 -76
37 -76
37 -71
37 -76
37 -30
37 -76
37 -75
37 -74
37 -72
37 -72
37 -72
37 -72
37 -72
37 -72
37 -72
37 -72
37 -72
37 -72
37 -72
37 -72
37 -72
37 -72
37 -72
37 -72
37 -72
37 -72
37 -72
37 -72
37 -72
37 -72
37 -72
37 -72
37 -72
37 -72
37 -72
37 -72
37 -70
37 -72
37 -72
37 -72
37 -72
37 -72
37 -72
37 -73
37 -72
37 -73
37 -73
37 -73
37 -74
37 -73
37 -73
37 -74
37 -74
37 -73
37 -73
37 -73
37 -74
37 -73
37 -73
37 -72
37 -72
37 -73
37 -73
37 -73
37 -73
37 -73
37 -70
37 -73
37 -73
37 -73
37 -73
37 -73
37 -73
37 -72
37 -72
37 -72
37 -72
37 -72
37 -72
37 -73
37 -72
37 -72
37 -72
37 -72
37 -73
37 -72
37 -72
37 -72
37 -72
37 -73
37 -73
37 -72
37 -73
37 -74
37 -73
37 -73
37 -73
37 -73
37 -73
37 -73
37 -72
37 -72
37 -72
37 -72
37 -72
37 -72
37 -73
37 -72
37 -72
37 -72
37 -72
37 -74
37 -73
37 -76
37 -75
37 -76
37 -76
37 -76
37 -80
37 -80
37 -82
37 -81
37 -79
37 -78
37 -76
37 -76
37 -77
37 -76
37 -76
37 -74
37 -73
37 -73
37 -74
37 -74
37 -75
37 -75
37 -74
37 -74
37 -74
37 -75
37 -74
37 -76
37 -76
37 -76
37 -75
37 -73
37 -72
37 -72
37 -71
37 -71
37 -72
37 -72
37 -73
37 -73
37 -73
37 -72
37 -72
37 -70
37 -76
37 -73
37 -73
37 -75
37 -72
37 -72
37 -72
37 -72
37 -72
37 -65
37 -72
37 -70
37 -70
37 -72
37 -71
37 -71
37 -72
37 -71
37 -70
37 -70
37 -70
37 -70
37 -69
37 -69
37 -69
37 -70
37 -70
37 -70
37 -70
37 -70
37 -70
37 -70
37 -70
37 -70
37 -70
37 -70
37 -70
37 -56
37 -70
37 -70
37 -70
37 -80
37 -70
37 -70
37 -70
37 -70
37 -70
37 -70
37 -70
37 -70
37 -70
37 -70
37 -70
37 -70
37 -70
37 -70
37 -64
37 -70
37 -70
37 -70
37 -70
37 -70
37 -70
37 -70
37 -71
37 -71
37 -70
37 -71
37 -71
37 -72
37 -71
37 -64
37 -71
37 -71
37 -70
37 -72
37 -71
37 -72
37 -72
37 -73
37 -30
37 -72
37 -72
37 -72
37 -72
37 -71
37 -72
37 -71
37 -71
37 -70
37 -70
37 -71
37 -71
37 -71
37 -71
37 -71
37 -70
37 -70
37 -70
37 -70
37 -70
37 -70
37 -71
37 -70
37 -71
37 -70
37 -70
37 -73
37 -74
37 -74
37 -74
37 -72
37 -73
37 -74
37 -74
37 -75
37 -73
37 -72
37 -75
37 -75
37 -77
37 -76
37 -75
37 -68
37 -74
37 -74
37 -74
37 -74
37 -73
37 -73
37 -73
37 -73
37 -72
37 -73
37 -72
37 -73
37 -72
37 -72
37 -72
37 -72
37 -72
37 -73
37 -73
37 -75
37 -75
37 -72
37 -72
37 -82
37 -82
37 -71
37 -71
37 -72
37 -71
37 -71
37 -72
37 -72
37 -72
37 -73
37 -75
37 -75
37 -76
37 -76
37 -75
37 -75
37 -74
37 -73
37 -73
37 -73
37 -73
37 -73
37 -73
37 -74
37 -74
37 -74
37 -72
37 -71
37 -74
37 -75
37 -73
37 -74
37 -74
37 -73
37 -73
37 -73
37 -73
37 -73
37 -72
37 -72
37 -72
37 -72
37 -72
37 -72
37 -72
37 -70
37 -72
37 -70
37 -72
37 -72
37 -73
37 -70
37 -73
37 -74
37 -74
37 -72
37 -72
37 -72
37 -71
37 -70
37 -70
37 -71
37 -70
37 -70
37 -71
37 -72
37 -71
37 -69
37 -70
37 -70
37 -70
37 -70
37 -69
37 -69
37 -69
37 -69
37 -69
37 -69
37 -69
37 -58
37 -70
37 -70
37 -70
37 -70
37 -70
37 -70
37 -70
37 -70
37 -70
37 -70
37 -70
37 -70
37 -70
37 -70
37 -70
37 -70
37 -70
37 -70
37 -70
37 -70
37 -70
37 -71
37 -71
37 -61
37 -72
37 -71
37 -70
37 -67
37 -68
37 -68
37 -70
37 -71
37 -75
37 -74
37 -76
37 -74
37 -76
37 -76
37 -76
37 -75
37 -74
37 -76
37 -74
37 -73
37 -74
37 -75
37 -76
37 -71
37 -74
37 -72
37 -73
37 -73
38 -76
38 -77
38 -77
38 -77
38 -78
38 -77
38 -78
38 -76
38 -75
38 -74
38 -74
38 -76
38 -77
38 -78
38 -77
38 -70
38 -74
38 -70
38 -69
38 -69
38 -67
38 -68
38 -68
38 -66
38 -70
38 -72
38 -74
38 -71
38 -70
38 -70
38 -69
38 -70
38 -70
38 -52
38 -71
38 -71
38 -70
38 -70
38 -70
38 -79
38 -69
38 -70
38 -60
38 -70
38 -70
38 -70
38 -70
38 -70
38 -70
38 -70
38 -70
38 -70
38 -71
38 -71
38 -70
38 -70
38 -70
38 -71
38 -71
38 -71
38 -71
38 -70
38 -70
38 -70
38 -70
38 -70
38 -70
38 -42
38 -70
38 -70
38 -70
38 -68
38 -70
38 -70
38 -70
38 -69
38 -69
38 -69
38 -69
38 -43
38 -69
38 -69
38 -69
38 -69
38 -69
38 -69
38 -69
38 -69
38 -69
38 -70
38 -69
38 -70
38 -70
38 -70
38 -70
38 -70
38 -70
38 -70
38 -69
38 -70
38 -70
38 -69
38 -70
38 -70
38 -70
38 -69
38 -69
38 -69
38 -69
38 -69
38 -69
38 -69
38 -69
38 -69
38 -69
38 -69
38 -69
38 -68
38 -68
38 -68
38 -68
38 -68
38 -68
38 -68
38 -68
38 -68
38 -68
38 -68
38 -68
38 -68
38 -68
38 -68
38 -64
38 -68
38 -68
38 -68
38 -68
38 -68
38 -69
38 -69
38 -69
38 -69
38 -70
38 -70
38 -70
38 -72
38 -70
38 -70
38 -70
38 -69
38 -68
38 -68
38 -68
38 -67
38 -68
38 -69
38 -69
38 -69
38 -68
38 -68
38 -68
38 -69
38 -68
38 -68
38 -68
38 -69
38 -70
38 -70
38 -70
38 -69
38 -69
38 -69
38 -70
38 -70
38 -70
38 -70
38 -70
38 -70
38 -71
38 -71
38 -71
38 -70
38 -70
38 -70
38 -70
38 -70
38 -70
38 -70
38 -70
38 -70
38 -70
38 -70
38 -70
38 -70
38 -70
38 -70
38 -72
38 -73
38 -73
38 -73
38 -72
38 -71
38 -70
38 -71
38 -72
38 -71
38 -71
38 -72
38 -47
38 -72
38 -71
38 -70
38 -70
38 -69
38 -69
38 -69
38 -69
38 -74
38 -78
38 -75
38 -76
38 -76
38 -76
38 -78
38 -78
38 -78
38 -79
38 -79
38 -80
38 -78
38 -78
38 -78
38 -78
38 -78
38 -78
38 -79
38 -78
38 -78
38 -78
38 -78
38 -77
38 -76
38 -76
38 -76
38 -75
38 -75
38 -75
38 -75
38 -75
38 -75
38 -75
38 -75
38 -76
38 -75
38 -76
38 -75
38 -75
38 -76
38 -72
38 -75
38 -75
38 -75
38 -75
38 -74
38 -74
38 -74
38 -74
38 -73
38 -43
38 -73
38 -73
38 -73
38 -73
38 -72
38 -72
38 -72
38 -72
38 -71
38 -72
38 -73
38 -73
38 -74
38 -74
38 -76
38 -76
38 -76
38 -76
38 -77
38 -78
38 -78
38 -78
38 -79
38 -79
38 -80
38 -79
38 -79
38 -79
38 -44
38 -78
38 -77
38 -76
38 -76
38 -77
38 -72
38 -69
38 -69
38 -69
38 -68
38 -69
38 -70
38 -70
38 -70
38 -70
38 -70
38 -70
38 -69
38 -69
38 -68
38 -69
38 -69
38 -69
38 -68
38 -69
38 -70
38 -70
38 -70
38 -71
38 -71
38 -72
38 -71
38 -72
38 -72
38 -72
38 -71
38 -71
38 -71
38 -71
38 -71
38 -71
38 -72
38 -72
38 -71
38 -71
38 -72
38 -72
38 -73
38 -73
38 -73
38 -73
38 -74
38 -73
38 -73
38 -72
38 -73
38 -73
38 -74
38 -75
38 -75
38 -75
38 -75
38 -75
38 -75
38 -74
38 -73
38 -73
38 -73
38 -73
38 -72
38 -74
38 -73
38 -73
38 -74
38 -74
38 -85
38 -73
38 -73
38 -74
38 -74
38 -75
38 -72
38 -75
38 -76
38 -76
38 -76
38 -75
38 -75
38 -75
38 -75
38 -72
38 -64
38 -73
38 -73
38 -72
38 -72
38 -72
38 -72
38 -74
38 -74
38 -74
38 -74
38 -75
38 -75
38 -76
38 -76
38 -76
38 -76
38 -76
38 -76
38 -76
38 -78
38 -77
38 -78
38 -79
38 -80
38 -83
38 -82
38 -80
38 -79
38 -76
38 -76
38 -75
38 -74
38 -73
38 -73
38 -74
38 -72
38 -71
38 -70
38 -69
38 -67
38 -67
38 -67
38 -67
38 -67
38 -68
38 -67
38 -67
38 -68
38 -67
38 -66
38 -68
38 -68
38 -69
38 -69
38 -69
38 -69
38 -70
38 -70
38 -70
38 -69
38 -70
38 -70
38 -70
38 -70
38 -71
38 -72
38 -31
38 -71
38 -71
38 -72
38 -73
38 -82
38 -74
38 -73
38 -72
38 -70
38 -68
38 -68
38 -68
38 -73
38 -78
38 -74
38 -69
38 -68
38 -71
38 -71
38 -72
38 -72
38 -71
38 -72
38 -72
38 -73
38 -73
38 -73
38 -72
38 -73
38 -73
38 -72
38 -72
38 -72
38 -72
