Beacon Rssi
1 -84
1 -86
1 -84
1 -82
1 -82
1 -79
1 -81
1 -80
1 -84
1 -83
1 -84
1 -86
1 -83
1 -84
1 -84
1 -85
1 -82
1 -80
1 -80
1 -74
1 -77
1 -76
1 -75
1 -72
1 -74
1 -74
1 -73
1 -73
1 -73
1 -73
1 -74
1 -74
1 -74
1 -74
1 -75
1 -74
1 -67
1 -75
1 -75
1 -75
1 -75
1 -75
1 -74
1 -74
1 -73
1 -73
1 -74
1 -73
1 -73
1 -74
1 -74
1 -75
1 -75
1 -74
1 -74
1 -74
1 -74
1 -74
1 -74
1 -74
1 -75
1 -75
1 -74
1 -74
1 -74
1 -75
1 -74
1 -74
1 -74
1 -75
1 -75
1 -74
1 -74
1 -74
1 -73
1 -74
1 -74
1 -74
1 -73
1 -73
1 -73
1 -74
1 -73
1 -72
1 -72
1 -72
1 -72
1 -72
1 -74
1 -73
1 -74
1 -72
1 -72
1 -72
1 -74
1 -73
1 -74
1 -74
1 -75
1 -74
1 -75
1 -74
1 -73
1 -75
1 -69
1 -75
1 -73
1 -72
1 -73
1 -74
1 -74
1 -73
1 -72
1 -71
1 -72
1 -72
1 -72
1 -73
1 -72
1 -62
1 -72
1 -72
1 -72
1 -72
1 -72
1 -72
1 -72
1 -71
1 -71
1 -71
1 -71
1 -71
1 -71
1 -72
1 -72
1 -73
1 -72
1 -72
1 -72
1 -72
1 -74
1 -73
1 -74
1 -74
1 -76
1 -77
1 -77
1 -78
1 -81
1 -84
1 -84
1 -46
1 -80
1 -83
1 -74
1 -78
1 -83
1 -83
1 -82
1 -82
1 -80
1 -81
1 -83
1 -80
1 -81
1 -79
1 -80
1 -79
1 -78
1 -76
1 -50
1 -63
1 -76
1 -79
1 -80
1 -78
1 -78
1 -78
1 -76
1 -78
1 -78
1 -77
1 -78
1 -76
1 -77
1 -78
1 -78
1 -77
1 -77
1 -76
1 -78
1 -76
1 -76
1 -73
1 -78
1 -72
1 -76
1 -77
1 -76
1 -76
1 -77
1 -76
1 -76
1 -76
1 -74
1 -75
1 -76
1 -76
1 -76
1 -75
1 -72
1 -76
1 -76
1 -76
1 -78
1 -77
1 -76
1 -76
1 -76
1 -76
1 -76
1 -75
1 -75
1 -71
1 -75
1 -75
1 -74
1 -73
1 -74
1 -74
1 -76
1 -75
1 -75
1 -75
1 -75
1 -75
1 -76
1 -75
1 -74
1 -74
1 -74
1 -74
1 -75
1 -75
1 -74
1 -74
1 -74
1 -75
1 -75
1 -74
1 -75
1 -75
1 -73
1 -74
1 -74
1 -72
1 -74
1 -60
1 -74
1 -74
1 -74
1 -76
1 -81
1 -83
1 -76
1 -75
1 -75
1 -76
1 -76
1 -76
1 -78
1 -78
1 -78
1 -78
1 -78
1 -76
1 -76
1 -76
1 -76
1 -75
1 -76
1 -76
1 -74
1 -75
1 -76
1 -76
1 -76
1 -76
1 -76
1 -76
1 -76
1 -76
1 -76
1 -76
1 -76
1 -76
1 -76
1 -75
1 -75
1 -69
1 -75
1 -75
1 -75
1 -76
1 -76
1 -75
1 -76
1 -76
1 -76
1 -76
1 -76
1 -61
1 -75
1 -75
1 -75
1 -75
1 -75
1 -75
1 -75
1 -75
1 -75
1 -75
1 -75
1 -76
1 -75
1 -75
1 -76
1 -76
1 -76
1 -76
1 -76
1 -77
1 -78
1 -76
1 -77
1 -78
1 -77
1 -77
1 -78
1 -77
1 -76
1 -66
1 -78
1 -78
1 -73
1 -78
1 -80
1 -78
1 -78
1 -78
1 -78
1 -78
1 -76
1 -77
1 -65
1 -77
1 -76
1 -76
1 -76
1 -76
1 -75
1 -75
1 -75
1 -75
1 -75
1 -74
1 -74
1 -73
1 -73
1 -73
1 -74
1 -74
1 -74
1 -75
1 -75
1 -75
1 -74
1 -74
1 -74
1 -75
1 -74
1 -74
1 -73
1 -74
1 -73
1 -73
1 -73
1 -72
1 -73
1 -73
1 -73
1 -73
1 -73
1 -74
1 -73
1 -73
1 -74
1 -74
1 -75
1 -75
1 -76
1 -75
2 -76
2 -76
2 -76
2 -70
2 -79
2 -80
2 -74
2 -78
2 -83
2 -77
2 -76
2 -76
2 -76
2 -76
2 -75
2 -75
2 -80
2 -76
2 -71
2 -76
2 -75
2 -62
2 -78
2 -68
2 -81
2 -83
2 -60
2 -85
2 -82
2 -81
2 -81
2 -75
2 -75
2 -75
2 -73
2 -71
2 -70
2 -70
2 -70
2 -70
2 -70
2 -70
2 -69
2 -69
2 -69
2 -69
2 -70
2 -70
2 -70
2 -70
2 -70
2 -70
2 -70
2 -70
2 -71
2 -70
2 -70
2 -70
2 -70
2 -70
2 -70
2 -70
2 -70
2 -70
2 -70
2 -70
2 -70
2 -70
2 -70
2 -70
2 -70
2 -70
2 -70
2 -70
2 -70
2 -70
2 -69
2 -70
2 -70
2 -70
2 -70
2 -70
2 -70
2 -70
2 -70
2 -70
2 -70
2 -70
2 -70
2 -70
2 -70
2 -70
2 -70
2 -70
2 -70
2 -70
2 -70
2 -71
2 -69
2 -72
2 -71
2 -71
2 -71
2 -72
2 -72
2 -72
2 -72
2 -72
2 -72
2 -72
2 -72
2 -73
2 -72
2 -74
2 -73
2 -74
2 -73
2 -73
2 -73
2 -73
2 -72
2 -72
2 -73
2 -72
2 -72
2 -72
2 -72
2 -72
2 -72
2 -72
2 -72
2 -72
2 -72
2 -73
2 -74
2 -73
2 -74
2 -75
2 -74
2 -74
2 -76
2 -74
2 -75
2 -71
2 -75
2 -73
2 -75
2 -75
2 -76
2 -76
2 -75
2 -76
2 -75
2 -75
2 -74
2 -74
2 -74
2 -75
2 -75
2 -74
2 -74
2 -73
2 -63
2 -72
2 -70
2 -72
2 -72
2 -72
2 -72
2 -72
2 -72
2 -72
2 -73
2 -73
2 -74
2 -65
2 -74
2 -75
2 -77
2 -78
2 -81
2 -80
2 -79
2 -70
2 -76
2 -75
2 -79
2 -80
2 -82
2 -83
2 -84
2 -84
2 -83
2 -81
2 -82
2 -81
2 -80
2 -80
2 -80
2 -79
2 -79
2 -80
2 -80
2 -75
2 -78
2 -80
2 -79
2 -79
2 -80
2 -79
2 -81
2 -82
2 -80
2 -81
2 -79
2 -80
2 -78
2 -79
2 -78
2 -79
2 -79
2 -79
2 -81
2 -81
2 -81
2 -81
2 -81
2 -81
2 -80
2 -81
2 -73
2 -81
2 -80
2 -80
2 -75
2 -81
2 -80
2 -80
2 -79
2 -80
2 -81
2 -81
2 -81
2 -80
2 -80
2 -81
2 -73
2 -84
2 -82
2 -87
2 -85
2 -85
2 -83
2 -79
2 -81
2 -80
2 -83
2 -81
2 -83
2 -82
2 -84
2 -82
2 -81
2 -80
2 -82
2 -70
2 -84
2 -84
2 -80
2 -78
2 -75
2 -75
2 -72
2 -52
2 -78
2 -74
2 -72
2 -70
2 -72
2 -72
2 -72
2 -75
2 -81
2 -80
2 -80
2 -84
2 -82
2 -76
2 -74
2 -75
2 -76
2 -76
2 -75
2 -76
2 -78
2 -82
2 -80
2 -78
2 -76
2 -77
2 -78
2 -78
2 -77
2 -49
2 -76
2 -76
2 -75
2 -76
2 -77
2 -76
2 -75
2 -76
2 -76
2 -75
2 -76
2 -76
2 -75
2 -61
2 -76
2 -75
2 -75
2 -76
2 -57
2 -76
2 -78
2 -78
2 -78
2 -77
2 -78
2 -78
2 -77
2 -77
2 -76
2 -76
2 -76
2 -76
2 -76
2 -76
2 -76
2 -76
2 -77
2 -78
2 -78
2 -78
2 -78
2 -78
2 -78
2 -78
2 -78
2 -78
2 -78
2 -78
2 -78
2 -78
2 -78
2 -79
2 -79
2 -80
2 -71
2 -79
2 -81
2 -80
2 -79
2 -80
2 -65
2 -79
2 -79
2 -78
2 -79
2 -78
2 -79
2 -78
2 -45
2 -78
2 -78
2 -81
2 -80
2 -80
2 -80
2 -81
2 -80
2 -81
2 -81
2 -80
2 -74
2 -79
2 -78
2 -80
2 -79
2 -78
2 -78
2 -77
2 -78
2 -78
2 -78
2 -78
2 -79
2 -79
2 -80
2 -79
2 -78
2 -79
2 -82
2 -81
2 -81
2 -81
2 -80
2 -79
3 -76
3 -75
3 -75
3 -75
3 -73
3 -75
3 -78
3 -75
3 -30
3 -75
3 -71
3 -73
3 -74
3 -75
3 -76
3 -77
3 -76
3 -77
3 -79
3 -79
3 -74
3 -73
3 -71
3 -71
3 -70
3 -71
3 -71
3 -73
3 -76
3 -77
3 -68
3 -78
3 -77
3 -78
3 -80
3 -80
3 -74
3 -84
3 -83
3 -84
3 -80
3 -84
3 -78
3 -74
3 -72
3 -61
3 -72
3 -72
3 -72
3 -71
3 -71
3 -70
3 -72
3 -72
3 -71
3 -72
3 -73
3 -72
3 -72
3 -72
3 -72
3 -72
3 -72
3 -72
3 -71
3 -72
3 -72
3 -84
3 -72
3 -72
3 -73
3 -73
3 -73
3 -73
3 -73
3 -64
3 -73
3 -73
3 -73
3 -73
3 -73
3 -73
3 -73
3 -73
3 -73
3 -73
3 -73
3 -72
3 -73
3 -72
3 -73
3 -72
3 -72
3 -72
3 -72
3 -72
3 -72
3 -73
3 -73
3 -55
3 -73
3 -71
3 -73
3 -72
3 -72
3 -73
3 -73
3 -73
3 -73
3 -73
3 -73
3 -73
3 -73
3 -73
3 -70
3 -74
3 -74
3 -73
3 -74
3 -45
3 -75
3 -74
3 -74
3 -73
3 -72
3 -73
3 -72
3 -73
3 -73
3 -73
3 -74
3 -73
3 -73
3 -74
3 -74
3 -75
3 -75
3 -76
3 -76
3 -74
3 -76
3 -75
3 -75
3 -75
3 -76
3 -76
3 -76
3 -76
3 -76
3 -74
3 -76
3 -77
3 -78
3 -76
3 -76
3 -77
3 -75
3 -76
3 -76
3 -69
3 -75
3 -75
3 -74
3 -76
3 -76
3 -76
3 -30
3 -79
3 -72
3 -72
3 -77
3 -70
3 -71
3 -78
3 -81
3 -82
3 -77
3 -81
3 -83
3 -81
3 -79
3 -79
3 -79
3 -79
3 -79
3 -79
3 -79
3 -76
3 -81
3 -82
3 -83
3 -83
3 -82
3 -83
3 -83
3 -72
3 -79
3 -80
3 -80
3 -80
3 -78
3 -78
3 -78
3 -78
3 -81
3 -78
3 -80
3 -82
3 -78
3 -78
3 -77
3 -78
3 -78
3 -78
3 -78
3 -76
3 -78
3 -77
3 -78
3 -78
3 -79
3 -78
3 -79
3 -78
3 -79
3 -78
3 -72
3 -48
3 -78
3 -78
3 -78
3 -79
3 -78
3 -78
3 -78
3 -78
3 -78
3 -78
3 -78
3 -78
3 -79
3 -78
3 -80
3 -79
3 -76
3 -81
3 -82
3 -82
3 -81
3 -80
3 -81
3 -82
3 -83
3 -81
3 -81
3 -79
3 -80
3 -78
3 -80
3 -80
3 -76
3 -79
3 -79
3 -80
3 -77
3 -76
3 -78
3 -81
3 -83
3 -84
3 -86
3 -84
3 -57
3 -84
3 -76
3 -74
3 -54
3 -83
3 -76
3 -76
3 -76
3 -73
3 -76
3 -76
3 -76
3 -81
3 -78
3 -78
3 -82
3 -80
3 -78
3 -76
3 -77
3 -78
3 -77
3 -78
3 -78
3 -78
3 -78
3 -78
3 -76
3 -77
3 -78
3 -77
3 -78
3 -78
3 -78
3 -78
3 -78
3 -79
3 -78
3 -58
3 -79
3 -80
3 -77
3 -83
3 -83
3 -82
3 -84
3 -83
3 -81
3 -78
3 -78
3 -79
3 -78
3 -80
3 -79
3 -77
3 -74
3 -77
3 -76
3 -76
3 -76
3 -76
3 -76
3 -76
3 -76
3 -76
3 -76
3 -76
3 -76
3 -76
3 -76
3 -76
3 -76
3 -76
3 -76
3 -77
3 -77
3 -78
3 -79
3 -80
3 -81
3 -82
3 -76
3 -78
3 -78
3 -78
3 -76
3 -76
3 -76
3 -66
3 -76
3 -78
3 -78
3 -78
3 -79
3 -78
3 -80
3 -81
3 -78
3 -80
3 -79
3 -76
3 -78
3 -78
3 -80
3 -79
3 -81
3 -82
3 -81
3 -82
3 -82
3 -82
3 -80
4 -87
4 -78
4 -76
4 -75
4 -75
4 -74
4 -75
4 -74
4 -75
4 -75
4 -75
4 -75
4 -75
4 -74
4 -74
4 -72
4 -73
4 -72
4 -72
4 -72
4 -73
4 -74
4 -76
4 -76
4 -78
4 -78
4 -86
4 -83
4 -87
4 -82
4 -84
4 -81
4 -80
4 -77
4 -76
4 -75
4 -74
4 -73
4 -73
4 -74
4 -76
4 -76
4 -76
4 -75
4 -76
4 -76
4 -75
4 -76
4 -76
4 -76
4 -76
4 -76
4 -76
4 -76
4 -76
4 -68
4 -75
4 -75
4 -76
4 -75
4 -76
4 -76
4 -76
4 -76
4 -76
4 -76
4 -69
4 -75
4 -75
4 -75
4 -71
4 -75
4 -74
4 -74
4 -75
4 -74
4 -74
4 -74
4 -75
4 -75
4 -75
4 -75
4 -75
4 -75
4 -76
4 -75
4 -76
4 -75
4 -76
4 -75
4 -75
4 -75
4 -75
4 -75
4 -75
4 -76
4 -75
4 -76
4 -76
4 -76
4 -76
4 -75
4 -72
4 -74
4 -76
4 -65
4 -76
4 -72
4 -75
4 -75
4 -75
4 -75
4 -75
4 -76
4 -76
4 -76
4 -76
4 -76
4 -76
4 -76
4 -56
4 -66
4 -76
4 -76
4 -76
4 -77
4 -76
4 -77
4 -76
4 -76
4 -76
4 -77
4 -78
4 -78
4 -78
4 -79
4 -80
4 -80
4 -80
4 -58
4 -81
4 -79
4 -78
4 -78
4 -62
4 -76
4 -76
4 -76
4 -76
4 -30
4 -76
4 -75
4 -76
4 -75
4 -72
4 -64
4 -74
4 -71
4 -76
4 -82
4 -78
4 -72
4 -70
4 -78
4 -79
4 -78
4 -82
4 -82
4 -86
4 -84
4 -84
4 -84
4 -83
4 -83
4 -81
4 -81
4 -81
4 -82
4 -82
4 -81
4 -78
4 -77
4 -73
4 -77
4 -82
4 -78
4 -79
4 -80
4 -81
4 -79
4 -79
4 -83
4 -83
4 -85
4 -83
4 -80
4 -67
4 -76
4 -76
4 -77
4 -78
4 -79
4 -79
4 -79
4 -76
4 -76
4 -76
4 -75
4 -75
4 -75
4 -75
4 -75
4 -74
4 -75
4 -75
4 -61
4 -73
4 -74
4 -73
4 -73
4 -73
4 -73
4 -74
4 -74
4 -74
4 -74
4 -74
4 -74
4 -75
4 -75
4 -76
4 -77
4 -77
4 -76
4 -77
4 -77
4 -77
4 -77
4 -76
4 -76
4 -76
4 -75
4 -75
4 -56
4 -74
4 -74
4 -73
4 -72
4 -73
4 -72
4 -72
4 -72
4 -72
4 -72
4 -72
4 -72
4 -72
4 -72
4 -72
4 -72
4 -72
4 -72
4 -72
4 -72
4 -72
4 -72
4 -73
4 -73
4 -73
4 -74
4 -75
4 -76
4 -76
4 -77
4 -77
4 -78
4 -78
4 -77
4 -76
4 -76
4 -76
4 -76
4 -76
4 -75
4 -76
4 -75
4 -75
4 -75
4 -74
4 -75
4 -74
4 -75
4 -74
4 -75
4 -73
4 -71
4 -74
4 -74
4 -74
4 -74
4 -73
4 -74
4 -74
4 -74
4 -74
4 -74
4 -73
4 -72
4 -74
4 -74
4 -73
4 -75
4 -74
4 -75
4 -74
4 -74
4 -74
4 -73
4 -72
5 -80
5 -74
5 -78
5 -78
5 -79
5 -80
5 -79
5 -78
5 -77
5 -78
5 -79
5 -81
5 -81
5 -82
5 -82
5 -86
5 -82
5 -82
5 -83
5 -69
5 -85
5 -82
5 -60
5 -77
5 -77
5 -78
5 -78
5 -77
5 -76
5 -76
5 -76
5 -78
5 -78
5 -81
5 -80
5 -78
5 -79
5 -80
5 -80
5 -80
5 -80
5 -79
5 -80
5 -80
5 -81
5 -81
5 -80
5 -81
5 -82
5 -82
5 -60
5 -82
5 -82
5 -81
5 -79
5 -81
5 -82
5 -70
5 -84
5 -84
5 -87
5 -86
5 -84
5 -82
5 -83
5 -83
5 -84
5 -80
5 -86
5 -76
5 -84
5 -80
5 -83
5 -82
5 -84
5 -80
5 -73
5 -82
5 -78
5 -75
5 -74
5 -75
5 -77
5 -70
5 -75
5 -74
5 -74
5 -74
5 -73
5 -74
5 -73
5 -74
5 -66
5 -73
5 -61
5 -73
5 -73
5 -73
5 -74
5 -73
5 -73
5 -73
5 -73
5 -73
5 -73
5 -73
5 -73
5 -73
5 -73
5 -71
5 -72
5 -64
5 -72
5 -72
5 -72
5 -72
5 -72
5 -72
5 -72
5 -72
5 -72
5 -72
5 -72
5 -72
5 -72
5 -72
5 -72
5 -72
5 -72
5 -72
5 -72
5 -72
5 -72
5 -72
5 -72
5 -72
5 -72
5 -72
5 -72
5 -72
5 -72
5 -72
5 -72
5 -72
5 -72
5 -71
5 -72
5 -72
5 -72
5 -72
5 -57
5 -72
5 -72
5 -72
5 -72
5 -72
5 -74
5 -72
5 -72
5 -73
5 -71
5 -72
5 -73
5 -72
5 -72
5 -72
5 -72
5 -72
5 -72
5 -72
5 -72
5 -72
5 -72
5 -72
5 -72
5 -72
5 -72
5 -72
5 -72
5 -72
5 -72
5 -72
5 -72
5 -72
5 -72
5 -73
5 -73
5 -64
5 -73
5 -72
5 -72
5 -73
5 -73
5 -74
5 -74
5 -74
5 -75
5 -74
5 -75
5 -79
5 -76
5 -72
5 -72
5 -76
5 -83
5 -79
5 -80
5 -82
5 -83
5 -78
5 -75
5 -75
5 -75
5 -75
5 -75
5 -75
5 -76
5 -76
5 -76
5 -77
5 -76
5 -78
5 -80
5 -79
5 -78
5 -79
5 -80
5 -78
5 -52
5 -83
5 -83
5 -84
5 -84
5 -83
5 -81
5 -81
5 -80
5 -78
5 -77
5 -78
5 -78
5 -78
5 -78
5 -77
5 -78
5 -78
5 -78
5 -79
5 -80
5 -83
5 -84
5 -85
5 -83
5 -82
5 -78
5 -81
5 -78
5 -78
5 -76
5 -76
5 -75
5 -74
5 -76
5 -76
5 -75
5 -75
5 -75
5 -75
5 -74
5 -75
5 -75
5 -75
5 -74
5 -74
5 -75
5 -74
5 -75
5 -74
5 -75
5 -74
5 -75
5 -74
5 -74
5 -75
5 -74
5 -74
5 -74
5 -74
5 -75
5 -76
5 -75
5 -76
5 -76
5 -76
5 -76
5 -77
5 -76
5 -76
5 -78
5 -79
5 -78
5 -80
5 -81
5 -82
5 -80
5 -82
5 -79
5 -80
5 -77
5 -77
5 -76
5 -76
5 -76
5 -77
5 -76
5 -76
5 -76
5 -76
5 -60
5 -76
5 -76
5 -61
5 -82
5 -80
5 -76
5 -80
5 -79
5 -80
5 -81
5 -83
5 -83
6 -80
6 -79
6 -80
6 -81
6 -81
6 -84
6 -81
6 -79
6 -79
6 -79
6 -79
6 -79
6 -84
6 -83
6 -81
6 -83
6 -82
6 -82
6 -80
6 -80
6 -79
6 -79
6 -74
6 -79
6 -80
6 -81
6 -82
6 -79
6 -82
6 -84
6 -59
6 -75
6 -76
6 -76
6 -77
6 -83
6 -80
6 -78
6 -77
6 -77
6 -76
6 -83
6 -84
6 -84
6 -81
6 -81
6 -79
6 -80
6 -81
6 -82
6 -81
6 -80
6 -80
6 -80
6 -80
6 -72
6 -80
6 -74
6 -82
6 -83
6 -84
6 -85
6 -84
6 -84
6 -83
6 -84
6 -84
6 -83
6 -82
6 -81
6 -82
6 -82
6 -83
6 -83
6 -83
6 -83
6 -82
6 -83
6 -83
6 -81
6 -84
6 -83
6 -83
6 -82
6 -82
6 -82
6 -82
6 -82
6 -81
6 -81
6 -82
6 -81
6 -81
6 -81
6 -81
6 -81
6 -81
6 -80
6 -80
6 -80
6 -80
6 -80
6 -79
6 -79
6 -80
6 -80
6 -68
6 -81
6 -82
6 -77
6 -73
6 -80
6 -80
6 -80
6 -79
6 -77
6 -78
6 -64
6 -80
6 -78
6 -78
6 -77
6 -76
6 -76
6 -76
6 -76
6 -76
6 -76
6 -76
6 -76
6 -77
6 -82
6 -83
6 -80
6 -80
6 -80
6 -81
6 -52
6 -80
6 -81
6 -70
6 -80
6 -78
6 -73
6 -80
6 -80
6 -79
6 -80
6 -81
6 -80
6 -80
6 -82
6 -81
6 -81
6 -82
6 -82
6 -82
6 -85
6 -84
6 -83
6 -84
6 -83
6 -84
6 -82
6 -79
6 -79
6 -81
6 -81
6 -80
6 -75
6 -81
6 -81
6 -81
6 -83
6 -83
6 -84
6 -84
6 -86
6 -83
6 -86
6 -85
6 -83
6 -79
6 -78
6 -80
6 -81
6 -82
6 -83
6 -84
6 -84
6 -83
6 -84
6 -86
6 -84
6 -84
6 -84
7 -83
7 -83
7 -82
7 -82
7 -83
7 -86
7 -84
7 -84
7 -84
7 -80
7 -81
7 -81
7 -80
7 -79
7 -79
7 -80
7 -81
7 -80
7 -80
7 -81
7 -81
7 -81
7 -81
7 -81
7 -81
7 -81
7 -81
7 -81
7 -80
7 -81
7 -80
7 -80
7 -78
7 -80
7 -81
7 -80
7 -81
7 -80
7 -80
7 -80
7 -81
7 -77
7 -81
7 -80
7 -79
7 -80
7 -80
7 -80
7 -80
7 -81
7 -80
7 -80
7 -80
7 -78
7 -81
7 -80
7 -80
7 -80
7 -80
7 -80
7 -79
7 -81
7 -81
7 -81
7 -81
7 -80
7 -80
7 -82
7 -81
7 -81
7 -82
7 -66
7 -81
7 -81
7 -81
7 -81
7 -82
7 -80
7 -82
7 -81
7 -82
7 -80
7 -80
7 -78
7 -79
7 -78
7 -79
7 -78
7 -79
7 -79
7 -80
7 -83
7 -86
7 -86
7 -84
7 -76
7 -74
7 -73
7 -82
7 -83
7 -84
7 -84
7 -84
7 -82
7 -83
7 -83
7 -84
7 -84
7 -66
7 -84
7 -84
7 -84
7 -85
7 -84
7 -84
7 -84
7 -83
7 -83
7 -83
7 -83
7 -84
7 -82
7 -84
7 -84
7 -85
7 -85
7 -82
7 -83
7 -84
7 -83
7 -84
7 -83
7 -83
7 -83
7 -83
7 -83
7 -83
7 -83
7 -83
7 -81
7 -83
7 -82
7 -83
7 -83
7 -83
7 -82
7 -83
7 -84
7 -83
7 -84
7 -83
7 -82
7 -82
7 -82
7 -32
7 -83
7 -82
7 -83
7 -82
7 -84
7 -85
7 -83
7 -82
7 -81
7 -80
7 -84
7 -85
7 -70
7 -85
7 -85
7 -84
7 -85
7 -85
7 -84
7 -85
7 -85
7 -85
7 -85
7 -84
7 -87
7 -87
7 -87
7 -86
7 -85
7 -79
7 -84
7 -84
7 -83
7 -66
7 -84
7 -85
8 -76
8 -83
8 -85
8 -87
8 -87
8 -87
8 -80
8 -83
8 -83
8 -83
8 -84
8 -84
8 -83
8 -83
8 -83
8 -82
8 -83
8 -82
8 -81
8 -81
8 -80
8 -76
8 -74
8 -82
8 -81
8 -82
8 -82
8 -83
8 -83
8 -83
8 -82
8 -64
8 -83
8 -83
8 -81
8 -82
8 -83
8 -83
8 -83
8 -84
8 -84
8 -83
8 -84
8 -70
8 -85
8 -84
8 -84
8 -84
8 -83
8 -84
8 -84
8 -84
8 -83
8 -84
8 -83
8 -84
8 -87
8 -86
8 -84
8 -83
8 -84
8 -84
8 -85
8 -83
8 -83
8 -82
8 -81
8 -86
8 -85
8 -85
8 -86
8 -82
8 -84
8 -85
8 -87
8 -84
8 -84
8 -85
8 -75
8 -85
8 -82
8 -87
8 -86
8 -84
8 -87
8 -84
8 -84
8 -85
8 -84
8 -82
8 -83
8 -83
8 -85
8 -84
8 -83
8 -83
8 -83
8 -77
8 -73
8 -84
8 -70
8 -82
8 -85
8 -76
8 -81
8 -83
8 -83
8 -84
8 -84
8 -83
8 -80
8 -83
8 -83
8 -82
8 -80
8 -81
8 -81
8 -81
8 -81
8 -82
8 -82
8 -83
8 -84
8 -84
8 -66
8 -84
8 -72
8 -45
8 -84
8 -84
8 -84
8 -84
8 -84
8 -83
8 -82
8 -83
8 -81
8 -81
8 -82
8 -82
8 -82
8 -83
8 -74
8 -83
8 -82
8 -82
8 -83
8 -73
8 -81
8 -81
8 -82
8 -82
8 -82
8 -82
8 -74
8 -83
8 -84
8 -83
8 -82
8 -84
8 -84
8 -84
8 -84
8 -85
9 -48
9 -76
9 -76
9 -84
9 -85
9 -87
9 -87
9 -83
9 -85
9 -63
9 -85
9 -85
9 -84
9 -85
9 -85
9 -84
9 -85
9 -79
9 -84
9 -84
9 -85
9 -86
9 -82
9 -80
9 -82
9 -85
9 -85
9 -84
9 -86
9 -85
9 -65
9 -81
9 -84
9 -82
9 -85
9 -86
9 -86
9 -70
9 -88
9 -89
9 -83
9 -85
9 -85
9 -86
9 -86
9 -86
9 -83
9 -85
9 -87
9 -84
9 -85
9 -78
9 -86
9 -87
9 -85
10 -76
10 -83
10 -60
10 -84
10 -82
10 -83
10 -83
10 -85
10 -84
10 -84
10 -83
10 -83
10 -82
10 -84
10 -86
10 -84
10 -81
10 -84
10 -83
10 -83
10 -86
10 -84
10 -83
10 -83
10 -84
10 -84
10 -85
10 -85
10 -85
10 -86
10 -85
10 -85
10 -57
10 -86
10 -84
10 -85
10 -84
10 -78
10 -85
10 -84
10 -84
10 -31
10 -87
10 -66
10 -79
10 -69
10 -85
10 -84
10 -85
10 -84
10 -84
10 -81
10 -84
10 -83
10 -83
10 -84
10 -83
10 -84
10 -84
10 -86
10 -86
10 -85
10 -84
10 -84
10 -82
10 -84
10 -84
10 -80
10 -85
10 -84
10 -85
10 -84
10 -84
10 -85
10 -85
10 -84
10 -86
10 -85
10 -85
10 -85
10 -82
10 -84
10 -86
10 -86
10 -84
10 -85
10 -84
10 -84
10 -84
10 -84
10 -88
10 -84
11 -81
11 -64
11 -79
11 -68
11 -51
11 -80
11 -79
11 -80
11 -79
11 -81
11 -71
11 -79
11 -82
11 -80
11 -81
11 -79
11 -81
11 -82
11 -78
11 -79
11 -76
11 -78
11 -78
11 -78
11 -60
11 -78
11 -79
11 -79
11 -78
11 -78
11 -78
11 -79
11 -79
11 -78
11 -78
11 -78
11 -82
11 -82
11 -85
11 -88
11 -87
11 -87
11 -85
11 -83
11 -84
11 -85
11 -85
11 -74
11 -84
11 -84
11 -84
11 -78
11 -82
11 -83
11 -84
11 -83
11 -83
11 -84
11 -82
11 -84
11 -84
11 -84
11 -69
11 -83
11 -83
11 -85
11 -83
11 -82
11 -81
11 -81
11 -81
11 -81
11 -81
11 -81
11 -81
11 -82
11 -81
11 -83
11 -83
11 -84
11 -83
11 -83
11 -83
11 -83
11 -83
11 -83
11 -84
11 -85
11 -84
11 -82
11 -82
11 -82
11 -80
11 -81
11 -83
11 -81
11 -85
11 -84
11 -84
11 -83
11 -82
11 -81
11 -80
11 -81
11 -81
11 -81
11 -80
11 -81
11 -79
11 -70
11 -82
11 -82
11 -82
11 -79
11 -83
11 -83
11 -81
11 -82
11 -81
11 -82
11 -82
11 -82
11 -82
11 -78
11 -83
11 -82
11 -83
11 -64
11 -82
11 -82
11 -83
11 -83
11 -82
11 -72
11 -80
11 -83
11 -82
11 -81
11 -82
11 -83
11 -83
11 -82
11 -81
11 -82
11 -81
11 -82
11 -81
11 -81
11 -83
11 -81
11 -82
11 -82
11 -81
11 -81
11 -81
11 -81
11 -81
11 -82
11 -82
11 -80
11 -81
11 -80
11 -80
11 -80
11 -80
11 -80
11 -82
11 -79
11 -81
11 -83
11 -83
11 -83
11 -78
11 -84
11 -75
11 -84
11 -83
11 -76
11 -77
11 -78
11 -79
11 -80
11 -80
11 -80
11 -77
11 -76
11 -76
11 -75
11 -75
11 -75
11 -75
11 -75
11 -75
11 -75
11 -76
11 -76
11 -76
11 -78
11 -78
11 -78
11 -78
11 -78
11 -78
11 -76
11 -77
11 -78
11 -78
11 -80
11 -79
11 -78
11 -78
11 -78
11 -77
11 -79
11 -79
11 -80
11 -80
11 -80
11 -82
11 -81
11 -81
11 -82
11 -81
11 -77
11 -81
11 -82
11 -81
11 -81
11 -78
11 -79
11 -79
11 -81
11 -81
11 -80
11 -82
11 -83
11 -83
11 -83
11 -83
11 -74
11 -83
11 -82
11 -83
11 -83
11 -83
11 -62
11 -68
11 -83
11 -74
11 -82
11 -81
11 -80
11 -80
11 -80
11 -82
11 -82
11 -82
11 -82
11 -76
11 -82
11 -82
11 -80
11 -67
11 -80
11 -79
11 -83
11 -80
11 -79
11 -80
11 -82
11 -80
11 -81
11 -78
11 -80
11 -83
11 -84
11 -82
11 -82
11 -78
11 -80
11 -78
11 -80
11 -81
11 -82
11 -82
11 -80
11 -81
11 -82
11 -78
11 -78
12 -77
12 -78
12 -78
12 -78
12 -78
12 -80
12 -78
12 -85
12 -84
12 -82
12 -82
12 -84
12 -81
12 -79
12 -82
12 -79
12 -80
12 -80
12 -80
12 -73
12 -75
12 -83
12 -79
12 -79
12 -79
12 -80
12 -79
12 -79
12 -74
12 -80
12 -80
12 -80
12 -79
12 -81
12 -81
12 -84
12 -86
12 -84
12 -84
12 -85
12 -83
12 -83
12 -83
12 -86
12 -84
12 -84
12 -82
12 -83
12 -82
12 -79
12 -80
12 -81
12 -80
12 -80
12 -82
12 -83
12 -70
12 -83
12 -83
12 -86
12 -84
12 -84
12 -84
12 -80
12 -84
12 -85
12 -86
12 -86
12 -86
12 -87
12 -86
12 -87
12 -85
12 -86
12 -86
12 -87
12 -84
12 -82
12 -83
12 -84
12 -86
12 -83
12 -80
12 -81
12 -78
12 -76
12 -76
12 -62
12 -75
12 -66
12 -76
12 -78
12 -80
12 -83
12 -82
12 -83
12 -84
12 -83
12 -54
12 -76
12 -77
12 -77
12 -76
12 -78
12 -78
12 -78
12 -75
12 -78
12 -77
12 -79
12 -78
12 -78
12 -78
12 -78
12 -78
12 -78
12 -78
12 -78
12 -78
12 -78
12 -78
12 -78
12 -78
12 -78
12 -78
12 -78
12 -78
12 -78
12 -78
12 -78
12 -78
12 -78
12 -78
12 -78
12 -77
12 -78
12 -78
12 -78
12 -78
12 -78
12 -78
12 -73
12 -78
12 -77
12 -79
12 -78
12 -79
12 -79
12 -79
12 -79
12 -80
12 -80
12 -80
12 -80
12 -80
12 -80
12 -81
12 -75
12 -80
12 -79
12 -81
12 -80
12 -80
12 -80
12 -80
12 -80
12 -80
12 -79
12 -81
12 -80
12 -81
12 -80
12 -81
12 -78
12 -81
12 -62
12 -80
12 -79
12 -78
12 -77
12 -79
12 -83
12 -79
12 -82
12 -81
12 -82
12 -80
12 -79
12 -79
12 -82
12 -81
12 -84
12 -80
12 -80
12 -82
12 -77
12 -79
12 -80
12 -82
12 -79
13 -78
13 -79
13 -79
13 -78
13 -78
13 -79
13 -79
13 -76
13 -83
13 -84
13 -79
13 -78
13 -83
13 -83
13 -84
13 -83
13 -81
13 -82
13 -82
13 -78
13 -80
13 -76
13 -76
13 -75
13 -77
13 -77
13 -76
13 -76
13 -51
13 -75
13 -74
13 -70
13 -71
13 -73
13 -72
13 -71
13 -72
13 -72
13 -72
13 -72
13 -72
13 -72
13 -73
13 -74
13 -75
13 -76
13 -76
13 -76
13 -78
13 -78
13 -77
13 -61
13 -76
13 -76
13 -76
13 -75
13 -75
13 -76
13 -76
13 -76
13 -77
13 -76
13 -76
13 -77
13 -76
13 -77
13 -73
13 -77
13 -77
13 -77
13 -78
13 -77
13 -78
13 -77
13 -64
13 -77
13 -77
13 -76
13 -77
13 -77
13 -77
13 -77
13 -78
13 -78
13 -78
13 -78
13 -78
13 -78
13 -78
13 -78
13 -78
13 -78
13 -77
13 -78
13 -78
13 -78
13 -78
13 -78
13 -78
13 -71
13 -78
13 -78
13 -72
13 -78
13 -78
13 -78
13 -77
13 -78
13 -78
13 -77
13 -77
13 -77
13 -77
13 -78
13 -78
13 -78
13 -78
13 -78
13 -78
13 -78
13 -78
13 -79
13 -73
13 -81
13 -83
13 -54
13 -82
13 -82
13 -81
13 -83
13 -83
13 -84
13 -84
13 -82
13 -81
13 -82
13 -84
13 -74
13 -79
13 -81
13 -52
13 -78
13 -78
13 -80
13 -83
13 -81
13 -83
13 -83
13 -82
13 -80
13 -80
13 -80
13 -81
13 -82
13 -58
13 -76
13 -74
13 -76
13 -82
13 -83
13 -84
13 -84
13 -84
13 -84
13 -85
13 -86
13 -87
13 -87
13 -89
13 -87
13 -72
13 -83
13 -83
13 -82
13 -83
13 -82
13 -83
13 -82
13 -81
13 -81
13 -79
13 -82
13 -81
13 -83
13 -81
13 -83
13 -84
13 -83
13 -83
13 -83
13 -82
13 -80
13 -80
13 -62
13 -80
13 -79
13 -64
13 -78
13 -78
13 -79
13 -76
13 -78
13 -51
13 -76
13 -76
13 -77
13 -76
13 -78
13 -81
13 -76
13 -75
13 -70
13 -74
13 -78
13 -77
13 -78
13 -74
13 -76
13 -77
13 -82
13 -82
13 -83
13 -81
13 -78
13 -78
13 -80
13 -80
13 -80
13 -83
13 -81
13 -80
13 -80
13 -80
13 -79
13 -78
13 -78
13 -77
13 -77
13 -75
13 -76
13 -76
13 -76
13 -75
13 -76
13 -76
13 -72
13 -74
13 -76
13 -77
13 -78
13 -78
13 -78
13 -79
13 -77
13 -79
13 -74
13 -78
13 -78
13 -78
13 -77
13 -76
13 -76
13 -76
13 -76
13 -76
13 -73
13 -76
13 -76
13 -76
13 -76
13 -76
13 -76
13 -75
13 -76
13 -76
13 -76
13 -77
13 -76
13 -76
13 -77
13 -77
13 -78
13 -76
13 -78
13 -79
13 -79
13 -79
13 -79
13 -79
13 -78
13 -78
13 -77
13 -78
13 -78
13 -78
13 -78
13 -77
13 -78
13 -78
13 -77
13 -78
13 -78
13 -77
13 -77
13 -78
13 -78
13 -77
13 -77
13 -77
13 -77
13 -77
13 -75
13 -76
13 -78
13 -78
13 -78
13 -78
13 -83
13 -83
13 -84
13 -80
13 -79
14 -79
14 -78
14 -84
14 -80
14 -77
14 -79
14 -80
14 -78
14 -74
14 -73
14 -74
14 -73
14 -78
14 -76
14 -77
14 -76
14 -76
14 -76
14 -76
14 -75
14 -73
14 -72
14 -72
14 -52
14 -73
14 -72
14 -75
14 -74
14 -69
14 -74
14 -74
14 -75
14 -72
14 -74
14 -75
14 -73
14 -75
14 -74
14 -76
14 -75
14 -75
14 -78
14 -76
14 -76
14 -76
14 -76
14 -77
14 -76
14 -76
14 -79
14 -80
14 -82
14 -82
14 -82
14 -82
14 -83
14 -80
14 -78
14 -76
14 -75
14 -74
14 -74
14 -73
14 -74
14 -73
14 -74
14 -74
14 -75
14 -75
14 -76
14 -76
14 -76
14 -75
14 -75
14 -76
14 -75
14 -76
14 -76
14 -75
14 -76
14 -76
14 -76
14 -76
14 -76
14 -76
14 -78
14 -78
14 -78
14 -78
14 -78
14 -79
14 -78
14 -78
14 -77
14 -76
14 -77
14 -76
14 -76
14 -75
14 -76
14 -76
14 -76
14 -77
14 -77
14 -77
14 -78
14 -77
14 -77
14 -78
14 -78
14 -78
14 -78
14 -79
14 -78
14 -79
14 -77
14 -77
14 -77
14 -77
14 -78
14 -77
14 -76
14 -77
14 -77
14 -78
14 -76
14 -76
14 -76
14 -76
14 -71
14 -76
14 -76
14 -77
14 -77
14 -64
14 -77
14 -78
14 -79
14 -79
14 -81
14 -30
14 -86
14 -83
14 -59
14 -59
14 -81
14 -78
14 -77
14 -79
14 -78
14 -78
14 -80
14 -76
14 -79
14 -81
14 -84
14 -82
14 -77
14 -79
14 -73
14 -76
14 -76
14 -76
14 -76
14 -76
14 -75
14 -72
14 -74
14 -72
14 -72
14 -74
14 -81
14 -76
14 -79
14 -81
14 -77
14 -60
14 -75
14 -83
14 -76
14 -83
14 -83
14 -80
14 -84
14 -84
14 -83
14 -82
14 -83
14 -83
14 -86
14 -84
14 -83
14 -83
14 -83
14 -83
14 -83
14 -83
14 -83
14 -64
14 -82
14 -81
14 -83
14 -83
14 -84
14 -85
14 -84
14 -84
14 -82
14 -81
14 -82
14 -81
14 -79
14 -80
14 -70
14 -81
14 -79
14 -80
14 -81
14 -80
14 -78
14 -78
14 -78
14 -55
14 -75
14 -78
14 -80
14 -81
14 -79
14 -79
14 -79
14 -79
14 -78
14 -78
14 -76
14 -76
14 -77
14 -76
14 -76
14 -75
14 -74
14 -73
14 -72
14 -74
14 -72
14 -73
14 -72
14 -73
14 -73
14 -72
14 -73
14 -72
14 -70
14 -71
14 -73
14 -80
14 -79
14 -79
14 -84
14 -83
14 -83
14 -81
14 -76
14 -86
14 -85
14 -75
14 -76
14 -76
14 -78
14 -78
14 -80
14 -79
14 -78
14 -79
14 -82
14 -84
14 -83
14 -82
14 -82
14 -82
14 -82
14 -82
14 -84
14 -83
14 -82
14 -82
14 -73
14 -79
14 -79
14 -79
14 -79
14 -79
14 -63
14 -79
14 -78
14 -79
14 -79
14 -79
14 -79
14 -80
14 -80
14 -80
14 -80
14 -80
14 -80
14 -80
14 -81
14 -81
14 -80
14 -80
14 -80
14 -80
14 -80
14 -80
14 -81
14 -82
14 -81
14 -82
14 -78
14 -82
14 -83
14 -83
14 -85
14 -83
14 -82
14 -83
14 -82
14 -81
14 -80
14 -81
14 -73
14 -80
14 -78
14 -80
14 -80
14 -81
14 -80
14 -82
14 -75
15 -68
15 -69
15 -68
15 -68
15 -67
15 -67
15 -66
15 -65
15 -66
15 -66
15 -66
15 -30
15 -66
15 -64
15 -64
15 -65
15 -65
15 -66
15 -66
15 -66
15 -67
15 -66
15 -67
15 -67
15 -66
15 -66
15 -66
15 -66
15 -66
15 -69
15 -70
15 -69
15 -68
15 -68
15 -68
15 -67
15 -66
15 -66
15 -67
15 -66
15 -67
15 -67
15 -66
15 -67
15 -68
15 -68
15 -68
15 -68
15 -66
15 -68
15 -68
15 -69
15 -68
15 -68
15 -67
15 -63
15 -70
15 -70
15 -72
15 -74
15 -76
15 -75
15 -76
15 -75
15 -74
15 -73
15 -72
15 -73
15 -71
15 -70
15 -70
15 -70
15 -70
15 -71
15 -71
15 -72
15 -72
15 -71
15 -71
15 -70
15 -70
15 -70
15 -70
15 -70
15 -70
15 -70
15 -70
15 -70
15 -70
15 -70
15 -70
15 -70
15 -70
15 -70
15 -70
15 -69
15 -69
15 -70
15 -70
15 -71
15 -71
15 -72
15 -71
15 -72
15 -71
15 -71
15 -72
15 -72
15 -72
15 -70
15 -70
15 -70
15 -70
15 -70
15 -70
15 -71
15 -72
15 -62
15 -72
15 -72
15 -72
15 -72
15 -73
15 -72
15 -72
15 -72
15 -71
15 -71
15 -71
15 -70
15 -71
15 -70
15 -71
15 -72
15 -72
15 -71
15 -71
15 -71
15 -71
15 -70
15 -70
15 -71
15 -71
15 -70
15 -70
15 -70
15 -71
15 -71
15 -70
15 -70
15 -70
15 -70
15 -71
15 -72
15 -72
15 -72
15 -73
15 -59
15 -72
15 -71
15 -71
15 -72
15 -72
15 -72
15 -72
15 -72
15 -71
15 -72
15 -72
15 -72
15 -72
15 -72
15 -65
15 -76
15 -76
15 -78
15 -76
15 -75
15 -75
15 -75
15 -73
15 -76
15 -76
15 -76
15 -76
15 -79
15 -78
15 -77
15 -75
15 -74
15 -74
15 -75
15 -74
15 -74
15 -78
15 -82
15 -78
15 -73
15 -72
15 -72
15 -72
15 -75
15 -73
15 -73
15 -73
15 -70
15 -69
15 -68
15 -70
15 -77
15 -75
15 -76
15 -75
15 -77
15 -76
15 -76
15 -72
15 -70
15 -70
15 -72
15 -72
15 -71
15 -72
15 -71
15 -72
15 -71
15 -70
15 -70
15 -70
15 -70
15 -70
15 -71
15 -71
15 -71
15 -71
15 -70
15 -71
15 -70
15 -70
15 -70
15 -70
15 -71
15 -70
15 -70
15 -70
15 -81
15 -70
15 -70
15 -70
15 -70
15 -70
15 -70
15 -70
15 -70
15 -70
15 -70
15 -70
15 -70
15 -70
15 -70
15 -70
15 -69
15 -70
15 -70
15 -70
15 -69
15 -70
15 -70
15 -70
15 -70
15 -70
15 -70
15 -70
15 -70
15 -70
15 -70
15 -70
15 -70
15 -70
15 -79
15 -70
15 -70
15 -69
15 -70
15 -70
15 -70
15 -70
15 -70
15 -70
15 -70
15 -69
15 -69
15 -70
15 -70
15 -70
15 -70
15 -67
15 -70
15 -70
15 -70
15 -70
15 -70
15 -70
15 -70
15 -69
15 -69
15 -70
15 -69
15 -69
15 -69
15 -70
15 -69
15 -69
15 -69
15 -70
15 -69
15 -69
15 -69
15 -70
15 -69
15 -70
15 -70
15 -70
15 -70
15 -70
15 -70
15 -70
15 -70
15 -70
15 -70
15 -70
15 -70
15 -70
15 -70
15 -70
15 -70
15 -70
15 -70
15 -72
15 -80
15 -78
15 -72
15 -70
15 -67
15 -69
15 -71
15 -71
15 -72
15 -72
15 -70
15 -70
15 -70
15 -70
15 -70
15 -70
15 -68
15 -66
15 -67
15 -68
15 -69
15 -70
15 -72
15 -74
15 -73
15 -70
15 -70
15 -70
15 -71
15 -70
15 -70
15 -70
15 -71
15 -70
15 -70
15 -69
15 -70
15 -70
15 -56
15 -70
15 -70
15 -70
15 -70
15 -70
15 -70
15 -70
15 -70
15 -70
15 -70
15 -70
15 -71
15 -71
15 -71
15 -72
15 -71
15 -71
15 -70
15 -70
15 -70
15 -70
15 -70
15 -70
15 -70
15 -70
15 -70
15 -70
15 -70
15 -70
15 -70
15 -69
15 -72
15 -72
15 -72
15 -73
15 -72
15 -72
15 -73
15 -73
15 -73
15 -72
15 -72
15 -72
15 -72
15 -72
15 -72
15 -72
15 -72
15 -72
15 -73
15 -74
15 -73
15 -65
15 -73
15 -73
15 -73
15 -73
15 -72
15 -73
15 -72
15 -72
15 -72
15 -72
15 -71
15 -72
15 -72
15 -72
15 -72
15 -65
15 -72
15 -72
15 -72
15 -72
15 -72
15 -72
15 -71
15 -71
15 -71
15 -70
15 -70
15 -70
15 -70
15 -70
15 -70
15 -70
15 -70
15 -70
15 -70
15 -70
15 -70
15 -70
15 -70
15 -70
15 -70
15 -70
15 -71
15 -70
15 -70
15 -70
15 -70
15 -70
15 -70
15 -65
15 -70
15 -70
15 -70
15 -70
15 -70
15 -71
15 -71
15 -71
15 -71
15 -70
15 -70
16 -70
16 -69
16 -64
16 -70
16 -70
16 -70
16 -70
16 -69
16 -76
16 -69
16 -70
16 -74
16 -75
16 -74
16 -74
16 -73
16 -75
16 -75
16 -74
16 -59
16 -75
16 -75
16 -76
16 -75
16 -72
16 -63
16 -74
16 -76
16 -76
16 -76
16 -76
16 -76
16 -73
16 -74
16 -52
16 -70
16 -70
16 -70
16 -70
16 -69
16 -76
16 -72
16 -71
16 -71
16 -71
16 -72
16 -72
16 -72
16 -72
16 -72
16 -72
16 -73
16 -73
16 -74
16 -75
16 -75
16 -76
16 -77
16 -80
16 -83
16 -85
16 -83
16 -82
16 -83
16 -84
16 -80
16 -81
16 -76
16 -78
16 -83
16 -81
16 -82
16 -82
16 -84
16 -70
16 -75
16 -78
16 -77
16 -78
16 -78
16 -77
16 -77
16 -65
16 -76
16 -76
16 -76
16 -64
16 -76
16 -76
16 -75
16 -75
16 -76
16 -75
16 -75
16 -74
16 -75
16 -76
16 -76
16 -79
16 -78
16 -77
16 -76
16 -76
16 -74
16 -74
16 -73
16 -74
16 -74
16 -75
16 -75
16 -75
16 -75
16 -74
16 -74
16 -75
16 -76
16 -75
16 -65
16 -74
16 -73
16 -73
16 -72
16 -72
16 -74
16 -75
16 -76
16 -76
16 -78
16 -76
16 -78
16 -78
16 -78
16 -75
16 -81
16 -78
16 -76
16 -74
16 -72
16 -71
16 -76
16 -78
16 -81
16 -78
16 -73
16 -73
16 -72
16 -74
16 -77
16 -75
16 -71
16 -70
16 -72
16 -70
16 -72
16 -74
16 -74
16 -72
16 -70
16 -71
16 -71
16 -71
16 -74
16 -74
16 -73
16 -73
16 -72
16 -72
16 -74
16 -73
16 -73
16 -72
16 -72
16 -71
16 -70
16 -70
16 -70
16 -70
16 -70
16 -70
16 -70
16 -70
16 -70
16 -70
16 -70
16 -70
16 -70
16 -70
16 -70
16 -71
16 -65
16 -70
16 -71
16 -72
16 -67
16 -72
16 -72
16 -72
16 -72
16 -72
16 -83
16 -71
16 -71
16 -71
16 -71
16 -72
16 -72
16 -72
16 -30
16 -72
16 -72
16 -72
16 -72
16 -72
16 -72
16 -72
16 -72
16 -72
16 -72
16 -72
16 -72
16 -72
16 -72
16 -72
16 -72
16 -72
16 -72
16 -72
16 -72
16 -72
16 -72
16 -72
16 -72
16 -72
16 -72
16 -71
16 -71
16 -71
16 -72
16 -71
16 -70
16 -71
16 -71
16 -70
16 -71
16 -71
16 -71
16 -72
16 -72
16 -72
16 -72
16 -72
16 -71
16 -71
16 -72
16 -72
16 -71
16 -72
16 -72
16 -72
16 -72
16 -72
16 -72
16 -72
16 -72
16 -71
16 -58
16 -70
16 -69
16 -71
16 -71
16 -71
16 -71
16 -71
16 -71
16 -71
16 -71
16 -71
16 -71
16 -71
16 -72
16 -72
16 -72
16 -72
16 -72
16 -70
16 -69
16 -71
16 -79
16 -73
16 -70
16 -71
16 -74
16 -74
16 -76
16 -78
16 -74
16 -72
16 -70
16 -70
16 -69
16 -70
16 -69
16 -69
16 -68
16 -69
16 -70
16 -71
16 -72
16 -72
16 -75
16 -78
16 -81
16 -79
16 -81
16 -82
16 -83
16 -75
16 -76
16 -76
16 -78
16 -78
16 -78
16 -78
16 -78
16 -79
16 -78
16 -80
16 -79
16 -79
16 -78
16 -78
16 -78
16 -78
16 -77
16 -76
16 -76
16 -76
16 -76
16 -76
16 -71
16 -75
16 -77
16 -77
16 -77
16 -78
16 -78
16 -79
16 -69
16 -79
16 -79
16 -80
16 -80
16 -76
16 -80
16 -80
16 -80
16 -63
16 -78
16 -77
16 -73
16 -79
16 -78
16 -77
16 -78
16 -78
16 -78
16 -78
16 -79
16 -79
16 -80
16 -81
16 -83
16 -82
16 -82
16 -81
16 -82
16 -81
16 -84
16 -80
16 -79
16 -80
16 -81
16 -82
16 -82
16 -71
16 -84
16 -83
17 -74
17 -79
17 -78
17 -78
17 -78
17 -78
17 -78
17 -78
17 -73
17 -79
17 -77
17 -76
17 -79
17 -76
17 -78
17 -77
17 -78
17 -79
17 -78
17 -80
17 -78
17 -79
17 -79
17 -78
17 -80
17 -78
17 -80
17 -79
17 -78
17 -82
17 -82
17 -84
17 -83
17 -82
17 -85
17 -82
17 -85
17 -85
17 -82
17 -82
17 -79
17 -78
17 -78
17 -79
17 -80
17 -81
17 -81
17 -80
17 -77
17 -77
17 -79
17 -77
17 -78
17 -77
17 -78
17 -80
17 -81
17 -83
17 -82
17 -81
17 -79
17 -79
17 -78
17 -79
17 -81
17 -78
17 -80
17 -81
17 -79
17 -80
17 -80
17 -82
17 -78
17 -78
17 -78
17 -78
17 -77
17 -76
17 -77
17 -77
17 -76
17 -76
17 -75
17 -77
17 -77
17 -77
17 -77
17 -77
17 -76
17 -76
17 -76
17 -76
17 -76
17 -77
17 -76
17 -76
17 -76
17 -76
17 -76
17 -76
17 -76
17 -76
17 -76
17 -76
17 -77
17 -78
17 -78
17 -78
17 -78
17 -79
17 -78
17 -78
17 -78
17 -77
17 -78
17 -77
17 -78
17 -77
17 -76
17 -76
17 -75
17 -78
17 -76
17 -76
17 -76
17 -76
17 -78
17 -78
17 -78
17 -78
17 -79
17 -78
17 -78
17 -78
17 -78
17 -73
17 -78
17 -80
17 -79
17 -79
17 -78
17 -77
17 -77
17 -78
17 -79
17 -79
17 -83
17 -80
17 -80
17 -84
17 -79
17 -78
17 -76
17 -81
17 -74
17 -74
17 -77
17 -78
17 -80
17 -79
17 -77
17 -76
17 -77
17 -79
17 -78
17 -79
17 -79
17 -78
17 -78
17 -78
17 -78
17 -78
17 -78
17 -78
17 -77
17 -77
17 -54
17 -77
17 -77
17 -78
17 -78
17 -78
17 -78
17 -78
17 -78
17 -78
17 -78
17 -79
17 -80
17 -79
17 -79
17 -79
17 -30
17 -80
17 -79
17 -80
17 -80
17 -80
17 -79
17 -79
17 -79
17 -79
17 -79
17 -78
17 -78
17 -78
17 -78
17 -78
17 -79
17 -65
17 -80
17 -80
17 -80
17 -80
17 -81
17 -82
17 -81
17 -79
17 -80
17 -79
17 -77
17 -68
17 -80
17 -81
17 -70
17 -81
17 -81
17 -80
17 -81
17 -79
17 -80
17 -73
17 -79
17 -80
17 -80
17 -79
17 -79
17 -79
17 -78
17 -79
17 -78
17 -77
17 -76
17 -79
17 -80
17 -80
17 -79
17 -81
17 -79
17 -80
17 -80
17 -80
17 -80
17 -80
17 -78
17 -75
17 -75
17 -76
17 -78
17 -78
17 -78
17 -79
17 -81
17 -66
17 -81
17 -82
17 -84
17 -85
17 -86
17 -84
17 -82
17 -79
17 -78
17 -78
17 -80
17 -79
17 -78
17 -77
17 -76
17 -76
17 -77
17 -78
17 -79
17 -79
17 -82
17 -76
17 -76
17 -78
17 -78
17 -76
17 -77
17 -79
17 -77
17 -78
17 -78
17 -78
17 -78
17 -77
17 -77
17 -77
17 -77
17 -78
17 -77
17 -78
17 -77
17 -75
17 -78
17 -78
17 -79
17 -78
17 -78
17 -78
17 -78
17 -78
17 -78
17 -78
17 -78
17 -78
17 -78
17 -78
17 -78
17 -78
17 -78
17 -78
17 -78
17 -78
17 -78
17 -78
17 -78
17 -78
17 -78
17 -78
17 -78
17 -77
17 -77
17 -77
17 -77
17 -77
17 -76
17 -76
17 -70
17 -76
17 -76
17 -76
17 -30
17 -76
17 -76
17 -76
17 -76
17 -76
17 -76
17 -76
17 -76
17 -76
17 -76
17 -76
17 -76
17 -76
17 -76
17 -76
17 -76
17 -76
17 -76
17 -76
17 -75
17 -75
17 -74
17 -74
17 -74
17 -73
17 -73
17 -74
17 -73
18 -74
18 -73
18 -73
18 -73
18 -74
18 -74
18 -74
18 -74
18 -74
18 -75
18 -74
18 -75
18 -74
18 -75
18 -74
18 -73
18 -72
18 -72
18 -70
18 -58
18 -72
18 -72
18 -72
18 -72
18 -72
18 -72
18 -72
18 -74
18 -73
18 -73
18 -72
18 -72
18 -73
18 -73
18 -74
18 -73
18 -75
18 -74
18 -76
18 -60
18 -75
18 -75
18 -74
18 -76
18 -76
18 -74
18 -70
18 -75
18 -74
18 -75
18 -75
18 -74
18 -73
18 -73
18 -73
18 -74
18 -74
18 -74
18 -74
18 -75
18 -73
18 -76
18 -78
18 -78
18 -80
18 -81
18 -84
18 -84
18 -84
18 -64
18 -83
18 -85
18 -84
18 -86
18 -84
18 -82
18 -74
18 -83
18 -82
18 -81
18 -83
18 -80
18 -79
18 -81
18 -82
18 -82
18 -83
18 -83
18 -81
18 -30
18 -79
18 -81
18 -82
18 -78
18 -79
18 -79
18 -80
18 -81
18 -80
18 -81
18 -60
18 -78
18 -78
18 -79
18 -79
18 -81
18 -78
18 -79
18 -60
18 -83
18 -83
18 -83
18 -80
18 -83
18 -82
18 -83
18 -82
18 -78
18 -78
18 -76
18 -77
18 -76
18 -76
18 -76
18 -77
18 -78
18 -80
18 -78
18 -80
18 -78
18 -82
18 -81
18 -81
18 -78
18 -79
18 -78
18 -81
18 -77
18 -32
18 -79
18 -81
18 -80
18 -77
18 -78
18 -79
18 -74
18 -74
18 -82
18 -84
18 -82
18 -84
18 -83
18 -83
18 -76
18 -76
18 -85
18 -78
18 -75
18 -77
18 -78
18 -77
18 -75
18 -78
18 -76
18 -78
18 -78
18 -70
18 -78
18 -78
18 -77
18 -79
18 -79
18 -79
18 -78
18 -78
18 -78
18 -78
18 -78
18 -77
18 -77
18 -77
18 -76
18 -77
18 -78
18 -78
18 -78
18 -78
18 -77
18 -78
18 -76
18 -78
18 -78
18 -78
18 -71
18 -72
18 -79
18 -77
18 -78
18 -78
18 -78
18 -78
18 -78
18 -78
18 -78
18 -78
18 -78
18 -78
18 -76
18 -76
18 -77
18 -78
18 -78
18 -79
18 -77
18 -78
18 -78
18 -78
18 -79
18 -79
18 -79
18 -78
18 -78
18 -77
18 -79
18 -78
18 -78
18 -78
18 -79
18 -79
18 -78
18 -69
18 -80
18 -79
18 -80
18 -81
18 -79
18 -79
18 -79
18 -80
18 -80
18 -78
18 -80
18 -80
18 -81
18 -80
18 -79
18 -79
18 -79
18 -64
18 -80
18 -80
18 -80
18 -78
18 -78
18 -82
18 -80
18 -82
18 -82
18 -81
18 -76
18 -85
18 -85
18 -81
18 -76
18 -67
18 -75
18 -76
18 -76
18 -80
18 -78
18 -76
18 -76
18 -76
18 -76
18 -77
18 -76
18 -76
18 -76
18 -78
18 -67
18 -76
18 -76
18 -71
18 -76
18 -76
18 -76
18 -76
18 -77
18 -76
18 -77
18 -76
18 -63
18 -76
18 -78
18 -78
18 -78
18 -77
18 -77
18 -77
18 -74
18 -76
18 -74
18 -78
18 -79
18 -79
18 -78
18 -80
18 -80
18 -81
18 -73
18 -74
18 -80
18 -77
18 -78
18 -77
18 -71
18 -76
18 -76
18 -76
18 -78
18 -77
18 -77
18 -78
18 -78
18 -78
18 -80
18 -80
18 -79
18 -81
18 -80
18 -83
18 -81
18 -82
18 -85
18 -84
18 -85
18 -85
18 -84
18 -84
18 -84
18 -84
18 -84
18 -82
18 -79
18 -81
18 -80
18 -79
18 -80
18 -82
18 -81
18 -81
18 -79
18 -78
18 -78
18 -78
18 -78
18 -80
18 -74
18 -79
18 -81
18 -81
18 -81
18 -40
18 -80
18 -81
18 -81
18 -79
18 -79
18 -80
18 -79
18 -79
18 -78
18 -78
18 -77
18 -78
18 -77
18 -62
18 -78
19 -79
19 -80
19 -81
19 -79
19 -80
19 -63
19 -81
19 -83
19 -86
19 -86
19 -88
19 -86
19 -86
19 -84
19 -89
19 -86
19 -86
19 -86
19 -87
19 -84
19 -85
19 -85
19 -86
19 -71
19 -84
19 -86
19 -85
19 -83
19 -84
19 -83
19 -83
19 -83
19 -83
19 -84
19 -85
19 -85
19 -88
19 -84
19 -84
19 -84
19 -84
19 -82
19 -82
19 -83
19 -81
19 -84
19 -84
19 -83
19 -85
19 -84
19 -84
19 -84
19 -87
19 -84
19 -85
19 -85
19 -87
19 -85
19 -84
19 -84
19 -84
19 -85
19 -85
19 -88
20 -83
20 -77
20 -85
20 -84
20 -87
20 -84
20 -84
20 -83
20 -83
20 -83
20 -83
20 -83
20 -83
20 -80
20 -79
20 -46
20 -81
20 -80
20 -83
20 -81
20 -80
20 -80
20 -79
20 -77
20 -84
20 -75
20 -86
20 -88
20 -81
20 -80
20 -81
20 -75
20 -82
20 -82
20 -84
20 -84
20 -83
20 -84
20 -86
20 -85
20 -82
20 -83
20 -84
20 -84
20 -84
20 -84
20 -82
20 -81
20 -82
20 -87
20 -80
20 -80
20 -79
20 -80
20 -83
20 -85
20 -85
20 -82
20 -86
20 -84
20 -83
20 -82
20 -80
20 -80
20 -77
20 -84
20 -85
20 -82
20 -79
20 -79
20 -78
20 -79
20 -79
20 -79
20 -75
20 -74
20 -77
20 -78
20 -62
20 -77
20 -76
20 -76
20 -78
20 -76
20 -74
20 -76
20 -77
20 -76
20 -76
20 -76
20 -76
20 -77
20 -76
20 -77
20 -78
20 -78
20 -77
20 -77
20 -78
20 -76
20 -77
20 -77
20 -77
20 -77
20 -76
20 -76
20 -76
20 -76
20 -76
20 -76
20 -76
20 -76
20 -76
20 -76
20 -76
20 -76
20 -76
20 -76
20 -77
20 -76
20 -76
20 -76
20 -77
20 -76
20 -76
20 -77
20 -77
20 -77
20 -76
20 -77
20 -77
20 -77
20 -77
20 -77
20 -77
20 -77
20 -77
20 -77
20 -78
20 -76
20 -77
20 -76
20 -77
20 -77
20 -78
20 -78
20 -78
20 -78
20 -77
20 -77
20 -78
20 -77
20 -77
20 -77
20 -76
20 -77
20 -77
20 -77
20 -77
20 -78
20 -80
20 -79
20 -80
20 -77
21 -77
21 -78
21 -76
21 -77
21 -76
21 -76
21 -76
21 -78
21 -79
21 -77
21 -78
21 -81
21 -82
21 -65
21 -78
21 -78
21 -76
21 -75
21 -75
21 -74
21 -75
21 -76
21 -76
21 -78
21 -75
21 -75
21 -74
21 -74
21 -73
21 -73
21 -73
21 -77
21 -76
21 -79
21 -79
21 -80
21 -80
21 -78
21 -80
21 -79
21 -68
21 -76
21 -70
21 -83
21 -81
21 -84
21 -83
21 -83
21 -82
21 -80
21 -77
21 -76
21 -76
21 -76
21 -75
21 -70
21 -75
21 -74
21 -76
21 -73
21 -73
21 -62
21 -74
21 -75
21 -76
21 -76
21 -75
21 -76
21 -77
21 -76
21 -77
21 -76
21 -75
21 -74
21 -74
21 -74
21 -72
21 -72
21 -74
21 -76
21 -77
21 -77
21 -78
21 -77
21 -78
21 -79
21 -79
21 -76
21 -82
21 -79
21 -79
21 -76
21 -73
21 -77
21 -75
21 -76
21 -77
21 -76
21 -76
21 -74
21 -73
21 -74
21 -74
21 -75
21 -76
21 -72
21 -77
21 -78
21 -78
21 -78
21 -76
21 -76
21 -75
21 -75
21 -74
21 -75
21 -74
21 -74
21 -76
21 -76
21 -75
21 -75
21 -74
21 -71
21 -74
21 -74
21 -75
21 -75
21 -75
21 -74
21 -74
21 -73
21 -73
21 -71
21 -72
21 -72
21 -67
21 -73
21 -72
21 -72
21 -72
21 -46
21 -71
21 -72
21 -72
21 -72
21 -73
21 -73
21 -73
21 -72
21 -73
21 -73
21 -73
21 -72
21 -73
21 -73
21 -73
21 -72
21 -72
21 -72
21 -72
21 -72
21 -73
21 -73
21 -73
21 -73
21 -73
21 -73
21 -71
21 -72
21 -57
21 -73
21 -72
21 -73
21 -72
21 -73
21 -72
21 -73
21 -73
21 -72
21 -71
21 -72
21 -72
21 -72
21 -54
21 -76
21 -76
21 -76
21 -76
21 -74
21 -73
21 -79
21 -79
21 -76
21 -78
21 -84
21 -79
21 -83
21 -82
21 -82
21 -81
21 -80
21 -80
21 -81
21 -80
21 -81
21 -82
21 -82
21 -81
21 -80
21 -80
21 -81
21 -80
21 -79
21 -80
21 -76
21 -79
21 -80
21 -80
21 -80
21 -79
21 -81
21 -81
21 -81
21 -81
21 -81
21 -82
21 -81
21 -71
21 -80
21 -80
21 -81
21 -80
21 -81
21 -81
21 -81
21 -82
21 -80
21 -82
21 -81
21 -80
21 -69
21 -81
21 -81
21 -82
21 -81
21 -82
21 -66
21 -83
21 -83
21 -83
21 -82
21 -82
21 -81
21 -68
21 -82
21 -80
21 -81
21 -83
21 -79
21 -82
21 -83
21 -83
21 -79
21 -82
21 -82
21 -83
21 -83
21 -83
21 -84
21 -84
21 -77
21 -75
21 -76
21 -73
21 -74
21 -76
21 -77
21 -78
21 -78
21 -76
21 -74
21 -72
21 -76
21 -75
21 -77
21 -72
21 -75
21 -74
21 -76
21 -84
21 -81
21 -75
21 -74
21 -77
21 -76
21 -74
21 -77
21 -75
21 -75
21 -74
21 -76
21 -75
21 -76
21 -76
21 -75
21 -75
21 -75
21 -75
21 -75
21 -76
21 -76
21 -75
21 -76
21 -76
21 -75
21 -74
21 -75
21 -75
21 -74
21 -75
21 -75
21 -76
21 -75
21 -74
21 -76
21 -76
21 -66
21 -76
21 -76
21 -76
21 -62
21 -76
21 -75
21 -76
21 -76
21 -76
21 -76
21 -76
21 -76
21 -76
21 -76
21 -76
21 -76
21 -76
21 -76
21 -76
21 -76
21 -76
21 -76
21 -76
21 -76
21 -76
21 -75
21 -76
21 -76
21 -76
21 -76
21 -76
21 -77
21 -77
21 -78
21 -77
21 -77
21 -77
21 -78
21 -77
21 -76
21 -76
21 -76
21 -76
21 -76
21 -76
21 -76
21 -76
21 -75
21 -75
21 -75
21 -75
21 -75
21 -75
21 -76
21 -75
21 -76
21 -75
21 -75
21 -64
21 -75
21 -75
21 -76
21 -75
21 -75
21 -75
21 -76
21 -76
21 -75
21 -76
21 -76
21 -76
21 -76
21 -76
21 -76
21 -77
21 -78
21 -77
21 -77
21 -77
21 -76
21 -76
21 -76
21 -76
21 -76
22 -82
22 -83
22 -83
22 -79
22 -77
22 -77
22 -76
22 -77
22 -76
22 -76
22 -78
22 -78
22 -81
22 -80
22 -77
22 -76
22 -76
22 -76
22 -78
22 -77
22 -77
22 -79
22 -77
22 -84
22 -77
22 -77
22 -78
22 -80
22 -78
22 -76
22 -76
22 -76
22 -78
22 -77
22 -72
22 -81
22 -85
22 -84
22 -83
22 -83
22 -87
22 -84
22 -79
22 -86
22 -73
22 -72
22 -73
22 -76
22 -75
22 -76
22 -76
22 -78
22 -74
22 -74
22 -81
22 -83
22 -82
22 -84
22 -84
22 -82
22 -82
22 -81
22 -83
22 -83
22 -84
22 -83
22 -83
22 -83
22 -83
22 -83
22 -74
22 -83
22 -83
22 -79
22 -81
22 -84
22 -83
22 -83
22 -82
22 -81
22 -82
22 -82
22 -83
22 -82
22 -82
22 -83
22 -83
22 -83
22 -83
22 -82
22 -83
22 -83
22 -82
22 -82
22 -83
22 -83
22 -83
22 -83
22 -81
22 -83
22 -84
22 -84
22 -83
22 -83
22 -82
22 -81
22 -69
22 -82
22 -82
22 -83
22 -82
22 -83
22 -66
22 -82
22 -82
22 -82
22 -83
22 -83
22 -83
22 -82
22 -82
22 -66
22 -82
22 -80
22 -81
22 -80
22 -80
22 -81
22 -68
22 -81
22 -82
22 -81
22 -74
22 -76
22 -63
22 -73
22 -80
22 -77
22 -77
22 -78
22 -77
22 -76
22 -75
22 -81
22 -52
22 -82
22 -84
22 -83
22 -84
22 -82
22 -78
22 -82
22 -81
22 -79
22 -80
22 -77
22 -68
22 -78
22 -78
22 -78
22 -76
22 -80
22 -78
22 -77
22 -75
22 -76
22 -75
22 -66
22 -78
22 -66
22 -78
22 -79
22 -77
22 -77
22 -76
22 -75
22 -75
22 -76
22 -76
22 -74
22 -76
22 -75
22 -75
22 -76
22 -75
22 -75
22 -76
22 -76
22 -77
22 -59
22 -77
22 -76
22 -78
22 -78
22 -78
22 -79
22 -80
22 -81
22 -77
22 -74
22 -82
22 -82
22 -75
22 -83
22 -82
22 -82
22 -76
22 -82
22 -80
22 -83
22 -81
22 -83
22 -83
22 -82
22 -81
22 -82
22 -80
22 -80
22 -80
22 -79
22 -79
22 -78
22 -78
22 -76
22 -77
22 -76
22 -76
22 -76
22 -77
22 -76
22 -76
22 -76
22 -76
22 -77
22 -76
22 -76
22 -76
22 -75
22 -75
22 -76
22 -76
22 -75
22 -76
22 -76
22 -76
22 -76
22 -76
22 -76
22 -76
22 -76
22 -76
22 -76
22 -75
22 -76
22 -76
22 -76
22 -78
22 -78
22 -78
22 -73
22 -78
22 -73
22 -78
22 -78
22 -78
22 -77
22 -78
22 -78
22 -77
23 -84
23 -83
23 -85
23 -86
23 -83
23 -83
23 -83
23 -86
23 -84
23 -83
23 -68
23 -85
23 -83
23 -52
23 -84
23 -82
23 -64
23 -81
23 -85
23 -84
23 -83
23 -85
23 -84
23 -84
23 -84
23 -83
23 -82
23 -65
23 -85
23 -82
23 -84
23 -84
23 -84
23 -84
23 -83
23 -84
23 -83
23 -81
23 -67
23 -83
23 -83
23 -83
23 -83
23 -83
23 -83
23 -83
23 -83
23 -83
23 -83
23 -83
23 -82
23 -82
23 -82
23 -81
23 -82
23 -82
23 -83
23 -80
23 -82
23 -82
23 -82
23 -80
23 -81
23 -82
23 -82
23 -81
23 -80
23 -62
23 -82
23 -82
23 -83
23 -82
23 -85
23 -84
23 -82
23 -82
23 -84
23 -84
23 -85
23 -85
23 -85
23 -85
23 -86
23 -86
23 -84
23 -83
23 -84
23 -83
23 -82
23 -84
23 -63
23 -50
23 -84
23 -84
23 -78
23 -79
23 -83
23 -85
23 -85
23 -84
23 -84
23 -84
23 -83
23 -84
23 -84
23 -84
23 -85
23 -87
23 -86
23 -86
23 -84
23 -84
23 -84
23 -76
23 -84
23 -84
23 -84
23 -84
23 -84
23 -84
23 -84
23 -84
23 -84
23 -84
23 -85
23 -85
23 -85
23 -85
23 -85
23 -85
23 -86
23 -85
23 -85
23 -85
23 -83
24 -79
24 -80
24 -80
24 -79
24 -80
24 -80
24 -80
24 -81
24 -79
24 -83
24 -84
24 -80
24 -67
24 -84
24 -81
24 -78
24 -78
24 -68
24 -79
24 -78
24 -78
24 -79
24 -78
24 -78
24 -78
24 -79
24 -81
24 -79
24 -78
24 -78
24 -79
24 -77
24 -79
24 -78
24 -79
24 -82
24 -84
24 -84
24 -84
24 -84
24 -83
24 -83
24 -83
24 -83
24 -83
24 -83
24 -83
24 -83
24 -83
24 -85
24 -83
24 -83
24 -81
24 -83
24 -82
24 -82
24 -82
24 -82
24 -82
24 -81
24 -81
24 -81
24 -82
24 -78
24 -83
24 -82
24 -82
24 -82
24 -68
24 -82
24 -81
24 -81
24 -81
24 -82
24 -82
24 -82
24 -83
24 -83
24 -83
24 -83
24 -82
24 -82
24 -81
24 -80
24 -80
24 -81
24 -78
24 -67
24 -79
24 -80
24 -81
24 -82
24 -81
24 -82
24 -80
24 -82
24 -85
24 -86
24 -84
24 -81
24 -87
24 -84
24 -84
24 -84
24 -83
24 -80
24 -78
24 -84
24 -84
24 -86
24 -83
24 -82
24 -81
24 -81
24 -82
24 -81
24 -81
24 -82
24 -81
24 -81
24 -81
24 -81
24 -81
24 -81
24 -81
24 -82
24 -82
24 -82
24 -82
24 -72
24 -79
24 -82
24 -82
24 -83
24 -82
24 -80
24 -82
24 -82
24 -83
24 -57
24 -82
24 -82
24 -83
24 -82
24 -80
24 -82
24 -82
24 -82
24 -82
24 -82
24 -82
24 -83
24 -83
24 -82
24 -83
24 -83
24 -83
24 -83
24 -77
24 -82
24 -82
24 -82
24 -82
24 -80
24 -81
24 -81
24 -76
24 -82
24 -82
24 -82
24 -80
24 -79
24 -81
24 -81
24 -68
24 -81
24 -81
24 -81
24 -82
24 -82
24 -82
24 -81
24 -81
24 -81
24 -81
24 -80
24 -80
24 -80
24 -79
24 -80
24 -78
24 -79
24 -79
24 -77
24 -72
24 -76
24 -79
24 -81
24 -82
24 -78
24 -78
24 -77
24 -78
24 -79
24 -80
24 -79
24 -79
24 -79
24 -86
24 -83
24 -81
24 -80
24 -79
24 -78
24 -78
24 -60
24 -82
24 -82
24 -82
24 -82
24 -82
24 -73
24 -82
24 -82
24 -83
24 -81
24 -82
24 -85
24 -83
24 -86
24 -85
24 -84
24 -84
24 -81
24 -82
24 -81
24 -81
24 -81
24 -81
24 -81
24 -83
24 -81
24 -84
24 -84
24 -84
24 -84
24 -85
24 -85
24 -77
24 -84
24 -83
24 -84
24 -83
24 -82
24 -82
24 -82
24 -82
24 -80
24 -81
24 -81
24 -81
24 -81
24 -81
24 -81
24 -77
24 -82
24 -83
24 -82
24 -81
24 -81
24 -81
24 -81
24 -81
24 -81
24 -80
24 -80
24 -80
24 -81
24 -80
24 -81
24 -81
24 -80
24 -80
24 -80
25 -67
25 -66
25 -67
25 -68
25 -69
25 -68
25 -69
25 -70
25 -69
25 -70
25 -70
25 -70
25 -72
25 -70
25 -61
25 -70
25 -71
25 -73
25 -76
25 -79
25 -78
25 -78
25 -79
25 -75
25 -74
25 -73
25 -76
25 -78
25 -77
25 -75
25 -74
25 -79
25 -84
25 -80
25 -81
25 -75
25 -67
25 -79
25 -77
25 -82
25 -77
25 -82
25 -86
25 -78
25 -78
25 -79
25 -78
25 -80
25 -75
25 -71
25 -69
25 -69
25 -68
25 -67
25 -66
25 -67
25 -66
25 -65
25 -65
25 -65
25 -65
25 -66
25 -66
25 -66
25 -65
25 -65
25 -66
25 -66
25 -66
25 -66
25 -66
25 -66
25 -65
25 -65
25 -64
25 -60
25 -64
25 -64
25 -64
25 -64
25 -64
25 -64
25 -64
25 -64
25 -64
25 -64
25 -51
25 -64
25 -65
25 -64
25 -64
25 -64
25 -64
25 -65
25 -65
25 -65
25 -64
25 -64
25 -65
25 -64
25 -64
25 -64
25 -64
25 -66
25 -66
25 -65
25 -66
25 -66
25 -66
25 -65
25 -65
25 -64
25 -64
25 -65
25 -64
25 -64
25 -64
25 -66
25 -65
25 -66
25 -66
25 -66
25 -65
25 -67
25 -66
25 -66
25 -63
25 -65
25 -66
25 -66
25 -66
25 -66
25 -66
25 -67
25 -68
25 -66
25 -68
25 -68
25 -72
25 -71
25 -69
25 -66
25 -64
25 -67
25 -69
25 -68
25 -68
25 -68
25 -68
25 -66
25 -66
25 -67
25 -68
25 -70
25 -69
25 -68
25 -69
25 -69
25 -70
25 -70
25 -72
25 -73
25 -73
25 -70
25 -71
25 -74
25 -74
25 -72
25 -73
25 -67
25 -71
25 -72
25 -70
25 -72
25 -70
25 -69
25 -67
25 -67
25 -66
25 -69
25 -73
25 -75
25 -76
25 -72
25 -76
25 -79
25 -79
25 -74
25 -72
25 -70
25 -69
25 -69
25 -71
25 -72
25 -72
25 -71
25 -70
25 -70
25 -69
25 -69
25 -69
25 -69
25 -70
25 -70
25 -70
25 -69
25 -70
25 -70
25 -70
25 -71
25 -71
25 -72
25 -73
25 -74
25 -74
25 -75
25 -75
25 -71
25 -73
25 -73
25 -72
25 -72
25 -72
25 -72
25 -71
25 -70
25 -70
25 -70
25 -70
25 -70
25 -70
25 -70
25 -70
25 -70
25 -70
25 -70
25 -70
25 -70
25 -70
25 -70
25 -70
25 -70
25 -70
25 -70
25 -70
25 -70
25 -70
25 -70
25 -70
25 -70
25 -70
25 -70
25 -70
25 -70
25 -70
25 -70
25 -70
25 -70
25 -70
25 -70
25 -69
25 -69
25 -69
25 -69
25 -68
25 -68
25 -68
25 -68
25 -68
25 -68
25 -69
25 -69
25 -69
25 -69
25 -69
25 -69
25 -69
25 -69
25 -68
25 -67
25 -68
25 -68
25 -69
25 -70
25 -69
25 -68
25 -68
25 -68
25 -68
25 -67
25 -66
25 -66
25 -66
25 -66
25 -67
25 -68
25 -69
25 -69
25 -65
25 -68
25 -69
25 -70
25 -69
25 -68
25 -69
25 -69
25 -68
25 -68
25 -69
25 -68
25 -68
25 -67
25 -68
25 -69
25 -68
25 -69
25 -70
25 -69
25 -70
25 -69
25 -70
25 -70
25 -70
25 -72
25 -74
25 -70
25 -67
25 -68
25 -72
25 -66
25 -68
25 -68
25 -67
25 -66
25 -66
25 -69
25 -70
25 -70
25 -70
25 -70
25 -68
25 -66
25 -65
25 -64
25 -64
25 -64
25 -66
25 -72
25 -73
25 -76
25 -73
25 -72
25 -78
25 -81
25 -76
25 -75
25 -75
25 -75
25 -79
25 -77
25 -76
25 -76
25 -76
25 -80
25 -77
25 -77
25 -78
25 -78
25 -76
25 -75
25 -75
25 -51
25 -74
25 -74
25 -75
25 -75
25 -76
25 -76
25 -79
25 -80
25 -82
25 -81
25 -79
25 -81
25 -80
25 -69
25 -78
25 -78
25 -78
25 -82
25 -82
25 -79
25 -84
25 -85
25 -84
25 -84
25 -80
25 -81
25 -71
25 -82
25 -79
25 -75
25 -73
25 -72
25 -71
25 -70
25 -71
25 -74
25 -76
25 -74
25 -76
25 -76
25 -77
25 -76
25 -76
25 -80
25 -81
25 -78
25 -76
25 -76
25 -74
25 -73
25 -74
25 -74
25 -75
25 -75
25 -75
25 -73
25 -74
25 -72
25 -73
25 -73
25 -73
25 -73
25 -73
25 -72
25 -72
25 -72
26 -63
26 -63
26 -63
26 -63
26 -63
26 -63
26 -63
26 -62
26 -62
26 -61
26 -63
26 -60
26 -61
26 -60
26 -60
26 -60
26 -62
26 -62
26 -62
26 -61
26 -62
26 -62
26 -62
26 -62
26 -62
26 -61
26 -61
26 -61
26 -61
26 -60
26 -62
26 -64
26 -66
26 -65
26 -64
26 -64
26 -63
26 -68
26 -66
26 -66
26 -71
26 -76
26 -67
26 -65
26 -66
26 -66
26 -66
26 -66
26 -64
26 -65
26 -69
26 -66
26 -64
26 -62
26 -62
26 -62
26 -61
26 -61
26 -60
26 -59
26 -58
26 -58
26 -58
26 -59
26 -58
26 -58
26 -58
26 -59
26 -59
26 -60
26 -61
26 -61
26 -61
26 -59
26 -63
26 -62
26 -64
26 -66
26 -69
26 -70
26 -70
26 -73
26 -70
26 -70
26 -70
26 -69
26 -68
26 -66
26 -66
26 -66
26 -66
26 -66
26 -66
26 -68
26 -69
26 -70
26 -72
26 -75
26 -78
26 -83
26 -84
26 -79
26 -81
26 -77
26 -30
26 -78
26 -78
26 -79
26 -79
26 -70
26 -74
26 -71
26 -81
26 -78
26 -75
26 -74
26 -75
26 -76
26 -77
26 -76
26 -75
26 -76
26 -81
26 -78
26 -74
26 -71
26 -72
26 -71
26 -68
26 -66
26 -68
26 -69
26 -71
26 -77
26 -80
26 -75
26 -78
26 -72
26 -71
26 -70
26 -66
26 -68
26 -69
26 -67
26 -68
26 -66
26 -68
26 -72
26 -66
26 -66
26 -67
26 -63
26 -68
26 -69
26 -64
26 -65
26 -66
26 -68
26 -66
26 -66
26 -66
26 -67
26 -68
26 -71
26 -74
26 -70
26 -69
26 -69
26 -69
26 -66
26 -66
26 -76
26 -72
26 -69
26 -74
26 -74
26 -68
26 -70
26 -64
26 -61
26 -63
26 -62
26 -61
26 -58
26 -58
26 -60
26 -66
26 -76
26 -63
26 -61
26 -60
26 -61
26 -62
26 -67
26 -62
26 -65
26 -60
26 -64
26 -58
26 -62
26 -60
26 -58
26 -63
26 -60
26 -58
26 -59
26 -60
26 -61
26 -60
26 -60
26 -60
26 -60
26 -60
26 -60
26 -60
26 -60
26 -60
26 -60
26 -60
26 -60
26 -61
26 -61
26 -61
26 -62
26 -62
26 -62
26 -62
26 -63
26 -63
26 -63
26 -62
26 -53
26 -63
26 -63
26 -63
26 -63
26 -64
26 -65
26 -68
26 -68
26 -67
26 -67
26 -67
26 -66
26 -64
26 -64
26 -64
26 -64
26 -65
26 -64
26 -65
26 -64
26 -66
26 -65
26 -65
26 -64
26 -64
26 -64
26 -64
26 -64
26 -64
26 -64
26 -64
26 -64
26 -64
26 -64
26 -65
26 -65
26 -66
26 -66
26 -66
26 -65
26 -65
26 -66
26 -66
26 -66
26 -64
26 -67
26 -68
26 -67
26 -67
26 -67
26 -66
26 -66
26 -64
26 -63
26 -61
26 -62
26 -66
26 -61
26 -62
26 -65
26 -64
26 -64
26 -66
26 -68
26 -70
26 -66
26 -64
26 -64
26 -64
26 -68
26 -66
26 -48
26 -66
26 -70
26 -66
26 -66
26 -68
26 -68
26 -66
26 -70
26 -69
26 -67
26 -66
26 -65
26 -66
26 -65
26 -65
26 -63
26 -64
26 -64
26 -63
26 -64
26 -63
26 -62
26 -63
26 -62
26 -62
26 -62
26 -62
26 -63
26 -63
26 -63
26 -63
26 -61
26 -62
26 -60
26 -58
26 -63
26 -58
26 -58
26 -62
26 -67
26 -63
26 -62
26 -62
26 -66
26 -76
26 -76
26 -68
26 -64
26 -63
26 -62
26 -61
26 -60
26 -60
26 -58
26 -59
26 -64
26 -75
26 -74
26 -72
26 -72
26 -70
26 -70
26 -69
26 -70
26 -70
26 -70
26 -68
26 -68
26 -69
26 -70
26 -72
26 -64
26 -75
26 -76
26 -76
26 -78
26 -82
26 -83
26 -80
26 -77
26 -77
26 -77
26 -77
26 -74
26 -71
26 -70
26 -70
26 -70
26 -70
26 -71
26 -75
26 -78
26 -68
26 -81
26 -84
26 -82
26 -81
26 -80
26 -70
26 -78
26 -76
26 -75
26 -75
26 -73
26 -73
26 -72
26 -70
26 -72
26 -72
26 -72
26 -72
26 -71
26 -71
26 -71
26 -70
26 -70
26 -70
26 -69
26 -69
26 -68
26 -69
26 -66
26 -69
26 -69
26 -69
26 -69
26 -70
26 -70
26 -65
26 -70
26 -70
26 -72
26 -73
26 -74
26 -75
26 -75
26 -77
26 -76
26 -75
26 -73
26 -72
26 -71
26 -72
26 -72
26 -73
26 -75
26 -76
26 -77
26 -79
26 -82
26 -85
26 -73
26 -76
26 -75
26 -76
26 -76
26 -76
26 -79
26 -76
26 -76
26 -77
26 -80
26 -82
26 -83
26 -81
26 -79
26 -76
26 -78
26 -79
26 -82
26 -84
27 -52
27 -52
27 -52
27 -52
27 -52
27 -52
27 -52
27 -52
27 -52
27 -52
27 -53
27 -54
27 -53
27 -50
27 -48
27 -51
27 -50
27 -49
27 -49
27 -48
27 -48
27 -48
27 -48
27 -48
27 -48
27 -48
27 -46
27 -46
27 -46
27 -46
27 -46
27 -46
27 -47
27 -47
27 -48
27 -48
27 -47
27 -46
27 -46
27 -46
27 -46
27 -46
27 -46
27 -45
27 -45
27 -45
27 -45
27 -45
27 -45
27 -45
27 -45
27 -45
27 -45
27 -45
27 -46
27 -46
27 -46
27 -46
27 -46
27 -46
27 -46
27 -46
27 -46
27 -46
27 -46
27 -46
27 -46
27 -46
27 -46
27 -47
27 -48
27 -49
27 -50
27 -50
27 -52
27 -51
27 -51
27 -50
27 -49
27 -48
27 -48
27 -48
27 -46
27 -46
27 -46
27 -46
27 -46
27 -46
27 -46
27 -47
27 -47
27 -47
27 -47
27 -47
27 -47
27 -47
27 -47
27 -47
27 -47
27 -47
27 -47
27 -46
27 -46
27 -46
27 -46
27 -46
27 -46
27 -46
27 -46
27 -46
27 -46
27 -46
27 -46
27 -46
27 -46
27 -46
27 -46
27 -46
27 -46
27 -46
27 -46
27 -46
27 -46
27 -46
27 -46
27 -46
27 -46
27 -46
27 -46
27 -46
27 -46
27 -46
27 -46
27 -46
27 -46
27 -46
27 -46
27 -46
27 -46
27 -46
27 -46
27 -46
27 -46
27 -46
27 -45
27 -45
27 -45
27 -45
27 -45
27 -45
27 -45
27 -45
27 -45
27 -45
27 -45
27 -45
27 -45
27 -45
27 -45
27 -45
27 -45
27 -45
27 -45
27 -46
27 -46
27 -46
27 -46
27 -46
27 -46
27 -46
27 -46
27 -46
27 -46
27 -46
27 -46
27 -46
27 -46
27 -46
27 -45
27 -45
27 -45
27 -45
27 -45
27 -45
27 -45
27 -45
27 -45
27 -45
27 -45
27 -46
27 -46
27 -46
27 -46
27 -46
27 -46
27 -46
27 -46
27 -46
27 -46
27 -47
27 -47
27 -47
27 -47
27 -47
27 -47
27 -47
27 -48
27 -47
27 -47
27 -46
27 -46
27 -46
27 -46
27 -46
27 -47
27 -50
27 -52
27 -52
27 -53
27 -54
27 -54
27 -52
27 -51
27 -51
27 -51
27 -52
27 -52
27 -50
27 -48
27 -46
27 -46
27 -47
27 -46
27 -46
27 -50
27 -60
27 -60
27 -60
27 -52
27 -52
27 -54
27 -54
27 -54
27 -55
27 -55
27 -56
27 -57
27 -58
27 -58
27 -58
27 -58
27 -58
27 -59
27 -59
27 -60
27 -60
27 -61
27 -62
27 -63
27 -63
27 -63
27 -61
27 -61
27 -61
27 -61
27 -61
27 -60
27 -60
27 -59
27 -59
27 -59
27 -58
27 -58
27 -58
27 -58
27 -57
27 -57
27 -57
27 -57
27 -56
27 -56
27 -56
27 -55
27 -56
27 -56
27 -56
27 -56
27 -57
27 -57
27 -57
27 -57
27 -57
27 -57
27 -56
27 -56
27 -56
27 -56
27 -56
27 -56
27 -57
27 -57
27 -56
27 -57
27 -57
27 -57
27 -57
27 -56
27 -56
27 -56
27 -56
27 -56
27 -56
27 -57
27 -57
27 -56
27 -56
27 -57
27 -57
27 -57
27 -57
27 -57
27 -57
27 -58
27 -58
27 -58
27 -59
27 -60
27 -59
27 -59
27 -60
27 -61
27 -60
27 -59
27 -58
27 -58
27 -58
27 -58
27 -57
27 -57
27 -57
27 -56
27 -57
27 -57
27 -57
27 -57
27 -57
27 -57
27 -58
27 -57
27 -58
27 -68
27 -58
27 -58
27 -58
27 -58
27 -58
27 -59
27 -58
27 -58
27 -59
27 -59
27 -60
27 -59
27 -60
27 -60
27 -61
27 -61
27 -61
27 -61
27 -61
27 -60
27 -59
27 -59
27 -58
27 -61
27 -63
27 -58
27 -54
27 -52
27 -51
27 -54
27 -52
27 -50
27 -49
27 -50
27 -51
27 -52
27 -53
27 -54
27 -54
27 -54
27 -54
27 -54
27 -52
27 -52
27 -52
27 -52
27 -52
27 -52
27 -52
27 -52
27 -51
27 -51
27 -52
27 -52
27 -52
27 -52
27 -52
27 -52
27 -52
27 -52
27 -52
27 -52
27 -51
27 -50
27 -49
27 -49
27 -49
27 -49
27 -50
27 -50
27 -51
27 -51
27 -61
27 -50
27 -50
27 -50
27 -50
27 -51
27 -51
27 -51
27 -52
27 -52
27 -52
27 -51
27 -51
27 -50
27 -50
27 -50
27 -49
27 -50
27 -50
27 -50
27 -50
27 -50
27 -50
27 -50
27 -51
27 -51
27 -51
27 -51
27 -51
27 -51
27 -51
27 -51
27 -51
27 -51
27 -50
27 -50
27 -51
27 -51
27 -51
27 -51
27 -51
27 -51
27 -51
27 -57
27 -51
27 -50
27 -50
27 -51
27 -57
27 -50
27 -50
27 -50
27 -50
27 -50
27 -50
27 -50
27 -50
27 -50
27 -50
27 -50
27 -50
27 -50
27 -50
27 -51
27 -49
27 -49
27 -49
27 -49
27 -49
27 -49
27 -49
27 -50
27 -50
27 -50
27 -50
27 -50
27 -60
27 -50
27 -50
27 -49
27 -50
27 -49
27 -49
27 -49
27 -49
27 -48
27 -49
27 -49
27 -49
27 -49
27 -50
27 -49
27 -50
27 -50
27 -50
27 -49
27 -49
27 -49
27 -49
27 -49
27 -49
27 -49
27 -49
27 -49
27 -50
27 -50
27 -50
27 -50
27 -50
27 -50
27 -49
27 -49
27 -49
27 -49
27 -49
27 -49
27 -49
28 -52
28 -52
28 -52
28 -52
28 -51
28 -51
28 -51
28 -51
28 -50
28 -51
28 -50
28 -49
28 -50
28 -51
28 -48
28 -48
28 -50
28 -52
28 -52
28 -52
28 -52
28 -52
28 -52
28 -52
28 -51
28 -51
28 -52
28 -52
28 -52
28 -54
28 -52
28 -54
28 -54
28 -55
28 -54
28 -54
28 -53
28 -52
28 -52
28 -52
28 -52
28 -52
28 -52
28 -51
28 -52
28 -52
28 -52
28 -52
28 -52
28 -52
28 -54
28 -53
28 -53
28 -53
28 -54
28 -54
28 -54
28 -54
28 -55
28 -56
28 -57
28 -55
28 -57
28 -56
28 -54
28 -50
28 -52
28 -52
28 -51
28 -50
28 -49
28 -48
28 -48
28 -49
28 -49
28 -49
28 -49
28 -50
28 -51
28 -51
28 -51
28 -52
28 -52
28 -52
28 -51
28 -51
28 -51
28 -51
28 -51
28 -51
28 -51
28 -51
28 -50
28 -50
28 -50
28 -51
28 -51
28 -51
28 -51
28 -52
28 -52
28 -52
28 -52
28 -52
28 -52
28 -52
28 -52
28 -52
28 -52
28 -52
28 -52
28 -52
28 -51
28 -52
28 -52
28 -52
28 -52
28 -52
28 -52
28 -52
28 -52
28 -52
28 -45
28 -52
28 -52
28 -52
28 -53
28 -53
28 -54
28 -53
28 -53
28 -53
28 -52
28 -53
28 -53
28 -53
28 -53
28 -54
28 -54
28 -54
28 -54
28 -54
28 -54
28 -54
28 -54
28 -54
28 -54
28 -54
28 -54
28 -54
28 -54
28 -54
28 -54
28 -54
28 -54
28 -54
28 -54
28 -53
28 -52
28 -52
28 -52
28 -52
28 -52
28 -52
28 -53
28 -53
28 -53
28 -53
28 -54
28 -54
28 -54
28 -55
28 -54
28 -55
28 -55
28 -54
28 -54
28 -54
28 -56
28 -54
28 -54
28 -54
28 -54
28 -54
28 -54
28 -54
28 -54
28 -54
28 -54
28 -55
28 -55
28 -54
28 -54
28 -52
28 -53
28 -54
28 -54
28 -58
28 -57
28 -56
28 -54
28 -54
28 -54
28 -54
28 -53
28 -54
28 -58
28 -66
28 -63
28 -61
28 -60
28 -59
28 -55
28 -54
28 -53
28 -54
28 -53
28 -58
28 -52
28 -52
28 -49
28 -48
28 -52
28 -52
28 -51
28 -55
28 -59
28 -58
28 -51
28 -50
28 -50
28 -51
28 -52
28 -51
28 -49
28 -48
28 -48
28 -48
28 -48
28 -48
28 -48
28 -48
28 -48
28 -48
28 -49
28 -49
28 -49
28 -49
28 -49
28 -49
28 -49
28 -49
28 -49
28 -49
28 -49
28 -49
28 -49
28 -48
28 -48
28 -48
28 -48
28 -48
28 -48
28 -48
28 -48
28 -48
28 -48
28 -48
28 -48
28 -48
28 -48
28 -48
28 -48
28 -48
28 -48
28 -48
28 -48
28 -48
28 -48
28 -48
28 -48
28 -48
28 -48
28 -48
28 -48
28 -48
28 -48
28 -48
28 -48
28 -48
28 -48
28 -48
28 -48
28 -48
28 -48
28 -48
28 -48
28 -48
28 -48
28 -48
28 -48
28 -47
28 -48
28 -48
28 -48
28 -48
28 -48
28 -48
28 -48
28 -48
28 -48
28 -48
28 -48
28 -48
28 -48
28 -49
28 -49
28 -49
28 -49
28 -48
28 -48
28 -48
28 -49
28 -48
28 -48
28 -48
28 -48
28 -48
28 -48
28 -48
28 -48
28 -48
28 -48
28 -48
28 -48
28 -48
28 -48
28 -48
28 -48
28 -49
28 -49
28 -49
28 -50
28 -50
28 -50
28 -50
28 -50
28 -50
28 -50
28 -51
28 -51
28 -51
28 -50
28 -50
28 -50
28 -50
28 -50
28 -50
28 -51
28 -53
28 -30
28 -48
28 -49
28 -50
28 -51
28 -50
28 -50
28 -51
28 -52
28 -53
28 -52
28 -52
28 -51
28 -49
28 -49
28 -49
28 -48
28 -49
28 -50
28 -49
28 -50
28 -50
28 -49
28 -50
28 -51
28 -51
28 -52
28 -55
28 -58
28 -57
28 -55
28 -55
28 -54
28 -54
28 -54
28 -54
28 -54
28 -56
28 -58
28 -58
28 -57
28 -56
28 -64
28 -57
28 -57
28 -57
28 -56
28 -57
28 -58
28 -58
28 -58
28 -59
28 -59
28 -60
28 -60
28 -59
28 -59
28 -58
28 -58
28 -58
28 -58
28 -58
28 -58
28 -59
28 -59
28 -58
28 -58
28 -57
28 -56
28 -56
28 -56
28 -56
28 -57
28 -58
28 -58
28 -59
28 -60
28 -60
28 -61
28 -61
28 -60
28 -58
28 -58
28 -58
28 -57
28 -57
28 -57
28 -56
28 -56
28 -56
28 -56
28 -56
28 -56
28 -56
28 -55
28 -55
28 -55
28 -56
28 -55
28 -55
28 -55
28 -54
28 -54
28 -54
28 -54
28 -55
28 -55
28 -55
28 -55
28 -55
28 -56
28 -56
28 -57
28 -57
28 -58
28 -58
28 -59
28 -60
28 -61
28 -62
28 -63
28 -63
28 -64
28 -64
28 -64
28 -66
28 -65
28 -65
28 -64
28 -62
28 -62
28 -63
28 -64
28 -64
28 -65
28 -65
28 -63
28 -62
28 -62
28 -64
28 -64
28 -64
28 -66
28 -65
28 -68
28 -68
28 -66
28 -64
28 -62
28 -62
28 -62
28 -62
28 -62
28 -61
28 -62
28 -62
28 -61
28 -63
28 -64
28 -65
28 -70
28 -67
28 -67
28 -66
28 -64
28 -63
28 -62
28 -62
28 -62
29 -51
29 -52
29 -52
29 -52
29 -51
29 -51
29 -51
29 -51
29 -51
29 -51
29 -52
29 -52
29 -52
29 -52
29 -51
29 -51
29 -52
29 -54
29 -56
29 -59
29 -58
29 -58
29 -58
29 -58
29 -58
29 -60
29 -60
29 -59
29 -56
29 -54
29 -52
29 -54
29 -55
29 -56
29 -60
29 -60
29 -64
29 -54
29 -52
29 -52
29 -52
29 -51
29 -52
29 -52
29 -52
29 -52
29 -52
29 -52
29 -51
29 -51
29 -51
29 -52
29 -51
29 -52
29 -50
29 -50
29 -51
29 -51
29 -51
29 -50
29 -50
29 -50
29 -50
29 -50
29 -50
29 -50
29 -49
29 -51
29 -51
29 -52
29 -52
29 -52
29 -52
29 -52
29 -54
29 -53
29 -54
29 -56
29 -58
29 -58
29 -60
29 -62
29 -62
29 -61
29 -60
29 -60
29 -59
29 -59
29 -59
29 -59
29 -59
29 -58
29 -58
29 -58
29 -60
29 -60
29 -62
29 -63
29 -64
29 -63
29 -62
29 -65
29 -64
29 -64
29 -64
29 -64
29 -65
29 -65
29 -66
29 -66
29 -65
29 -64
29 -64
29 -63
29 -63
29 -63
29 -64
29 -64
29 -64
29 -63
29 -67
29 -67
29 -66
29 -66
29 -67
29 -66
29 -66
29 -68
29 -68
29 -68
29 -68
29 -68
29 -68
29 -68
29 -67
29 -68
29 -69
29 -68
29 -67
29 -66
29 -66
29 -66
29 -66
29 -66
29 -66
29 -66
29 -67
29 -67
29 -66
29 -67
29 -67
29 -66
29 -64
29 -64
29 -62
29 -62
29 -62
29 -61
29 -61
29 -61
29 -60
29 -60
29 -59
29 -58
29 -58
29 -58
29 -57
29 -56
29 -57
29 -57
29 -57
29 -57
29 -57
29 -57
29 -56
29 -56
29 -56
29 -56
29 -55
29 -55
29 -55
29 -55
29 -55
29 -55
29 -55
29 -55
29 -55
29 -55
29 -56
29 -56
29 -56
29 -55
29 -55
29 -56
29 -58
29 -58
29 -58
29 -59
29 -59
29 -60
29 -61
29 -62
29 -63
29 -65
29 -64
29 -60
29 -58
29 -54
29 -53
29 -60
29 -56
29 -64
29 -57
29 -57
29 -52
29 -48
29 -48
29 -30
29 -58
29 -55
29 -53
29 -54
29 -55
29 -53
29 -51
29 -52
29 -51
29 -52
29 -52
29 -53
29 -52
29 -52
29 -52
29 -52
29 -53
29 -53
29 -53
29 -53
29 -53
29 -53
29 -53
29 -53
29 -53
29 -54
29 -54
29 -54
29 -54
29 -65
29 -54
29 -54
29 -54
29 -54
29 -54
29 -54
29 -54
29 -54
29 -55
29 -55
29 -55
29 -54
29 -55
29 -55
29 -55
29 -55
29 -55
29 -55
29 -55
29 -55
29 -55
29 -55
29 -55
29 -55
29 -55
29 -55
29 -55
29 -55
29 -55
29 -54
29 -55
29 -54
29 -55
29 -55
29 -55
29 -55
29 -55
29 -55
29 -55
29 -55
29 -55
29 -56
29 -55
29 -55
29 -55
29 -55
29 -55
29 -55
29 -55
29 -55
29 -55
29 -55
29 -55
29 -55
29 -55
29 -55
29 -55
29 -55
29 -55
29 -55
29 -55
29 -55
29 -55
29 -55
29 -55
29 -55
29 -55
29 -55
29 -55
29 -54
29 -54
29 -54
29 -54
29 -54
29 -54
29 -54
29 -54
29 -54
29 -54
29 -54
29 -54
29 -55
29 -55
29 -55
29 -56
29 -56
29 -56
29 -56
29 -56
29 -56
29 -56
29 -56
29 -55
29 -56
29 -55
29 -55
29 -56
29 -55
29 -55
29 -55
29 -55
29 -54
29 -54
29 -54
29 -54
29 -54
29 -54
29 -54
29 -55
29 -55
29 -54
29 -54
29 -54
29 -53
29 -53
29 -53
29 -53
29 -52
29 -52
29 -52
29 -52
29 -52
29 -52
29 -52
29 -52
29 -54
29 -50
29 -49
29 -50
29 -51
29 -52
29 -52
29 -52
29 -50
29 -51
29 -51
29 -52
29 -52
29 -53
29 -52
29 -51
29 -51
29 -51
29 -51
29 -50
29 -51
29 -52
29 -56
29 -58
29 -57
29 -56
29 -55
29 -54
29 -54
29 -55
29 -56
29 -57
29 -58
29 -57
29 -56
29 -56
29 -57
29 -58
29 -58
29 -58
29 -58
29 -58
29 -59
29 -59
29 -59
29 -59
29 -59
29 -60
29 -60
29 -60
29 -60
29 -60
29 -60
29 -60
29 -60
29 -60
29 -60
29 -60
29 -60
29 -58
29 -57
29 -57
29 -56
29 -56
29 -56
29 -56
29 -56
29 -56
29 -57
29 -57
29 -57
29 -58
29 -58
29 -58
29 -59
29 -60
29 -60
29 -60
29 -60
29 -60
29 -60
29 -60
29 -60
29 -60
29 -60
29 -60
29 -60
29 -60
29 -59
29 -59
29 -59
29 -59
29 -59
29 -59
29 -59
29 -59
29 -59
29 -59
29 -58
29 -30
29 -67
29 -59
29 -59
29 -59
29 -60
29 -60
29 -60
29 -60
29 -59
29 -59
29 -59
29 -58
29 -58
29 -58
29 -58
29 -58
29 -58
29 -58
29 -58
29 -58
29 -58
29 -58
29 -58
29 -58
29 -58
29 -58
29 -58
29 -58
29 -58
29 -58
29 -58
29 -69
29 -58
29 -58
29 -58
29 -58
29 -58
29 -50
29 -59
29 -59
29 -60
29 -60
29 -59
29 -59
29 -60
29 -60
29 -59
29 -60
29 -62
29 -62
29 -61
29 -59
29 -60
29 -61
29 -58
29 -60
29 -61
29 -60
29 -60
29 -59
29 -60
29 -60
29 -60
30 -68
30 -67
30 -68
30 -68
30 -68
30 -68
30 -67
30 -68
30 -68
30 -68
30 -68
30 -69
30 -69
30 -72
30 -72
30 -83
30 -82
30 -85
30 -83
30 -82
30 -73
30 -72
30 -76
30 -76
30 -72
30 -77
30 -76
30 -81
30 -81
30 -80
30 -76
30 -79
30 -73
30 -70
30 -77
30 -76
30 -73
30 -73
30 -72
30 -72
30 -74
30 -72
30 -72
30 -72
30 -67
30 -68
30 -68
30 -68
30 -69
30 -68
30 -66
30 -66
30 -66
30 -66
30 -66
30 -67
30 -68
30 -68
30 -68
30 -69
30 -69
30 -70
30 -70
30 -70
30 -70
30 -72
30 -72
30 -73
30 -73
30 -72
30 -72
30 -72
30 -72
30 -72
30 -72
30 -72
30 -72
30 -72
30 -58
30 -72
30 -72
30 -73
30 -73
30 -74
30 -73
30 -73
30 -74
30 -73
30 -73
30 -73
30 -74
30 -73
30 -75
30 -74
30 -73
30 -73
30 -64
30 -74
30 -74
30 -62
30 -75
30 -76
30 -76
30 -76
30 -52
30 -76
30 -76
30 -77
30 -77
30 -65
30 -78
30 -78
30 -78
30 -80
30 -80
30 -81
30 -82
30 -83
30 -45
30 -81
30 -81
30 -83
30 -82
30 -81
30 -78
30 -80
30 -84
30 -83
30 -83
30 -83
30 -81
30 -80
30 -79
30 -84
30 -82
30 -79
30 -79
30 -82
30 -82
30 -79
30 -80
30 -79
30 -75
30 -74
30 -71
30 -72
30 -72
30 -73
30 -74
30 -78
30 -80
30 -73
30 -70
30 -69
30 -69
30 -71
30 -75
30 -75
30 -72
30 -70
30 -71
30 -66
30 -65
30 -66
30 -66
30 -70
30 -69
30 -70
30 -65
30 -66
30 -66
30 -67
30 -68
30 -68
30 -67
30 -66
30 -66
30 -66
30 -65
30 -65
30 -65
30 -64
30 -65
30 -64
30 -64
30 -65
30 -64
30 -64
30 -64
30 -64
30 -64
30 -64
30 -66
30 -64
30 -64
30 -64
30 -65
30 -65
30 -65
30 -65
30 -55
30 -65
30 -65
30 -65
30 -65
30 -65
30 -65
30 -65
30 -30
30 -65
30 -65
30 -65
30 -64
30 -64
30 -64
30 -64
30 -64
30 -64
30 -65
30 -65
30 -64
30 -64
30 -64
30 -64
30 -64
30 -64
30 -64
30 -64
30 -64
30 -64
30 -64
30 -64
30 -64
30 -64
30 -64
30 -65
30 -64
30 -64
30 -65
30 -65
30 -64
30 -64
30 -64
30 -64
30 -64
30 -64
30 -63
30 -64
30 -64
30 -64
30 -64
30 -64
30 -64
30 -64
30 -64
30 -64
30 -64
30 -64
30 -64
30 -64
30 -64
30 -64
30 -64
30 -64
30 -64
30 -64
30 -64
30 -64
30 -64
30 -64
30 -64
30 -64
30 -64
30 -64
30 -64
30 -64
30 -64
30 -64
30 -64
30 -64
30 -64
30 -64
30 -64
30 -64
30 -64
30 -64
30 -63
30 -64
30 -64
30 -64
30 -64
30 -65
30 -65
30 -65
30 -65
30 -65
30 -65
30 -65
30 -65
30 -65
30 -65
30 -65
30 -65
30 -65
30 -65
30 -65
30 -66
30 -69
30 -67
30 -68
30 -67
30 -66
30 -66
30 -67
30 -66
30 -66
30 -66
30 -66
30 -67
30 -68
30 -69
30 -68
30 -66
30 -64
30 -66
30 -64
30 -66
30 -68
30 -67
30 -67
30 -67
30 -67
30 -66
30 -66
30 -66
30 -66
30 -66
30 -65
30 -64
30 -64
30 -64
30 -64
30 -64
30 -64
30 -64
30 -64
30 -64
30 -64
30 -64
30 -64
30 -64
30 -64
30 -65
30 -65
30 -65
30 -65
30 -65
30 -65
30 -64
30 -64
30 -64
30 -64
30 -64
30 -65
30 -65
30 -65
30 -65
30 -65
30 -66
30 -66
30 -66
30 -66
30 -66
30 -67
30 -67
30 -68
30 -68
30 -68
30 -68
30 -68
30 -68
30 -68
30 -68
30 -67
30 -67
30 -67
30 -67
30 -66
30 -66
30 -66
30 -66
30 -66
30 -66
30 -67
30 -67
30 -68
30 -68
30 -67
30 -68
30 -68
30 -67
30 -68
30 -67
30 -67
30 -68
30 -68
30 -68
30 -69
30 -68
30 -68
30 -68
30 -68
30 -68
30 -67
30 -68
30 -67
30 -67
30 -66
30 -65
30 -66
30 -65
30 -65
30 -65
30 -64
30 -65
30 -64
30 -64
30 -64
30 -64
30 -64
30 -65
30 -65
30 -65
30 -65
30 -65
30 -65
30 -66
30 -65
30 -65
30 -65
30 -65
30 -65
30 -65
30 -65
30 -65
30 -63
30 -65
30 -65
30 -65
30 -65
30 -64
30 -65
30 -66
30 -66
30 -65
30 -66
30 -65
30 -65
30 -65
30 -65
30 -65
31 -71
31 -70
31 -70
31 -70
31 -72
31 -72
31 -70
31 -72
31 -73
31 -74
31 -73
31 -72
31 -72
31 -71
31 -70
31 -78
31 -84
31 -84
31 -85
31 -72
31 -81
31 -78
31 -73
31 -72
31 -72
31 -77
31 -76
31 -81
31 -72
31 -76
31 -76
31 -75
31 -78
31 -79
31 -78
31 -76
31 -76
31 -75
31 -76
31 -76
31 -69
31 -74
31 -75
31 -76
31 -64
31 -77
31 -73
31 -74
31 -72
31 -69
31 -69
31 -69
31 -67
31 -66
31 -65
31 -65
31 -65
31 -65
31 -66
31 -66
31 -66
31 -66
31 -66
31 -66
31 -66
31 -66
31 -66
31 -66
31 -66
31 -66
31 -66
31 -65
31 -65
31 -66
31 -65
31 -65
31 -66
31 -66
31 -66
31 -65
31 -65
31 -65
31 -61
31 -64
31 -66
31 -66
31 -66
31 -65
31 -65
31 -65
31 -65
31 -62
31 -64
31 -64
31 -64
31 -65
31 -64
31 -64
31 -64
31 -64
31 -64
31 -64
31 -64
31 -64
31 -64
31 -64
31 -64
31 -64
31 -64
31 -64
31 -64
31 -64
31 -64
31 -64
31 -64
31 -64
31 -64
31 -64
31 -64
31 -64
31 -64
31 -64
31 -64
31 -64
31 -64
31 -64
31 -64
31 -64
31 -64
31 -64
31 -65
31 -65
31 -64
31 -64
31 -64
31 -64
31 -64
31 -64
31 -64
31 -64
31 -64
31 -64
31 -64
31 -64
31 -64
31 -64
31 -64
31 -64
31 -65
31 -65
31 -65
31 -66
31 -66
31 -66
31 -66
31 -66
31 -66
31 -30
31 -66
31 -66
31 -65
31 -65
31 -65
31 -66
31 -65
31 -64
31 -56
31 -64
31 -64
31 -65
31 -66
31 -77
31 -73
31 -71
31 -68
31 -66
31 -66
31 -66
31 -66
31 -67
31 -67
31 -69
31 -67
31 -66
31 -69
31 -76
31 -75
31 -77
31 -82
31 -76
31 -75
31 -74
31 -74
31 -75
31 -75
31 -75
31 -75
31 -76
31 -70
31 -76
31 -76
31 -77
31 -77
31 -78
31 -76
31 -76
31 -76
31 -77
31 -78
31 -78
31 -79
31 -81
31 -82
31 -80
31 -80
31 -52
31 -81
31 -82
31 -82
31 -80
31 -81
31 -80
31 -78
31 -78
31 -79
31 -79
31 -80
31 -81
31 -81
31 -82
31 -82
31 -83
31 -82
31 -81
31 -79
31 -78
31 -78
31 -76
31 -76
31 -76
31 -76
31 -49
31 -76
31 -76
31 -76
31 -76
31 -76
31 -76
31 -76
31 -76
31 -76
31 -76
31 -76
31 -76
31 -76
31 -76
31 -77
31 -76
31 -63
31 -78
31 -78
31 -78
31 -79
31 -78
31 -78
31 -78
31 -76
31 -76
31 -75
31 -75
31 -74
31 -74
31 -73
31 -73
31 -74
31 -73
31 -73
31 -73
31 -73
31 -73
31 -73
31 -74
31 -73
31 -73
31 -73
31 -72
31 -74
31 -68
31 -62
31 -82
31 -74
31 -71
31 -70
31 -70
31 -70
31 -70
31 -69
31 -68
31 -70
31 -74
31 -79
31 -80
31 -77
31 -78
31 -78
31 -79
31 -78
31 -69
31 -68
31 -59
31 -70
31 -71
31 -71
31 -72
31 -71
31 -71
31 -71
31 -71
31 -71
31 -69
31 -72
31 -72
31 -71
31 -70
31 -69
31 -70
31 -70
31 -71
31 -58
31 -71
31 -70
31 -72
31 -69
31 -72
31 -73
31 -73
31 -73
31 -74
31 -74
31 -75
31 -76
31 -75
31 -75
31 -62
31 -73
31 -72
31 -72
31 -70
31 -70
31 -71
31 -70
31 -70
31 -71
31 -71
31 -72
31 -73
31 -71
31 -78
31 -79
31 -79
31 -80
31 -80
31 -79
31 -66
31 -80
31 -79
31 -79
31 -79
31 -79
31 -78
31 -77
31 -79
31 -79
31 -79
31 -80
31 -81
31 -73
31 -79
31 -76
31 -78
31 -78
31 -78
31 -78
31 -78
31 -76
31 -76
31 -76
31 -77
31 -76
31 -76
31 -76
31 -74
31 -74
31 -72
31 -72
31 -71
31 -70
31 -70
31 -70
31 -70
31 -70
31 -71
31 -71
31 -62
31 -73
31 -74
31 -75
31 -75
31 -74
31 -73
31 -74
31 -73
31 -73
31 -73
31 -73
31 -73
31 -73
31 -72
31 -71
31 -72
31 -73
31 -72
31 -72
31 -72
31 -71
31 -70
31 -70
31 -71
31 -71
31 -71
31 -71
31 -71
32 -62
32 -62
32 -62
32 -62
32 -62
32 -62
32 -61
32 -61
32 -61
32 -60
32 -71
32 -60
32 -60
32 -61
32 -49
32 -63
32 -66
32 -69
32 -70
32 -71
32 -70
32 -70
32 -70
32 -71
32 -72
32 -70
32 -66
32 -65
32 -66
32 -68
32 -70
32 -70
32 -67
32 -64
32 -61
32 -60
32 -61
32 -60
32 -63
32 -62
32 -60
32 -61
32 -62
32 -63
32 -64
32 -63
32 -62
32 -62
32 -62
32 -62
32 -64
32 -64
32 -64
32 -65
32 -64
32 -64
32 -64
32 -64
32 -66
32 -70
32 -70
32 -71
32 -74
32 -71
32 -66
32 -66
32 -66
32 -64
32 -62
32 -62
32 -62
32 -63
32 -63
32 -62
32 -62
32 -62
32 -63
32 -63
32 -63
32 -63
32 -64
32 -64
32 -64
32 -64
32 -64
32 -64
32 -64
32 -64
32 -64
32 -64
32 -64
32 -64
32 -64
32 -64
32 -64
32 -64
32 -64
32 -64
32 -64
32 -64
32 -70
32 -64
32 -63
32 -63
32 -64
32 -63
32 -63
32 -62
32 -63
32 -63
32 -63
32 -63
32 -62
32 -61
32 -61
32 -63
32 -63
32 -61
32 -63
32 -62
32 -64
32 -62
32 -62
32 -64
32 -62
32 -62
32 -62
32 -61
32 -61
32 -62
32 -63
32 -63
32 -62
32 -62
32 -61
32 -62
32 -63
32 -61
32 -60
32 -60
32 -62
32 -60
32 -61
32 -63
32 -62
32 -64
32 -64
32 -63
32 -62
32 -62
32 -63
32 -64
32 -64
32 -64
32 -69
32 -62
32 -61
32 -61
32 -61
32 -63
32 -62
32 -61
32 -62
32 -62
32 -63
32 -62
32 -62
32 -63
32 -62
32 -62
32 -63
32 -30
32 -61
32 -60
32 -61
32 -61
32 -61
32 -61
32 -62
32 -61
32 -64
32 -65
32 -63
32 -61
32 -63
32 -63
32 -62
32 -61
32 -60
32 -60
32 -60
32 -61
32 -63
32 -67
32 -73
32 -75
32 -70
32 -72
32 -70
32 -66
32 -67
32 -68
32 -67
32 -69
32 -70
32 -67
32 -61
32 -69
32 -70
32 -68
32 -70
32 -71
32 -71
32 -70
32 -70
32 -70
32 -70
32 -70
32 -77
32 -75
32 -74
32 -76
32 -72
32 -75
32 -76
32 -54
32 -70
32 -69
32 -69
32 -68
32 -67
32 -66
32 -66
32 -66
32 -66
32 -66
32 -66
32 -66
32 -67
32 -67
32 -67
32 -68
32 -64
32 -69
32 -69
32 -69
32 -70
32 -70
32 -70
32 -70
32 -69
32 -69
32 -68
32 -68
32 -68
32 -68
32 -70
32 -69
32 -69
32 -69
32 -68
32 -69
32 -69
32 -68
32 -68
32 -66
32 -67
32 -66
32 -66
32 -66
32 -66
32 -66
32 -66
32 -67
32 -68
32 -67
32 -68
32 -68
32 -69
32 -69
32 -68
32 -68
32 -67
32 -68
32 -67
32 -66
32 -67
32 -66
32 -66
32 -66
32 -66
32 -66
32 -66
32 -62
32 -66
32 -66
32 -67
32 -66
32 -66
32 -64
32 -64
32 -64
32 -64
32 -65
32 -66
32 -66
32 -67
32 -66
32 -66
32 -66
32 -65
32 -67
32 -66
32 -64
32 -65
32 -66
32 -66
32 -67
32 -69
32 -68
32 -66
32 -67
32 -64
32 -65
32 -64
32 -66
32 -66
32 -64
32 -66
32 -66
32 -64
32 -64
32 -65
32 -65
32 -64
32 -64
32 -64
32 -64
32 -65
32 -65
32 -66
32 -66
32 -68
32 -68
32 -70
32 -70
32 -68
32 -73
32 -76
32 -77
32 -71
32 -64
32 -66
32 -66
32 -70
32 -72
32 -66
32 -66
32 -65
32 -66
32 -68
32 -70
32 -70
32 -70
32 -70
32 -72
32 -72
32 -72
32 -73
32 -70
32 -76
32 -69
32 -70
32 -67
32 -66
32 -63
32 -60
32 -60
32 -60
32 -60
32 -61
32 -60
32 -60
32 -60
32 -60
32 -60
32 -60
32 -61
32 -61
32 -62
32 -62
32 -62
32 -61
32 -62
32 -61
32 -61
32 -61
32 -61
32 -62
32 -63
32 -63
32 -63
32 -63
32 -63
32 -63
32 -63
32 -64
32 -63
32 -63
32 -63
32 -62
32 -61
32 -60
32 -60
32 -60
32 -60
32 -60
32 -60
32 -60
32 -60
32 -60
32 -60
32 -60
32 -60
32 -61
32 -61
32 -61
32 -62
32 -62
32 -63
32 -63
32 -63
32 -63
32 -64
32 -64
32 -64
32 -64
32 -64
32 -65
32 -65
32 -65
32 -66
32 -65
32 -65
32 -65
32 -65
32 -65
32 -65
32 -61
32 -64
32 -64
32 -64
32 -64
32 -64
32 -63
32 -61
32 -63
32 -62
32 -62
32 -62
32 -62
32 -61
32 -61
32 -61
32 -61
32 -61
32 -61
32 -61
32 -62
32 -61
32 -62
32 -61
32 -62
32 -62
32 -62
32 -63
32 -63
32 -62
32 -62
32 -62
32 -62
32 -62
32 -62
32 -62
32 -62
32 -62
32 -62
32 -62
32 -62
32 -62
32 -62
32 -62
32 -63
32 -62
32 -62
32 -63
32 -63
32 -63
32 -62
32 -62
32 -63
32 -62
32 -63
32 -63
32 -63
32 -62
32 -62
32 -62
33 -65
33 -65
33 -66
33 -66
33 -66
33 -66
33 -67
33 -66
33 -66
33 -68
33 -68
33 -70
33 -70
33 -71
33 -70
33 -72
33 -72
33 -72
33 -72
33 -72
33 -72
33 -72
33 -72
33 -71
33 -70
33 -70
33 -70
33 -70
33 -72
33 -72
33 -72
33 -72
33 -72
33 -73
33 -76
33 -74
33 -73
33 -71
33 -70
33 -68
33 -68
33 -70
33 -67
33 -66
33 -51
33 -66
33 -66
33 -66
33 -68
33 -67
33 -66
33 -65
33 -65
33 -65
33 -66
33 -77
33 -65
33 -65
33 -65
33 -64
33 -64
33 -64
33 -64
33 -64
33 -65
33 -66
33 -67
33 -72
33 -73
33 -72
33 -74
33 -78
33 -83
33 -79
33 -77
33 -78
33 -77
33 -77
33 -76
33 -76
33 -81
33 -72
33 -82
33 -84
33 -83
33 -78
33 -76
33 -75
33 -75
33 -74
33 -73
33 -73
33 -73
33 -73
33 -66
33 -73
33 -73
33 -67
33 -72
33 -72
33 -72
33 -66
33 -72
33 -73
33 -76
33 -74
33 -74
33 -75
33 -75
33 -64
33 -73
33 -72
33 -72
33 -72
33 -71
33 -70
33 -72
33 -74
33 -73
33 -73
33 -71
33 -72
33 -71
33 -71
33 -72
33 -70
33 -70
33 -72
33 -72
33 -71
33 -70
33 -70
33 -70
33 -71
33 -70
33 -70
33 -71
33 -72
33 -71
33 -73
33 -72
33 -70
33 -71
33 -71
33 -70
33 -69
33 -45
33 -70
33 -71
33 -72
33 -71
33 -71
33 -71
33 -70
33 -69
33 -70
33 -70
33 -73
33 -73
33 -72
33 -56
33 -71
33 -70
33 -69
33 -69
33 -68
33 -59
33 -70
33 -71
33 -70
33 -72
33 -70
33 -70
33 -70
33 -67
33 -67
33 -68
33 -68
33 -70
33 -72
33 -72
33 -74
33 -67
33 -73
33 -74
33 -76
33 -65
33 -76
33 -75
33 -72
33 -72
33 -71
33 -76
33 -75
33 -79
33 -76
33 -76
33 -80
33 -84
33 -79
33 -72
33 -74
33 -69
33 -69
33 -70
33 -75
33 -73
33 -80
33 -78
33 -72
33 -72
33 -68
33 -78
33 -70
33 -76
33 -76
33 -76
33 -76
33 -72
33 -70
33 -69
33 -69
33 -69
33 -70
33 -70
33 -70
33 -70
33 -71
33 -71
33 -70
33 -71
33 -54
33 -71
33 -71
33 -71
33 -72
33 -71
33 -70
33 -71
33 -71
33 -70
33 -70
33 -70
33 -70
33 -69
33 -70
33 -70
33 -70
33 -70
33 -70
33 -70
33 -70
33 -70
33 -71
33 -71
33 -71
33 -70
33 -70
33 -70
33 -70
33 -70
33 -69
33 -70
33 -71
33 -70
33 -71
33 -71
33 -72
33 -71
33 -72
33 -75
33 -75
33 -74
33 -69
33 -75
33 -73
33 -72
33 -71
33 -69
33 -70
33 -70
33 -56
33 -70
33 -70
33 -70
33 -70
33 -70
33 -70
33 -70
33 -70
33 -70
33 -71
33 -71
33 -72
33 -72
33 -72
33 -70
33 -70
33 -70
33 -70
33 -71
33 -73
33 -72
33 -75
33 -80
33 -85
33 -77
33 -75
33 -77
33 -76
33 -73
33 -73
33 -75
33 -76
33 -74
33 -76
33 -75
33 -77
33 -72
33 -73
33 -74
33 -72
33 -73
33 -75
33 -73
33 -76
33 -75
33 -76
33 -76
33 -71
33 -78
33 -78
33 -76
33 -77
33 -76
33 -74
33 -75
33 -73
33 -74
33 -74
33 -73
33 -74
33 -74
33 -73
33 -73
33 -73
33 -73
33 -73
33 -73
33 -74
33 -75
33 -78
33 -70
33 -72
33 -75
33 -70
33 -68
33 -66
33 -66
33 -69
33 -70
33 -72
33 -73
33 -76
33 -76
33 -74
33 -72
33 -72
33 -77
33 -75
33 -72
33 -77
33 -72
33 -68
33 -66
33 -64
33 -64
33 -64
33 -64
33 -64
33 -66
33 -66
33 -66
33 -66
33 -64
33 -65
33 -65
33 -66
33 -66
33 -67
33 -67
33 -67
33 -67
33 -67
33 -67
33 -67
33 -66
33 -67
33 -67
33 -66
33 -66
33 -66
33 -66
33 -66
33 -66
33 -66
33 -66
33 -66
33 -66
33 -66
33 -66
33 -66
33 -66
33 -66
33 -66
33 -66
33 -66
33 -66
33 -66
33 -66
33 -66
33 -66
33 -65
33 -65
33 -64
33 -64
33 -64
33 -63
33 -64
33 -64
33 -64
33 -64
33 -64
33 -64
33 -64
33 -64
33 -64
33 -64
33 -65
33 -65
33 -65
33 -65
33 -65
33 -65
33 -65
33 -65
33 -65
33 -65
33 -65
33 -65
33 -65
33 -65
33 -65
33 -65
33 -65
33 -65
33 -65
33 -65
33 -65
33 -65
33 -65
33 -65
33 -65
33 -64
33 -65
33 -64
33 -65
33 -65
33 -65
33 -65
33 -66
33 -65
33 -66
33 -66
33 -67
33 -68
33 -68
33 -63
33 -69
33 -68
33 -67
33 -67
33 -67
33 -67
33 -66
33 -66
33 -66
33 -66
33 -66
33 -65
33 -60
33 -66
33 -66
33 -66
33 -66
33 -67
33 -66
33 -66
33 -67
33 -68
33 -67
33 -66
33 -66
33 -66
33 -67
33 -66
33 -66
33 -66
34 -67
34 -68
34 -70
34 -72
34 -72
34 -70
34 -74
34 -76
34 -81
34 -73
34 -77
34 -83
34 -72
34 -70
34 -70
34 -69
34 -67
34 -68
34 -64
34 -64
34 -64
34 -64
34 -64
34 -63
34 -63
34 -65
34 -70
34 -74
34 -80
34 -79
34 -68
34 -71
34 -70
34 -78
34 -76
34 -77
34 -79
34 -84
34 -78
34 -68
34 -66
34 -73
34 -77
34 -85
34 -70
34 -69
34 -66
34 -65
34 -66
34 -65
34 -64
34 -64
34 -70
34 -64
34 -64
34 -64
34 -64
34 -64
34 -66
34 -66
34 -66
34 -66
34 -67
34 -68
34 -67
34 -67
34 -68
34 -68
34 -67
34 -67
34 -64
34 -66
34 -66
34 -66
34 -66
34 -66
34 -66
34 -66
34 -66
34 -66
34 -67
34 -67
34 -68
34 -69
34 -69
34 -69
34 -70
34 -60
34 -69
34 -70
34 -70
34 -70
34 -70
34 -69
34 -69
34 -51
34 -68
34 -69
34 -68
34 -69
34 -69
34 -69
34 -70
34 -70
34 -70
34 -70
34 -70
34 -70
34 -70
34 -70
34 -70
34 -70
34 -69
34 -70
34 -71
34 -70
34 -70
34 -70
34 -70
34 -70
34 -70
34 -70
34 -71
34 -71
34 -72
34 -72
34 -72
34 -71
34 -70
34 -71
34 -30
34 -71
34 -71
34 -71
34 -72
34 -73
34 -72
34 -72
34 -72
34 -72
34 -72
34 -73
34 -74
34 -74
34 -74
34 -76
34 -75
34 -76
34 -70
34 -77
34 -77
34 -76
34 -84
34 -83
34 -79
34 -77
34 -77
34 -78
34 -78
34 -82
34 -83
34 -84
34 -79
34 -75
34 -70
34 -70
34 -68
34 -65
34 -70
34 -69
34 -70
34 -70
34 -68
34 -66
34 -66
34 -65
34 -64
34 -64
34 -64
34 -64
34 -64
34 -66
34 -68
34 -65
34 -72
34 -76
34 -66
34 -65
34 -66
34 -66
34 -65
34 -65
34 -72
34 -63
34 -68
34 -61
34 -67
34 -66
34 -66
34 -69
34 -69
34 -73
34 -65
34 -68
34 -69
34 -70
34 -70
34 -70
34 -72
34 -30
34 -71
34 -71
34 -69
34 -70
34 -70
34 -70
34 -70
34 -70
34 -66
34 -65
34 -70
34 -70
34 -70
34 -70
34 -70
34 -70
34 -69
34 -69
34 -69
34 -68
34 -68
34 -68
34 -68
34 -69
34 -68
34 -69
34 -69
34 -69
34 -69
34 -69
34 -69
34 -69
34 -70
34 -69
34 -69
34 -69
34 -70
34 -70
34 -70
34 -70
34 -70
34 -70
34 -70
34 -70
34 -70
34 -70
34 -70
34 -70
34 -70
34 -70
34 -69
34 -69
34 -69
34 -69
34 -69
34 -69
34 -69
34 -69
34 -68
34 -69
34 -68
34 -69
34 -68
34 -68
34 -69
34 -68
34 -68
34 -69
34 -69
34 -69
34 -69
34 -69
34 -69
34 -69
34 -69
34 -69
34 -70
34 -70
34 -68
34 -70
34 -69
34 -69
34 -70
34 -72
34 -71
34 -69
34 -55
34 -70
34 -69
34 -70
34 -64
34 -70
34 -70
34 -70
34 -79
34 -70
34 -70
34 -70
34 -70
34 -70
34 -70
34 -69
34 -70
34 -70
34 -70
34 -71
34 -71
34 -71
34 -71
34 -63
34 -71
34 -70
34 -71
34 -72
34 -72
34 -72
34 -73
34 -70
34 -75
34 -76
34 -76
34 -78
34 -76
34 -68
34 -64
34 -66
34 -68
34 -65
34 -67
34 -67
34 -70
34 -70
34 -71
34 -67
34 -72
34 -70
34 -70
34 -70
34 -71
34 -72
34 -72
34 -71
34 -72
34 -72
34 -70
34 -67
34 -66
34 -68
34 -72
34 -70
34 -72
34 -74
34 -76
34 -75
34 -74
34 -73
34 -74
34 -72
34 -72
34 -74
34 -75
34 -76
34 -77
34 -78
34 -76
34 -78
34 -77
34 -76
34 -75
34 -76
34 -77
34 -78
34 -81
34 -81
34 -82
34 -76
34 -84
34 -79
34 -78
34 -79
34 -80
34 -80
34 -77
34 -77
34 -78
34 -78
34 -80
34 -80
34 -79
34 -82
34 -83
34 -62
34 -81
34 -81
34 -81
34 -81
34 -80
34 -81
34 -81
34 -79
34 -77
34 -77
34 -77
34 -78
34 -76
34 -76
34 -76
34 -76
34 -76
34 -79
34 -80
34 -83
34 -83
34 -81
34 -78
34 -78
34 -78
34 -78
34 -77
34 -77
34 -76
34 -77
34 -81
34 -79
34 -70
34 -77
34 -82
34 -82
34 -82
34 -81
34 -82
34 -79
34 -80
34 -82
34 -82
34 -83
34 -85
34 -84
35 -63
35 -62
35 -62
35 -63
35 -62
35 -63
35 -63
35 -64
35 -64
35 -63
35 -63
35 -60
35 -62
35 -64
35 -64
35 -65
35 -66
35 -46
35 -72
35 -78
35 -76
35 -73
35 -69
35 -68
35 -69
35 -70
35 -69
35 -67
35 -73
35 -68
35 -64
35 -66
35 -73
35 -70
35 -74
35 -76
35 -76
35 -79
35 -71
35 -61
35 -79
35 -66
35 -66
35 -66
35 -69
35 -70
35 -68
35 -65
35 -66
35 -66
35 -70
35 -70
35 -66
35 -64
35 -68
35 -69
35 -66
35 -66
35 -70
35 -71
35 -70
35 -64
35 -64
35 -66
35 -66
35 -64
35 -64
35 -63
35 -64
35 -64
35 -63
35 -62
35 -61
35 -61
35 -63
35 -62
35 -63
35 -63
35 -62
35 -61
35 -61
35 -60
35 -60
35 -60
35 -60
35 -60
35 -60
35 -60
35 -61
35 -61
35 -61
35 -61
35 -61
35 -62
35 -61
35 -62
35 -62
35 -62
35 -62
35 -61
35 -61
35 -62
35 -62
35 -62
35 -61
35 -61
35 -61
35 -61
35 -61
35 -61
35 -61
35 -62
35 -62
35 -62
35 -62
35 -62
35 -62
35 -62
35 -62
35 -62
35 -62
35 -62
35 -62
35 -62
35 -62
35 -62
35 -62
35 -62
35 -61
35 -62
35 -59
35 -62
35 -55
35 -62
35 -61
35 -61
35 -62
35 -61
35 -61
35 -61
35 -61
35 -61
35 -61
35 -61
35 -61
35 -61
35 -61
35 -61
35 -60
35 -60
35 -60
35 -61
35 -59
35 -61
35 -62
35 -62
35 -62
35 -61
35 -60
35 -62
35 -62
35 -61
35 -60
35 -60
35 -60
35 -60
35 -60
35 -60
35 -60
35 -60
35 -60
35 -60
35 -60
35 -60
35 -61
35 -61
35 -60
35 -60
35 -60
35 -60
35 -60
35 -60
35 -60
35 -58
35 -59
35 -58
35 -58
35 -58
35 -58
35 -58
35 -58
35 -58
35 -58
35 -58
35 -58
35 -58
35 -59
35 -60
35 -60
35 -57
35 -56
35 -55
35 -54
35 -53
35 -52
35 -66
35 -70
35 -71
35 -69
35 -70
35 -68
35 -68
35 -69
35 -76
35 -67
35 -67
35 -63
35 -60
35 -61
35 -64
35 -68
35 -67
35 -60
35 -63
35 -64
35 -64
35 -64
35 -64
35 -64
35 -67
35 -67
35 -67
35 -67
35 -68
35 -68
35 -69
35 -68
35 -68
35 -67
35 -66
35 -66
35 -65
35 -64
35 -65
35 -66
35 -66
35 -66
35 -66
35 -67
35 -68
35 -68
35 -69
35 -70
35 -70
35 -71
35 -72
35 -72
35 -73
35 -72
35 -73
35 -72
35 -73
35 -73
35 -74
35 -73
35 -74
35 -75
35 -75
35 -74
35 -74
35 -73
35 -73
35 -74
35 -74
35 -74
35 -76
35 -78
35 -78
35 -78
35 -78
35 -76
35 -74
35 -73
35 -73
35 -74
35 -75
35 -76
35 -77
35 -79
35 -76
35 -84
35 -84
35 -83
35 -81
35 -78
35 -74
35 -72
35 -70
35 -69
35 -69
35 -69
35 -69
35 -68
35 -68
35 -68
35 -67
35 -66
35 -66
35 -67
35 -68
35 -68
35 -68
35 -69
35 -69
35 -70
35 -70
35 -69
35 -69
35 -68
35 -69
35 -68
35 -69
35 -70
35 -70
35 -70
35 -70
35 -70
35 -70
35 -72
35 -71
35 -69
35 -68
35 -67
35 -76
35 -66
35 -65
35 -64
35 -64
35 -64
35 -64
35 -63
35 -62
35 -62
35 -65
35 -61
35 -61
35 -62
35 -62
35 -62
35 -63
35 -63
35 -62
35 -62
35 -61
35 -60
35 -59
35 -60
35 -67
35 -63
35 -69
35 -60
35 -63
35 -74
35 -71
35 -67
35 -66
35 -67
35 -67
35 -71
35 -79
35 -69
35 -68
35 -66
35 -66
35 -67
35 -65
35 -62
35 -59
35 -58
35 -60
35 -60
35 -63
35 -54
35 -71
35 -65
35 -64
35 -64
35 -64
35 -65
35 -67
35 -67
35 -65
35 -66
35 -64
35 -64
35 -64
35 -63
35 -65
35 -65
35 -65
35 -64
35 -64
35 -64
35 -63
35 -63
35 -63
35 -62
35 -62
35 -63
35 -63
35 -62
35 -62
35 -62
35 -62
35 -62
35 -62
35 -62
35 -62
35 -62
35 -62
35 -62
35 -62
35 -63
35 -63
35 -63
35 -63
35 -63
35 -63
35 -63
35 -62
35 -62
35 -62
35 -61
35 -61
35 -61
35 -61
35 -61
35 -61
35 -61
35 -61
35 -62
35 -62
35 -62
35 -62
35 -62
35 -62
35 -62
35 -62
35 -63
35 -63
35 -63
35 -64
35 -63
35 -63
35 -64
35 -64
35 -64
35 -64
35 -64
35 -64
35 -64
35 -64
35 -64
35 -64
35 -63
35 -63
35 -63
35 -63
35 -62
35 -62
35 -62
35 -62
35 -62
35 -62
35 -62
35 -62
35 -62
35 -62
35 -62
35 -63
35 -62
35 -63
35 -63
35 -64
35 -64
35 -63
35 -62
35 -63
35 -64
35 -64
35 -65
35 -65
35 -65
35 -66
35 -66
35 -66
35 -66
35 -66
35 -65
35 -64
35 -64
35 -63
35 -62
35 -61
35 -62
35 -62
35 -63
35 -63
35 -63
35 -63
35 -63
35 -64
35 -63
35 -64
35 -63
35 -64
35 -64
35 -64
35 -64
35 -64
35 -65
35 -65
35 -64
35 -65
36 -64
36 -64
36 -64
36 -64
36 -63
36 -62
36 -62
36 -62
36 -62
36 -61
36 -61
36 -60
36 -60
36 -60
36 -60
36 -63
36 -59
36 -60
36 -58
36 -58
36 -58
36 -58
36 -58
36 -59
36 -59
36 -60
36 -60
36 -62
36 -62
36 -61
36 -61
36 -58
36 -60
36 -61
36 -63
36 -66
36 -71
36 -70
36 -78
36 -69
36 -75
36 -68
36 -72
36 -71
36 -72
36 -61
36 -71
36 -72
36 -73
36 -72
36 -72
36 -68
36 -68
36 -68
36 -69
36 -70
36 -70
36 -70
36 -71
36 -72
36 -73
36 -74
36 -71
36 -69
36 -66
36 -63
36 -63
36 -63
36 -63
36 -53
36 -63
36 -64
36 -65
36 -64
36 -64
36 -63
36 -62
36 -62
36 -62
36 -50
36 -61
36 -61
36 -61
36 -60
36 -60
36 -60
36 -60
36 -60
36 -60
36 -60
36 -60
36 -60
36 -60
36 -60
36 -60
36 -59
36 -59
36 -59
36 -60
36 -60
36 -59
36 -59
36 -60
36 -60
36 -59
36 -60
36 -67
36 -60
36 -60
36 -60
36 -60
36 -60
36 -60
36 -60
36 -60
36 -60
36 -60
36 -60
36 -60
36 -60
36 -60
36 -60
36 -60
36 -60
36 -60
36 -60
36 -60
36 -60
36 -60
36 -60
36 -61
36 -60
36 -60
36 -60
36 -60
36 -61
36 -61
36 -61
36 -61
36 -61
36 -61
36 -61
36 -61
36 -61
36 -61
36 -61
36 -60
36 -60
36 -60
36 -60
36 -60
36 -60
36 -60
36 -60
36 -59
36 -60
36 -60
36 -59
36 -59
36 -58
36 -59
36 -59
36 -59
36 -60
36 -60
36 -60
36 -60
36 -60
36 -60
36 -60
36 -60
36 -60
36 -60
36 -60
36 -60
36 -60
36 -59
36 -59
36 -59
36 -59
36 -59
36 -58
36 -58
36 -58
36 -58
36 -60
36 -60
36 -68
36 -67
36 -60
36 -60
36 -60
36 -61
36 -62
36 -63
36 -63
36 -63
36 -64
36 -68
36 -71
36 -84
36 -67
36 -67
36 -72
36 -64
36 -60
36 -60
36 -61
36 -66
36 -68
36 -70
36 -71
36 -64
36 -60
36 -62
36 -60
36 -60
36 -70
36 -66
36 -66
36 -66
36 -68
36 -63
36 -70
36 -68
36 -68
36 -66
36 -66
36 -66
36 -66
36 -64
36 -63
36 -63
36 -63
36 -63
36 -63
36 -62
36 -62
36 -62
36 -62
36 -61
36 -61
36 -61
36 -61
36 -61
36 -60
36 -61
36 -61
36 -61
36 -61
36 -61
36 -61
36 -60
36 -61
36 -61
36 -62
36 -62
36 -62
36 -62
36 -63
36 -63
36 -63
36 -63
36 -63
36 -63
36 -63
36 -63
36 -63
36 -63
36 -63
36 -63
36 -63
36 -63
36 -63
36 -63
36 -63
36 -63
36 -63
36 -63
36 -63
36 -63
36 -62
36 -62
36 -63
36 -63
36 -62
36 -62
36 -63
36 -63
36 -63
36 -63
36 -63
36 -63
36 -63
36 -63
36 -63
36 -64
36 -64
36 -64
36 -64
36 -64
36 -63
36 -63
36 -64
36 -64
36 -63
36 -62
36 -62
36 -63
36 -62
36 -62
36 -62
36 -63
36 -63
36 -62
36 -63
36 -63
36 -63
36 -63
36 -63
36 -64
36 -64
36 -64
36 -63
36 -63
36 -63
36 -63
36 -63
36 -64
36 -64
36 -64
36 -64
36 -64
36 -63
36 -63
36 -63
36 -63
36 -63
36 -63
36 -63
36 -62
36 -63
36 -63
36 -63
36 -62
36 -63
36 -63
36 -63
36 -63
36 -63
36 -63
36 -63
36 -63
36 -63
36 -63
36 -63
36 -63
36 -63
36 -62
36 -62
36 -63
36 -64
36 -60
36 -63
36 -64
36 -66
36 -68
36 -72
36 -74
36 -66
36 -73
36 -65
36 -61
36 -60
36 -59
36 -58
36 -59
36 -60
36 -62
36 -64
36 -49
36 -69
36 -64
36 -66
36 -64
36 -67
36 -68
36 -65
36 -64
36 -64
36 -64
36 -63
36 -61
36 -60
36 -60
36 -60
36 -60
36 -61
36 -61
36 -62
36 -60
36 -58
36 -57
36 -57
36 -57
36 -57
36 -57
36 -58
36 -58
36 -58
36 -58
36 -57
36 -57
36 -58
36 -58
36 -59
36 -59
36 -60
36 -60
36 -61
36 -60
36 -60
36 -60
36 -59
36 -57
36 -58
36 -58
36 -58
36 -58
36 -58
36 -58
36 -58
36 -58
36 -58
36 -58
36 -59
36 -60
36 -62
36 -63
36 -64
36 -65
36 -66
36 -68
36 -68
36 -66
36 -66
36 -65
36 -62
36 -64
36 -64
36 -64
36 -63
36 -63
36 -62
36 -63
36 -63
36 -63
36 -63
36 -63
36 -75
36 -64
36 -64
36 -63
36 -64
36 -64
36 -64
36 -64
36 -64
36 -64
36 -63
36 -64
36 -64
36 -63
36 -64
36 -64
36 -64
36 -64
36 -64
36 -64
36 -64
36 -64
36 -63
36 -62
36 -61
36 -60
36 -59
36 -59
36 -58
36 -58
36 -57
36 -57
36 -57
36 -57
36 -56
36 -56
36 -57
36 -58
36 -58
36 -58
36 -58
36 -58
36 -58
36 -58
36 -58
36 -58
36 -58
36 -59
36 -58
36 -58
36 -58
36 -58
36 -58
36 -58
36 -58
36 -58
36 -58
36 -58
36 -57
36 -57
36 -58
36 -57
36 -58
36 -58
36 -58
36 -58
36 -58
36 -58
36 -58
37 -64
37 -64
37 -64
37 -64
37 -63
37 -63
37 -63
37 -63
37 -61
37 -64
37 -66
37 -66
37 -66
37 -64
37 -64
37 -64
37 -63
37 -60
37 -63
37 -63
37 -63
37 -64
37 -64
37 -64
37 -64
37 -64
37 -64
37 -64
37 -65
37 -64
37 -64
37 -69
37 -68
37 -69
37 -68
37 -64
37 -66
37 -64
37 -64
37 -66
37 -67
37 -67
37 -66
37 -66
37 -66
37 -68
37 -68
37 -68
37 -69
37 -68
37 -69
37 -72
37 -72
37 -72
37 -71
37 -70
37 -70
37 -72
37 -72
37 -73
37 -75
37 -76
37 -81
37 -70
37 -74
37 -65
37 -30
37 -64
37 -65
37 -64
37 -65
37 -65
37 -65
37 -65
37 -66
37 -66
37 -67
37 -68
37 -67
37 -67
37 -68
37 -68
37 -68
37 -68
37 -68
37 -67
37 -67
37 -67
37 -67
37 -67
37 -68
37 -67
37 -67
37 -67
37 -66
37 -66
37 -67
37 -67
37 -67
37 -66
37 -66
37 -62
37 -66
37 -66
37 -66
37 -66
37 -66
37 -66
37 -66
37 -66
37 -66
37 -66
37 -66
37 -66
37 -66
37 -66
37 -66
37 -66
37 -66
37 -66
37 -66
37 -66
37 -66
37 -66
37 -67
37 -67
37 -66
37 -66
37 -66
37 -66
37 -66
37 -66
37 -66
37 -66
37 -66
37 -66
37 -66
37 -66
37 -66
37 -66
37 -66
37 -65
37 -66
37 -66
37 -66
37 -66
37 -66
37 -66
37 -66
37 -65
37 -65
37 -66
37 -66
37 -66
37 -66
37 -66
37 -66
37 -66
37 -66
37 -66
37 -66
37 -66
37 -66
37 -66
37 -66
37 -66
37 -66
37 -66
37 -66
37 -66
37 -67
37 -67
37 -66
37 -66
37 -66
37 -66
37 -67
37 -68
37 -67
37 -66
37 -66
37 -66
37 -66
37 -66
37 -64
37 -66
37 -66
37 -64
37 -63
37 -64
37 -67
37 -67
37 -68
37 -65
37 -62
37 -60
37 -62
37 -75
37 -75
37 -74
37 -66
37 -65
37 -68
37 -73
37 -64
37 -61
37 -60
37 -60
37 -62
37 -69
37 -63
37 -64
37 -64
37 -64
37 -65
37 -64
37 -64
37 -64
37 -64
37 -57
37 -62
37 -61
37 -62
37 -62
37 -61
37 -61
37 -61
37 -62
37 -62
37 -62
37 -63
37 -63
37 -64
37 -64
37 -64
37 -64
37 -64
37 -64
37 -64
37 -64
37 -64
37 -64
37 -64
37 -63
37 -63
37 -63
37 -63
37 -63
37 -63
37 -63
37 -63
37 -63
37 -63
37 -63
37 -63
37 -63
37 -63
37 -63
37 -62
37 -62
37 -58
37 -62
37 -62
37 -62
37 -62
37 -62
37 -61
37 -62
37 -62
37 -62
37 -62
37 -62
37 -63
37 -63
37 -63
37 -63
37 -63
37 -63
37 -63
37 -63
37 -63
37 -63
37 -63
37 -63
37 -63
37 -63
37 -62
37 -62
37 -30
37 -62
37 -62
37 -62
37 -62
37 -62
37 -62
37 -63
37 -62
37 -62
37 -63
37 -63
37 -63
37 -63
37 -63
37 -63
37 -63
37 -62
37 -62
37 -62
37 -62
37 -62
37 -62
37 -62
37 -62
37 -62
37 -62
37 -63
37 -63
37 -62
37 -63
37 -62
37 -63
37 -63
37 -63
37 -63
37 -63
37 -62
37 -63
37 -62
37 -61
37 -63
37 -63
37 -63
37 -63
37 -63
37 -63
37 -63
37 -63
37 -63
37 -63
37 -62
37 -62
37 -61
37 -61
37 -61
37 -61
37 -61
37 -66
37 -62
37 -67
37 -80
37 -63
37 -66
37 -64
37 -63
37 -63
37 -62
37 -62
37 -60
37 -61
37 -62
37 -62
37 -62
37 -63
37 -64
37 -65
37 -66
37 -65
37 -64
37 -65
37 -67
37 -64
37 -76
37 -63
37 -60
37 -60
37 -60
37 -60
37 -62
37 -62
37 -61
37 -61
37 -61
37 -60
37 -60
37 -62
37 -64
37 -64
37 -64
37 -63
37 -63
37 -62
37 -62
37 -62
37 -60
37 -62
37 -62
37 -62
37 -62
37 -62
37 -62
37 -62
37 -62
37 -61
37 -61
37 -61
37 -61
37 -62
37 -61
37 -62
37 -62
37 -62
37 -62
37 -62
37 -62
37 -62
37 -62
37 -62
37 -62
37 -62
37 -61
37 -62
37 -62
37 -62
37 -62
37 -62
37 -62
37 -62
37 -63
37 -62
37 -62
37 -62
37 -62
37 -62
37 -62
37 -62
37 -62
37 -62
37 -62
37 -66
37 -62
37 -62
37 -62
37 -62
37 -62
37 -62
37 -62
37 -62
37 -62
37 -62
37 -63
37 -63
37 -63
37 -63
37 -63
37 -63
37 -63
37 -63
37 -63
37 -63
37 -63
37 -63
37 -63
37 -62
37 -62
37 -62
37 -62
37 -61
37 -61
37 -61
37 -61
37 -61
37 -61
37 -61
37 -62
37 -62
37 -62
37 -62
37 -61
37 -61
37 -61
37 -61
37 -61
37 -61
37 -61
37 -61
37 -61
37 -61
37 -61
37 -61
37 -61
37 -61
37 -61
37 -61
37 -60
37 -61
37 -61
37 -61
37 -62
37 -61
37 -61
37 -61
37 -61
37 -61
37 -61
37 -61
37 -61
37 -61
37 -61
37 -61
37 -61
38 -68
38 -69
38 -70
38 -70
38 -72
38 -72
38 -73
38 -73
38 -74
38 -74
38 -74
38 -73
38 -69
38 -70
38 -70
38 -70
38 -70
38 -70
38 -70
38 -70
38 -72
38 -73
38 -74
38 -74
38 -80
38 -76
38 -53
38 -75
38 -75
38 -81
38 -78
38 -78
38 -81
38 -81
38 -76
38 -83
38 -78
38 -79
38 -75
38 -79
38 -77
38 -76
38 -75
38 -75
38 -72
38 -78
38 -76
38 -76
38 -76
38 -75
38 -69
38 -69
38 -68
38 -66
38 -66
38 -66
38 -66
38 -64
38 -64
38 -64
38 -64
38 -63
38 -63
38 -63
38 -63
38 -63
38 -62
38 -62
38 -62
38 -63
38 -63
38 -63
38 -63
38 -63
38 -63
38 -63
38 -63
38 -63
38 -63
38 -64
38 -63
38 -63
38 -63
38 -63
38 -62
38 -63
38 -63
38 -63
38 -63
38 -63
38 -62
38 -62
38 -63
38 -63
38 -62
38 -63
38 -63
38 -63
38 -63
38 -63
38 -63
38 -62
38 -62
38 -62
38 -62
38 -62
38 -62
38 -62
38 -62
38 -62
38 -62
38 -62
38 -63
38 -62
38 -62
38 -62
38 -62
38 -62
38 -62
38 -62
38 -62
38 -62
38 -62
38 -60
38 -62
38 -62
38 -62
38 -62
38 -62
38 -62
38 -62
38 -62
38 -62
38 -62
38 -62
38 -62
38 -62
38 -62
38 -62
38 -62
38 -62
38 -62
38 -62
38 -63
38 -63
38 -63
38 -62
38 -73
38 -63
38 -62
38 -62
38 -62
38 -62
38 -62
38 -62
38 -62
38 -62
38 -62
38 -62
38 -62
38 -62
38 -63
38 -62
38 -63
38 -63
38 -63
38 -63
38 -63
38 -64
38 -64
38 -63
38 -63
38 -63
38 -63
38 -63
38 -63
38 -63
38 -63
38 -62
38 -63
38 -63
38 -63
38 -64
38 -64
38 -66
38 -64
38 -68
38 -73
38 -77
38 -76
38 -78
38 -76
38 -66
38 -72
38 -69
38 -64
38 -64
38 -65
38 -67
38 -68
38 -71
38 -68
38 -69
38 -69
38 -69
38 -69
38 -63
38 -64
38 -67
38 -66
38 -66
38 -66
38 -66
38 -66
38 -66
38 -67
38 -66
38 -66
38 -66
38 -66
38 -66
38 -65
38 -66
38 -66
38 -66
38 -66
38 -66
38 -66
38 -66
38 -66
38 -66
38 -68
38 -66
38 -66
38 -66
38 -66
38 -65
38 -65
38 -66
38 -66
38 -65
38 -66
38 -66
38 -66
38 -66
38 -65
38 -66
38 -66
38 -66
38 -66
38 -66
38 -66
38 -66
38 -66
38 -30
38 -65
38 -65
38 -66
38 -66
38 -65
38 -65
38 -65
38 -65
38 -65
38 -65
38 -65
38 -65
38 -65
38 -66
38 -66
38 -66
38 -66
38 -66
38 -66
38 -66
38 -66
38 -66
38 -66
38 -66
38 -66
38 -66
38 -66
38 -66
38 -66
38 -66
38 -66
38 -66
38 -66
38 -66
38 -66
38 -66
38 -66
38 -66
38 -66
38 -66
38 -66
38 -66
38 -66
38 -66
38 -66
38 -66
38 -66
38 -66
38 -66
38 -66
38 -66
38 -66
38 -66
38 -66
38 -66
38 -66
38 -66
38 -66
38 -66
38 -66
38 -66
38 -66
38 -67
38 -68
38 -67
38 -67
38 -67
38 -67
38 -68
38 -66
38 -69
38 -69
38 -70
38 -73
38 -72
38 -71
38 -66
38 -66
38 -65
38 -67
38 -67
38 -70
38 -73
38 -73
38 -72
38 -74
38 -51
38 -70
38 -69
38 -67
38 -67
38 -66
38 -66
38 -66
38 -69
38 -70
38 -74
38 -72
38 -72
38 -68
38 -66
38 -66
38 -66
38 -66
38 -67
38 -68
38 -67
38 -67
38 -66
38 -67
38 -67
38 -66
38 -68
38 -67
38 -67
38 -67
38 -66
38 -67
38 -66
38 -66
38 -66
38 -66
38 -66
38 -66
38 -66
38 -66
38 -66
38 -66
38 -66
38 -66
38 -66
38 -66
38 -66
38 -66
38 -63
38 -66
38 -67
38 -66
38 -66
38 -67
38 -66
38 -66
38 -66
38 -66
38 -66
38 -66
38 -66
38 -66
38 -66
38 -66
38 -66
38 -66
38 -66
38 -66
38 -66
38 -66
38 -66
38 -66
38 -59
38 -66
38 -66
38 -66
38 -66
38 -66
38 -66
38 -66
38 -66
38 -66
38 -66
38 -66
38 -66
38 -66
38 -67
38 -67
38 -66
38 -66
38 -67
38 -66
38 -66
38 -64
38 -66
38 -65
38 -66
38 -66
38 -66
38 -66
38 -66
38 -66
38 -66
38 -66
38 -65
38 -66
38 -60
38 -65
38 -66
38 -66
38 -66
38 -66
38 -66
38 -66
38 -66
38 -66
38 -66
38 -66
38 -66
38 -59
38 -50
38 -66
38 -66
38 -66
38 -66
38 -66
38 -66
38 -66
38 -67
38 -68
38 -68
38 -69
38 -69
38 -69
38 -69
38 -69
38 -68
38 -68
38 -68
38 -68
38 -68
