Beacon Rssi
1 -76
1 -76
1 -76
1 -75
1 -76
1 -76
1 -73
1 -74
1 -70
1 -70
1 -65
1 -68
1 -69
1 -69
1 -70
1 -71
1 -70
1 -71
1 -77
1 -73
1 -74
1 -74
1 -59
1 -72
1 -71
1 -72
1 -73
1 -69
1 -67
1 -68
1 -70
1 -31
1 -70
1 -71
1 -72
1 -77
1 -78
1 -84
1 -86
1 -84
1 -80
1 -80
1 -82
1 -82
1 -80
1 -76
1 -76
1 -76
1 -77
1 -79
1 -80
1 -81
1 -79
1 -81
1 -81
1 -80
1 -80
1 -80
1 -79
1 -78
1 -78
1 -76
1 -76
1 -76
1 -75
1 -74
1 -75
1 -75
1 -74
1 -75
1 -76
1 -76
1 -76
1 -77
1 -76
1 -76
1 -78
1 -78
1 -78
1 -78
1 -76
1 -75
1 -75
1 -74
1 -74
1 -75
1 -76
1 -75
1 -78
1 -78
1 -80
1 -77
1 -74
1 -78
1 -83
1 -83
1 -77
1 -80
1 -75
1 -78
1 -78
1 -79
1 -77
1 -72
1 -72
1 -70
1 -70
1 -74
1 -76
1 -78
1 -79
1 -79
1 -79
1 -78
1 -77
1 -85
1 -84
1 -84
1 -84
1 -83
1 -86
1 -84
1 -82
1 -70
1 -78
1 -78
1 -77
1 -77
1 -76
1 -76
1 -76
1 -75
1 -75
1 -75
1 -75
1 -69
1 -74
1 -75
1 -75
1 -74
1 -74
1 -74
1 -74
1 -76
1 -77
1 -76
1 -78
1 -78
1 -80
1 -80
1 -78
1 -79
1 -80
1 -80
1 -84
1 -78
1 -80
1 -82
1 -81
1 -82
1 -87
1 -84
1 -86
1 -84
1 -84
1 -84
1 -84
1 -83
1 -83
1 -77
1 -82
1 -82
1 -82
1 -83
1 -84
1 -84
1 -77
1 -76
1 -76
1 -77
1 -75
1 -72
1 -72
1 -70
1 -70
1 -70
1 -69
1 -69
1 -65
1 -70
1 -70
1 -70
1 -70
1 -71
1 -72
1 -70
1 -70
1 -70
1 -71
1 -70
1 -71
1 -67
1 -70
1 -70
1 -70
1 -70
1 -70
1 -70
1 -70
1 -70
1 -70
1 -70
1 -70
1 -70
1 -71
1 -70
1 -70
1 -72
1 -75
1 -75
1 -60
1 -74
1 -76
1 -76
1 -78
1 -77
1 -77
1 -76
1 -71
1 -73
1 -73
1 -81
1 -82
1 -81
1 -75
1 -65
2 -82
2 -74
2 -82
2 -69
2 -74
2 -65
2 -81
2 -76
2 -76
2 -76
2 -76
2 -76
2 -73
2 -73
2 -72
2 -74
2 -70
2 -70
2 -70
2 -70
2 -71
2 -72
2 -72
2 -73
2 -76
2 -78
2 -74
2 -72
2 -71
2 -71
2 -70
2 -71
2 -70
2 -70
2 -70
2 -70
2 -70
2 -72
2 -72
2 -72
2 -72
2 -72
2 -72
2 -72
2 -72
2 -72
2 -71
2 -71
2 -72
2 -71
2 -71
2 -71
2 -70
2 -70
2 -70
2 -70
2 -70
2 -70
2 -70
2 -70
2 -70
2 -70
2 -70
2 -70
2 -70
2 -70
2 -68
2 -70
2 -70
2 -70
2 -70
2 -70
2 -70
2 -70
2 -70
2 -70
2 -70
2 -70
2 -70
2 -71
2 -71
2 -71
2 -70
2 -72
2 -72
2 -72
2 -70
2 -71
2 -71
2 -71
2 -71
2 -71
2 -71
2 -70
2 -66
2 -70
2 -70
2 -70
2 -70
2 -71
2 -70
2 -71
2 -71
2 -71
2 -72
2 -71
2 -69
2 -70
2 -70
2 -70
2 -70
2 -70
2 -70
2 -70
2 -70
2 -70
2 -70
2 -70
2 -70
2 -71
2 -71
2 -72
2 -71
2 -70
2 -71
2 -71
2 -70
2 -71
2 -72
2 -71
2 -71
2 -71
2 -70
2 -71
2 -72
2 -71
2 -72
2 -72
2 -72
2 -72
2 -72
2 -72
2 -73
2 -74
2 -74
2 -73
2 -73
2 -73
2 -73
2 -74
2 -73
2 -73
2 -73
2 -73
2 -73
2 -73
2 -72
2 -72
2 -72
2 -72
2 -72
2 -72
2 -72
2 -73
2 -73
2 -72
2 -72
2 -72
2 -73
2 -72
2 -73
2 -73
2 -72
2 -72
2 -72
2 -72
2 -72
2 -73
2 -73
2 -73
2 -72
2 -72
2 -72
2 -72
2 -71
2 -73
2 -72
2 -73
2 -72
2 -72
2 -72
2 -72
2 -72
2 -72
2 -72
2 -72
2 -72
2 -72
2 -72
2 -72
2 -72
2 -72
2 -72
2 -73
2 -72
2 -73
2 -73
2 -61
2 -73
2 -73
2 -72
2 -72
2 -72
2 -72
2 -72
2 -72
2 -72
2 -72
2 -72
2 -72
2 -73
2 -73
2 -30
2 -73
2 -72
2 -72
2 -72
2 -72
2 -72
2 -72
2 -72
2 -72
2 -72
2 -70
2 -72
2 -72
2 -73
2 -72
2 -72
2 -72
2 -72
2 -73
2 -75
2 -76
2 -78
2 -75
2 -72
2 -74
2 -69
2 -72
2 -72
2 -73
2 -72
2 -72
2 -73
2 -72
2 -68
2 -73
2 -73
2 -72
2 -65
2 -72
2 -72
2 -72
2 -73
2 -73
2 -72
2 -73
2 -73
2 -72
2 -72
2 -72
2 -72
2 -72
2 -72
2 -72
2 -72
2 -73
2 -72
2 -73
2 -73
2 -73
2 -73
2 -65
2 -73
2 -74
2 -73
2 -73
2 -73
2 -72
2 -72
2 -72
2 -72
2 -72
2 -72
2 -72
2 -73
2 -73
2 -72
2 -73
2 -73
2 -73
2 -72
2 -73
2 -73
2 -74
2 -74
2 -74
2 -60
2 -74
2 -74
2 -74
2 -74
2 -74
2 -74
2 -74
2 -73
2 -73
2 -74
2 -73
2 -74
2 -71
2 -74
2 -74
2 -74
2 -75
2 -74
2 -74
2 -74
2 -73
2 -74
2 -73
2 -73
2 -72
2 -73
2 -73
2 -73
2 -73
2 -66
2 -74
2 -73
2 -73
2 -73
2 -73
2 -74
2 -73
2 -73
2 -80
2 -74
2 -73
2 -74
2 -74
2 -73
2 -73
2 -73
2 -73
2 -74
2 -74
2 -74
2 -77
2 -61
2 -79
2 -82
2 -82
2 -82
2 -82
2 -81
2 -49
2 -78
2 -78
2 -78
2 -77
2 -76
2 -77
2 -76
2 -77
2 -78
2 -78
2 -78
2 -61
2 -71
2 -74
2 -73
2 -74
2 -77
2 -78
2 -78
2 -62
2 -78
2 -78
2 -77
2 -77
2 -76
2 -76
2 -77
2 -74
2 -74
2 -74
2 -74
2 -71
2 -74
2 -75
2 -74
2 -75
2 -76
2 -72
2 -76
2 -73
2 -75
2 -76
2 -74
2 -76
2 -75
2 -75
2 -76
2 -70
2 -76
2 -73
2 -76
2 -76
2 -76
2 -75
2 -76
2 -75
2 -75
2 -76
2 -75
2 -76
2 -75
2 -76
2 -75
2 -76
2 -76
2 -76
2 -75
2 -76
2 -75
2 -75
2 -75
2 -75
2 -75
2 -76
2 -75
2 -74
2 -75
2 -71
2 -75
2 -76
2 -76
2 -75
3 -79
3 -76
3 -76
3 -76
3 -76
3 -77
3 -76
3 -76
3 -76
3 -75
3 -74
3 -74
3 -74
3 -75
3 -76
3 -76
3 -70
3 -76
3 -77
3 -66
3 -76
3 -77
3 -76
3 -80
3 -76
3 -74
3 -75
3 -76
3 -75
3 -75
3 -75
3 -76
3 -75
3 -78
3 -78
3 -72
3 -78
3 -77
3 -78
3 -73
3 -71
3 -77
3 -78
3 -76
3 -75
3 -76
3 -75
3 -75
3 -75
3 -74
3 -75
3 -75
3 -76
3 -76
3 -76
3 -77
3 -76
3 -76
3 -76
3 -76
3 -75
3 -66
3 -75
3 -75
3 -74
3 -75
3 -76
3 -73
3 -76
3 -76
3 -76
3 -76
3 -76
3 -76
3 -75
3 -75
3 -75
3 -76
3 -76
3 -76
3 -77
3 -69
3 -78
3 -78
3 -77
3 -79
3 -77
3 -76
3 -78
3 -75
3 -78
3 -81
3 -83
3 -81
3 -80
3 -79
3 -81
3 -80
3 -80
3 -81
3 -82
3 -82
3 -83
3 -82
3 -81
3 -81
3 -80
3 -83
3 -83
3 -81
3 -83
3 -82
3 -79
3 -79
3 -79
3 -77
3 -78
3 -77
3 -78
3 -79
3 -77
3 -79
3 -79
3 -79
3 -82
3 -82
3 -85
3 -73
3 -76
3 -76
3 -73
3 -76
3 -78
3 -78
3 -77
3 -80
3 -81
3 -85
3 -84
3 -80
3 -84
3 -79
3 -83
3 -81
3 -83
3 -82
3 -81
3 -80
3 -79
3 -80
3 -75
3 -82
3 -82
3 -83
3 -84
3 -83
3 -82
3 -81
3 -81
3 -81
3 -80
3 -80
3 -82
3 -82
3 -75
3 -82
3 -82
3 -82
3 -82
3 -81
3 -80
3 -79
3 -60
3 -78
3 -77
3 -76
3 -78
3 -78
3 -72
3 -78
3 -79
3 -80
3 -81
3 -82
3 -82
3 -81
3 -79
3 -79
3 -79
3 -78
3 -78
3 -78
3 -80
3 -78
3 -81
3 -83
3 -84
3 -83
3 -82
3 -81
3 -75
3 -73
3 -66
3 -78
3 -76
3 -75
3 -75
3 -83
3 -75
3 -81
3 -80
3 -78
3 -77
3 -77
3 -76
3 -77
3 -76
3 -76
3 -78
3 -75
3 -72
3 -76
3 -77
3 -77
3 -56
3 -78
3 -76
3 -76
3 -76
3 -76
3 -76
3 -76
3 -76
3 -75
3 -75
3 -75
3 -75
3 -74
3 -74
3 -74
3 -74
3 -74
3 -74
3 -73
3 -73
3 -73
3 -73
3 -73
3 -74
3 -74
3 -74
3 -72
3 -72
3 -76
3 -77
3 -76
3 -76
3 -76
3 -76
3 -75
3 -74
3 -74
3 -72
3 -71
3 -72
3 -72
3 -72
3 -72
3 -71
3 -72
3 -72
3 -72
3 -72
3 -72
3 -72
3 -72
3 -73
3 -72
3 -73
3 -74
4 -79
4 -83
4 -83
4 -82
4 -76
4 -79
4 -82
4 -82
4 -82
4 -78
4 -78
4 -75
4 -77
4 -77
4 -78
4 -78
4 -78
4 -75
4 -75
4 -75
4 -75
4 -75
4 -75
4 -74
4 -75
4 -75
4 -75
4 -75
4 -75
4 -76
4 -76
4 -76
4 -76
4 -77
4 -77
4 -76
4 -76
4 -76
4 -76
4 -31
4 -77
4 -76
4 -77
4 -78
4 -78
4 -78
4 -79
4 -78
4 -80
4 -79
4 -79
4 -78
4 -79
4 -79
4 -78
4 -77
4 -77
4 -77
4 -77
4 -76
4 -77
4 -78
4 -78
4 -79
4 -80
4 -70
4 -78
4 -77
4 -76
4 -75
4 -75
4 -75
4 -76
4 -75
4 -75
4 -75
4 -74
4 -70
4 -75
4 -73
4 -75
4 -75
4 -75
4 -74
4 -75
4 -76
4 -75
4 -76
4 -76
4 -76
4 -76
4 -76
4 -76
4 -76
4 -76
4 -76
4 -76
4 -76
4 -76
4 -76
4 -76
4 -76
4 -76
4 -76
4 -76
4 -76
4 -76
4 -76
4 -76
4 -76
4 -76
4 -76
4 -55
4 -73
4 -76
4 -77
4 -77
4 -77
4 -72
4 -76
4 -76
4 -76
4 -76
4 -76
4 -76
4 -76
4 -76
4 -84
4 -71
4 -76
4 -76
4 -77
4 -76
4 -77
4 -77
4 -75
4 -76
4 -76
4 -76
4 -76
4 -76
4 -75
4 -76
4 -76
4 -76
4 -77
4 -78
4 -78
4 -78
4 -78
4 -78
4 -77
4 -78
4 -78
4 -78
4 -78
4 -77
4 -78
4 -77
4 -77
4 -77
4 -77
4 -78
4 -79
4 -79
4 -80
4 -79
4 -80
4 -80
4 -79
4 -78
4 -68
4 -78
4 -77
4 -77
4 -76
4 -77
4 -76
4 -75
4 -72
4 -79
4 -80
4 -78
4 -76
4 -77
4 -77
4 -76
4 -77
4 -76
4 -76
4 -77
4 -76
4 -76
4 -76
4 -76
4 -76
4 -77
4 -76
4 -78
4 -78
4 -78
4 -78
4 -78
4 -78
4 -78
4 -78
4 -76
4 -77
4 -76
4 -77
4 -76
4 -76
4 -76
4 -77
4 -77
4 -78
4 -78
4 -78
4 -78
4 -78
4 -79
4 -79
4 -78
4 -78
4 -78
4 -78
4 -78
4 -77
4 -71
4 -77
4 -76
4 -76
4 -76
4 -76
4 -76
4 -76
4 -76
4 -76
4 -76
4 -76
4 -76
4 -76
4 -76
4 -67
4 -76
4 -77
4 -77
4 -76
4 -77
4 -62
4 -76
4 -77
4 -76
4 -76
4 -76
4 -76
4 -77
4 -76
4 -73
4 -77
4 -73
4 -78
4 -70
4 -78
4 -79
4 -79
4 -78
4 -78
4 -78
4 -78
4 -78
4 -77
4 -78
4 -78
4 -79
4 -79
4 -78
4 -79
4 -79
4 -76
4 -76
4 -76
4 -78
4 -78
4 -78
4 -78
4 -78
4 -78
4 -67
4 -78
4 -78
4 -78
4 -78
4 -69
4 -78
4 -79
4 -80
4 -79
4 -79
4 -81
4 -81
4 -82
4 -82
4 -75
4 -83
4 -86
4 -83
4 -84
4 -84
4 -82
4 -83
4 -83
4 -81
4 -81
4 -81
4 -80
4 -82
4 -82
4 -82
4 -84
4 -85
4 -82
4 -81
4 -81
4 -74
4 -81
4 -82
4 -82
4 -83
5 -79
5 -79
5 -80
5 -80
5 -80
5 -80
5 -79
5 -80
5 -77
5 -80
5 -83
5 -77
5 -79
5 -77
5 -76
5 -75
5 -78
5 -79
5 -85
5 -80
5 -85
5 -84
5 -84
5 -84
5 -85
5 -83
5 -84
5 -84
5 -83
5 -82
5 -83
5 -83
5 -84
5 -83
5 -82
5 -82
5 -81
5 -82
5 -83
5 -73
5 -82
5 -82
5 -83
5 -83
5 -82
5 -83
5 -83
5 -83
5 -83
5 -84
5 -83
5 -82
5 -83
5 -80
5 -79
5 -79
5 -80
5 -82
5 -82
5 -82
5 -81
5 -83
5 -82
5 -82
5 -81
5 -82
5 -82
5 -81
5 -82
5 -83
5 -81
5 -83
5 -82
5 -82
5 -83
5 -82
5 -81
5 -83
5 -82
5 -83
5 -78
5 -77
5 -84
5 -82
5 -82
5 -81
5 -80
5 -80
5 -80
5 -80
5 -63
5 -82
5 -82
5 -82
5 -82
5 -82
5 -82
5 -81
5 -80
5 -81
5 -80
5 -80
5 -81
5 -81
5 -82
5 -82
5 -82
5 -82
5 -81
5 -81
5 -81
5 -81
5 -80
5 -80
5 -77
5 -80
5 -78
5 -81
5 -83
5 -82
5 -83
5 -82
5 -82
5 -82
5 -82
5 -82
5 -81
5 -82
5 -80
5 -80
5 -80
5 -80
5 -78
5 -80
5 -71
5 -82
5 -81
5 -82
5 -81
5 -81
5 -78
5 -79
5 -80
5 -77
5 -79
5 -77
5 -79
5 -78
5 -79
5 -78
5 -80
5 -81
5 -81
5 -81
5 -80
5 -79
5 -80
5 -80
5 -79
5 -80
5 -80
5 -80
5 -80
5 -81
5 -82
5 -81
5 -79
5 -81
5 -81
5 -80
5 -79
5 -81
5 -80
5 -79
5 -81
5 -30
5 -82
5 -82
5 -82
5 -82
5 -83
5 -84
5 -84
5 -66
5 -81
5 -81
5 -81
5 -81
5 -80
5 -80
5 -81
5 -83
5 -83
5 -83
5 -83
5 -81
5 -82
5 -82
5 -83
5 -83
5 -83
5 -81
5 -81
5 -80
5 -81
5 -80
5 -80
5 -81
5 -82
5 -81
5 -64
5 -81
5 -81
5 -81
5 -81
5 -30
5 -80
5 -80
5 -81
5 -81
5 -83
5 -83
5 -82
5 -82
5 -82
5 -81
6 -82
6 -87
6 -81
6 -82
6 -72
6 -82
6 -82
6 -84
6 -84
6 -85
6 -84
6 -84
6 -85
6 -84
6 -85
6 -84
6 -85
6 -73
6 -86
6 -85
6 -84
6 -85
6 -82
6 -83
6 -82
6 -83
6 -83
6 -83
6 -84
6 -84
6 -85
6 -86
6 -76
6 -84
6 -85
6 -88
6 -86
6 -86
6 -85
6 -84
6 -83
6 -85
6 -84
6 -83
6 -83
6 -82
6 -84
6 -81
6 -83
6 -85
6 -84
6 -84
6 -82
6 -83
6 -82
6 -83
6 -84
6 -85
6 -86
6 -86
6 -72
6 -84
6 -84
7 -81
7 -79
7 -81
7 -81
7 -81
7 -82
7 -80
7 -82
7 -83
7 -82
7 -79
7 -80
7 -70
7 -82
7 -83
7 -83
7 -84
7 -84
7 -83
7 -83
7 -84
7 -84
7 -84
7 -84
7 -84
7 -83
7 -83
7 -83
7 -83
7 -83
7 -81
7 -75
7 -83
7 -82
7 -82
7 -83
7 -83
7 -82
7 -65
7 -83
7 -82
7 -77
7 -77
7 -81
7 -81
7 -82
7 -75
7 -59
7 -82
7 -83
7 -83
7 -82
7 -83
7 -81
7 -82
7 -83
7 -82
7 -79
7 -83
7 -84
7 -84
7 -84
7 -84
7 -73
7 -83
7 -83
7 -83
7 -83
7 -82
7 -84
7 -85
7 -83
7 -82
7 -83
7 -81
7 -81
7 -81
7 -83
7 -83
7 -80
7 -80
7 -82
7 -82
7 -82
7 -82
7 -83
7 -83
7 -83
7 -83
7 -83
7 -84
7 -84
7 -84
7 -84
7 -85
7 -83
7 -84
7 -84
7 -71
7 -84
7 -84
7 -83
7 -85
7 -84
7 -85
7 -86
7 -77
7 -84
7 -84
7 -85
7 -84
7 -82
7 -86
7 -85
7 -87
7 -81
7 -83
7 -63
7 -83
7 -82
7 -85
8 -77
8 -76
8 -76
8 -76
8 -77
8 -77
8 -78
8 -78
8 -78
8 -78
8 -80
8 -83
8 -81
8 -80
8 -84
8 -84
8 -83
8 -64
8 -83
8 -76
8 -74
8 -73
8 -73
8 -73
8 -73
8 -73
8 -73
8 -73
8 -74
8 -74
8 -75
8 -76
8 -75
8 -74
8 -75
8 -74
8 -74
8 -74
8 -74
8 -66
8 -74
8 -72
8 -73
8 -74
8 -75
8 -73
8 -75
8 -75
8 -75
8 -74
8 -75
8 -75
8 -72
8 -75
8 -75
8 -75
8 -74
8 -72
8 -75
8 -76
8 -76
8 -76
8 -76
8 -76
8 -76
8 -76
8 -76
8 -76
8 -76
8 -76
8 -76
8 -76
8 -76
8 -76
8 -76
8 -75
8 -76
8 -76
8 -75
8 -76
8 -76
8 -76
8 -76
8 -76
8 -76
8 -76
8 -76
8 -76
8 -76
8 -75
8 -75
8 -76
8 -76
8 -75
8 -76
8 -76
8 -76
8 -75
8 -76
8 -76
8 -76
8 -76
8 -73
8 -75
8 -75
8 -74
8 -74
8 -71
8 -74
8 -76
8 -76
8 -76
8 -76
8 -76
8 -75
8 -75
8 -75
8 -75
8 -75
8 -74
8 -74
8 -74
8 -73
8 -74
8 -73
8 -74
8 -74
8 -74
8 -60
8 -74
8 -74
8 -74
8 -74
8 -73
8 -74
8 -74
8 -74
8 -74
8 -74
8 -74
8 -74
8 -73
8 -74
8 -75
8 -74
8 -74
8 -76
8 -76
8 -76
8 -77
8 -78
8 -78
8 -78
8 -78
8 -77
8 -75
8 -75
8 -75
8 -74
8 -75
8 -75
8 -75
8 -75
8 -75
8 -72
8 -75
8 -75
8 -71
8 -75
8 -74
8 -75
8 -74
8 -74
8 -74
8 -73
8 -72
8 -74
8 -74
8 -74
8 -74
8 -74
8 -74
8 -74
8 -75
8 -75
8 -75
8 -75
8 -76
8 -75
8 -75
8 -75
8 -75
8 -74
8 -74
8 -74
8 -68
8 -74
8 -74
8 -73
8 -74
8 -73
8 -73
8 -73
8 -73
8 -72
8 -74
8 -74
8 -73
8 -75
8 -75
8 -67
8 -76
8 -75
8 -75
8 -67
8 -74
8 -76
8 -76
8 -76
8 -77
8 -78
8 -76
8 -78
8 -74
8 -74
8 -74
8 -74
8 -74
8 -68
8 -74
8 -75
8 -74
8 -74
8 -74
8 -74
8 -74
8 -74
8 -74
8 -74
8 -74
8 -74
8 -75
8 -75
8 -70
8 -76
8 -76
8 -76
8 -75
8 -75
8 -75
8 -74
8 -74
8 -73
8 -73
8 -73
8 -73
8 -74
8 -71
8 -73
8 -73
8 -73
8 -73
8 -74
8 -74
8 -75
8 -74
8 -74
8 -75
8 -75
8 -75
8 -75
8 -74
8 -74
8 -75
8 -73
8 -74
8 -74
8 -74
8 -74
8 -74
8 -74
8 -74
8 -81
8 -73
8 -74
8 -74
8 -73
8 -75
8 -74
8 -76
8 -76
8 -75
8 -75
8 -76
8 -74
8 -74
8 -74
8 -73
8 -73
8 -73
8 -73
8 -73
8 -74
8 -74
8 -75
8 -74
8 -75
8 -75
8 -75
8 -75
8 -74
8 -74
8 -74
8 -66
8 -74
8 -74
8 -74
8 -74
8 -74
8 -74
8 -74
8 -74
8 -74
8 -73
8 -73
8 -74
8 -74
8 -75
8 -76
8 -77
8 -76
8 -77
8 -76
8 -76
8 -76
8 -78
8 -77
8 -79
8 -81
8 -80
8 -80
8 -80
8 -80
8 -81
8 -81
8 -81
8 -81
8 -79
8 -81
8 -80
8 -80
8 -79
8 -81
8 -80
8 -80
8 -69
8 -70
8 -30
8 -81
8 -80
8 -80
8 -80
8 -81
8 -82
8 -83
8 -80
8 -79
8 -78
8 -76
8 -76
8 -76
8 -76
8 -76
8 -76
8 -77
8 -73
8 -77
8 -77
8 -78
8 -77
8 -77
8 -78
8 -78
8 -77
8 -78
8 -76
8 -77
8 -77
8 -76
8 -75
8 -76
8 -76
8 -76
8 -76
8 -76
8 -76
8 -76
8 -76
8 -77
8 -76
8 -76
8 -76
8 -77
8 -76
8 -73
8 -76
8 -77
8 -77
8 -77
8 -78
8 -78
8 -78
8 -73
8 -78
8 -78
8 -78
8 -78
8 -78
8 -78
8 -78
8 -77
9 -85
9 -81
9 -86
9 -87
9 -87
9 -81
9 -86
9 -86
9 -84
9 -73
9 -84
9 -87
9 -81
9 -83
9 -83
9 -82
9 -82
9 -81
9 -80
9 -80
9 -81
9 -76
9 -71
9 -80
9 -81
9 -83
9 -83
9 -83
9 -82
9 -83
9 -83
9 -84
9 -83
9 -82
9 -81
9 -80
9 -81
9 -83
9 -83
9 -84
9 -84
9 -83
9 -81
9 -85
9 -85
9 -84
9 -84
9 -84
9 -85
9 -85
10 -83
10 -50
10 -82
10 -82
10 -80
10 -80
10 -79
10 -78
10 -80
10 -80
10 -79
10 -78
10 -78
10 -78
10 -78
10 -78
10 -78
10 -78
10 -75
10 -80
10 -82
10 -81
10 -81
10 -80
10 -79
10 -79
10 -79
10 -79
10 -79
10 -79
10 -81
10 -81
10 -82
10 -84
10 -84
10 -84
10 -84
10 -83
10 -81
10 -82
10 -82
10 -83
10 -75
10 -84
10 -84
10 -81
10 -80
10 -80
10 -69
10 -79
10 -79
10 -79
10 -78
10 -75
10 -76
10 -66
10 -78
10 -79
10 -79
10 -80
10 -80
10 -81
10 -82
10 -82
10 -79
10 -79
10 -78
10 -79
10 -78
10 -78
10 -78
10 -78
10 -78
10 -77
10 -78
10 -79
10 -78
10 -78
10 -79
10 -79
10 -79
10 -80
10 -79
10 -80
10 -81
10 -80
10 -81
10 -81
10 -79
10 -79
10 -79
10 -61
10 -79
10 -79
10 -79
10 -80
10 -80
10 -79
10 -80
10 -80
10 -78
10 -80
10 -80
10 -80
10 -79
10 -79
10 -79
10 -79
10 -79
10 -55
10 -80
10 -80
10 -81
10 -83
10 -85
10 -84
10 -83
10 -80
10 -80
10 -83
10 -80
10 -83
10 -83
10 -83
10 -80
10 -81
10 -83
10 -83
10 -84
10 -84
10 -82
10 -82
10 -80
10 -81
10 -82
10 -81
10 -83
10 -82
10 -83
10 -83
10 -81
10 -81
10 -81
10 -81
10 -80
10 -81
10 -80
10 -80
10 -81
10 -81
10 -81
10 -81
10 -81
10 -81
10 -81
10 -80
10 -81
10 -80
10 -80
10 -80
10 -79
10 -79
10 -79
10 -79
10 -79
10 -80
10 -74
10 -80
10 -80
10 -80
10 -81
10 -82
10 -81
10 -81
10 -81
10 -81
10 -82
10 -83
10 -83
10 -83
10 -82
10 -81
10 -79
10 -73
10 -81
10 -82
10 -82
10 -84
10 -71
10 -82
10 -83
10 -83
10 -74
10 -83
10 -83
10 -75
10 -83
10 -85
10 -83
10 -84
10 -83
10 -84
11 -85
11 -81
11 -79
11 -78
11 -78
11 -83
11 -84
11 -70
11 -75
11 -75
11 -82
11 -83
11 -83
11 -83
11 -83
11 -84
11 -82
11 -80
11 -80
11 -79
11 -80
11 -80
11 -82
11 -82
11 -82
11 -82
11 -80
11 -80
11 -79
11 -79
11 -80
11 -81
11 -81
11 -79
11 -84
11 -84
11 -77
11 -72
11 -82
11 -83
11 -83
11 -30
11 -83
11 -83
11 -83
11 -82
11 -81
11 -79
11 -80
11 -79
11 -79
11 -80
11 -79
11 -80
11 -80
11 -79
11 -81
11 -82
11 -81
11 -82
11 -83
11 -83
11 -82
11 -76
11 -81
11 -80
11 -80
11 -80
11 -79
11 -78
11 -79
11 -79
11 -79
11 -79
11 -78
11 -79
11 -79
11 -78
11 -78
11 -78
11 -78
11 -77
11 -77
11 -77
11 -78
11 -79
11 -78
11 -78
11 -77
11 -77
11 -78
11 -78
11 -78
11 -76
11 -82
11 -81
11 -79
11 -78
11 -77
11 -82
11 -81
11 -83
11 -64
11 -84
11 -78
11 -80
11 -81
11 -79
11 -80
11 -78
11 -78
11 -79
11 -81
11 -81
11 -83
11 -83
11 -82
11 -82
11 -81
11 -81
11 -80
11 -79
11 -81
11 -81
11 -80
11 -81
11 -57
11 -82
11 -82
11 -83
11 -83
11 -82
11 -82
11 -82
11 -82
11 -81
11 -82
11 -82
11 -82
11 -82
11 -77
11 -84
11 -83
11 -82
11 -81
11 -78
11 -81
11 -80
11 -81
11 -82
11 -82
11 -82
11 -81
11 -80
11 -80
11 -79
11 -80
11 -81
11 -80
11 -80
11 -81
11 -80
11 -81
11 -79
11 -79
11 -80
11 -80
11 -78
11 -78
11 -78
11 -78
11 -78
11 -77
11 -78
11 -78
11 -82
11 -81
11 -81
11 -80
11 -75
11 -64
11 -82
11 -80
11 -82
11 -82
11 -79
11 -81
11 -78
11 -81
11 -83
11 -80
11 -79
11 -81
11 -79
11 -80
11 -79
11 -79
11 -79
11 -78
11 -76
11 -75
11 -75
11 -84
11 -86
11 -85
11 -86
11 -73
11 -81
11 -80
11 -81
11 -80
11 -81
11 -82
11 -82
11 -83
11 -83
11 -83
11 -84
11 -83
11 -84
11 -83
11 -83
11 -81
11 -81
11 -81
11 -81
11 -81
11 -81
11 -81
11 -80
11 -80
11 -81
11 -80
11 -81
11 -80
12 -76
12 -76
12 -76
12 -76
12 -76
12 -76
12 -76
12 -76
12 -76
12 -76
12 -76
12 -76
12 -77
12 -78
12 -81
12 -81
12 -81
12 -80
12 -82
12 -84
12 -84
12 -76
12 -78
12 -79
12 -81
12 -79
12 -78
12 -77
12 -78
12 -78
12 -78
12 -77
12 -76
12 -77
12 -78
12 -78
12 -78
12 -76
12 -77
12 -76
12 -77
12 -77
12 -76
12 -76
12 -76
12 -77
12 -76
12 -76
12 -76
12 -76
12 -76
12 -76
12 -76
12 -76
12 -76
12 -76
12 -76
12 -76
12 -76
12 -76
12 -76
12 -76
12 -76
12 -75
12 -76
12 -75
12 -76
12 -76
12 -76
12 -76
12 -76
12 -76
12 -76
12 -68
12 -76
12 -76
12 -76
12 -76
12 -76
12 -76
12 -76
12 -76
12 -76
12 -76
12 -76
12 -76
12 -76
12 -76
12 -76
12 -76
12 -76
12 -76
12 -75
12 -76
12 -76
12 -76
12 -76
12 -77
12 -77
12 -76
12 -76
12 -76
12 -77
12 -76
12 -76
12 -76
12 -75
12 -73
12 -77
12 -78
12 -78
12 -78
12 -78
12 -78
12 -79
12 -78
12 -81
12 -81
12 -81
12 -81
12 -80
12 -80
12 -81
12 -80
12 -81
12 -77
12 -80
12 -78
12 -78
12 -80
12 -79
12 -78
12 -79
12 -55
12 -79
12 -80
12 -76
12 -80
12 -81
12 -81
12 -78
12 -81
12 -82
12 -80
12 -80
12 -80
12 -80
12 -81
12 -81
12 -83
12 -80
12 -79
12 -79
12 -78
12 -78
12 -78
12 -80
12 -79
12 -79
12 -80
12 -79
12 -79
12 -79
12 -79
12 -80
12 -79
12 -80
12 -79
12 -70
12 -80
12 -79
12 -80
12 -80
12 -78
12 -72
12 -78
12 -82
12 -76
12 -78
12 -83
12 -80
12 -75
12 -79
12 -78
12 -80
12 -80
12 -80
12 -82
12 -81
12 -82
12 -78
12 -67
12 -79
12 -78
12 -78
12 -78
12 -78
12 -80
12 -79
12 -80
12 -80
12 -81
12 -81
12 -81
12 -79
12 -80
12 -79
12 -79
12 -79
12 -78
12 -78
12 -78
12 -79
12 -79
12 -80
12 -80
12 -80
12 -81
12 -81
12 -81
12 -82
12 -81
12 -82
12 -82
12 -82
12 -82
12 -83
12 -83
12 -80
12 -84
12 -82
12 -78
12 -82
12 -82
12 -81
12 -74
12 -81
12 -82
12 -82
12 -82
12 -83
12 -81
12 -81
12 -81
12 -81
12 -80
12 -80
12 -80
12 -66
12 -80
12 -74
12 -80
12 -81
12 -81
12 -80
12 -80
12 -79
12 -80
12 -78
12 -78
12 -79
12 -79
12 -79
12 -80
12 -82
12 -82
12 -80
12 -79
12 -78
12 -75
12 -77
12 -78
12 -78
12 -78
12 -77
12 -77
12 -77
12 -79
12 -79
12 -80
12 -79
12 -76
12 -76
12 -76
12 -76
12 -76
12 -76
12 -77
12 -79
12 -79
12 -79
12 -80
12 -67
12 -80
12 -81
12 -70
12 -78
12 -81
12 -77
12 -77
12 -76
12 -76
12 -76
12 -75
12 -75
12 -75
12 -76
12 -76
12 -76
12 -76
12 -76
12 -76
12 -76
12 -77
12 -78
12 -78
12 -78
12 -79
12 -77
12 -78
12 -78
12 -77
12 -76
12 -77
12 -76
12 -76
12 -76
12 -76
12 -76
12 -75
12 -76
12 -60
12 -76
12 -77
12 -77
12 -77
12 -78
12 -78
12 -78
12 -78
12 -78
12 -78
12 -78
12 -70
12 -77
12 -76
12 -76
12 -76
12 -76
13 -74
13 -74
13 -74
13 -70
13 -74
13 -73
13 -73
13 -73
13 -73
13 -73
13 -72
13 -71
13 -76
13 -76
13 -71
13 -72
13 -70
13 -69
13 -69
13 -69
13 -70
13 -70
13 -70
13 -71
13 -71
13 -72
13 -72
13 -72
13 -72
13 -75
13 -81
13 -77
13 -78
13 -58
13 -68
13 -69
13 -70
13 -69
13 -69
13 -69
13 -68
13 -67
13 -66
13 -66
13 -66
13 -63
13 -66
13 -66
13 -66
13 -66
13 -66
13 -66
13 -66
13 -67
13 -67
13 -66
13 -68
13 -69
13 -69
13 -70
13 -70
13 -70
13 -71
13 -72
13 -72
13 -72
13 -71
13 -70
13 -70
13 -70
13 -70
13 -70
13 -69
13 -69
13 -69
13 -69
13 -69
13 -69
13 -70
13 -70
13 -70
13 -71
13 -72
13 -74
13 -75
13 -76
13 -75
13 -76
13 -75
13 -75
13 -75
13 -75
13 -74
13 -73
13 -73
13 -72
13 -72
13 -72
13 -72
13 -72
13 -73
13 -73
13 -74
13 -74
13 -75
13 -74
13 -72
13 -73
13 -72
13 -58
13 -72
13 -71
13 -70
13 -70
13 -70
13 -69
13 -68
13 -68
13 -68
13 -68
13 -68
13 -67
13 -68
13 -68
13 -69
13 -69
13 -70
13 -70
13 -69
13 -69
13 -69
13 -69
13 -70
13 -70
13 -70
13 -70
13 -70
13 -70
13 -70
13 -70
13 -70
13 -69
13 -69
13 -70
13 -70
13 -70
13 -70
13 -70
13 -70
13 -69
13 -69
13 -69
13 -49
13 -69
13 -69
13 -69
13 -68
13 -68
13 -68
13 -68
13 -68
13 -68
13 -69
13 -69
13 -69
13 -67
13 -71
13 -69
13 -68
13 -68
13 -67
13 -68
13 -68
13 -68
13 -68
13 -68
13 -68
13 -68
13 -69
13 -69
13 -69
13 -69
13 -69
13 -69
13 -69
13 -69
13 -70
13 -70
13 -70
13 -70
13 -70
13 -69
13 -69
13 -68
13 -68
13 -68
13 -68
13 -68
13 -68
13 -68
13 -68
13 -68
13 -69
13 -68
13 -69
13 -69
13 -69
13 -70
13 -70
13 -70
13 -70
13 -70
13 -70
13 -70
13 -70
13 -71
13 -70
13 -71
13 -71
13 -71
13 -71
13 -71
13 -72
13 -72
13 -71
13 -72
13 -72
13 -72
13 -72
13 -72
13 -72
13 -72
13 -72
13 -72
13 -73
13 -72
13 -72
13 -72
13 -72
13 -72
13 -72
13 -72
13 -71
13 -71
13 -70
13 -70
13 -70
13 -70
13 -70
13 -69
13 -70
13 -69
13 -69
13 -69
13 -69
13 -69
13 -68
13 -69
13 -69
13 -69
13 -69
13 -69
13 -69
13 -69
13 -69
13 -69
13 -69
13 -69
13 -70
13 -70
13 -70
13 -70
13 -70
13 -70
13 -69
13 -69
13 -69
13 -69
13 -68
13 -69
13 -69
13 -69
13 -68
13 -69
13 -69
13 -51
13 -68
13 -68
13 -68
13 -69
13 -69
13 -69
13 -69
13 -66
13 -69
13 -68
13 -69
13 -69
13 -60
13 -69
13 -69
13 -68
13 -69
13 -69
13 -69
13 -69
13 -68
13 -31
13 -67
13 -67
13 -68
13 -68
13 -68
13 -68
13 -68
13 -69
13 -69
13 -69
13 -69
13 -69
13 -68
13 -68
13 -69
13 -69
13 -67
13 -68
13 -68
13 -68
13 -68
13 -68
13 -68
13 -68
13 -67
13 -68
13 -68
13 -68
13 -68
13 -63
13 -68
13 -68
13 -68
13 -68
13 -68
13 -68
13 -68
13 -68
13 -68
13 -68
13 -68
13 -67
13 -68
13 -68
13 -68
13 -68
13 -68
13 -68
13 -68
13 -68
13 -68
13 -68
13 -66
13 -68
13 -68
13 -68
13 -30
13 -69
13 -68
13 -68
13 -68
13 -68
13 -68
13 -68
13 -68
13 -68
13 -68
13 -68
13 -68
13 -59
13 -69
13 -69
13 -69
13 -70
13 -68
13 -70
13 -70
13 -71
13 -71
13 -70
13 -62
13 -70
13 -70
13 -70
13 -70
13 -70
13 -71
13 -72
13 -62
13 -73
13 -73
13 -72
13 -71
13 -70
13 -70
13 -70
13 -69
13 -69
13 -69
13 -68
13 -68
13 -68
13 -69
13 -69
13 -69
13 -69
13 -69
13 -69
13 -70
13 -70
13 -70
13 -70
13 -70
13 -70
13 -70
13 -70
13 -70
13 -69
13 -70
13 -69
13 -68
13 -68
13 -68
13 -67
13 -67
13 -67
13 -68
13 -68
13 -68
13 -68
13 -68
13 -70
13 -78
13 -75
13 -70
13 -68
13 -67
13 -69
13 -70
13 -71
13 -72
13 -72
13 -72
13 -72
13 -73
13 -72
13 -73
13 -72
13 -73
13 -74
13 -73
13 -79
13 -72
13 -71
13 -70
13 -70
13 -70
13 -70
13 -70
13 -70
13 -70
13 -70
13 -70
13 -71
13 -71
13 -72
13 -72
13 -72
13 -67
13 -73
13 -72
13 -73
13 -73
13 -73
13 -72
13 -70
13 -72
13 -72
13 -71
13 -70
13 -71
13 -72
13 -70
13 -70
13 -70
13 -70
13 -70
13 -70
13 -70
13 -70
13 -70
13 -70
13 -70
13 -70
13 -71
13 -70
13 -72
13 -72
13 -72
14 -58
14 -58
14 -58
14 -59
14 -59
14 -59
14 -60
14 -60
14 -60
14 -60
14 -59
14 -63
14 -70
14 -72
14 -63
14 -59
14 -61
14 -63
14 -61
14 -60
14 -60
14 -59
14 -60
14 -59
14 -58
14 -58
14 -58
14 -56
14 -55
14 -56
14 -56
14 -56
14 -56
14 -56
14 -56
14 -57
14 -58
14 -59
14 -60
14 -59
14 -57
14 -56
14 -57
14 -58
14 -58
14 -58
14 -58
14 -55
14 -54
14 -55
14 -54
14 -54
14 -54
14 -54
14 -54
14 -54
14 -54
14 -54
14 -54
14 -54
14 -55
14 -55
14 -54
14 -55
14 -55
14 -55
14 -56
14 -56
14 -57
14 -57
14 -58
14 -58
14 -58
14 -58
14 -58
14 -57
14 -57
14 -56
14 -56
14 -56
14 -56
14 -56
14 -55
14 -56
14 -56
14 -56
14 -56
14 -57
14 -57
14 -58
14 -58
14 -59
14 -61
14 -61
14 -61
14 -61
14 -61
14 -61
14 -61
14 -60
14 -60
14 -59
14 -59
14 -59
14 -58
14 -58
14 -58
14 -58
14 -58
14 -60
14 -60
14 -60
14 -61
14 -60
14 -60
14 -58
14 -57
14 -57
14 -56
14 -56
14 -56
14 -56
14 -56
14 -56
14 -55
14 -55
14 -55
14 -55
14 -55
14 -55
14 -55
14 -55
14 -55
14 -55
14 -55
14 -55
14 -56
14 -56
14 -56
14 -56
14 -56
14 -56
14 -55
14 -55
14 -55
14 -55
14 -55
14 -54
14 -54
14 -54
14 -54
14 -54
14 -54
14 -54
14 -54
14 -54
14 -54
14 -54
14 -54
14 -54
14 -54
14 -54
14 -54
14 -54
14 -55
14 -54
14 -55
14 -55
14 -55
14 -55
14 -55
14 -55
14 -55
14 -54
14 -55
14 -55
14 -55
14 -55
14 -55
14 -55
14 -55
14 -55
14 -56
14 -55
14 -54
14 -55
14 -55
14 -55
14 -55
14 -55
14 -54
14 -54
14 -54
14 -54
14 -54
14 -54
14 -55
14 -55
14 -55
14 -55
14 -55
14 -55
14 -55
14 -55
14 -55
14 -55
14 -55
14 -55
14 -55
14 -55
14 -55
14 -55
14 -55
14 -56
14 -56
14 -56
14 -57
14 -57
14 -58
14 -58
14 -60
14 -60
14 -60
14 -60
14 -60
14 -60
14 -60
14 -61
14 -62
14 -62
14 -62
14 -62
14 -63
14 -63
14 -63
14 -62
14 -61
14 -61
14 -61
14 -61
14 -60
14 -60
14 -61
14 -61
14 -61
14 -62
14 -62
14 -62
14 -62
14 -62
14 -62
14 -61
14 -60
14 -60
14 -60
14 -60
14 -58
14 -57
14 -57
14 -57
14 -56
14 -56
14 -56
14 -56
14 -55
14 -55
14 -54
14 -54
14 -54
14 -54
14 -54
14 -54
14 -54
14 -54
14 -54
14 -55
14 -55
14 -55
14 -55
14 -56
14 -57
14 -57
14 -57
14 -57
14 -57
14 -56
14 -56
14 -31
14 -30
14 -56
14 -55
14 -55
14 -55
14 -55
14 -55
14 -55
14 -55
14 -60
14 -55
14 -55
14 -55
14 -55
14 -55
14 -55
14 -30
14 -56
14 -56
14 -56
14 -55
14 -55
14 -56
14 -55
14 -55
14 -55
14 -55
14 -55
14 -55
14 -55
14 -55
14 -55
14 -55
14 -55
14 -55
14 -55
14 -55
14 -55
14 -55
14 -55
14 -55
14 -55
14 -55
14 -55
14 -55
14 -55
14 -55
14 -55
14 -55
14 -55
14 -55
14 -55
14 -55
14 -55
14 -55
14 -54
14 -54
14 -54
14 -54
14 -54
14 -54
14 -54
14 -54
14 -54
14 -55
14 -54
14 -54
14 -54
14 -55
14 -55
14 -55
14 -55
14 -55
14 -56
14 -55
14 -55
14 -56
14 -55
14 -55
14 -55
14 -55
14 -55
14 -55
14 -55
14 -55
14 -55
14 -56
14 -56
14 -56
14 -56
14 -56
14 -56
14 -56
14 -56
14 -56
14 -56
14 -55
14 -56
14 -56
14 -56
14 -56
14 -55
14 -55
14 -55
14 -55
14 -55
14 -56
14 -57
14 -57
14 -57
14 -58
14 -58
14 -58
14 -59
14 -60
14 -62
14 -62
14 -31
14 -63
14 -64
14 -66
14 -64
14 -60
14 -60
14 -59
14 -60
14 -61
14 -63
14 -64
14 -66
14 -67
14 -66
14 -64
14 -63
14 -63
14 -62
14 -62
14 -62
14 -62
14 -62
14 -61
14 -60
14 -70
14 -60
14 -60
14 -60
14 -60
14 -60
14 -61
14 -62
14 -60
14 -58
14 -58
14 -57
14 -57
14 -57
14 -57
14 -58
14 -58
14 -58
14 -57
14 -56
14 -56
14 -55
14 -55
14 -55
14 -55
14 -54
14 -54
14 -53
14 -58
14 -60
14 -58
14 -56
14 -56
14 -56
14 -56
14 -56
14 -56
14 -57
14 -57
14 -57
14 -57
14 -57
14 -57
14 -57
14 -56
14 -56
14 -56
14 -56
14 -55
14 -63
14 -55
14 -54
14 -54
14 -54
14 -54
14 -54
14 -54
14 -54
14 -54
14 -54
14 -54
14 -54
14 -55
14 -56
14 -56
14 -56
14 -55
14 -56
14 -56
14 -57
14 -56
14 -57
14 -57
14 -57
14 -57
14 -56
14 -56
14 -56
14 -56
14 -56
14 -55
14 -55
14 -54
14 -54
14 -54
14 -55
14 -55
14 -54
14 -54
14 -54
14 -54
14 -54
14 -55
14 -55
14 -54
14 -55
14 -55
14 -55
14 -55
14 -55
14 -55
14 -56
15 -66
15 -66
15 -68
15 -69
15 -70
15 -70
15 -70
15 -70
15 -70
15 -70
15 -68
15 -76
15 -67
15 -64
15 -64
15 -73
15 -71
15 -72
15 -72
15 -77
15 -74
15 -72
15 -70
15 -70
15 -68
15 -60
15 -64
15 -62
15 -61
15 -62
15 -63
15 -68
15 -74
15 -72
15 -66
15 -60
15 -60
15 -61
15 -61
15 -60
15 -60
15 -60
15 -60
15 -63
15 -64
15 -64
15 -64
15 -64
15 -64
15 -64
15 -64
15 -64
15 -64
15 -64
15 -64
15 -64
15 -64
15 -63
15 -63
15 -62
15 -62
15 -61
15 -60
15 -60
15 -60
15 -60
15 -60
15 -60
15 -60
15 -60
15 -60
15 -60
15 -60
15 -60
15 -60
15 -60
15 -60
15 -60
15 -60
15 -61
15 -60
15 -60
15 -59
15 -59
15 -59
15 -59
15 -58
15 -58
15 -58
15 -59
15 -58
15 -59
15 -59
15 -59
15 -59
15 -59
15 -58
15 -59
15 -59
15 -59
15 -59
15 -59
15 -60
15 -59
15 -59
15 -59
15 -59
15 -59
15 -59
15 -59
15 -59
15 -59
15 -58
15 -59
15 -58
15 -58
15 -59
15 -58
15 -59
15 -60
15 -60
15 -60
15 -60
15 -60
15 -61
15 -61
15 -61
15 -62
15 -62
15 -62
15 -61
15 -62
15 -64
15 -64
15 -63
15 -69
15 -61
15 -61
15 -62
15 -61
15 -60
15 -60
15 -60
15 -60
15 -60
15 -60
15 -60
15 -60
15 -60
15 -61
15 -61
15 -63
15 -64
15 -64
15 -64
15 -64
15 -64
15 -64
15 -64
15 -64
15 -64
15 -64
15 -64
15 -62
15 -63
15 -63
15 -62
15 -62
15 -61
15 -61
15 -61
15 -61
15 -60
15 -60
15 -60
15 -64
15 -61
15 -68
15 -60
15 -60
15 -60
15 -60
15 -60
15 -60
15 -61
15 -61
15 -61
15 -62
15 -61
15 -61
15 -62
15 -61
15 -61
15 -61
15 -61
15 -62
15 -61
15 -62
15 -62
15 -61
15 -61
15 -61
15 -61
15 -62
15 -63
15 -63
15 -60
15 -62
15 -62
15 -62
15 -30
15 -61
15 -61
15 -60
15 -60
15 -60
15 -60
15 -60
15 -60
15 -59
15 -59
15 -59
15 -58
15 -58
15 -58
15 -58
15 -58
15 -58
15 -58
15 -58
15 -58
15 -58
15 -58
15 -58
15 -58
15 -58
15 -59
15 -58
15 -58
15 -59
15 -59
15 -59
15 -58
15 -58
15 -58
15 -58
15 -58
15 -58
15 -58
15 -58
15 -58
15 -59
15 -58
15 -58
15 -59
15 -59
15 -60
15 -60
15 -60
15 -60
15 -60
15 -60
15 -60
15 -60
15 -60
15 -61
15 -61
15 -61
15 -61
15 -61
15 -60
15 -60
15 -60
15 -60
15 -60
15 -59
15 -60
15 -60
15 -60
15 -60
15 -59
15 -59
15 -58
15 -58
15 -58
15 -58
15 -59
15 -59
15 -59
15 -59
15 -58
15 -59
15 -60
15 -60
15 -60
15 -60
15 -60
15 -60
15 -60
15 -60
15 -60
15 -60
15 -59
15 -59
15 -59
15 -59
15 -59
15 -59
15 -60
15 -59
15 -60
15 -59
15 -60
15 -60
15 -60
15 -61
15 -61
15 -61
15 -61
15 -61
15 -61
15 -62
15 -62
15 -62
15 -62
15 -61
15 -61
15 -60
15 -60
15 -60
15 -61
15 -61
15 -61
15 -61
15 -61
15 -62
15 -62
15 -62
15 -63
15 -63
15 -64
15 -62
15 -63
15 -63
15 -62
15 -62
15 -61
15 -61
15 -61
15 -60
15 -60
15 -60
15 -60
15 -60
15 -60
15 -60
15 -60
15 -60
15 -60
15 -60
15 -60
15 -61
15 -60
15 -60
15 -60
15 -60
15 -60
15 -60
15 -60
15 -59
15 -59
15 -59
15 -59
15 -58
15 -59
15 -59
15 -59
15 -59
15 -60
15 -60
15 -60
15 -60
15 -60
15 -60
15 -60
15 -60
15 -59
15 -59
15 -59
15 -58
15 -58
15 -58
15 -58
15 -58
15 -58
15 -58
15 -58
15 -58
15 -58
15 -58
15 -58
15 -59
15 -59
15 -60
15 -60
15 -60
15 -61
15 -60
15 -60
15 -60
15 -60
15 -59
15 -65
15 -59
15 -60
15 -60
15 -60
15 -60
15 -60
15 -60
15 -60
15 -60
15 -60
15 -60
15 -60
15 -60
15 -60
15 -60
15 -60
15 -60
15 -61
15 -62
15 -62
15 -62
15 -62
15 -60
15 -60
15 -60
15 -60
15 -60
15 -61
15 -61
15 -61
15 -61
15 -60
15 -60
15 -59
15 -58
15 -58
15 -58
15 -58
15 -58
15 -58
15 -58
15 -58
15 -58
15 -58
15 -58
15 -58
15 -58
15 -58
15 -58
15 -58
15 -58
15 -58
15 -58
15 -58
15 -58
15 -58
15 -58
15 -65
15 -58
15 -58
15 -58
15 -58
15 -58
15 -58
15 -58
15 -58
15 -58
15 -58
15 -58
15 -58
15 -58
15 -58
15 -58
15 -58
15 -58
15 -58
15 -58
15 -58
15 -58
15 -57
15 -58
15 -58
15 -58
15 -59
15 -59
15 -59
15 -59
15 -60
15 -59
15 -59
15 -59
15 -59
15 -59
15 -59
15 -59
15 -59
15 -59
15 -59
15 -60
15 -59
16 -78
16 -75
16 -76
16 -75
16 -75
16 -75
16 -76
16 -76
16 -77
16 -76
16 -75
16 -70
16 -75
16 -74
16 -74
16 -73
16 -72
16 -70
16 -70
16 -70
16 -70
16 -68
16 -68
16 -70
16 -71
16 -71
16 -73
16 -79
16 -79
16 -76
16 -76
16 -78
16 -77
16 -77
16 -77
16 -78
16 -78
16 -78
16 -78
16 -78
16 -78
16 -79
16 -79
16 -82
16 -82
16 -82
16 -78
16 -78
16 -69
16 -77
16 -76
16 -76
16 -77
16 -77
16 -77
16 -77
16 -78
16 -78
16 -77
16 -77
16 -52
16 -79
16 -80
16 -80
16 -79
16 -78
16 -79
16 -78
16 -79
16 -78
16 -78
16 -78
16 -78
16 -77
16 -78
16 -79
16 -76
16 -75
16 -76
16 -76
16 -74
16 -76
16 -76
16 -69
16 -76
16 -76
16 -76
16 -75
16 -75
16 -76
16 -78
16 -78
16 -79
16 -79
16 -81
16 -78
16 -77
16 -76
16 -71
16 -76
16 -75
16 -75
16 -75
16 -76
16 -63
16 -75
16 -75
16 -76
16 -75
16 -75
16 -75
16 -76
16 -75
16 -76
16 -76
16 -76
16 -76
16 -76
16 -76
16 -77
16 -77
16 -76
16 -76
16 -76
16 -76
16 -76
16 -76
16 -77
16 -76
16 -77
16 -77
16 -76
16 -77
16 -78
16 -77
16 -76
16 -76
16 -76
16 -76
16 -76
16 -76
16 -76
16 -76
16 -76
16 -75
16 -75
16 -75
16 -71
16 -77
16 -77
16 -77
16 -77
16 -57
16 -77
16 -76
16 -77
16 -77
16 -60
16 -77
16 -79
16 -81
16 -81
16 -79
16 -80
16 -81
16 -80
16 -79
16 -78
16 -58
16 -78
16 -77
16 -78
16 -78
16 -77
16 -78
16 -78
16 -80
16 -80
16 -62
16 -78
16 -58
16 -78
16 -79
16 -78
16 -79
16 -78
16 -78
16 -78
16 -78
16 -78
16 -78
16 -78
16 -77
16 -77
16 -76
16 -76
16 -76
16 -76
16 -76
16 -76
16 -78
16 -78
16 -78
16 -77
16 -77
16 -78
16 -78
16 -78
16 -76
16 -76
16 -76
16 -76
16 -76
16 -76
16 -76
16 -75
16 -84
16 -77
16 -77
16 -76
16 -76
16 -55
16 -77
16 -76
16 -76
16 -76
16 -76
16 -76
16 -76
16 -76
16 -76
16 -76
16 -76
16 -76
16 -76
16 -76
16 -76
16 -76
16 -76
16 -76
16 -76
16 -76
16 -76
16 -77
16 -77
16 -77
16 -77
16 -77
16 -76
16 -71
16 -76
16 -76
16 -76
16 -76
16 -76
16 -77
16 -76
16 -76
16 -76
16 -76
16 -76
16 -75
16 -76
16 -76
16 -76
16 -76
16 -76
16 -76
16 -76
16 -76
16 -76
16 -76
16 -48
16 -76
16 -72
16 -76
16 -77
16 -77
16 -78
16 -77
16 -76
16 -76
16 -76
16 -76
16 -67
16 -78
16 -78
16 -77
16 -77
16 -78
16 -78
16 -78
16 -78
16 -76
16 -77
16 -77
16 -77
16 -76
16 -77
16 -76
16 -76
16 -77
16 -81
16 -82
16 -82
16 -79
16 -74
16 -75
16 -76
16 -75
16 -73
16 -72
16 -72
16 -73
16 -74
16 -74
16 -76
16 -76
16 -76
16 -77
16 -76
16 -76
16 -76
16 -76
16 -77
16 -76
16 -76
16 -76
16 -75
16 -74
16 -73
16 -73
16 -74
16 -74
16 -74
16 -75
16 -74
16 -75
16 -75
16 -75
16 -77
16 -76
16 -75
16 -74
16 -75
16 -76
16 -78
16 -78
16 -77
16 -73
16 -75
16 -74
16 -74
16 -72
16 -72
16 -75
16 -76
16 -76
16 -76
16 -76
16 -77
16 -74
16 -77
16 -77
16 -70
16 -71
16 -74
16 -75
16 -76
16 -76
16 -76
16 -76
16 -60
16 -74
16 -75
16 -74
16 -75
16 -76
16 -75
16 -75
16 -74
16 -73
16 -72
16 -74
16 -71
16 -74
16 -74
16 -74
16 -72
16 -74
16 -74
16 -74
16 -75
16 -76
16 -76
16 -76
16 -76
16 -79
16 -78
16 -79
16 -78
16 -78
16 -79
16 -78
16 -78
16 -78
16 -68
16 -76
16 -77
16 -77
17 -75
17 -74
17 -74
17 -75
17 -75
17 -74
17 -74
17 -70
17 -74
17 -74
17 -72
17 -72
17 -72
17 -74
17 -75
17 -72
17 -74
17 -72
17 -73
17 -76
17 -80
17 -78
17 -78
17 -78
17 -76
17 -72
17 -75
17 -75
17 -76
17 -77
17 -76
17 -76
17 -76
17 -77
17 -78
17 -78
17 -80
17 -82
17 -83
17 -82
17 -81
17 -80
17 -59
17 -70
17 -64
17 -78
17 -79
17 -79
17 -79
17 -79
17 -78
17 -78
17 -78
17 -77
17 -78
17 -78
17 -79
17 -79
17 -79
17 -79
17 -78
17 -76
17 -78
17 -78
17 -77
17 -77
17 -78
17 -77
17 -76
17 -78
17 -77
17 -78
17 -78
17 -77
17 -78
17 -79
17 -79
17 -78
17 -77
17 -78
17 -78
17 -77
17 -77
17 -77
17 -77
17 -77
17 -77
17 -78
17 -78
17 -78
17 -69
17 -78
17 -78
17 -77
17 -78
17 -80
17 -80
17 -78
17 -78
17 -77
17 -78
17 -78
17 -77
17 -78
17 -78
17 -81
17 -84
17 -83
17 -83
17 -83
17 -82
17 -81
17 -80
17 -79
17 -78
17 -79
17 -79
17 -76
17 -79
17 -79
17 -79
17 -79
17 -78
17 -60
17 -66
17 -78
17 -78
17 -78
17 -78
17 -78
17 -78
17 -60
17 -79
17 -79
17 -78
17 -80
17 -78
17 -79
17 -77
17 -79
17 -79
17 -80
17 -81
17 -80
17 -79
17 -79
17 -78
17 -79
17 -78
17 -77
17 -78
17 -76
17 -75
17 -75
17 -75
17 -75
17 -75
17 -75
17 -76
17 -75
17 -76
17 -76
17 -76
17 -76
17 -76
17 -76
17 -75
17 -76
17 -75
17 -75
17 -76
17 -76
17 -76
17 -76
17 -76
17 -76
17 -76
17 -75
17 -76
17 -75
17 -72
17 -77
17 -78
17 -77
17 -77
17 -78
17 -78
17 -78
17 -78
17 -78
17 -78
17 -78
17 -78
17 -78
17 -77
17 -78
17 -77
17 -70
17 -76
17 -69
17 -76
17 -76
17 -76
17 -76
17 -76
17 -77
17 -77
17 -76
17 -76
17 -52
17 -77
17 -78
17 -76
17 -78
17 -78
17 -78
17 -78
17 -77
17 -78
17 -77
17 -77
17 -78
17 -78
17 -79
17 -78
17 -78
17 -77
17 -77
17 -78
17 -71
17 -77
17 -77
17 -77
17 -78
17 -76
17 -77
17 -74
17 -78
17 -78
17 -78
17 -74
17 -78
17 -78
17 -78
17 -78
17 -78
17 -78
17 -78
17 -77
17 -76
17 -78
17 -78
17 -79
17 -78
17 -78
17 -79
17 -80
17 -80
17 -81
17 -81
17 -80
17 -77
17 -78
17 -77
17 -77
17 -77
17 -77
17 -68
17 -78
17 -77
17 -78
17 -78
17 -78
17 -78
17 -77
17 -73
17 -77
17 -78
17 -77
17 -78
17 -77
17 -76
17 -77
17 -77
17 -77
17 -76
17 -77
17 -76
17 -76
17 -76
17 -76
17 -77
17 -76
17 -77
17 -77
17 -70
17 -77
17 -77
17 -76
17 -77
17 -77
17 -78
17 -77
17 -76
17 -76
17 -76
17 -76
17 -76
17 -76
17 -75
17 -75
17 -75
17 -72
17 -72
17 -72
17 -70
17 -71
17 -72
17 -72
17 -60
17 -72
17 -73
17 -72
17 -72
17 -72
17 -72
17 -72
17 -72
17 -72
17 -72
17 -72
17 -73
17 -74
17 -74
17 -74
17 -74
17 -74
17 -73
17 -73
17 -73
17 -74
17 -74
17 -73
17 -73
17 -73
17 -73
17 -75
17 -75
17 -74
17 -73
17 -73
17 -73
17 -74
17 -72
17 -60
17 -72
17 -73
17 -73
17 -73
17 -73
17 -73
17 -73
17 -73
17 -73
17 -72
17 -72
17 -72
17 -72
17 -72
17 -72
17 -72
17 -72
17 -72
17 -72
17 -72
17 -71
17 -72
17 -72
17 -72
17 -72
17 -72
17 -72
17 -72
17 -72
17 -72
17 -72
17 -72
17 -72
17 -72
17 -72
17 -72
17 -72
17 -72
17 -72
17 -72
17 -72
17 -72
17 -72
17 -72
17 -72
17 -70
17 -72
17 -72
17 -72
17 -72
17 -72
17 -71
17 -72
17 -72
17 -73
17 -72
17 -72
17 -73
17 -73
17 -73
17 -73
17 -72
17 -73
17 -73
17 -72
17 -72
17 -72
17 -73
17 -73
17 -73
17 -73
17 -72
18 -64
18 -65
18 -52
18 -65
18 -65
18 -65
18 -66
18 -65
18 -65
18 -66
18 -66
18 -70
18 -67
18 -64
18 -64
18 -65
18 -65
18 -65
18 -64
18 -65
18 -66
18 -66
18 -67
18 -66
18 -69
18 -72
18 -70
18 -69
18 -71
18 -75
18 -80
18 -75
18 -67
18 -66
18 -66
18 -70
18 -70
18 -68
18 -67
18 -66
18 -66
18 -67
18 -68
18 -70
18 -72
18 -76
18 -78
18 -78
18 -78
18 -76
18 -76
18 -74
18 -73
18 -72
18 -72
18 -71
18 -71
18 -70
18 -69
18 -69
18 -68
18 -69
18 -68
18 -70
18 -70
18 -70
18 -70
18 -70
18 -69
18 -70
18 -70
18 -70
18 -70
18 -70
18 -70
18 -70
18 -70
18 -70
18 -70
18 -70
18 -70
18 -70
18 -69
18 -70
18 -70
18 -70
18 -70
18 -69
18 -69
18 -69
18 -69
18 -69
18 -67
18 -69
18 -69
18 -69
18 -69
18 -69
18 -69
18 -69
18 -69
18 -70
18 -70
18 -70
18 -70
18 -69
18 -70
18 -69
18 -70
18 -70
18 -70
18 -78
18 -70
18 -70
18 -71
18 -71
18 -70
18 -70
18 -71
18 -70
18 -80
18 -76
18 -75
18 -74
18 -73
18 -72
18 -72
18 -72
18 -72
18 -75
18 -76
18 -78
18 -86
18 -80
18 -80
18 -78
18 -78
18 -81
18 -82
18 -82
18 -80
18 -78
18 -76
18 -76
18 -76
18 -75
18 -75
18 -74
18 -76
18 -76
18 -76
18 -76
18 -77
18 -76
18 -76
18 -76
18 -75
18 -75
18 -74
18 -75
18 -74
18 -66
18 -75
18 -74
18 -66
18 -74
18 -74
18 -75
18 -78
18 -78
18 -79
18 -55
18 -80
18 -76
18 -73
18 -72
18 -72
18 -72
18 -72
18 -71
18 -71
18 -71
18 -71
18 -70
18 -70
18 -69
18 -69
18 -68
18 -68
18 -67
18 -66
18 -66
18 -66
18 -67
18 -67
18 -67
18 -66
18 -67
18 -67
18 -67
18 -68
18 -68
18 -68
18 -67
18 -67
18 -66
18 -66
18 -66
18 -66
18 -66
18 -66
18 -66
18 -66
18 -66
18 -66
18 -67
18 -68
18 -68
18 -69
18 -67
18 -72
18 -72
18 -71
18 -72
18 -75
18 -74
18 -74
18 -74
18 -76
18 -76
18 -74
18 -72
18 -72
18 -72
18 -72
18 -72
18 -72
18 -72
18 -72
18 -71
18 -70
18 -70
18 -70
18 -70
18 -70
18 -71
18 -71
18 -71
18 -72
18 -72
18 -72
18 -72
18 -72
18 -73
18 -74
18 -72
18 -73
18 -71
18 -72
18 -72
18 -73
18 -72
18 -72
18 -70
18 -70
18 -70
18 -70
18 -70
18 -71
18 -70
18 -72
18 -72
18 -72
18 -72
18 -72
18 -73
18 -75
18 -74
18 -73
18 -73
18 -73
18 -72
18 -73
18 -72
18 -73
18 -73
18 -74
18 -75
18 -76
18 -73
18 -75
18 -75
18 -75
18 -75
18 -75
18 -74
18 -73
18 -72
18 -71
18 -70
18 -69
18 -69
18 -69
18 -69
18 -69
18 -70
18 -65
18 -70
18 -70
18 -70
18 -70
18 -70
18 -70
18 -70
18 -70
18 -70
18 -70
18 -70
18 -59
18 -69
18 -69
18 -69
18 -69
18 -69
18 -68
18 -68
18 -68
18 -68
18 -69
18 -69
18 -69
18 -69
18 -70
18 -70
18 -70
18 -70
18 -70
18 -70
18 -70
18 -68
18 -68
18 -68
18 -66
18 -66
18 -66
18 -65
18 -66
18 -66
18 -66
18 -66
18 -66
18 -66
18 -66
18 -66
18 -65
18 -65
18 -65
18 -64
18 -64
18 -64
18 -64
18 -63
18 -63
18 -64
18 -64
18 -64
18 -64
18 -64
18 -64
18 -65
18 -65
18 -65
18 -64
18 -65
18 -65
18 -65
18 -65
18 -65
18 -40
18 -65
18 -65
18 -64
18 -64
18 -65
18 -30
18 -68
18 -68
18 -68
18 -69
18 -67
18 -68
18 -69
18 -69
18 -70
18 -71
18 -70
18 -70
18 -71
18 -69
18 -66
18 -67
18 -65
18 -64
18 -64
18 -64
18 -64
18 -64
18 -64
18 -64
18 -64
18 -64
18 -64
18 -64
18 -64
18 -64
18 -64
18 -65
18 -65
18 -65
18 -66
18 -65
18 -65
18 -65
18 -65
18 -65
18 -65
18 -65
18 -65
18 -64
18 -64
18 -64
18 -64
18 -64
18 -64
18 -64
18 -64
18 -65
18 -64
18 -64
18 -64
18 -64
18 -64
18 -64
18 -64
18 -64
18 -64
18 -65
18 -65
18 -64
18 -64
18 -64
18 -65
18 -65
18 -66
18 -66
18 -65
18 -64
18 -65
18 -65
18 -65
18 -65
18 -64
18 -64
18 -64
18 -64
18 -64
18 -64
19 -65
19 -65
19 -66
19 -65
19 -65
19 -65
19 -66
19 -65
19 -65
19 -65
19 -64
19 -63
19 -61
19 -58
19 -61
19 -60
19 -60
19 -62
19 -62
19 -61
19 -61
19 -61
19 -61
19 -61
19 -60
19 -60
19 -60
19 -60
19 -60
19 -60
19 -63
19 -60
19 -60
19 -60
19 -60
19 -61
19 -64
19 -62
19 -62
19 -64
19 -68
19 -68
19 -68
19 -68
19 -69
19 -67
19 -65
19 -65
19 -64
19 -64
19 -64
19 -64
19 -65
19 -65
19 -65
19 -65
19 -65
19 -65
19 -65
19 -66
19 -66
19 -65
19 -65
19 -65
19 -64
19 -64
19 -63
19 -64
19 -64
19 -64
19 -64
19 -64
19 -64
19 -64
19 -64
19 -64
19 -64
19 -64
19 -64
19 -64
19 -64
19 -64
19 -64
19 -64
19 -63
19 -63
19 -63
19 -64
19 -64
19 -64
19 -64
19 -64
19 -64
19 -64
19 -64
19 -64
19 -64
19 -64
19 -64
19 -64
19 -64
19 -64
19 -64
19 -64
19 -64
19 -64
19 -64
19 -64
19 -64
19 -64
19 -64
19 -64
19 -64
19 -64
19 -64
19 -64
19 -64
19 -64
19 -64
19 -64
19 -64
19 -64
19 -64
19 -64
19 -64
19 -64
19 -64
19 -65
19 -73
19 -76
19 -76
19 -75
19 -76
19 -76
19 -78
19 -76
19 -75
19 -74
19 -73
19 -72
19 -71
19 -71
19 -70
19 -69
19 -68
19 -66
19 -65
19 -65
19 -64
19 -64
19 -64
19 -64
19 -64
19 -64
19 -64
19 -64
19 -64
19 -65
19 -66
19 -66
19 -66
19 -66
19 -67
19 -67
19 -67
19 -67
19 -67
19 -67
19 -68
19 -66
19 -67
19 -66
19 -67
19 -67
19 -67
19 -67
19 -67
19 -68
19 -68
19 -66
19 -67
19 -67
19 -67
19 -67
19 -67
19 -67
19 -66
19 -66
19 -66
19 -67
19 -67
19 -66
19 -66
19 -65
19 -65
19 -65
19 -65
19 -65
19 -65
19 -65
19 -66
19 -66
19 -66
19 -66
19 -66
19 -66
19 -66
19 -66
19 -66
19 -66
19 -66
19 -66
19 -67
19 -68
19 -69
19 -69
19 -70
19 -70
19 -70
19 -70
19 -69
19 -70
19 -70
19 -69
19 -70
19 -70
19 -70
19 -60
19 -69
19 -69
19 -69
19 -69
19 -69
19 -69
19 -69
19 -70
19 -70
19 -70
19 -69
19 -67
19 -64
19 -69
19 -70
19 -70
19 -69
19 -68
19 -68
19 -67
19 -67
19 -67
19 -62
19 -66
19 -66
19 -66
19 -66
19 -66
19 -64
19 -64
19 -64
19 -65
19 -65
19 -66
19 -66
19 -66
19 -66
19 -66
19 -66
19 -66
19 -66
19 -67
19 -68
19 -68
19 -68
19 -68
19 -68
19 -68
19 -67
19 -57
19 -66
19 -66
19 -66
19 -66
19 -66
19 -66
19 -75
19 -67
19 -67
19 -67
19 -67
19 -67
19 -67
19 -67
19 -68
19 -68
19 -68
19 -67
19 -67
19 -67
19 -68
19 -67
19 -66
19 -66
19 -66
19 -66
19 -66
19 -66
19 -66
19 -66
19 -66
19 -66
19 -66
19 -66
19 -66
19 -66
19 -66
19 -66
19 -66
19 -66
19 -66
19 -66
19 -66
19 -66
19 -66
19 -66
19 -66
19 -66
19 -66
19 -65
19 -66
19 -66
19 -66
19 -67
19 -67
19 -67
19 -67
19 -67
19 -67
19 -68
19 -67
19 -67
19 -67
19 -67
19 -67
19 -67
19 -30
19 -67
19 -68
19 -68
19 -76
19 -68
19 -69
19 -69
19 -68
19 -69
19 -69
19 -68
19 -68
19 -68
19 -68
19 -68
19 -68
19 -68
19 -67
19 -67
19 -67
19 -67
19 -68
19 -68
19 -68
19 -68
19 -68
19 -69
19 -68
19 -68
19 -69
19 -69
19 -69
19 -70
19 -70
19 -70
19 -70
19 -70
19 -71
19 -70
19 -70
19 -69
19 -67
19 -66
19 -66
19 -65
19 -66
19 -67
19 -68
19 -60
19 -71
19 -72
19 -72
19 -69
19 -69
19 -68
19 -68
19 -68
19 -68
19 -68
19 -67
19 -67
19 -67
19 -66
19 -64
19 -64
19 -64
19 -64
19 -64
19 -64
19 -64
19 -65
19 -66
19 -66
19 -66
19 -64
19 -64
19 -65
19 -66
19 -66
19 -66
19 -67
19 -66
19 -67
19 -66
19 -66
19 -66
19 -64
19 -65
19 -68
19 -72
19 -73
19 -78
19 -76
19 -76
19 -77
19 -76
19 -76
19 -75
19 -73
19 -72
19 -71
19 -72
19 -72
19 -72
19 -70
19 -70
19 -70
19 -70
19 -70
19 -70
19 -70
19 -70
19 -70
19 -70
19 -70
19 -70
19 -70
19 -70
19 -72
19 -72
19 -68
19 -72
19 -72
19 -72
19 -72
19 -72
19 -71
19 -71
19 -71
19 -70
19 -71
19 -70
19 -70
19 -70
19 -70
19 -69
19 -68
19 -67
19 -67
19 -67
19 -63
19 -68
19 -67
19 -67
19 -68
19 -68
19 -68
19 -67
19 -67
19 -68
19 -68
19 -68
20 -58
20 -58
20 -58
20 -58
20 -58
20 -58
20 -58
20 -58
20 -58
20 -58
20 -58
20 -58
20 -58
20 -59
20 -59
20 -59
20 -59
20 -59
20 -59
20 -60
20 -60
20 -61
20 -61
20 -60
20 -62
20 -63
20 -63
20 -61
20 -60
20 -60
20 -59
20 -58
20 -59
20 -59
20 -58
20 -58
20 -66
20 -58
20 -58
20 -58
20 -58
20 -58
20 -58
20 -60
20 -60
20 -60
20 -60
20 -60
20 -60
20 -60
20 -60
20 -60
20 -60
20 -59
20 -59
20 -59
20 -58
20 -58
20 -58
20 -58
20 -58
20 -58
20 -58
20 -58
20 -58
20 -58
20 -58
20 -58
20 -58
20 -58
20 -58
20 -58
20 -58
20 -58
20 -58
20 -58
20 -58
20 -58
20 -58
20 -58
20 -58
20 -58
20 -58
20 -58
20 -58
20 -58
20 -58
20 -58
20 -58
20 -58
20 -58
20 -58
20 -58
20 -58
20 -58
20 -58
20 -58
20 -58
20 -58
20 -58
20 -58
20 -58
20 -58
20 -58
20 -58
20 -58
20 -58
20 -58
20 -58
20 -58
20 -58
20 -58
20 -58
20 -58
20 -58
20 -58
20 -58
20 -58
20 -58
20 -59
20 -58
20 -58
20 -59
20 -58
20 -59
20 -59
20 -59
20 -59
20 -59
20 -59
20 -60
20 -60
20 -60
20 -60
20 -60
20 -60
20 -60
20 -60
20 -60
20 -60
20 -59
20 -59
20 -59
20 -59
20 -59
20 -60
20 -60
20 -60
20 -60
20 -61
20 -61
20 -62
20 -63
20 -63
20 -62
20 -62
20 -62
20 -62
20 -62
20 -62
20 -61
20 -61
20 -61
20 -60
20 -60
20 -68
20 -60
20 -60
20 -60
20 -60
20 -58
20 -60
20 -53
20 -60
20 -60
20 -60
20 -60
20 -60
20 -60
20 -60
20 -60
20 -60
20 -60
20 -60
20 -60
20 -60
20 -60
20 -60
20 -60
20 -61
20 -61
20 -61
20 -62
20 -63
20 -63
20 -63
20 -62
20 -61
20 -61
20 -60
20 -61
20 -60
20 -60
20 -60
20 -60
20 -60
20 -60
20 -55
20 -60
20 -60
20 -60
20 -59
20 -59
20 -59
20 -59
20 -58
20 -59
20 -59
20 -59
20 -58
20 -59
20 -58
20 -58
20 -58
20 -58
20 -59
20 -59
20 -59
20 -59
20 -59
20 -59
20 -59
20 -59
20 -59
20 -59
20 -58
20 -59
20 -59
20 -59
20 -59
20 -58
20 -59
20 -58
20 -59
20 -59
20 -58
20 -58
20 -58
20 -59
20 -59
20 -64
20 -59
20 -59
20 -59
20 -60
20 -60
20 -60
20 -60
20 -60
20 -60
20 -60
20 -60
20 -60
20 -60
20 -60
20 -60
20 -60
20 -60
20 -59
20 -60
20 -58
20 -59
20 -59
20 -59
20 -59
20 -59
20 -59
20 -59
20 -59
20 -60
20 -60
20 -59
20 -60
20 -60
20 -60
20 -60
20 -60
20 -60
20 -60
20 -60
20 -60
20 -60
20 -59
20 -60
20 -60
20 -60
20 -60
20 -60
20 -60
20 -60
20 -59
20 -60
20 -60
20 -60
20 -60
20 -60
20 -60
20 -60
20 -60
20 -60
20 -60
20 -60
20 -60
20 -60
20 -60
20 -60
20 -60
20 -60
20 -60
20 -60
20 -60
20 -60
20 -60
20 -60
20 -60
20 -60
20 -60
20 -60
20 -60
20 -60
20 -69
20 -60
20 -61
20 -61
20 -61
20 -62
20 -61
20 -61
20 -61
20 -61
20 -61
20 -61
20 -61
20 -60
20 -60
20 -60
20 -60
20 -60
20 -60
20 -60
20 -60
20 -60
20 -60
20 -60
20 -60
20 -60
20 -60
20 -60
20 -60
20 -60
20 -60
20 -60
20 -60
20 -59
20 -59
20 -59
20 -59
20 -59
20 -59
20 -59
20 -59
20 -59
20 -60
20 -59
20 -59
20 -59
20 -60
20 -60
20 -60
20 -60
20 -60
20 -60
20 -60
20 -60
20 -59
20 -59
20 -59
20 -58
20 -58
20 -58
20 -58
20 -58
20 -58
20 -58
20 -59
20 -60
20 -60
20 -60
20 -60
20 -60
20 -60
20 -60
20 -61
20 -61
20 -62
20 -62
20 -62
20 -61
20 -60
20 -60
20 -60
20 -60
20 -60
20 -60
20 -60
20 -60
20 -60
20 -60
20 -60
20 -60
20 -60
20 -59
20 -59
20 -59
20 -60
20 -60
20 -60
20 -60
20 -60
20 -60
20 -60
20 -60
20 -60
20 -60
20 -60
20 -60
20 -60
20 -60
20 -60
20 -61
20 -60
20 -60
20 -60
20 -61
20 -61
20 -61
20 -61
20 -61
20 -61
20 -61
20 -60
20 -60
20 -60
20 -60
20 -59
20 -58
20 -58
20 -66
20 -58
20 -59
20 -58
20 -59
20 -59
20 -59
20 -58
20 -58
20 -59
20 -59
20 -59
20 -59
20 -59
20 -59
20 -59
20 -59
20 -59
20 -59
20 -59
20 -59
20 -60
20 -60
20 -60
20 -60
20 -60
20 -60
20 -60
20 -60
20 -60
20 -60
20 -59
20 -60
20 -59
20 -59
20 -59
20 -59
20 -59
20 -59
20 -59
20 -59
20 -59
20 -59
20 -59
20 -59
20 -59
20 -59
20 -59
20 -59
20 -59
20 -60
20 -64
20 -60
20 -60
20 -60
20 -60
20 -60
20 -60
20 -60
20 -60
20 -60
20 -60
20 -60
20 -60
20 -60
20 -60
20 -60
20 -60
20 -60
20 -59
21 -74
21 -74
21 -69
21 -76
21 -77
21 -68
21 -39
21 -67
21 -73
21 -69
21 -73
21 -72
21 -72
21 -72
21 -73
21 -76
21 -74
21 -85
21 -74
21 -76
21 -73
21 -72
21 -70
21 -67
21 -66
21 -65
21 -66
21 -66
21 -67
21 -66
21 -67
21 -65
21 -64
21 -65
21 -65
21 -65
21 -65
21 -65
21 -66
21 -65
21 -65
21 -65
21 -65
21 -65
21 -65
21 -30
21 -66
21 -65
21 -66
21 -66
21 -66
21 -66
21 -66
21 -66
21 -65
21 -65
21 -65
21 -65
21 -64
21 -65
21 -64
21 -66
21 -65
21 -66
21 -66
21 -66
21 -66
21 -67
21 -67
21 -66
21 -66
21 -66
21 -66
21 -66
21 -66
21 -65
21 -65
21 -66
21 -66
21 -67
21 -66
21 -67
21 -66
21 -66
21 -66
21 -66
21 -65
21 -64
21 -64
21 -64
21 -64
21 -64
21 -65
21 -64
21 -64
21 -64
21 -65
21 -65
21 -64
21 -65
21 -64
21 -65
21 -65
21 -65
21 -65
21 -65
21 -65
21 -65
21 -65
21 -65
21 -66
21 -66
21 -66
21 -66
21 -65
21 -66
21 -66
21 -66
21 -66
21 -66
21 -66
21 -66
21 -66
21 -67
21 -68
21 -62
21 -68
21 -68
21 -68
21 -68
21 -68
21 -68
21 -68
21 -68
21 -67
21 -68
21 -67
21 -65
21 -67
21 -67
21 -67
21 -67
21 -67
21 -67
21 -67
21 -67
21 -67
21 -67
21 -67
21 -67
21 -67
21 -67
21 -67
21 -67
21 -67
21 -67
21 -67
21 -68
21 -67
21 -67
21 -66
21 -67
21 -66
21 -66
21 -66
21 -66
21 -66
21 -66
21 -66
21 -66
21 -67
21 -69
21 -70
21 -67
21 -67
21 -67
21 -66
21 -66
21 -67
21 -66
21 -67
21 -67
21 -67
21 -64
21 -67
21 -67
21 -67
21 -67
21 -67
21 -67
21 -67
21 -66
21 -67
21 -67
21 -67
21 -67
21 -67
21 -67
21 -67
21 -68
21 -68
21 -69
21 -69
21 -69
21 -70
21 -70
21 -69
21 -69
21 -69
21 -68
21 -68
21 -67
21 -67
21 -67
21 -66
21 -67
21 -66
21 -66
21 -66
21 -67
21 -67
21 -67
21 -67
21 -59
21 -68
21 -67
21 -67
21 -67
21 -66
21 -67
21 -68
21 -67
21 -67
21 -67
21 -66
21 -66
21 -66
21 -66
21 -66
21 -66
21 -66
21 -66
21 -66
21 -66
21 -66
21 -66
21 -66
21 -66
21 -59
21 -66
21 -60
21 -66
21 -67
21 -67
21 -67
21 -66
21 -67
21 -66
21 -66
21 -66
21 -66
21 -66
21 -66
21 -66
21 -66
21 -66
21 -66
21 -66
21 -66
21 -66
21 -66
21 -66
21 -66
21 -66
21 -66
21 -66
21 -67
21 -67
21 -67
21 -67
21 -67
21 -67
21 -66
21 -66
21 -60
21 -66
21 -66
21 -67
21 -66
21 -66
21 -67
21 -67
21 -66
21 -67
21 -67
21 -67
21 -67
21 -68
21 -68
21 -67
21 -68
21 -67
21 -67
21 -67
21 -67
21 -67
21 -66
21 -67
21 -66
21 -66
21 -66
21 -66
21 -66
21 -67
21 -66
21 -66
21 -67
21 -67
21 -66
21 -67
21 -66
21 -66
21 -66
21 -66
21 -66
21 -66
21 -65
21 -66
21 -66
21 -66
21 -66
21 -66
21 -66
21 -66
21 -66
21 -66
21 -66
21 -66
21 -66
21 -66
21 -66
21 -66
21 -66
21 -67
21 -66
21 -67
21 -66
21 -67
21 -67
21 -66
21 -66
21 -66
21 -66
21 -66
21 -66
21 -66
21 -67
21 -67
21 -67
21 -67
21 -68
21 -69
21 -69
21 -67
21 -58
21 -66
21 -66
21 -66
21 -68
21 -67
21 -68
21 -69
21 -69
21 -69
21 -69
21 -68
21 -68
21 -69
21 -69
21 -68
21 -67
21 -66
21 -66
21 -66
21 -66
21 -65
21 -65
21 -64
21 -70
21 -59
21 -66
21 -66
21 -66
21 -66
21 -67
21 -67
21 -67
21 -66
21 -66
21 -68
21 -69
21 -70
21 -70
21 -71
21 -71
21 -72
21 -71
21 -72
21 -71
21 -71
21 -70
21 -69
21 -68
21 -68
21 -68
21 -69
21 -70
21 -70
21 -70
21 -71
21 -72
21 -72
21 -72
21 -74
21 -73
21 -74
21 -74
21 -74
21 -73
21 -72
21 -72
21 -71
21 -71
21 -70
21 -71
21 -70
21 -70
21 -70
21 -70
21 -70
21 -70
21 -70
21 -70
21 -70
21 -70
21 -71
21 -71
21 -70
21 -67
21 -71
21 -71
21 -72
21 -72
21 -79
21 -71
21 -72
21 -72
21 -72
21 -72
21 -72
21 -71
21 -71
21 -70
21 -71
21 -72
21 -70
21 -71
21 -70
21 -70
21 -71
21 -70
21 -70
21 -70
21 -70
21 -70
21 -70
21 -70
22 -78
22 -78
22 -76
22 -75
22 -75
22 -75
22 -72
22 -76
22 -78
22 -73
22 -72
22 -72
22 -72
22 -72
22 -71
22 -72
22 -71
22 -70
22 -70
22 -67
22 -70
22 -70
22 -72
22 -70
22 -72
22 -72
22 -70
22 -70
22 -71
22 -71
22 -72
22 -79
22 -75
22 -75
22 -74
22 -76
22 -77
22 -76
22 -78
22 -76
22 -75
22 -75
22 -75
22 -75
22 -75
22 -75
22 -75
22 -75
22 -75
22 -75
22 -76
22 -76
22 -76
22 -76
22 -76
22 -76
22 -76
22 -76
22 -61
22 -76
22 -75
22 -75
22 -75
22 -75
22 -76
22 -75
22 -75
22 -76
22 -76
22 -76
22 -76
22 -76
22 -76
22 -76
22 -75
22 -75
22 -75
22 -75
22 -74
22 -76
22 -76
22 -76
22 -77
22 -78
22 -76
22 -76
22 -76
22 -75
22 -76
22 -76
22 -76
22 -70
22 -76
22 -76
22 -76
22 -77
22 -77
22 -77
22 -77
22 -76
22 -79
22 -76
22 -75
22 -78
22 -77
22 -76
22 -86
22 -79
22 -78
22 -78
22 -77
22 -76
22 -76
22 -75
22 -75
22 -74
22 -73
22 -73
22 -72
22 -72
22 -73
22 -72
22 -74
22 -74
22 -74
22 -74
22 -74
22 -74
22 -75
22 -75
22 -76
22 -76
22 -76
22 -76
22 -76
22 -76
22 -76
22 -76
22 -76
22 -75
22 -67
22 -76
22 -75
22 -76
22 -76
22 -76
22 -60
22 -76
22 -76
22 -66
22 -76
22 -76
22 -76
22 -76
22 -76
22 -76
22 -74
22 -75
22 -74
22 -74
22 -72
22 -72
22 -72
22 -72
22 -72
22 -73
22 -73
22 -73
22 -74
22 -74
22 -74
22 -74
22 -74
22 -74
22 -74
22 -75
22 -75
22 -76
22 -76
22 -78
22 -78
22 -81
22 -83
22 -83
22 -79
22 -85
22 -84
22 -84
22 -83
22 -83
22 -81
22 -82
22 -59
22 -86
22 -86
22 -84
22 -76
22 -82
22 -83
22 -58
22 -83
22 -82
22 -76
22 -76
22 -76
22 -76
22 -76
22 -77
22 -78
22 -71
22 -78
22 -78
22 -79
22 -80
22 -81
22 -81
22 -80
22 -79
22 -78
22 -74
22 -76
22 -76
22 -77
22 -77
22 -76
22 -77
22 -78
22 -77
22 -77
22 -77
22 -77
22 -78
22 -76
22 -77
22 -76
22 -76
22 -76
22 -76
22 -76
22 -76
22 -76
22 -76
22 -76
22 -76
22 -76
22 -76
22 -76
22 -77
22 -76
22 -76
22 -77
22 -78
22 -78
22 -77
22 -77
22 -78
22 -78
22 -77
22 -77
22 -78
22 -76
22 -76
22 -77
22 -76
22 -76
22 -76
22 -75
22 -75
22 -74
22 -74
22 -74
22 -74
22 -74
22 -74
22 -74
22 -75
22 -75
22 -75
22 -76
22 -76
22 -76
22 -75
22 -74
22 -74
22 -74
22 -74
22 -74
22 -74
22 -74
22 -75
22 -76
22 -76
22 -77
22 -77
22 -77
22 -76
22 -77
22 -77
22 -75
22 -77
22 -77
22 -76
22 -76
22 -76
22 -75
22 -75
22 -76
22 -75
22 -76
22 -76
22 -76
22 -76
22 -78
22 -78
22 -76
22 -84
22 -78
22 -76
22 -76
22 -76
22 -76
22 -73
22 -72
22 -73
22 -72
22 -76
22 -77
22 -78
22 -76
22 -81
22 -84
22 -84
22 -84
22 -85
22 -83
22 -82
22 -81
22 -75
22 -77
22 -78
22 -76
22 -75
22 -75
22 -74
22 -74
22 -73
22 -75
22 -75
22 -72
22 -66
22 -73
22 -76
22 -79
22 -76
22 -72
22 -74
22 -72
22 -75
22 -76
22 -76
22 -76
22 -76
22 -76
22 -76
22 -76
22 -76
22 -75
22 -75
22 -75
22 -74
22 -74
22 -73
22 -72
22 -72
22 -72
22 -72
22 -72
22 -65
22 -72
22 -72
22 -72
22 -73
22 -69
22 -74
22 -74
22 -74
22 -75
22 -64
22 -75
22 -75
22 -74
22 -75
22 -75
22 -75
22 -76
22 -72
22 -73
22 -75
22 -82
22 -74
22 -75
22 -74
22 -73
22 -71
22 -73
22 -73
22 -74
22 -74
22 -74
22 -74
22 -75
22 -75
22 -64
22 -75
22 -75
22 -75
23 -73
23 -73
23 -75
23 -75
23 -75
23 -75
23 -75
23 -74
23 -76
23 -79
23 -80
23 -79
23 -79
23 -73
23 -83
23 -79
23 -76
23 -76
23 -74
23 -76
23 -76
23 -76
23 -75
23 -75
23 -75
23 -75
23 -76
23 -76
23 -74
23 -76
23 -76
23 -76
23 -76
23 -76
23 -76
23 -76
23 -76
23 -76
23 -76
23 -76
23 -75
23 -76
23 -75
23 -75
23 -75
23 -75
23 -64
23 -75
23 -74
23 -75
23 -75
23 -74
23 -75
23 -75
23 -75
23 -74
23 -75
23 -75
23 -75
23 -75
23 -75
23 -75
23 -75
23 -75
23 -74
23 -75
23 -75
23 -75
23 -72
23 -75
23 -74
23 -74
23 -74
23 -75
23 -75
23 -75
23 -75
23 -75
23 -75
23 -75
23 -75
23 -75
23 -74
23 -75
23 -75
23 -75
23 -76
23 -76
23 -75
23 -76
23 -76
23 -76
23 -74
23 -76
23 -75
23 -76
23 -76
23 -76
23 -76
23 -76
23 -76
23 -75
23 -75
23 -75
23 -75
23 -75
23 -72
23 -75
23 -76
23 -75
23 -76
23 -76
23 -76
23 -76
23 -76
23 -76
23 -76
23 -76
23 -76
23 -76
23 -73
23 -76
23 -75
23 -75
23 -75
23 -75
23 -75
23 -75
23 -75
23 -75
23 -75
23 -75
23 -75
23 -76
23 -76
23 -75
23 -75
23 -66
23 -75
23 -75
23 -75
23 -75
23 -75
23 -75
23 -75
23 -76
23 -75
23 -75
23 -76
23 -76
23 -76
23 -73
23 -75
23 -75
23 -75
23 -76
23 -76
23 -76
23 -76
23 -76
23 -75
23 -75
23 -74
23 -74
23 -75
23 -75
23 -75
23 -75
23 -74
23 -75
23 -75
23 -75
23 -74
23 -74
23 -74
23 -74
23 -74
23 -74
23 -73
23 -73
23 -74
23 -73
23 -73
23 -74
23 -75
23 -53
23 -75
23 -75
23 -74
23 -74
23 -74
23 -74
23 -74
23 -74
23 -74
23 -74
23 -74
23 -74
23 -74
23 -74
23 -75
23 -74
23 -75
23 -75
23 -75
23 -75
23 -75
23 -75
23 -74
23 -75
23 -75
23 -75
23 -75
23 -75
23 -75
23 -75
23 -74
23 -74
23 -74
23 -75
23 -75
23 -75
23 -74
23 -74
23 -74
23 -74
23 -74
23 -74
23 -74
23 -74
23 -74
23 -74
23 -74
23 -74
23 -75
23 -75
23 -75
23 -75
23 -75
23 -75
23 -75
23 -75
23 -74
23 -74
23 -74
23 -74
23 -74
23 -74
23 -69
23 -74
23 -74
23 -74
23 -74
23 -75
23 -74
23 -74
23 -73
23 -74
23 -74
23 -74
23 -75
23 -75
23 -75
23 -75
23 -75
23 -75
23 -75
23 -74
23 -75
23 -74
23 -75
23 -74
23 -75
23 -74
23 -75
23 -75
23 -75
23 -75
23 -75
23 -75
23 -75
23 -75
23 -75
23 -74
23 -75
23 -74
23 -74
23 -74
23 -74
23 -74
23 -74
23 -74
23 -74
23 -74
23 -74
23 -74
23 -75
23 -74
23 -75
23 -74
23 -74
23 -75
23 -75
23 -73
23 -74
23 -74
23 -74
23 -74
23 -74
23 -74
23 -74
23 -30
23 -74
23 -73
23 -74
23 -74
23 -73
23 -74
23 -75
23 -75
23 -74
23 -71
23 -74
23 -74
23 -72
23 -74
23 -75
23 -74
23 -73
23 -75
23 -74
23 -74
23 -75
23 -76
23 -76
23 -76
23 -76
23 -77
23 -78
23 -78
23 -77
23 -77
23 -77
23 -78
23 -78
23 -77
23 -76
23 -77
23 -76
23 -77
23 -76
23 -73
23 -76
23 -78
23 -78
23 -77
23 -78
23 -77
23 -77
23 -76
23 -77
23 -78
23 -77
23 -76
23 -76
23 -76
23 -76
23 -76
23 -76
23 -77
23 -78
23 -78
23 -78
23 -77
23 -78
23 -78
23 -76
23 -75
23 -76
23 -74
23 -72
23 -72
23 -70
23 -71
23 -62
23 -71
23 -72
23 -72
23 -71
23 -71
23 -71
23 -72
23 -72
23 -72
23 -72
23 -72
23 -71
23 -72
23 -72
23 -72
23 -72
23 -58
23 -58
23 -58
23 -58
23 -72
23 -72
23 -72
23 -72
23 -72
23 -72
23 -70
23 -72
23 -72
23 -71
23 -71
23 -71
23 -71
23 -71
23 -71
23 -71
23 -72
23 -72
23 -72
23 -72
23 -72
23 -72
23 -72
23 -72
23 -72
23 -72
23 -72
23 -72
23 -72
23 -72
23 -72
23 -72
23 -71
23 -71
23 -71
23 -71
24 -78
24 -78
24 -79
24 -80
24 -79
24 -79
24 -77
24 -76
24 -79
24 -76
24 -79
24 -78
24 -78
24 -77
24 -75
24 -74
24 -73
24 -74
24 -75
24 -74
24 -75
24 -76
24 -78
24 -78
24 -76
24 -76
24 -78
24 -82
24 -78
24 -78
24 -79
24 -79
24 -82
24 -81
24 -84
24 -79
24 -86
24 -83
24 -83
24 -68
24 -82
24 -81
24 -82
24 -81
24 -81
24 -81
24 -82
24 -78
24 -83
24 -79
24 -83
24 -83
24 -83
24 -82
24 -81
24 -80
24 -80
24 -80
24 -80
24 -79
24 -77
24 -78
24 -79
24 -80
24 -81
24 -80
24 -79
24 -80
24 -30
24 -80
24 -80
24 -77
24 -81
24 -80
24 -72
24 -80
24 -82
24 -81
24 -79
24 -80
24 -82
24 -83
24 -84
24 -84
24 -84
24 -82
24 -83
24 -82
24 -83
24 -72
24 -83
24 -82
24 -83
24 -83
24 -75
24 -83
24 -83
24 -71
24 -86
24 -86
24 -84
24 -84
24 -84
24 -84
24 -83
24 -83
24 -82
24 -81
24 -81
24 -80
24 -82
24 -80
24 -74
24 -80
24 -79
24 -81
24 -82
24 -81
24 -80
24 -79
24 -79
24 -79
24 -80
24 -80
24 -80
24 -80
24 -81
24 -82
24 -83
24 -84
24 -84
24 -82
24 -83
24 -71
24 -83
24 -82
24 -83
24 -81
24 -82
24 -78
24 -77
24 -83
24 -84
24 -83
24 -83
24 -82
24 -82
24 -83
24 -82
24 -79
24 -82
24 -68
24 -66
24 -72
24 -83
24 -82
24 -83
24 -83
24 -79
24 -82
24 -83
24 -82
24 -81
24 -83
24 -83
24 -83
24 -83
24 -83
24 -81
24 -80
24 -81
24 -81
24 -78
24 -80
24 -81
24 -82
24 -82
24 -78
24 -81
24 -78
24 -81
24 -79
24 -80
24 -80
24 -81
24 -81
24 -74
24 -81
24 -81
24 -55
24 -81
24 -82
24 -81
24 -81
24 -80
24 -81
24 -79
24 -77
24 -76
24 -76
24 -76
24 -76
24 -77
24 -77
24 -30
24 -76
24 -75
24 -77
24 -75
24 -77
24 -60
24 -81
24 -81
24 -81
24 -82
24 -81
24 -81
24 -81
24 -81
24 -81
24 -84
24 -82
24 -83
24 -83
24 -81
24 -79
24 -77
24 -77
24 -78
24 -78
24 -79
24 -78
24 -82
24 -78
24 -79
24 -76
24 -76
24 -76
24 -76
24 -76
24 -76
24 -76
24 -76
24 -76
24 -76
24 -76
24 -76
24 -76
24 -76
24 -76
24 -75
24 -76
24 -75
24 -75
24 -75
24 -75
24 -76
24 -72
24 -75
24 -75
24 -73
24 -75
24 -75
24 -70
24 -75
24 -75
24 -75
24 -74
24 -74
24 -75
24 -75
24 -75
24 -75
24 -76
24 -76
24 -76
24 -76
24 -76
24 -76
24 -76
24 -76
24 -76
24 -76
24 -75
24 -75
24 -76
24 -76
24 -76
24 -76
24 -76
24 -75
24 -76
24 -76
24 -76
24 -76
24 -76
24 -76
25 -84
25 -83
25 -83
25 -83
25 -84
25 -83
25 -81
25 -72
25 -82
25 -83
25 -83
25 -84
25 -83
25 -83
25 -84
25 -84
25 -84
25 -83
25 -84
25 -82
25 -84
25 -84
25 -84
25 -85
25 -84
25 -83
25 -82
25 -83
25 -82
25 -55
25 -83
25 -83
25 -83
25 -83
25 -83
25 -84
25 -83
25 -84
25 -84
25 -85
25 -83
25 -84
25 -77
25 -83
25 -84
25 -83
25 -83
25 -84
25 -84
25 -83
25 -83
25 -84
25 -82
25 -36
25 -83
25 -83
25 -83
25 -83
25 -83
25 -82
25 -79
25 -83
25 -84
25 -83
25 -83
25 -83
25 -84
25 -81
25 -84
25 -84
25 -84
25 -85
25 -84
25 -84
25 -84
25 -83
25 -84
25 -84
25 -83
25 -84
25 -83
25 -84
25 -78
25 -84
25 -84
25 -83
25 -84
25 -84
25 -84
25 -84
25 -84
25 -84
25 -83
25 -83
25 -83
25 -84
25 -84
25 -83
25 -84
25 -73
25 -83
25 -83
25 -84
25 -84
25 -84
25 -82
25 -82
25 -66
25 -82
25 -82
25 -78
25 -82
25 -81
25 -64
25 -79
25 -79
25 -80
25 -80
25 -80
25 -81
25 -77
25 -84
25 -83
25 -75
25 -83
25 -83
25 -82
25 -83
25 -83
25 -83
25 -83
25 -83
25 -84
25 -83
25 -83
25 -82
25 -83
25 -83
25 -82
25 -83
25 -83
26 -83
26 -78
26 -80
26 -82
26 -83
26 -81
26 -81
26 -81
26 -76
26 -75
26 -76
26 -76
26 -75
26 -74
26 -76
26 -79
26 -79
26 -83
26 -81
26 -78
26 -75
26 -73
26 -76
26 -79
26 -80
26 -80
26 -79
26 -75
26 -78
26 -78
26 -78
26 -78
26 -78
26 -78
26 -80
26 -79
26 -79
26 -77
26 -82
26 -82
26 -83
26 -83
26 -83
26 -82
26 -81
26 -80
26 -79
26 -79
26 -84
26 -80
26 -84
26 -84
26 -79
26 -79
26 -79
26 -78
26 -78
26 -80
26 -80
26 -82
26 -80
26 -81
26 -82
26 -82
26 -83
26 -83
26 -84
26 -84
26 -82
26 -81
26 -80
26 -82
26 -82
26 -72
26 -79
26 -80
26 -81
26 -66
26 -86
26 -83
26 -84
26 -79
26 -83
26 -82
26 -67
26 -84
26 -83
26 -83
26 -83
26 -85
26 -75
26 -82
26 -82
26 -82
26 -81
26 -82
26 -81
26 -80
26 -66
26 -80
26 -80
26 -66
26 -79
26 -80
26 -78
26 -79
26 -79
26 -80
26 -79
26 -79
26 -79
26 -81
26 -82
26 -81
26 -80
26 -74
26 -78
26 -80
26 -80
26 -81
26 -82
26 -81
26 -84
26 -84
26 -83
26 -81
26 -83
26 -81
26 -84
26 -79
26 -82
26 -83
26 -80
26 -81
26 -80
26 -81
26 -82
26 -82
26 -81
26 -82
26 -77
26 -76
26 -78
26 -82
26 -80
26 -83
26 -79
26 -79
26 -80
26 -78
26 -86
26 -78
26 -82
26 -78
26 -79
26 -77
26 -78
26 -77
26 -73
26 -79
26 -80
26 -80
26 -74
26 -80
26 -74
26 -81
26 -79
26 -79
26 -79
26 -78
26 -78
26 -78
26 -78
26 -78
26 -80
26 -80
26 -82
26 -82
26 -81
26 -83
26 -83
26 -83
26 -81
26 -82
26 -81
26 -78
26 -78
26 -71
26 -78
26 -78
26 -76
26 -77
26 -78
26 -79
26 -79
26 -80
26 -80
27 -74
27 -74
27 -73
27 -74
27 -74
27 -75
27 -75
27 -74
27 -74
27 -74
27 -73
27 -70
27 -69
27 -57
27 -71
27 -75
27 -76
27 -76
27 -78
27 -77
27 -76
27 -76
27 -76
27 -76
27 -77
27 -73
27 -72
27 -72
27 -73
27 -74
27 -74
27 -75
27 -76
27 -54
27 -74
27 -73
27 -74
27 -73
27 -72
27 -72
27 -73
27 -72
27 -73
27 -63
27 -72
27 -72
27 -72
27 -72
27 -72
27 -72
27 -72
27 -72
27 -72
27 -72
27 -70
27 -72
27 -71
27 -72
27 -71
27 -72
27 -73
27 -73
27 -74
27 -75
27 -76
27 -76
27 -76
27 -76
27 -75
27 -75
27 -75
27 -74
27 -74
27 -74
27 -76
27 -76
27 -76
27 -76
27 -76
27 -74
27 -75
27 -76
27 -76
27 -76
27 -76
27 -71
27 -76
27 -75
27 -76
27 -66
27 -75
27 -75
27 -76
27 -76
27 -76
27 -76
27 -75
27 -76
27 -75
27 -75
27 -75
27 -74
27 -74
27 -74
27 -74
27 -73
27 -74
27 -74
27 -74
27 -75
27 -75
27 -68
27 -76
27 -73
27 -73
27 -74
27 -75
27 -74
27 -73
27 -74
27 -74
27 -74
27 -73
27 -73
27 -73
27 -72
27 -71
27 -73
27 -73
27 -74
27 -73
27 -73
27 -74
27 -73
27 -72
27 -72
27 -72
27 -72
27 -73
27 -73
27 -72
27 -72
27 -72
27 -71
27 -72
27 -72
27 -72
27 -72
27 -72
27 -72
27 -73
27 -73
27 -73
27 -73
27 -72
27 -72
27 -72
27 -72
27 -72
27 -72
27 -73
27 -73
27 -72
27 -72
27 -72
27 -73
27 -73
27 -73
27 -74
27 -75
27 -75
27 -76
27 -76
27 -75
27 -75
27 -75
27 -74
27 -74
27 -74
27 -74
27 -74
27 -75
27 -72
27 -75
27 -75
27 -75
27 -74
27 -74
27 -75
27 -73
27 -75
27 -73
27 -75
27 -76
27 -75
27 -75
27 -75
27 -75
27 -75
27 -76
27 -75
27 -76
27 -76
27 -76
27 -76
27 -76
27 -76
27 -76
27 -76
27 -75
27 -72
27 -75
27 -75
27 -75
27 -75
27 -75
27 -74
27 -74
27 -74
27 -73
27 -73
27 -73
27 -73
27 -73
27 -73
27 -73
27 -74
27 -74
27 -74
27 -74
27 -74
27 -74
27 -74
27 -73
27 -73
27 -74
27 -73
27 -74
27 -73
27 -74
27 -74
27 -74
27 -74
27 -74
27 -74
27 -75
27 -74
27 -74
27 -75
27 -74
27 -74
27 -74
27 -73
27 -74
27 -73
27 -73
27 -73
27 -73
27 -73
27 -73
27 -74
27 -74
27 -74
27 -74
27 -74
27 -74
27 -74
27 -75
27 -64
27 -74
27 -74
27 -74
27 -74
27 -74
27 -73
27 -74
27 -73
27 -73
27 -72
27 -72
27 -73
27 -73
27 -72
27 -73
27 -73
27 -73
27 -61
27 -74
27 -73
27 -73
27 -74
27 -73
27 -64
27 -73
27 -74
27 -75
27 -74
27 -72
27 -73
27 -72
27 -73
27 -72
27 -72
27 -73
27 -72
27 -73
27 -73
27 -72
27 -73
27 -74
27 -74
27 -75
27 -75
27 -75
27 -75
27 -76
27 -76
27 -76
27 -75
27 -59
27 -75
27 -74
27 -74
27 -75
27 -74
27 -75
27 -75
27 -75
27 -75
27 -74
27 -75
27 -75
27 -75
27 -75
27 -75
27 -75
27 -75
27 -75
27 -76
27 -76
27 -76
27 -75
27 -75
27 -75
27 -74
27 -74
27 -74
27 -74
27 -75
27 -75
27 -74
27 -74
27 -75
27 -75
27 -75
27 -75
27 -70
27 -76
27 -76
27 -79
27 -77
27 -76
27 -76
27 -74
27 -72
27 -74
27 -73
27 -73
27 -73
27 -73
27 -73
27 -72
27 -73
27 -74
27 -72
27 -73
27 -74
27 -75
27 -73
27 -75
27 -75
27 -74
27 -74
27 -57
27 -73
27 -74
27 -75
27 -75
27 -75
27 -74
27 -74
27 -75
27 -73
27 -73
27 -75
27 -66
27 -74
27 -74
27 -75
27 -75
27 -75
27 -75
27 -75
27 -73
27 -73
27 -73
27 -73
27 -73
27 -74
27 -73
27 -71
27 -72
27 -72
27 -72
27 -73
27 -72
27 -72
27 -72
27 -73
27 -73
27 -72
27 -72
27 -73
27 -73
27 -73
27 -73
27 -72
27 -72
27 -73
27 -73
27 -72
27 -72
27 -72
27 -72
27 -71
27 -71
27 -71
27 -72
27 -71
27 -70
27 -72
27 -32
27 -72
27 -72
27 -72
27 -72
27 -72
27 -72
27 -72
27 -72
27 -72
27 -72
27 -72
27 -58
27 -73
27 -72
27 -73
27 -72
27 -72
27 -73
27 -73
27 -73
27 -68
27 -73
27 -74
27 -74
27 -74
27 -70
27 -74
27 -74
27 -74
27 -74
27 -74
27 -74
27 -73
27 -74
27 -75
27 -74
27 -73
28 -70
28 -82
28 -81
28 -82
28 -81
28 -79
28 -76
28 -72
28 -78
28 -77
28 -78
28 -78
28 -80
28 -79
28 -78
28 -78
28 -77
28 -77
28 -77
28 -76
28 -76
28 -76
28 -78
28 -78
28 -78
28 -77
28 -77
28 -77
28 -78
28 -80
28 -81
28 -80
28 -85
28 -83
28 -83
28 -80
28 -80
28 -80
28 -80
28 -83
28 -85
28 -83
28 -84
28 -82
28 -83
28 -82
28 -81
28 -80
28 -81
28 -81
28 -81
28 -81
28 -82
28 -83
28 -83
28 -84
28 -83
28 -81
28 -80
28 -76
28 -81
28 -80
28 -81
28 -83
28 -82
28 -82
28 -80
28 -81
28 -80
28 -80
28 -81
28 -79
28 -81
28 -80
28 -79
28 -79
28 -78
28 -78
28 -82
28 -80
28 -82
28 -82
28 -81
28 -81
28 -82
28 -80
28 -82
28 -82
28 -80
28 -80
28 -82
28 -81
28 -80
28 -81
28 -81
28 -82
28 -82
28 -82
28 -82
28 -77
28 -80
28 -80
28 -79
28 -72
28 -78
28 -78
28 -78
28 -79
28 -81
28 -80
28 -80
28 -81
28 -82
28 -65
28 -63
28 -82
28 -83
28 -84
28 -84
28 -84
28 -84
28 -83
28 -82
28 -82
28 -83
28 -82
28 -82
28 -82
28 -82
28 -82
28 -69
28 -84
28 -58
28 -84
28 -85
28 -85
28 -84
28 -85
28 -83
28 -82
28 -82
28 -81
28 -82
28 -82
28 -82
28 -82
28 -81
28 -82
28 -82
28 -73
28 -82
28 -81
28 -80
28 -81
28 -81
28 -80
28 -74
28 -81
28 -82
28 -81
28 -80
28 -80
28 -80
28 -80
28 -78
28 -79
28 -79
28 -80
28 -80
28 -80
28 -78
28 -81
28 -82
28 -84
28 -81
28 -81
28 -80
28 -81
28 -80
28 -80
28 -80
28 -81
28 -80
28 -80
28 -71
28 -80
28 -73
28 -79
28 -79
28 -78
28 -77
28 -79
28 -79
28 -79
28 -63
28 -80
28 -81
28 -79
28 -80
28 -81
28 -79
28 -80
28 -78
28 -80
28 -80
28 -79
28 -80
28 -79
28 -81
28 -79
28 -80
28 -80
28 -81
28 -81
28 -81
28 -83
28 -80
28 -81
28 -81
28 -82
28 -81
28 -81
28 -80
28 -79
28 -79
28 -74
28 -78
28 -77
28 -78
28 -78
28 -78
28 -68
28 -78
28 -78
28 -68
28 -78
28 -78
28 -77
28 -77
28 -78
28 -78
28 -78
28 -78
28 -77
28 -77
28 -78
28 -78
28 -78
28 -76
28 -77
28 -76
28 -76
28 -78
28 -76
28 -77
28 -77
28 -79
28 -57
28 -82
28 -83
28 -83
28 -82
28 -82
28 -81
28 -80
28 -80
28 -80
28 -72
28 -80
28 -79
28 -80
28 -80
28 -80
28 -79
28 -78
28 -79
28 -81
28 -79
28 -80
28 -81
28 -82
28 -82
28 -83
28 -82
28 -82
28 -82
28 -81
28 -81
28 -78
28 -78
28 -78
28 -77
28 -78
28 -78
28 -78
28 -78
28 -78
28 -78
28 -78
28 -78
28 -78
29 -70
29 -58
29 -70
29 -70
29 -70
29 -70
29 -70
29 -70
29 -70
29 -70
29 -70
29 -70
29 -70
29 -71
29 -72
29 -73
29 -72
29 -72
29 -72
29 -72
29 -73
29 -73
29 -74
29 -74
29 -74
29 -75
29 -56
29 -83
29 -75
29 -74
29 -72
29 -72
29 -70
29 -70
29 -71
29 -72
29 -72
29 -71
29 -72
29 -71
29 -70
29 -70
29 -71
29 -71
29 -71
29 -72
29 -72
29 -73
29 -73
29 -73
29 -73
29 -72
29 -72
29 -73
29 -73
29 -73
29 -73
29 -72
29 -72
29 -72
29 -72
29 -72
29 -72
29 -71
29 -70
29 -70
29 -71
29 -63
29 -71
29 -72
29 -71
29 -70
29 -71
29 -72
29 -71
29 -71
29 -71
29 -70
29 -70
29 -70
29 -70
29 -70
29 -70
29 -70
29 -70
29 -70
29 -70
29 -70
29 -70
29 -70
29 -70
29 -70
29 -70
29 -71
29 -70
29 -71
29 -71
29 -70
29 -70
29 -70
29 -70
29 -70
29 -70
29 -70
29 -70
29 -70
29 -70
29 -70
29 -70
29 -71
29 -72
29 -72
29 -72
29 -72
29 -72
29 -72
29 -72
29 -72
29 -72
29 -71
29 -69
29 -73
29 -72
29 -72
29 -72
29 -72
29 -71
29 -71
29 -70
29 -70
29 -70
29 -70
29 -71
29 -71
29 -71
29 -72
29 -72
29 -72
29 -72
29 -73
29 -72
29 -74
29 -74
29 -74
29 -74
29 -74
29 -73
29 -72
29 -73
29 -73
29 -68
29 -72
29 -72
29 -73
29 -73
29 -73
29 -72
29 -66
29 -72
29 -72
29 -72
29 -73
29 -72
29 -72
29 -72
29 -72
29 -73
29 -73
29 -73
29 -73
29 -73
29 -73
29 -69
29 -73
29 -73
29 -74
29 -74
29 -73
29 -71
29 -74
29 -74
29 -74
29 -74
29 -74
29 -74
29 -73
29 -72
29 -73
29 -72
29 -72
29 -72
29 -72
29 -70
29 -71
29 -71
29 -71
29 -70
29 -70
29 -58
29 -69
29 -71
29 -71
29 -70
29 -72
29 -71
29 -70
29 -71
29 -71
29 -71
29 -70
29 -71
29 -71
29 -71
29 -70
29 -70
29 -70
29 -70
29 -70
29 -71
29 -70
29 -70
29 -70
29 -71
29 -71
29 -72
29 -71
29 -71
29 -71
29 -71
29 -72
29 -72
29 -72
29 -72
29 -72
29 -73
29 -72
29 -72
29 -72
29 -73
29 -73
29 -73
29 -73
29 -72
29 -72
29 -72
29 -72
29 -72
29 -73
29 -72
29 -71
29 -71
29 -71
29 -71
29 -71
29 -71
29 -72
29 -72
29 -70
29 -69
29 -72
29 -72
29 -72
29 -73
29 -73
29 -73
29 -73
29 -72
29 -70
29 -72
29 -72
29 -72
29 -72
29 -72
29 -72
29 -72
29 -72
29 -72
29 -73
29 -73
29 -73
29 -73
29 -73
29 -70
29 -74
29 -74
29 -74
29 -74
29 -74
29 -73
29 -73
29 -73
29 -66
29 -73
29 -72
29 -72
29 -74
29 -72
29 -73
29 -73
29 -75
29 -75
29 -74
29 -75
29 -75
29 -74
29 -74
29 -74
29 -75
29 -74
29 -73
29 -73
29 -72
29 -72
29 -73
29 -71
29 -72
29 -72
29 -72
29 -72
29 -72
29 -73
29 -73
29 -73
29 -73
29 -73
29 -72
29 -72
29 -72
29 -72
29 -72
29 -71
29 -72
29 -72
29 -72
29 -72
29 -72
29 -72
29 -72
29 -72
29 -72
29 -72
29 -72
29 -73
29 -73
29 -72
29 -72
29 -72
29 -73
29 -73
29 -72
29 -72
29 -71
29 -70
29 -71
29 -71
29 -71
29 -71
29 -70
29 -70
29 -72
29 -71
29 -61
29 -70
29 -70
29 -71
29 -72
29 -72
29 -72
29 -72
29 -72
29 -72
29 -72
29 -72
29 -72
29 -72
29 -72
29 -72
29 -72
29 -72
29 -72
29 -68
29 -72
29 -72
29 -71
29 -71
29 -71
29 -71
29 -70
29 -71
29 -72
29 -71
29 -70
29 -71
29 -71
29 -70
29 -70
29 -71
29 -70
29 -71
29 -72
29 -72
29 -73
29 -74
29 -72
29 -72
29 -71
29 -71
29 -71
29 -72
29 -72
29 -72
29 -72
29 -73
29 -72
29 -73
29 -72
29 -72
29 -71
29 -70
29 -71
29 -67
29 -71
29 -71
29 -71
29 -71
29 -70
29 -70
29 -70
29 -69
29 -70
29 -70
29 -70
29 -70
29 -71
29 -70
29 -70
29 -70
29 -71
29 -70
29 -70
29 -70
29 -71
29 -71
29 -72
29 -71
29 -72
29 -72
29 -72
29 -72
29 -72
29 -70
29 -71
29 -71
29 -70
29 -70
29 -71
29 -71
29 -30
29 -71
29 -77
29 -70
29 -70
29 -70
29 -70
29 -70
29 -70
29 -70
29 -70
29 -71
29 -71
29 -71
29 -71
29 -72
29 -72
29 -72
29 -72
29 -72
29 -72
29 -71
29 -72
29 -72
29 -72
29 -72
29 -72
29 -72
29 -71
29 -71
30 -84
30 -84
30 -82
30 -81
30 -81
30 -80
30 -80
30 -79
30 -79
30 -79
30 -79
30 -54
30 -79
30 -77
30 -79
30 -79
30 -79
30 -79
30 -79
30 -81
30 -80
30 -80
30 -82
30 -83
30 -83
30 -82
30 -82
30 -70
30 -80
30 -81
30 -81
30 -81
30 -82
30 -81
30 -82
30 -82
30 -84
30 -78
30 -82
30 -82
30 -82
30 -81
30 -83
30 -75
30 -79
30 -82
30 -82
30 -81
30 -81
30 -80
30 -81
30 -79
30 -77
30 -81
30 -80
30 -81
30 -80
30 -79
30 -79
30 -80
30 -79
30 -79
30 -72
30 -79
30 -80
30 -79
30 -78
30 -78
30 -79
30 -78
30 -78
30 -78
30 -78
30 -78
30 -78
30 -78
30 -79
30 -78
30 -78
30 -78
30 -78
30 -78
30 -79
30 -73
30 -79
30 -78
30 -80
30 -79
30 -80
30 -79
30 -79
30 -79
30 -79
30 -79
30 -79
30 -78
30 -78
30 -78
30 -78
30 -75
30 -78
30 -78
30 -78
30 -79
30 -79
30 -75
30 -79
30 -80
30 -79
30 -78
30 -79
30 -80
30 -80
30 -73
30 -81
30 -79
30 -82
30 -83
30 -83
30 -83
30 -84
30 -82
30 -85
30 -75
30 -86
30 -84
30 -83
30 -83
30 -81
30 -83
30 -82
30 -82
30 -78
30 -79
30 -78
30 -78
30 -79
30 -78
30 -78
30 -79
30 -79
30 -79
30 -79
30 -79
30 -79
30 -79
30 -80
30 -79
30 -80
30 -79
30 -79
30 -78
30 -78
30 -80
30 -79
30 -79
30 -78
30 -79
30 -79
30 -78
30 -79
30 -38
30 -79
30 -79
30 -79
30 -79
30 -79
30 -79
30 -79
30 -79
30 -79
30 -78
30 -79
30 -78
30 -79
30 -79
30 -79
30 -79
30 -80
30 -79
30 -80
30 -80
30 -80
30 -79
30 -80
30 -79
30 -78
30 -79
30 -78
30 -78
30 -79
30 -79
30 -73
30 -78
30 -78
30 -78
30 -78
30 -78
30 -78
30 -74
30 -78
30 -78
30 -71
30 -78
30 -78
30 -78
30 -78
30 -78
30 -78
30 -77
30 -78
30 -78
30 -78
30 -77
30 -78
30 -78
30 -78
30 -78
30 -79
30 -79
30 -79
30 -79
30 -78
30 -78
30 -78
30 -79
30 -78
30 -78
30 -78
30 -78
30 -78
30 -79
30 -79
30 -80
30 -80
30 -80
30 -81
30 -82
30 -82
30 -76
30 -81
30 -82
30 -68
30 -80
30 -81
30 -80
30 -80
30 -80
30 -80
30 -80
30 -78
30 -80
30 -80
30 -79
30 -82
30 -82
30 -78
30 -79
30 -78
30 -78
30 -78
30 -78
30 -76
30 -76
30 -71
30 -76
30 -77
30 -70
30 -83
30 -82
30 -82
30 -80
30 -64
30 -81
30 -81
30 -81
30 -81
30 -81
30 -80
30 -80
30 -80
30 -78
30 -68
30 -76
30 -78
30 -78
30 -78
30 -79
30 -79
30 -80
30 -79
30 -79
30 -79
30 -80
30 -79
30 -80
30 -80
30 -79
30 -79
30 -80
30 -80
30 -80
30 -79
30 -79
30 -79
30 -79
30 -78
30 -79
30 -79
30 -80
30 -79
31 -87
31 -83
32 -69
32 -68
32 -69
32 -69
32 -69
32 -69
32 -69
32 -69
32 -69
32 -69
32 -70
32 -72
32 -76
32 -74
32 -71
32 -72
32 -71
32 -70
32 -70
32 -69
32 -70
32 -70
32 -71
32 -71
32 -71
32 -72
32 -75
32 -72
32 -70
32 -71
32 -64
32 -74
32 -73
32 -69
32 -70
32 -69
32 -71
32 -70
32 -70
32 -70
32 -65
32 -70
32 -71
32 -72
32 -72
32 -64
32 -72
32 -72
32 -72
32 -72
32 -72
32 -71
32 -71
32 -71
32 -70
32 -70
32 -70
32 -70
32 -70
32 -70
32 -69
32 -70
32 -70
32 -70
32 -69
32 -70
32 -68
32 -68
32 -69
32 -69
32 -69
32 -69
32 -69
32 -69
32 -69
32 -69
32 -69
32 -68
32 -69
32 -69
32 -68
32 -68
32 -69
32 -68
32 -68
32 -69
32 -69
32 -69
32 -68
32 -69
32 -68
32 -69
32 -68
32 -68
32 -68
32 -68
32 -68
32 -68
32 -68
32 -68
32 -68
32 -68
32 -69
32 -68
32 -67
32 -67
32 -68
32 -68
32 -68
32 -67
32 -69
32 -69
32 -70
32 -70
32 -72
32 -70
32 -30
32 -70
32 -70
32 -61
32 -70
32 -70
32 -70
32 -70
32 -70
32 -70
32 -70
32 -70
32 -70
32 -70
32 -70
32 -72
32 -72
32 -72
32 -72
32 -73
32 -73
32 -73
32 -72
32 -73
32 -73
32 -72
32 -72
32 -72
32 -72
32 -72
32 -71
32 -71
32 -72
32 -71
32 -71
32 -72
32 -72
32 -72
32 -72
32 -72
32 -71
32 -72
32 -72
32 -72
32 -72
32 -72
32 -72
32 -71
32 -70
32 -72
32 -72
32 -72
32 -72
32 -71
32 -72
32 -73
32 -73
32 -74
32 -73
32 -73
32 -73
32 -73
32 -72
32 -72
32 -72
32 -72
32 -72
32 -70
32 -70
32 -70
32 -70
32 -71
32 -68
32 -70
32 -70
32 -70
32 -70
32 -70
32 -70
32 -70
32 -70
32 -71
32 -71
32 -71
32 -70
32 -71
32 -70
32 -70
32 -70
32 -70
32 -71
32 -70
32 -71
32 -71
32 -70
32 -70
32 -70
32 -70
32 -71
32 -71
32 -71
32 -70
32 -70
32 -70
32 -70
32 -71
32 -70
32 -71
32 -70
32 -70
32 -70
32 -70
32 -70
32 -70
32 -70
32 -70
32 -71
32 -71
32 -71
32 -71
32 -71
32 -72
32 -72
32 -73
32 -72
32 -72
32 -73
32 -72
32 -71
32 -71
32 -71
32 -70
32 -70
32 -70
32 -70
32 -70
32 -70
32 -70
32 -70
32 -70
32 -70
32 -70
32 -70
32 -70
32 -70
32 -70
32 -70
32 -71
32 -71
32 -71
32 -71
32 -72
32 -70
32 -71
32 -72
32 -71
32 -70
32 -70
32 -70
32 -70
32 -70
32 -70
32 -70
32 -71
32 -71
32 -70
32 -62
32 -71
32 -71
32 -72
32 -72
32 -72
32 -72
32 -71
32 -64
32 -72
32 -72
32 -72
32 -72
32 -72
32 -72
32 -72
32 -72
32 -72
32 -72
32 -72
32 -71
32 -72
32 -73
32 -74
32 -73
32 -30
32 -73
32 -74
32 -73
32 -73
32 -73
32 -72
32 -72
32 -72
32 -72
32 -71
32 -72
32 -72
32 -72
32 -72
32 -72
32 -72
32 -68
32 -72
32 -72
32 -72
32 -72
32 -72
32 -72
32 -72
32 -59
32 -70
32 -70
32 -70
32 -71
32 -71
32 -71
32 -71
32 -71
32 -71
32 -70
32 -71
32 -71
32 -71
32 -71
32 -71
32 -72
32 -71
32 -72
32 -72
32 -71
32 -70
32 -70
32 -70
32 -70
32 -70
32 -70
32 -70
32 -71
32 -72
32 -73
32 -73
32 -74
32 -74
32 -75
32 -75
32 -75
32 -75
32 -75
32 -75
32 -75
32 -74
32 -74
32 -74
32 -74
32 -72
32 -76
32 -75
32 -73
32 -72
32 -74
32 -74
32 -74
32 -75
32 -74
32 -74
32 -74
32 -74
32 -74
32 -74
32 -74
32 -73
32 -75
32 -76
32 -77
32 -75
32 -71
32 -76
32 -77
32 -80
32 -83
32 -83
32 -74
32 -72
32 -70
32 -77
32 -70
32 -70
32 -71
32 -71
32 -71
32 -71
32 -72
32 -73
32 -73
32 -73
32 -73
32 -73
32 -73
32 -73
32 -72
32 -72
32 -73
32 -73
32 -74
32 -74
32 -74
32 -74
32 -74
32 -75
32 -74
32 -75
32 -75
32 -74
32 -75
32 -74
32 -74
32 -74
32 -73
32 -73
32 -73
32 -72
32 -72
32 -73
32 -72
32 -72
32 -73
32 -70
32 -74
32 -72
32 -76
32 -77
32 -76
32 -76
32 -76
32 -76
32 -77
32 -77
32 -77
32 -77
32 -77
32 -76
32 -76
32 -75
33 -72
33 -72
33 -72
33 -71
33 -71
33 -71
33 -71
33 -71
33 -71
33 -71
33 -72
33 -74
33 -72
33 -72
33 -72
33 -73
33 -72
33 -76
33 -74
33 -73
33 -73
33 -74
33 -74
33 -74
33 -74
33 -74
33 -76
33 -78
33 -78
33 -76
33 -79
33 -82
33 -78
33 -76
33 -76
33 -76
33 -76
33 -76
33 -77
33 -81
33 -80
33 -79
33 -80
33 -84
33 -83
33 -83
33 -85
33 -84
33 -81
33 -81
33 -80
33 -78
33 -78
33 -78
33 -76
33 -76
33 -76
33 -76
33 -76
33 -76
33 -73
33 -77
33 -78
33 -77
33 -76
33 -73
33 -73
33 -73
33 -73
33 -72
33 -69
33 -72
33 -72
33 -73
33 -72
33 -72
33 -72
33 -73
33 -73
33 -74
33 -74
33 -74
33 -74
33 -74
33 -74
33 -73
33 -73
33 -72
33 -72
33 -55
33 -72
33 -73
33 -73
33 -74
33 -72
33 -75
33 -76
33 -76
33 -76
33 -78
33 -79
33 -79
33 -81
33 -79
33 -80
33 -78
33 -79
33 -78
33 -78
33 -79
33 -79
33 -82
33 -83
33 -84
33 -83
33 -84
33 -84
33 -76
33 -80
33 -78
33 -76
33 -76
33 -77
33 -77
33 -76
33 -76
33 -76
33 -74
33 -76
33 -72
33 -76
33 -76
33 -75
33 -71
33 -74
33 -62
33 -70
33 -75
33 -75
33 -75
33 -76
33 -76
33 -76
33 -77
33 -78
33 -78
33 -78
33 -84
33 -84
33 -84
33 -85
33 -86
33 -83
33 -83
33 -82
33 -83
33 -84
33 -84
33 -77
33 -82
33 -80
33 -78
33 -76
33 -76
33 -76
33 -73
33 -75
33 -74
33 -74
33 -74
33 -74
33 -75
33 -75
33 -75
33 -75
33 -76
33 -75
33 -74
33 -74
33 -75
33 -73
33 -76
33 -76
33 -76
33 -76
33 -76
33 -75
33 -75
33 -73
33 -76
33 -73
33 -73
33 -74
33 -78
33 -77
33 -78
33 -76
33 -76
33 -78
33 -78
33 -79
33 -78
33 -81
33 -79
33 -78
33 -73
33 -72
33 -73
33 -73
33 -73
33 -73
33 -70
33 -73
33 -73
33 -72
33 -74
33 -72
33 -74
33 -75
33 -75
33 -75
33 -76
33 -76
33 -76
33 -76
33 -76
33 -76
33 -77
33 -76
33 -77
33 -77
33 -76
33 -76
33 -75
33 -74
33 -75
33 -75
33 -74
33 -74
33 -74
33 -74
33 -73
33 -73
33 -74
33 -74
33 -74
33 -74
33 -73
33 -74
33 -75
33 -74
33 -74
33 -76
33 -75
33 -75
33 -76
33 -75
33 -77
33 -76
33 -76
33 -76
33 -76
33 -76
33 -76
33 -75
33 -75
33 -74
34 -74
34 -73
34 -72
34 -73
34 -72
34 -73
34 -73
34 -74
34 -77
34 -78
34 -76
34 -72
34 -70
34 -52
34 -72
34 -73
34 -74
34 -73
34 -74
34 -73
34 -73
34 -73
34 -72
34 -72
34 -72
34 -73
34 -74
34 -74
34 -73
34 -72
34 -72
34 -72
34 -72
34 -76
34 -80
34 -78
34 -76
34 -84
34 -84
34 -84
34 -82
34 -76
34 -76
34 -76
34 -75
34 -76
34 -74
34 -76
34 -76
34 -78
34 -77
34 -80
34 -80
34 -79
34 -78
34 -78
34 -78
34 -76
34 -76
34 -76
34 -76
34 -77
34 -85
34 -85
34 -84
34 -86
34 -83
34 -84
34 -83
34 -60
34 -83
34 -83
34 -85
34 -81
34 -81
34 -81
34 -82
34 -81
34 -79
34 -80
34 -80
34 -79
34 -79
34 -78
34 -73
34 -78
34 -79
34 -80
34 -81
34 -83
34 -85
34 -84
34 -84
34 -83
34 -83
34 -84
34 -83
34 -83
34 -84
34 -85
34 -83
34 -80
34 -70
34 -76
34 -77
34 -79
34 -78
34 -76
34 -76
34 -76
34 -75
34 -75
34 -71
34 -75
34 -75
34 -75
34 -75
34 -74
34 -75
34 -76
34 -78
34 -80
34 -81
34 -82
34 -83
34 -84
34 -83
34 -82
34 -81
34 -82
34 -79
34 -78
34 -80
34 -82
34 -57
34 -76
34 -77
34 -76
34 -76
34 -76
34 -75
34 -75
34 -75
34 -76
34 -76
34 -76
34 -78
34 -78
34 -79
34 -79
34 -79
34 -81
34 -80
34 -78
34 -78
34 -78
34 -77
34 -78
34 -77
34 -77
34 -76
34 -77
34 -77
34 -78
34 -78
34 -81
34 -79
34 -81
34 -81
34 -71
34 -81
34 -80
34 -76
35 -70
35 -70
35 -70
35 -69
35 -69
35 -69
35 -70
35 -69
35 -70
35 -69
35 -70
35 -70
35 -70
35 -70
35 -70
35 -31
35 -71
35 -71
35 -71
35 -59
35 -71
35 -71
35 -72
35 -72
35 -74
35 -76
35 -76
35 -75
35 -72
35 -72
35 -71
35 -71
35 -72
35 -72
35 -72
35 -71
35 -71
35 -72
35 -72
35 -72
35 -72
35 -73
35 -72
35 -72
35 -72
35 -72
35 -73
35 -72
35 -72
35 -73
35 -73
35 -72
35 -72
35 -73
35 -72
35 -72
35 -72
35 -72
35 -72
35 -72
35 -72
35 -71
35 -71
35 -70
35 -68
35 -71
35 -71
35 -72
35 -71
35 -71
35 -71
35 -71
35 -72
35 -61
35 -72
35 -70
35 -68
35 -70
35 -70
35 -70
35 -70
35 -70
35 -69
35 -69
35 -70
35 -67
35 -70
35 -70
35 -70
35 -70
35 -70
35 -70
35 -70
35 -70
35 -70
35 -70
35 -69
35 -70
35 -70
35 -70
35 -69
35 -70
35 -65
35 -70
35 -70
35 -70
35 -70
35 -71
35 -71
35 -71
35 -71
35 -72
35 -72
35 -72
35 -72
35 -73
35 -73
35 -73
35 -73
35 -72
35 -30
35 -73
35 -73
35 -73
35 -72
35 -72
35 -72
35 -30
35 -72
35 -72
35 -72
35 -72
35 -70
35 -71
35 -72
35 -72
35 -72
35 -72
35 -72
35 -72
35 -70
35 -72
35 -72
35 -72
35 -72
35 -72
35 -72
35 -72
35 -72
35 -72
35 -72
35 -72
35 -72
35 -72
35 -72
35 -72
35 -72
35 -73
35 -72
35 -72
35 -72
35 -72
35 -71
35 -72
35 -72
35 -72
35 -71
35 -72
35 -71
35 -72
35 -72
35 -72
35 -72
35 -72
35 -72
35 -72
35 -72
35 -72
35 -72
35 -72
35 -72
35 -72
35 -72
35 -72
35 -72
35 -71
35 -72
35 -72
35 -72
35 -72
35 -71
35 -72
35 -72
35 -72
35 -71
35 -72
35 -71
35 -70
35 -70
35 -70
35 -70
35 -69
35 -70
35 -69
35 -70
35 -70
35 -66
35 -70
35 -70
35 -70
35 -70
35 -70
35 -70
35 -70
35 -70
35 -70
35 -70
35 -69
35 -70
35 -69
35 -69
35 -69
35 -70
35 -52
35 -70
35 -70
35 -70
35 -70
35 -70
35 -68
35 -70
35 -71
35 -72
35 -72
35 -72
35 -72
35 -70
35 -72
35 -72
35 -72
35 -72
35 -72
35 -72
35 -72
35 -72
35 -71
35 -72
35 -72
35 -71
35 -72
35 -72
35 -72
35 -71
35 -71
35 -72
35 -71
35 -71
35 -71
35 -71
35 -65
35 -71
35 -70
35 -71
35 -71
35 -71
35 -71
35 -71
35 -72
35 -71
35 -71
35 -72
35 -72
35 -72
35 -72
35 -72
35 -72
35 -72
35 -72
35 -72
35 -72
35 -71
35 -71
35 -71
35 -68
35 -71
35 -70
35 -72
35 -72
35 -72
35 -72
35 -72
35 -72
35 -72
35 -72
35 -72
35 -72
35 -72
35 -72
35 -70
35 -72
35 -72
35 -72
35 -72
35 -72
35 -72
35 -72
35 -72
35 -72
35 -72
35 -72
35 -72
35 -72
35 -72
35 -72
35 -72
35 -72
35 -72
35 -72
35 -72
35 -72
35 -72
35 -72
35 -72
35 -72
35 -72
35 -71
35 -71
35 -71
35 -71
35 -71
35 -71
35 -72
35 -71
35 -70
35 -71
35 -71
35 -70
35 -72
35 -71
35 -71
35 -71
35 -71
35 -71
35 -71
35 -71
35 -70
35 -70
35 -70
35 -71
35 -70
35 -59
35 -70
35 -70
35 -70
35 -70
35 -70
35 -71
35 -71
35 -71
35 -72
35 -72
35 -71
35 -71
35 -70
35 -70
35 -70
35 -70
35 -70
35 -70
35 -70
35 -70
35 -69
35 -69
35 -68
35 -69
35 -69
35 -69
35 -59
35 -71
35 -69
35 -70
35 -69
35 -69
35 -68
35 -69
35 -69
35 -69
35 -69
35 -69
35 -69
35 -70
35 -69
35 -69
35 -69
35 -69
35 -69
35 -69
35 -69
35 -69
35 -68
35 -69
35 -69
35 -70
35 -70
35 -70
35 -70
35 -70
35 -70
35 -70
35 -70
35 -70
35 -70
35 -70
35 -70
35 -69
35 -69
35 -68
35 -65
35 -69
35 -69
35 -69
35 -69
35 -69
35 -69
35 -69
35 -58
35 -69
35 -69
35 -69
35 -69
35 -69
35 -69
35 -69
35 -69
35 -69
35 -70
35 -70
35 -69
35 -69
35 -70
35 -69
35 -57
35 -70
35 -70
35 -69
35 -70
35 -70
35 -69
35 -69
35 -69
35 -69
35 -69
35 -69
35 -69
35 -69
35 -69
35 -69
35 -69
35 -69
35 -69
35 -69
35 -69
35 -69
35 -69
35 -69
35 -70
35 -69
35 -69
35 -70
35 -69
35 -70
35 -70
35 -69
35 -70
35 -70
35 -69
35 -70
35 -70
35 -70
35 -69
35 -69
35 -67
36 -80
36 -80
36 -79
36 -78
36 -79
36 -77
36 -78
36 -78
36 -78
36 -76
36 -77
36 -79
36 -78
36 -78
36 -80
36 -82
36 -84
36 -82
36 -82
36 -80
36 -81
36 -80
36 -82
36 -82
36 -79
36 -81
36 -83
36 -76
36 -81
36 -78
36 -77
36 -78
36 -78
36 -79
36 -79
36 -80
36 -81
36 -80
36 -76
36 -81
36 -83
36 -82
36 -82
36 -82
36 -83
36 -83
36 -82
36 -81
36 -82
36 -84
36 -84
36 -85
36 -84
36 -84
36 -84
36 -84
36 -83
36 -83
36 -85
36 -79
36 -82
36 -83
36 -80
36 -79
36 -80
36 -80
36 -79
36 -80
36 -83
36 -81
36 -81
36 -80
36 -78
36 -79
36 -77
36 -77
36 -77
36 -78
36 -77
36 -77
36 -76
36 -77
36 -76
36 -76
36 -77
36 -78
36 -77
36 -79
36 -79
36 -79
36 -76
36 -78
36 -80
36 -79
36 -79
36 -77
36 -78
36 -78
36 -78
36 -73
36 -78
36 -79
36 -78
36 -79
36 -78
36 -79
36 -80
36 -78
36 -79
36 -78
36 -78
36 -78
36 -79
36 -79
36 -78
36 -77
36 -76
36 -77
36 -78
36 -78
36 -78
36 -75
36 -76
36 -77
36 -77
36 -79
36 -71
36 -78
36 -79
36 -80
36 -82
36 -84
36 -85
36 -86
36 -84
36 -83
36 -81
36 -81
36 -79
36 -77
36 -79
36 -79
36 -79
36 -77
36 -79
36 -79
36 -78
36 -78
36 -79
36 -79
36 -79
36 -78
36 -80
36 -80
36 -80
36 -79
36 -79
36 -81
36 -81
36 -82
36 -82
36 -82
36 -82
36 -81
36 -79
36 -73
36 -79
36 -80
36 -79
36 -79
36 -79
36 -80
36 -79
36 -79
36 -80
36 -81
36 -80
36 -79
36 -80
36 -76
36 -81
36 -80
36 -79
36 -79
36 -78
36 -78
36 -78
36 -79
36 -79
36 -78
36 -78
36 -78
36 -78
36 -79
36 -79
36 -78
36 -78
36 -78
36 -78
36 -78
36 -76
36 -78
36 -77
36 -76
36 -77
36 -77
36 -78
36 -78
36 -79
36 -80
36 -81
36 -81
36 -82
36 -81
36 -82
36 -80
36 -79
36 -80
36 -80
36 -74
36 -81
36 -82
36 -82
36 -83
36 -83
36 -83
36 -82
36 -81
36 -81
36 -69
36 -70
36 -83
36 -83
36 -83
36 -86
36 -85
36 -76
36 -81
36 -75
36 -79
36 -77
36 -79
36 -78
36 -78
36 -79
36 -78
36 -82
36 -80
36 -82
36 -81
36 -81
36 -81
36 -78
36 -76
36 -77
36 -80
36 -82
36 -81
36 -80
36 -78
36 -77
36 -79
36 -78
36 -79
36 -78
36 -78
36 -78
36 -81
36 -81
36 -81
36 -80
36 -80
36 -81
36 -80
36 -80
36 -81
36 -83
36 -82
36 -82
36 -82
36 -82
36 -82
36 -82
36 -82
36 -81
36 -81
36 -81
36 -81
36 -71
36 -81
36 -83
36 -82
36 -82
36 -76
36 -82
36 -59
36 -82
36 -82
36 -82
36 -59
36 -82
37 -82
37 -84
37 -85
37 -83
37 -82
37 -85
37 -85
37 -86
37 -86
37 -86
37 -86
37 -85
37 -85
37 -85
37 -85
37 -85
37 -83
37 -83
37 -87
37 -86
37 -86
37 -85
37 -76
37 -83
37 -83
37 -84
37 -81
37 -85
37 -87
37 -85
37 -86
37 -87
37 -84
37 -85
37 -84
37 -84
37 -85
37 -84
37 -84
37 -83
37 -84
37 -87
37 -78
37 -82
37 -83
37 -83
37 -86
37 -84
37 -87
38 -82
38 -82
38 -86
38 -83
38 -84
38 -68
38 -79
38 -83
38 -84
38 -84
38 -84
38 -84
38 -83
38 -83
38 -83
38 -82
38 -82
38 -74
38 -82
38 -75
38 -83
38 -82
38 -74
38 -82
38 -82
38 -81
38 -83
38 -80
38 -82
38 -82
38 -83
38 -82
38 -83
38 -81
38 -83
38 -83
38 -82
38 -61
38 -80
38 -81
38 -81
38 -81
38 -82
38 -82
38 -82
38 -81
38 -81
38 -81
38 -82
38 -83
38 -83
38 -82
38 -82
38 -82
38 -82
38 -83
38 -82
38 -83
38 -85
38 -83
38 -85
38 -85
38 -83
38 -83
38 -84
38 -83
38 -83
38 -83
38 -84
38 -84
38 -84
38 -78
38 -73
38 -84
38 -80
38 -81
38 -82
38 -66
38 -83
38 -83
38 -83
38 -83
38 -83
38 -83
38 -87
38 -84
38 -84
38 -84
38 -83
38 -83
38 -82
38 -83
38 -84
38 -78
38 -83
38 -82
38 -78
38 -82
38 -83
38 -83
38 -82
38 -82
38 -83
38 -84
38 -84
38 -84
38 -84
38 -83
38 -82
38 -83
38 -83
38 -80
38 -84
38 -84
38 -84
38 -83
38 -83
38 -76
38 -82
38 -81
38 -82
38 -81
38 -83
38 -82
38 -80
38 -83
38 -78
38 -81
38 -82
38 -82
38 -82
38 -83
38 -83
38 -74
38 -83
38 -83
38 -82
38 -82
38 -77
38 -82
38 -83
38 -84
38 -83
38 -83
38 -86
38 -83
38 -80
38 -78
38 -80
38 -80
38 -81
38 -82
38 -79
38 -79
38 -79
38 -80
38 -81
38 -81
38 -81
38 -82
38 -82
38 -82
38 -81
38 -82
38 -75
38 -81
38 -80
38 -81
38 -80
38 -79
38 -81
38 -80
38 -80
38 -80
38 -79
38 -80
38 -81
38 -82
38 -80
38 -79
38 -80
38 -81
38 -81
38 -81
38 -80
38 -72
38 -80
38 -80
