Beacon Rssi
1 -73
1 -78
1 -76
1 -77
1 -76
1 -77
1 -77
1 -78
1 -77
1 -77
1 -78
1 -78
1 -78
1 -78
1 -74
1 -78
1 -76
1 -79
1 -76
1 -76
1 -76
1 -76
1 -76
1 -76
1 -74
1 -76
1 -75
1 -76
1 -76
1 -80
1 -73
1 -77
1 -78
1 -77
1 -76
1 -77
1 -77
1 -76
1 -76
1 -76
1 -76
1 -76
1 -75
1 -76
1 -76
1 -77
1 -76
1 -77
1 -76
1 -77
1 -76
1 -77
1 -76
1 -76
1 -76
1 -76
1 -76
1 -76
1 -75
1 -76
1 -76
1 -76
1 -76
1 -72
1 -76
1 -76
1 -75
1 -76
1 -76
1 -76
1 -76
1 -76
1 -71
1 -52
1 -76
1 -76
1 -75
1 -77
1 -77
1 -77
1 -77
1 -76
1 -76
1 -76
1 -76
1 -76
1 -76
1 -75
1 -75
1 -74
1 -74
1 -73
1 -73
1 -72
1 -72
1 -80
1 -72
1 -72
1 -72
1 -73
1 -74
1 -74
1 -75
1 -75
1 -75
1 -72
1 -76
1 -77
1 -78
1 -79
1 -81
1 -82
1 -83
1 -82
1 -82
1 -74
1 -78
1 -79
1 -78
1 -78
1 -79
1 -78
1 -78
1 -79
1 -78
1 -78
1 -79
1 -78
1 -79
1 -78
1 -79
1 -78
1 -78
1 -79
1 -78
1 -78
1 -76
1 -76
1 -76
1 -77
1 -75
1 -76
1 -77
1 -77
1 -78
1 -84
1 -79
1 -78
1 -79
1 -80
1 -81
1 -81
1 -80
1 -80
1 -80
1 -78
1 -78
1 -77
1 -77
1 -76
1 -76
1 -77
1 -76
1 -76
1 -76
1 -76
1 -76
1 -77
1 -76
1 -78
1 -78
1 -78
1 -77
1 -77
1 -77
1 -77
1 -77
1 -78
1 -78
1 -78
1 -80
1 -81
1 -79
1 -80
1 -72
1 -78
1 -78
1 -78
1 -77
1 -78
1 -78
1 -76
1 -76
1 -77
1 -76
1 -76
1 -76
1 -76
1 -76
1 -75
1 -76
1 -76
1 -77
1 -78
1 -80
1 -78
1 -79
1 -79
1 -79
1 -79
1 -70
1 -79
1 -81
1 -80
1 -79
1 -78
1 -79
1 -79
1 -79
1 -79
1 -80
1 -79
1 -79
1 -78
1 -78
1 -77
1 -77
1 -76
1 -76
1 -75
1 -75
1 -76
1 -75
1 -76
1 -76
1 -76
1 -76
1 -76
1 -77
1 -78
1 -78
1 -78
1 -79
1 -79
1 -79
1 -79
1 -79
1 -79
1 -79
1 -79
1 -79
1 -79
1 -79
1 -78
1 -79
1 -78
1 -79
1 -82
1 -80
1 -80
1 -79
1 -79
1 -78
1 -79
1 -78
1 -79
1 -68
1 -78
1 -78
1 -79
1 -78
1 -78
1 -78
1 -79
1 -79
1 -80
1 -80
1 -80
1 -80
1 -79
1 -78
1 -78
1 -79
1 -78
1 -77
1 -78
1 -78
1 -78
1 -77
1 -70
1 -77
1 -77
1 -76
1 -76
1 -76
1 -76
1 -76
1 -76
1 -76
1 -76
1 -76
1 -76
1 -76
1 -76
1 -77
1 -77
1 -77
1 -77
1 -78
1 -78
1 -63
1 -77
1 -79
1 -78
1 -80
1 -79
1 -79
1 -79
1 -79
1 -79
1 -79
1 -79
1 -78
1 -78
1 -78
1 -78
1 -79
1 -78
1 -78
1 -78
1 -78
1 -79
1 -78
1 -79
1 -80
1 -79
1 -78
1 -72
1 -65
1 -79
1 -79
1 -79
1 -78
1 -78
1 -78
1 -78
1 -78
1 -78
1 -78
1 -78
1 -78
1 -78
1 -78
1 -79
1 -78
1 -79
1 -78
1 -78
1 -78
1 -79
1 -83
1 -80
1 -81
1 -81
1 -81
1 -81
1 -81
1 -57
1 -83
1 -82
1 -83
1 -70
1 -69
1 -83
2 -80
2 -78
2 -79
2 -79
2 -79
2 -79
2 -79
2 -78
2 -79
2 -78
2 -78
2 -79
2 -78
2 -78
2 -78
2 -78
2 -78
2 -78
2 -78
2 -78
2 -78
2 -78
2 -79
2 -80
2 -79
2 -81
2 -80
2 -78
2 -79
2 -75
2 -76
2 -75
2 -76
2 -77
2 -77
2 -77
2 -77
2 -76
2 -78
2 -79
2 -70
2 -79
2 -80
2 -79
2 -79
2 -79
2 -79
2 -78
2 -78
2 -77
2 -79
2 -78
2 -79
2 -75
2 -79
2 -78
2 -79
2 -78
2 -79
2 -78
2 -79
2 -79
2 -79
2 -78
2 -78
2 -79
2 -79
2 -80
2 -78
2 -78
2 -77
2 -78
2 -78
2 -79
2 -78
2 -79
2 -78
2 -77
2 -76
2 -76
2 -77
2 -76
2 -71
2 -77
2 -76
2 -77
2 -78
2 -78
2 -79
2 -80
2 -79
2 -78
2 -79
2 -79
2 -80
2 -79
2 -80
2 -80
2 -81
2 -82
2 -82
2 -82
2 -82
2 -81
2 -80
2 -79
2 -74
2 -79
2 -81
2 -81
2 -80
2 -80
2 -81
2 -81
2 -82
2 -81
2 -81
2 -81
2 -82
2 -78
2 -82
2 -69
2 -78
2 -82
2 -82
2 -84
2 -84
2 -84
2 -81
2 -78
2 -76
2 -79
2 -80
2 -81
2 -82
2 -79
2 -84
2 -84
2 -84
2 -76
2 -82
2 -83
2 -83
2 -83
2 -83
2 -83
2 -81
2 -79
2 -80
2 -80
2 -81
2 -81
2 -82
2 -78
2 -77
2 -77
2 -80
2 -80
2 -80
2 -81
2 -80
2 -81
2 -81
2 -80
2 -80
2 -82
2 -83
2 -85
2 -85
2 -83
2 -83
2 -81
2 -80
2 -80
2 -79
2 -79
2 -76
2 -80
2 -80
2 -80
2 -80
2 -80
2 -79
2 -79
2 -79
2 -79
2 -78
2 -79
2 -79
2 -79
2 -80
2 -81
2 -81
2 -81
2 -81
2 -82
2 -82
2 -82
2 -82
2 -82
2 -82
2 -82
2 -83
2 -82
2 -81
2 -84
2 -82
2 -82
2 -83
2 -83
2 -83
2 -81
2 -80
2 -74
2 -81
2 -82
2 -86
2 -84
2 -83
2 -82
2 -80
2 -80
2 -80
2 -80
2 -81
2 -80
2 -80
2 -81
2 -81
2 -70
2 -82
2 -82
2 -83
2 -72
2 -83
2 -82
2 -81
2 -81
2 -81
2 -84
2 -85
2 -86
3 -70
3 -72
3 -71
3 -71
3 -70
3 -70
3 -70
3 -70
3 -70
3 -70
3 -70
3 -70
3 -70
3 -70
3 -70
3 -70
3 -70
3 -70
3 -70
3 -70
3 -70
3 -71
3 -71
3 -71
3 -71
3 -70
3 -70
3 -74
3 -75
3 -71
3 -70
3 -70
3 -71
3 -72
3 -74
3 -73
3 -73
3 -72
3 -71
3 -72
3 -72
3 -69
3 -67
3 -67
3 -68
3 -72
3 -76
3 -84
3 -86
3 -84
3 -82
3 -82
3 -79
3 -79
3 -78
3 -76
3 -76
3 -76
3 -76
3 -75
3 -76
3 -75
3 -77
3 -76
3 -72
3 -76
3 -79
3 -79
3 -80
3 -81
3 -81
3 -81
3 -80
3 -80
3 -79
3 -78
3 -79
3 -79
3 -79
3 -79
3 -79
3 -78
3 -79
3 -79
3 -78
3 -78
3 -78
3 -78
3 -78
3 -78
3 -78
3 -78
3 -78
3 -77
3 -78
3 -77
3 -76
3 -76
3 -76
3 -76
3 -76
3 -75
3 -75
3 -74
3 -74
3 -58
3 -74
3 -72
3 -72
3 -71
3 -71
3 -70
3 -71
3 -71
3 -72
3 -73
3 -73
3 -75
3 -76
3 -76
3 -76
3 -76
3 -76
3 -73
3 -76
3 -76
3 -75
3 -75
3 -75
3 -75
3 -74
3 -75
3 -70
3 -76
3 -76
3 -76
3 -76
3 -76
3 -76
3 -76
3 -74
3 -75
3 -60
3 -75
3 -76
3 -76
3 -75
3 -75
3 -75
3 -75
3 -75
3 -75
3 -74
3 -74
3 -74
3 -69
3 -70
3 -72
3 -76
3 -72
3 -70
3 -72
3 -70
3 -72
3 -73
3 -74
3 -74
3 -75
3 -74
3 -74
3 -75
3 -76
3 -76
3 -76
3 -75
3 -75
3 -78
3 -78
3 -78
3 -76
3 -74
3 -72
3 -73
3 -72
3 -70
3 -70
3 -70
3 -72
3 -71
3 -70
3 -70
3 -71
3 -70
3 -70
3 -70
3 -70
3 -69
3 -70
3 -70
3 -70
3 -70
3 -70
3 -70
3 -70
3 -70
3 -70
3 -71
3 -71
3 -71
3 -70
3 -70
3 -70
3 -70
3 -70
3 -70
3 -70
3 -70
3 -70
3 -70
3 -70
3 -70
3 -69
3 -69
3 -52
3 -69
3 -69
3 -69
3 -68
3 -69
3 -69
3 -69
3 -69
3 -69
3 -69
3 -69
3 -69
3 -69
3 -70
3 -70
3 -70
3 -70
3 -70
3 -70
3 -70
3 -70
3 -69
3 -70
3 -70
3 -69
3 -69
3 -69
3 -70
3 -70
3 -70
3 -70
3 -71
3 -70
3 -71
3 -72
3 -72
3 -72
3 -72
3 -72
3 -72
3 -69
3 -72
3 -72
3 -73
3 -73
3 -72
3 -73
3 -72
3 -73
3 -72
3 -73
3 -74
3 -74
3 -73
3 -74
3 -73
3 -73
3 -72
3 -72
3 -72
3 -72
3 -72
3 -72
3 -72
3 -71
3 -81
3 -71
3 -71
3 -70
3 -30
3 -70
3 -70
3 -70
3 -71
3 -72
3 -73
3 -73
3 -74
3 -74
3 -74
3 -73
3 -74
3 -68
3 -73
3 -73
3 -73
3 -74
3 -74
3 -73
3 -73
3 -74
3 -76
3 -75
3 -76
3 -78
3 -78
3 -77
3 -77
3 -76
3 -76
3 -77
3 -58
3 -76
3 -74
3 -75
3 -74
3 -73
3 -80
3 -72
3 -72
3 -72
3 -70
3 -71
3 -70
3 -70
3 -70
3 -70
3 -70
3 -70
3 -70
3 -70
3 -69
3 -70
3 -70
3 -70
3 -70
3 -70
3 -70
3 -70
3 -70
3 -70
3 -70
3 -70
3 -70
3 -70
3 -71
3 -71
3 -71
3 -71
3 -71
3 -72
3 -72
3 -72
3 -72
3 -72
3 -71
3 -71
3 -71
3 -71
3 -70
3 -71
3 -71
3 -71
3 -71
3 -71
3 -72
3 -72
3 -72
3 -72
3 -71
3 -71
3 -72
3 -71
3 -72
3 -72
3 -72
3 -83
3 -72
3 -72
3 -72
3 -74
3 -74
3 -75
3 -70
3 -75
3 -74
3 -74
3 -73
3 -72
3 -73
3 -74
3 -74
3 -72
3 -73
3 -73
3 -73
3 -74
3 -74
3 -72
3 -72
3 -71
3 -72
3 -72
3 -72
3 -72
3 -72
3 -69
3 -72
3 -72
3 -71
3 -72
3 -73
3 -72
3 -73
3 -73
3 -73
3 -81
3 -74
3 -75
3 -73
3 -72
3 -73
3 -73
3 -74
3 -74
3 -73
3 -73
3 -73
3 -70
3 -73
3 -73
3 -73
3 -73
3 -73
3 -73
3 -72
3 -72
3 -72
3 -72
3 -72
3 -73
3 -73
3 -75
3 -79
3 -70
3 -73
3 -76
3 -76
3 -82
3 -83
3 -83
3 -82
3 -81
3 -84
3 -83
3 -79
3 -78
3 -79
3 -78
3 -79
3 -78
3 -78
3 -77
3 -78
3 -79
3 -80
4 -71
4 -72
4 -72
4 -72
4 -71
4 -71
4 -71
4 -71
4 -72
4 -71
4 -72
4 -72
4 -71
4 -69
4 -72
4 -72
4 -71
4 -71
4 -71
4 -71
4 -72
4 -30
4 -72
4 -74
4 -72
4 -71
4 -70
4 -71
4 -71
4 -70
4 -70
4 -70
4 -70
4 -70
4 -70
4 -70
4 -69
4 -69
4 -69
4 -69
4 -69
4 -70
4 -70
4 -70
4 -70
4 -70
4 -79
4 -70
4 -70
4 -70
4 -70
4 -70
4 -70
4 -70
4 -71
4 -70
4 -69
4 -70
4 -70
4 -70
4 -70
4 -70
4 -70
4 -70
4 -70
4 -70
4 -70
4 -71
4 -70
4 -71
4 -70
4 -71
4 -71
4 -71
4 -71
4 -71
4 -71
4 -71
4 -71
4 -72
4 -71
4 -71
4 -72
4 -71
4 -70
4 -72
4 -72
4 -72
4 -72
4 -72
4 -72
4 -72
4 -72
4 -72
4 -72
4 -72
4 -72
4 -72
4 -72
4 -72
4 -72
4 -72
4 -72
4 -72
4 -72
4 -72
4 -72
4 -72
4 -72
4 -72
4 -73
4 -74
4 -75
4 -75
4 -75
4 -76
4 -76
4 -75
4 -76
4 -76
4 -71
4 -72
4 -77
4 -76
4 -76
4 -75
4 -75
4 -64
4 -75
4 -75
4 -74
4 -73
4 -74
4 -74
4 -74
4 -74
4 -74
4 -74
4 -75
4 -75
4 -76
4 -74
4 -74
4 -74
4 -73
4 -73
4 -73
4 -67
4 -73
4 -73
4 -73
4 -74
4 -73
4 -74
4 -75
4 -75
4 -76
4 -75
4 -76
4 -76
4 -76
4 -76
4 -72
4 -76
4 -76
4 -75
4 -74
4 -76
4 -74
4 -71
4 -70
4 -70
4 -69
4 -71
4 -72
4 -75
4 -78
4 -81
4 -81
4 -78
4 -75
4 -73
4 -72
4 -74
4 -80
4 -76
4 -78
4 -76
4 -80
4 -77
4 -76
4 -78
4 -74
4 -73
4 -76
4 -71
4 -75
4 -75
4 -74
4 -74
4 -74
4 -73
4 -71
4 -75
4 -76
4 -75
4 -75
4 -75
4 -74
4 -75
4 -75
4 -75
4 -75
4 -74
4 -74
4 -74
4 -73
4 -73
4 -75
4 -73
4 -61
4 -73
4 -73
4 -72
4 -73
4 -73
4 -74
4 -73
4 -73
4 -73
4 -73
4 -73
4 -73
4 -74
4 -74
4 -74
4 -74
4 -74
4 -66
4 -74
4 -73
4 -73
4 -73
4 -73
4 -73
4 -74
4 -73
4 -74
4 -75
4 -75
4 -75
4 -75
4 -76
4 -76
4 -76
4 -76
4 -76
4 -76
4 -75
4 -75
4 -75
4 -76
4 -75
4 -73
4 -75
4 -76
4 -76
4 -76
4 -76
4 -76
4 -76
4 -76
4 -76
4 -76
4 -77
4 -76
4 -76
4 -76
4 -76
4 -76
4 -76
4 -76
4 -76
4 -76
4 -75
4 -76
4 -76
4 -76
4 -76
4 -76
4 -75
4 -76
4 -76
4 -76
4 -76
4 -77
4 -77
4 -78
4 -77
4 -77
4 -77
4 -77
4 -77
4 -73
4 -78
4 -78
4 -78
4 -78
4 -78
4 -78
4 -78
4 -80
4 -81
4 -69
4 -77
4 -77
4 -77
4 -76
4 -76
4 -67
4 -75
4 -75
4 -74
4 -74
4 -75
4 -75
4 -75
4 -75
4 -75
4 -76
4 -76
4 -76
4 -76
4 -76
4 -76
4 -75
4 -75
4 -74
4 -73
4 -74
4 -75
4 -75
4 -75
4 -76
4 -75
4 -75
4 -76
4 -76
4 -76
4 -77
4 -78
4 -79
4 -80
4 -80
4 -73
4 -78
4 -78
4 -78
4 -78
4 -76
4 -77
4 -77
4 -59
4 -77
4 -77
4 -76
4 -76
4 -76
4 -76
4 -76
4 -75
4 -77
4 -76
4 -76
4 -76
4 -77
4 -78
4 -79
4 -79
4 -81
4 -82
4 -81
4 -81
4 -82
4 -70
4 -80
4 -82
4 -82
4 -81
4 -81
4 -82
4 -81
4 -82
4 -80
4 -79
4 -80
4 -80
4 -79
4 -79
4 -78
4 -79
4 -79
4 -80
4 -80
4 -79
4 -79
4 -81
4 -75
4 -80
4 -79
4 -78
4 -76
4 -75
4 -76
4 -76
4 -77
4 -78
4 -79
4 -80
4 -79
4 -80
4 -80
4 -81
4 -79
4 -79
4 -79
4 -80
4 -80
4 -79
4 -66
4 -69
4 -80
4 -78
4 -78
4 -78
4 -79
4 -78
4 -78
4 -78
5 -74
5 -74
5 -75
5 -75
5 -75
5 -75
5 -75
5 -75
5 -76
5 -76
5 -75
5 -75
5 -76
5 -75
5 -75
5 -75
5 -75
5 -75
5 -75
5 -75
5 -74
5 -74
5 -71
5 -73
5 -72
5 -72
5 -72
5 -73
5 -73
5 -73
5 -72
5 -73
5 -74
5 -74
5 -74
5 -73
5 -74
5 -74
5 -74
5 -74
5 -75
5 -76
5 -75
5 -75
5 -75
5 -75
5 -54
5 -74
5 -74
5 -74
5 -74
5 -73
5 -73
5 -71
5 -72
5 -72
5 -72
5 -72
5 -72
5 -72
5 -70
5 -70
5 -72
5 -72
5 -72
5 -72
5 -72
5 -72
5 -71
5 -72
5 -72
5 -71
5 -72
5 -71
5 -71
5 -71
5 -71
5 -72
5 -70
5 -71
5 -72
5 -71
5 -71
5 -71
5 -71
5 -71
5 -71
5 -70
5 -71
5 -70
5 -70
5 -71
5 -70
5 -70
5 -70
5 -71
5 -70
5 -70
5 -71
5 -71
5 -70
5 -70
5 -69
5 -70
5 -71
5 -43
5 -70
5 -70
5 -70
5 -70
5 -70
5 -70
5 -70
5 -70
5 -70
5 -70
5 -70
5 -71
5 -70
5 -70
5 -70
5 -70
5 -70
5 -70
5 -71
5 -71
5 -71
5 -71
5 -71
5 -71
5 -71
5 -72
5 -72
5 -72
5 -71
5 -70
5 -70
5 -71
5 -71
5 -72
5 -72
5 -72
5 -72
5 -72
5 -72
5 -72
5 -72
5 -72
5 -71
5 -71
5 -70
5 -71
5 -65
5 -70
5 -71
5 -70
5 -70
5 -70
5 -70
5 -70
5 -71
5 -71
5 -71
5 -70
5 -71
5 -71
5 -70
5 -71
5 -70
5 -71
5 -71
5 -71
5 -71
5 -72
5 -65
5 -72
5 -72
5 -71
5 -71
5 -72
5 -72
5 -74
5 -71
5 -72
5 -71
5 -73
5 -75
5 -83
5 -84
5 -84
5 -84
5 -76
5 -74
5 -72
5 -70
5 -70
5 -71
5 -75
5 -76
5 -78
5 -77
5 -75
5 -74
5 -75
5 -75
5 -74
5 -76
5 -53
5 -78
5 -78
5 -78
5 -79
5 -83
5 -82
5 -81
5 -81
5 -80
5 -64
5 -78
5 -77
5 -78
5 -78
5 -78
5 -78
5 -78
5 -78
5 -78
5 -78
5 -78
5 -78
5 -81
5 -75
5 -80
5 -80
5 -79
5 -79
5 -72
5 -78
5 -80
5 -80
5 -80
5 -80
5 -80
5 -80
5 -80
5 -81
5 -78
5 -79
5 -78
5 -78
5 -78
5 -76
5 -76
5 -76
5 -76
5 -76
5 -76
5 -75
5 -75
5 -76
5 -76
5 -75
5 -76
5 -76
5 -76
5 -75
5 -76
5 -76
5 -76
5 -76
5 -76
5 -64
5 -76
5 -64
5 -75
5 -75
5 -76
5 -75
5 -76
5 -67
5 -76
5 -76
5 -76
5 -77
5 -76
5 -60
5 -76
5 -66
5 -76
5 -77
5 -78
5 -76
5 -76
5 -76
5 -75
5 -75
5 -75
5 -75
5 -75
5 -74
5 -74
5 -74
5 -65
5 -75
5 -74
5 -74
5 -74
5 -75
5 -74
5 -74
5 -73
5 -75
5 -74
5 -74
5 -74
5 -73
5 -74
5 -74
5 -74
5 -75
5 -76
5 -76
5 -73
5 -75
5 -75
5 -75
5 -74
5 -71
5 -76
5 -76
5 -76
5 -76
5 -76
5 -76
5 -71
5 -71
5 -72
5 -77
5 -76
5 -76
5 -75
5 -76
5 -76
5 -76
5 -75
5 -75
5 -75
5 -76
5 -76
5 -75
5 -76
5 -76
5 -77
5 -77
5 -76
5 -67
5 -76
5 -75
5 -75
5 -76
5 -75
5 -70
5 -74
5 -74
5 -75
5 -73
5 -75
5 -76
5 -76
5 -76
5 -76
5 -77
5 -76
5 -76
5 -76
5 -77
5 -77
5 -78
5 -31
5 -76
5 -76
5 -74
5 -76
5 -76
5 -75
5 -75
5 -76
5 -75
5 -75
5 -74
5 -74
5 -73
5 -73
5 -72
5 -73
5 -72
5 -73
5 -71
5 -73
5 -66
5 -73
5 -73
5 -73
5 -72
5 -66
5 -73
5 -73
5 -74
5 -74
5 -74
5 -75
5 -75
5 -75
5 -75
5 -75
5 -75
5 -74
5 -74
5 -74
5 -73
5 -74
5 -73
5 -72
5 -73
5 -73
5 -73
5 -73
5 -73
5 -73
5 -73
5 -72
5 -72
5 -73
5 -73
5 -73
5 -73
5 -73
5 -73
5 -73
5 -72
5 -72
5 -72
5 -73
5 -73
5 -73
5 -72
5 -73
5 -73
5 -73
5 -73
5 -74
5 -61
5 -74
5 -74
5 -72
5 -72
5 -71
5 -69
5 -73
5 -75
5 -75
5 -75
5 -75
5 -75
5 -75
5 -75
5 -76
5 -75
5 -76
5 -75
5 -74
5 -74
5 -74
5 -74
5 -73
5 -74
5 -66
5 -74
5 -74
5 -74
5 -74
5 -73
5 -73
5 -72
5 -72
5 -72
5 -72
5 -72
5 -72
5 -73
5 -73
5 -73
6 -76
6 -76
6 -76
6 -76
6 -73
6 -76
6 -76
6 -71
6 -76
6 -76
6 -76
6 -76
6 -76
6 -76
6 -76
6 -76
6 -76
6 -76
6 -76
6 -76
6 -76
6 -76
6 -76
6 -77
6 -74
6 -73
6 -74
6 -74
6 -74
6 -74
6 -74
6 -70
6 -74
6 -74
6 -74
6 -75
6 -75
6 -76
6 -76
6 -76
6 -76
6 -76
6 -76
6 -75
6 -75
6 -75
6 -74
6 -74
6 -73
6 -74
6 -72
6 -72
6 -72
6 -72
6 -72
6 -72
6 -72
6 -72
6 -72
6 -72
6 -72
6 -72
6 -72
6 -72
6 -72
6 -71
6 -72
6 -72
6 -72
6 -72
6 -72
6 -72
6 -72
6 -72
6 -72
6 -72
6 -72
6 -72
6 -72
6 -72
6 -72
6 -72
6 -72
6 -72
6 -72
6 -71
6 -72
6 -72
6 -72
6 -71
6 -72
6 -72
6 -72
6 -72
6 -72
6 -72
6 -72
6 -72
6 -72
6 -72
6 -72
6 -72
6 -72
6 -72
6 -72
6 -72
6 -72
6 -73
6 -73
6 -73
6 -72
6 -72
6 -72
6 -69
6 -74
6 -74
6 -74
6 -75
6 -75
6 -75
6 -75
6 -75
6 -75
6 -75
6 -75
6 -75
6 -76
6 -76
6 -76
6 -76
6 -76
6 -76
6 -76
6 -75
6 -73
6 -74
6 -74
6 -74
6 -73
6 -74
6 -74
6 -74
6 -74
6 -74
6 -74
6 -75
6 -82
6 -75
6 -74
6 -74
6 -74
6 -74
6 -74
6 -74
6 -73
6 -73
6 -73
6 -73
6 -73
6 -73
6 -73
6 -73
6 -73
6 -74
6 -74
6 -73
6 -74
6 -74
6 -73
6 -74
6 -75
6 -73
6 -74
6 -74
6 -74
6 -74
6 -74
6 -75
6 -74
6 -74
6 -74
6 -75
6 -76
6 -76
6 -75
6 -74
6 -72
6 -71
6 -72
6 -72
6 -74
6 -75
6 -76
6 -76
6 -77
6 -78
6 -77
6 -76
6 -74
6 -76
6 -78
6 -84
6 -79
6 -78
6 -79
6 -79
6 -80
6 -80
6 -81
6 -81
6 -82
6 -82
6 -83
6 -83
6 -76
6 -81
6 -81
6 -80
6 -82
6 -80
6 -80
6 -81
6 -83
6 -83
6 -66
6 -82
6 -83
6 -82
6 -82
6 -81
6 -81
6 -83
6 -81
6 -83
6 -82
6 -82
6 -81
6 -84
6 -82
6 -64
6 -82
6 -82
6 -81
6 -81
6 -82
6 -81
6 -82
6 -83
6 -83
6 -81
6 -82
6 -82
6 -81
6 -78
6 -81
6 -82
6 -82
6 -83
6 -81
6 -82
6 -83
6 -82
6 -83
6 -82
6 -81
6 -82
6 -82
6 -83
6 -83
6 -83
6 -83
6 -84
6 -84
6 -84
6 -83
6 -83
6 -83
6 -83
6 -82
6 -83
6 -82
6 -82
6 -82
6 -82
6 -82
6 -83
6 -84
6 -84
6 -83
6 -81
6 -82
6 -81
6 -82
6 -80
6 -80
6 -83
6 -83
6 -83
6 -84
6 -82
6 -83
6 -83
6 -82
6 -83
6 -83
6 -73
6 -81
6 -83
6 -81
6 -81
6 -81
6 -81
6 -81
6 -82
6 -77
6 -82
6 -82
6 -82
6 -82
6 -81
6 -82
6 -81
6 -81
6 -81
6 -81
6 -82
6 -80
6 -81
6 -81
6 -82
6 -81
6 -82
6 -82
6 -77
6 -76
6 -78
6 -80
6 -82
6 -79
6 -79
6 -79
6 -79
6 -79
6 -79
6 -79
6 -78
6 -79
6 -77
6 -79
6 -78
6 -78
6 -77
6 -79
6 -79
6 -78
6 -79
6 -79
6 -79
6 -80
6 -78
6 -79
7 -87
7 -83
7 -84
7 -88
7 -85
7 -88
7 -86
7 -85
7 -85
7 -81
7 -86
7 -83
7 -84
7 -82
7 -82
7 -83
7 -82
7 -82
7 -81
7 -81
7 -81
7 -81
7 -81
7 -80
7 -80
7 -65
7 -85
7 -83
7 -81
7 -80
7 -81
7 -72
7 -81
7 -81
7 -81
7 -80
7 -81
7 -81
7 -81
7 -81
7 -82
7 -81
7 -81
7 -79
7 -80
7 -80
7 -73
7 -80
7 -78
7 -79
7 -80
7 -80
7 -81
7 -74
7 -81
7 -81
7 -82
7 -82
7 -83
7 -83
7 -83
7 -84
7 -83
7 -83
7 -84
7 -84
7 -84
7 -84
7 -84
7 -84
7 -84
7 -84
7 -78
7 -85
7 -85
7 -85
7 -73
7 -81
7 -82
7 -82
7 -83
7 -83
7 -72
7 -83
7 -84
7 -83
7 -77
7 -83
7 -84
7 -84
7 -80
7 -82
7 -81
7 -79
7 -80
7 -80
7 -82
7 -79
7 -82
7 -80
7 -80
7 -80
7 -81
7 -78
7 -78
7 -80
7 -78
7 -76
7 -79
7 -78
7 -80
8 -84
8 -83
8 -86
8 -84
8 -79
8 -80
8 -84
8 -79
8 -81
8 -79
8 -78
8 -79
8 -79
8 -78
8 -78
8 -78
8 -77
8 -70
8 -77
8 -79
8 -80
8 -81
8 -79
8 -78
8 -30
8 -70
8 -78
8 -78
8 -78
8 -78
8 -78
8 -79
8 -81
8 -79
8 -76
8 -78
8 -78
8 -77
8 -77
8 -77
8 -77
8 -77
8 -77
8 -77
8 -74
8 -77
8 -76
8 -77
8 -78
8 -78
8 -79
8 -80
8 -84
8 -83
8 -82
8 -82
8 -81
8 -81
8 -75
8 -81
8 -81
8 -81
8 -81
8 -81
8 -80
8 -82
8 -82
8 -82
8 -79
8 -67
8 -78
8 -78
8 -76
8 -77
8 -78
8 -77
8 -78
8 -78
8 -78
8 -78
8 -79
8 -81
8 -82
8 -83
8 -31
8 -83
8 -78
8 -84
8 -84
8 -84
8 -73
8 -82
8 -82
8 -76
8 -72
8 -82
8 -82
8 -81
8 -81
8 -81
8 -80
8 -80
8 -80
8 -79
8 -80
8 -80
8 -80
8 -79
8 -81
8 -79
8 -78
8 -78
8 -78
8 -68
8 -77
8 -78
8 -78
8 -80
8 -80
8 -80
8 -79
8 -65
8 -80
8 -80
8 -80
8 -79
8 -79
8 -78
8 -78
8 -78
8 -78
8 -77
8 -78
8 -77
8 -77
8 -76
8 -77
8 -78
8 -78
8 -77
8 -78
8 -77
8 -76
8 -77
8 -77
8 -74
8 -76
8 -78
8 -78
8 -79
8 -79
8 -80
8 -80
8 -81
8 -81
8 -81
8 -82
8 -82
8 -81
8 -72
8 -79
8 -78
8 -77
8 -78
8 -78
8 -78
8 -79
8 -80
8 -78
8 -77
8 -79
8 -80
8 -78
8 -80
8 -81
8 -82
8 -83
8 -82
8 -81
8 -81
8 -81
8 -64
8 -80
8 -73
8 -80
8 -79
8 -79
8 -80
8 -80
8 -82
8 -80
8 -80
8 -79
8 -83
8 -82
8 -82
8 -83
8 -82
8 -63
8 -82
8 -83
8 -83
8 -82
8 -84
8 -83
8 -83
8 -82
8 -83
9 -85
9 -84
9 -82
9 -80
9 -83
9 -83
9 -83
9 -72
9 -84
9 -83
9 -85
9 -84
9 -84
9 -82
9 -84
9 -84
9 -79
9 -85
9 -85
9 -84
9 -84
9 -79
9 -84
9 -83
9 -84
9 -84
9 -84
9 -84
9 -76
9 -85
9 -84
9 -84
9 -84
9 -83
9 -85
9 -85
9 -83
9 -81
9 -84
9 -85
9 -86
9 -83
9 -84
9 -85
9 -85
9 -85
9 -84
9 -83
9 -80
9 -79
9 -79
9 -80
9 -80
9 -80
9 -73
9 -80
9 -80
9 -80
9 -84
9 -85
9 -84
9 -82
9 -84
9 -84
9 -84
9 -85
9 -85
9 -85
9 -78
9 -85
9 -84
9 -71
9 -88
9 -86
9 -84
9 -85
9 -85
9 -86
9 -85
9 -87
9 -78
9 -86
9 -85
9 -84
9 -85
9 -86
9 -86
9 -89
10 -83
10 -84
10 -84
10 -76
10 -84
10 -84
10 -85
10 -84
10 -83
10 -85
10 -79
10 -66
10 -81
10 -80
10 -81
10 -81
10 -81
10 -81
10 -83
10 -66
10 -81
10 -80
10 -81
10 -80
10 -80
10 -84
10 -83
10 -83
10 -83
10 -82
10 -84
10 -83
10 -78
10 -84
10 -83
10 -83
10 -84
10 -80
10 -68
10 -83
10 -83
10 -84
10 -84
10 -83
10 -84
10 -83
10 -83
10 -84
10 -84
10 -83
10 -83
10 -82
10 -82
10 -78
10 -70
10 -83
10 -83
10 -83
10 -82
10 -82
10 -82
10 -81
10 -82
10 -82
10 -81
10 -83
10 -83
10 -83
10 -82
10 -82
10 -84
10 -86
10 -85
10 -83
10 -84
10 -84
10 -84
10 -83
10 -84
10 -85
10 -84
10 -85
10 -83
10 -84
10 -85
10 -84
10 -84
10 -86
10 -84
10 -83
10 -83
10 -82
10 -85
11 -64
11 -81
11 -82
11 -81
11 -82
11 -83
11 -78
11 -82
11 -81
11 -81
11 -84
11 -86
11 -81
11 -80
11 -79
11 -78
11 -64
11 -79
11 -78
11 -79
11 -80
11 -74
11 -80
11 -79
11 -80
11 -79
11 -78
11 -78
11 -79
11 -78
11 -77
11 -79
11 -79
11 -79
11 -79
11 -79
11 -78
11 -79
11 -79
11 -78
11 -79
11 -80
11 -78
11 -79
11 -80
11 -76
11 -77
11 -76
11 -77
11 -62
11 -76
11 -76
11 -75
11 -75
11 -74
11 -74
11 -74
11 -74
11 -54
11 -73
11 -73
11 -73
11 -72
11 -73
11 -73
11 -73
11 -74
11 -74
11 -74
11 -74
11 -75
11 -75
11 -76
11 -77
11 -77
11 -78
11 -78
11 -80
11 -80
11 -79
11 -79
11 -79
11 -78
11 -78
11 -78
11 -78
11 -78
11 -78
11 -80
11 -79
11 -78
11 -78
11 -78
11 -78
11 -78
11 -78
11 -78
11 -77
11 -78
11 -76
11 -77
11 -78
11 -76
11 -75
11 -80
11 -81
11 -76
11 -77
11 -73
11 -76
11 -76
11 -75
11 -75
11 -74
11 -76
11 -78
11 -81
11 -83
11 -83
11 -81
11 -82
11 -82
11 -82
11 -61
11 -82
11 -82
11 -82
11 -82
11 -82
11 -82
11 -82
11 -83
11 -82
11 -83
11 -81
11 -81
11 -83
11 -82
11 -68
11 -82
11 -81
11 -79
11 -81
11 -81
11 -79
11 -78
11 -81
11 -79
11 -81
11 -79
11 -79
11 -77
11 -81
11 -80
11 -79
11 -74
11 -78
11 -79
11 -80
11 -79
11 -72
11 -80
11 -82
11 -82
11 -81
11 -82
11 -84
11 -73
11 -88
11 -83
11 -80
11 -76
11 -80
11 -82
11 -81
11 -82
11 -83
11 -83
11 -82
11 -82
11 -83
11 -82
11 -83
11 -83
11 -83
11 -81
11 -83
11 -84
11 -85
11 -87
11 -84
11 -81
11 -82
11 -79
11 -79
11 -80
11 -80
11 -80
11 -80
11 -80
11 -79
11 -80
11 -61
11 -80
11 -80
11 -79
11 -80
11 -78
11 -77
11 -78
11 -79
11 -78
11 -78
11 -78
11 -80
11 -80
11 -80
11 -79
11 -77
11 -80
11 -81
11 -81
11 -81
11 -81
11 -73
11 -82
11 -81
11 -80
11 -79
11 -78
11 -78
11 -78
11 -80
11 -78
11 -79
11 -79
11 -77
11 -78
11 -78
11 -80
11 -79
11 -79
11 -80
11 -80
11 -82
11 -79
11 -82
11 -80
11 -78
11 -80
11 -80
11 -83
11 -81
11 -81
11 -82
11 -83
11 -82
11 -82
11 -81
11 -80
11 -82
11 -80
11 -81
11 -82
11 -83
11 -83
11 -82
11 -82
11 -82
11 -82
11 -82
11 -82
11 -82
11 -83
11 -83
11 -83
11 -81
11 -82
11 -83
11 -82
11 -82
11 -82
11 -84
11 -79
11 -84
11 -82
11 -85
12 -73
12 -72
12 -74
12 -73
12 -74
12 -73
12 -73
12 -73
12 -73
12 -73
12 -73
12 -73
12 -74
12 -73
12 -73
12 -73
12 -73
12 -73
12 -72
12 -73
12 -73
12 -73
12 -72
12 -72
12 -58
12 -76
12 -76
12 -77
12 -77
12 -76
12 -74
12 -75
12 -77
12 -76
12 -78
12 -85
12 -84
12 -84
12 -84
12 -80
12 -85
12 -82
12 -84
12 -80
12 -80
12 -78
12 -78
12 -77
12 -76
12 -76
12 -76
12 -76
12 -76
12 -76
12 -76
12 -76
12 -76
12 -76
12 -76
12 -76
12 -76
12 -76
12 -76
12 -76
12 -76
12 -76
12 -75
12 -76
12 -75
12 -76
12 -76
12 -76
12 -76
12 -76
12 -76
12 -76
12 -76
12 -76
12 -76
12 -69
12 -76
12 -76
12 -77
12 -78
12 -77
12 -77
12 -76
12 -76
12 -75
12 -76
12 -70
12 -76
12 -76
12 -76
12 -74
12 -76
12 -76
12 -75
12 -73
12 -73
12 -74
12 -64
12 -70
12 -73
12 -74
12 -72
12 -74
12 -73
12 -70
12 -74
12 -74
12 -74
12 -74
12 -74
12 -74
12 -74
12 -74
12 -75
12 -75
12 -75
12 -75
12 -75
12 -75
12 -73
12 -74
12 -74
12 -74
12 -73
12 -73
12 -73
12 -73
12 -58
12 -74
12 -75
12 -73
12 -73
12 -74
12 -74
12 -76
12 -73
12 -74
12 -73
12 -79
12 -76
12 -79
12 -78
12 -76
12 -71
12 -75
12 -75
12 -75
12 -73
12 -72
12 -71
12 -74
12 -78
12 -79
12 -78
12 -77
12 -78
12 -81
12 -81
12 -74
12 -72
12 -72
12 -71
12 -72
12 -61
12 -81
12 -73
12 -73
12 -73
12 -73
12 -73
12 -73
12 -73
12 -73
12 -73
12 -73
12 -73
12 -72
12 -72
12 -73
12 -72
12 -72
12 -72
12 -72
12 -72
12 -73
12 -72
12 -75
12 -74
12 -75
12 -74
12 -75
12 -75
12 -75
12 -74
12 -74
12 -72
12 -72
12 -70
12 -70
12 -71
12 -72
12 -71
12 -72
12 -72
12 -72
12 -72
12 -72
12 -72
12 -72
12 -73
12 -73
12 -72
12 -81
12 -73
12 -72
12 -72
12 -72
12 -73
12 -72
12 -72
12 -72
12 -72
12 -73
12 -73
12 -74
12 -73
12 -73
12 -73
12 -73
12 -73
12 -73
12 -74
12 -74
12 -74
12 -74
12 -75
12 -75
12 -76
12 -76
12 -76
12 -76
12 -76
12 -67
12 -76
12 -76
12 -75
12 -76
12 -76
12 -65
12 -76
12 -76
12 -76
12 -76
12 -66
12 -76
12 -73
12 -76
12 -76
12 -76
12 -74
12 -75
12 -74
12 -73
12 -74
12 -74
12 -73
12 -74
12 -73
12 -74
12 -73
12 -73
12 -74
12 -74
12 -74
12 -74
12 -72
12 -74
12 -74
12 -75
12 -74
12 -75
12 -74
12 -75
12 -61
12 -75
12 -75
12 -75
12 -75
12 -59
12 -74
12 -74
12 -73
12 -74
12 -73
12 -73
12 -73
12 -73
12 -73
12 -72
12 -72
12 -72
12 -73
12 -73
12 -73
12 -73
12 -74
12 -73
12 -73
12 -73
12 -73
12 -71
12 -73
12 -73
12 -73
12 -66
12 -74
12 -73
12 -72
12 -71
12 -72
12 -72
12 -71
12 -72
12 -69
12 -72
12 -72
12 -71
12 -72
12 -72
12 -72
12 -73
12 -74
12 -74
12 -74
12 -74
12 -75
12 -75
12 -74
12 -75
12 -74
12 -75
12 -74
12 -73
12 -74
12 -62
12 -75
12 -73
12 -74
12 -67
12 -73
12 -72
12 -72
12 -73
12 -73
12 -73
12 -66
12 -74
12 -73
12 -72
12 -72
12 -72
12 -72
12 -72
12 -71
12 -72
12 -72
12 -72
12 -72
12 -73
12 -72
12 -73
12 -73
12 -72
12 -72
12 -73
12 -73
12 -73
12 -74
12 -74
12 -73
12 -74
12 -74
12 -74
12 -74
12 -75
12 -74
12 -74
12 -74
12 -74
12 -64
12 -74
12 -73
12 -71
12 -73
12 -73
12 -73
12 -73
12 -72
12 -72
12 -73
12 -72
12 -72
12 -73
12 -73
12 -73
12 -73
12 -73
12 -73
12 -73
12 -73
12 -66
12 -74
12 -74
12 -74
12 -75
12 -76
12 -76
12 -76
12 -77
12 -77
12 -73
12 -73
12 -74
12 -75
12 -74
12 -74
12 -74
12 -74
12 -75
12 -75
12 -75
12 -75
12 -75
12 -75
12 -75
12 -74
12 -75
12 -75
12 -75
12 -76
12 -74
12 -76
12 -76
12 -76
12 -76
13 -83
13 -82
13 -73
13 -82
13 -81
13 -82
13 -81
13 -81
13 -82
13 -81
13 -82
13 -82
13 -75
13 -83
13 -83
13 -83
13 -83
13 -84
13 -83
13 -83
13 -81
13 -81
13 -80
13 -74
13 -76
13 -72
13 -81
13 -82
13 -80
13 -82
13 -82
13 -83
13 -84
13 -84
13 -84
13 -84
13 -85
13 -84
13 -84
13 -84
13 -85
13 -85
13 -75
13 -82
13 -82
13 -81
13 -75
13 -80
13 -81
13 -80
13 -81
13 -81
13 -84
13 -78
13 -83
13 -80
13 -78
13 -78
13 -77
13 -69
13 -76
13 -76
13 -67
13 -76
13 -76
13 -76
13 -76
13 -77
13 -79
13 -79
13 -79
13 -79
13 -79
13 -79
13 -79
13 -80
13 -79
13 -79
13 -79
13 -78
13 -79
13 -78
13 -78
13 -78
13 -76
13 -76
13 -75
13 -76
13 -76
13 -76
13 -76
13 -76
13 -75
13 -75
13 -68
13 -76
13 -76
13 -78
13 -77
13 -78
13 -78
13 -78
13 -77
13 -78
13 -78
13 -77
13 -78
13 -79
13 -76
13 -72
13 -79
13 -68
13 -78
13 -78
13 -78
13 -78
13 -77
13 -76
13 -76
13 -76
13 -76
13 -76
13 -76
13 -72
13 -77
13 -77
13 -77
13 -76
13 -76
13 -78
13 -77
13 -70
13 -77
13 -77
13 -77
13 -77
13 -77
13 -78
13 -78
13 -79
13 -79
13 -80
13 -80
13 -78
13 -80
13 -80
13 -80
13 -81
13 -82
13 -80
13 -80
13 -79
13 -79
13 -77
13 -79
13 -78
13 -78
13 -79
13 -80
13 -81
13 -80
13 -81
13 -80
13 -82
13 -82
13 -82
13 -82
13 -81
13 -80
13 -80
13 -78
13 -79
13 -78
13 -79
13 -75
13 -78
13 -79
13 -79
13 -79
13 -79
13 -78
13 -78
13 -78
13 -78
13 -78
13 -78
13 -79
13 -78
13 -78
13 -78
13 -78
13 -78
13 -78
13 -64
13 -79
13 -79
13 -75
13 -79
13 -79
13 -64
13 -78
13 -71
13 -78
13 -77
13 -77
13 -77
13 -77
13 -77
13 -77
13 -77
13 -78
13 -78
13 -77
13 -79
13 -61
13 -78
13 -78
13 -78
13 -78
13 -78
13 -78
13 -78
13 -77
13 -78
13 -78
13 -78
13 -79
13 -79
13 -78
13 -78
13 -78
13 -78
13 -78
13 -79
13 -77
13 -80
13 -80
13 -78
13 -78
13 -78
13 -78
13 -78
13 -78
13 -78
13 -79
13 -78
13 -77
13 -79
13 -80
13 -80
13 -79
13 -79
13 -79
13 -78
13 -78
13 -78
13 -78
13 -78
13 -77
13 -78
13 -77
13 -77
13 -77
13 -77
13 -77
13 -78
13 -78
13 -78
13 -78
13 -79
13 -79
13 -79
13 -79
13 -79
13 -79
13 -81
13 -80
13 -79
13 -80
13 -80
13 -80
13 -79
13 -79
13 -79
13 -80
13 -80
13 -77
13 -80
13 -79
13 -79
13 -79
13 -78
13 -79
13 -80
13 -83
13 -78
13 -81
13 -82
13 -83
13 -82
13 -82
13 -81
13 -80
13 -80
13 -80
13 -83
13 -82
13 -82
13 -82
13 -80
14 -73
14 -73
14 -73
14 -74
14 -74
14 -74
14 -74
14 -74
14 -75
14 -74
14 -74
14 -73
14 -73
14 -73
14 -72
14 -72
14 -72
14 -75
14 -75
14 -75
14 -75
14 -74
14 -73
14 -72
14 -72
14 -71
14 -70
14 -70
14 -70
14 -70
14 -70
14 -70
14 -70
14 -70
14 -73
14 -74
14 -69
14 -69
14 -70
14 -70
14 -70
14 -70
14 -70
14 -70
14 -70
14 -70
14 -70
14 -70
14 -70
14 -71
14 -70
14 -70
14 -71
14 -70
14 -71
14 -70
14 -71
14 -72
14 -72
14 -72
14 -72
14 -72
14 -72
14 -72
14 -72
14 -72
14 -72
14 -72
14 -71
14 -72
14 -71
14 -72
14 -72
14 -72
14 -72
14 -71
14 -72
14 -72
14 -72
14 -72
14 -71
14 -72
14 -72
14 -72
14 -72
14 -72
14 -69
14 -69
14 -72
14 -72
14 -72
14 -73
14 -73
14 -72
14 -72
14 -73
14 -73
14 -72
14 -71
14 -73
14 -73
14 -73
14 -74
14 -73
14 -73
14 -73
14 -73
14 -73
14 -71
14 -71
14 -71
14 -71
14 -70
14 -70
14 -70
14 -70
14 -71
14 -72
14 -73
14 -73
14 -74
14 -74
14 -75
14 -75
14 -75
14 -76
14 -76
14 -76
14 -76
14 -76
14 -76
14 -77
14 -76
14 -76
14 -70
14 -76
14 -76
14 -76
14 -76
14 -76
14 -76
14 -76
14 -75
14 -75
14 -75
14 -75
14 -75
14 -75
14 -76
14 -76
14 -76
14 -76
14 -76
14 -75
14 -76
14 -76
14 -76
14 -75
14 -76
14 -76
14 -76
14 -76
14 -76
14 -76
14 -76
14 -76
14 -76
14 -76
14 -75
14 -74
14 -75
14 -81
14 -84
14 -76
14 -75
14 -75
14 -76
14 -78
14 -79
14 -83
14 -82
14 -82
14 -77
14 -76
14 -78
14 -82
14 -76
14 -74
14 -73
14 -72
14 -72
14 -72
14 -74
14 -73
14 -72
14 -72
14 -72
14 -72
14 -72
14 -72
14 -72
14 -72
14 -72
14 -72
14 -72
14 -72
14 -73
14 -72
14 -72
14 -72
14 -72
14 -72
14 -72
14 -72
14 -72
14 -72
14 -70
14 -72
14 -72
14 -72
14 -73
14 -72
14 -71
14 -70
14 -72
14 -72
14 -72
14 -69
14 -72
14 -72
14 -73
14 -74
14 -74
14 -74
14 -73
14 -74
14 -73
14 -72
14 -72
14 -73
14 -72
14 -72
14 -72
14 -72
14 -72
14 -72
14 -73
14 -73
14 -73
14 -72
14 -72
14 -72
14 -72
14 -72
14 -73
14 -73
14 -73
14 -74
14 -74
14 -74
14 -75
14 -76
14 -76
14 -76
14 -75
14 -74
14 -74
14 -73
14 -73
14 -72
14 -71
14 -67
14 -72
14 -72
14 -71
14 -73
14 -72
14 -72
14 -68
14 -72
14 -72
14 -72
14 -71
14 -71
14 -71
14 -72
14 -72
14 -72
14 -72
14 -72
14 -72
14 -72
14 -72
14 -71
14 -72
14 -72
14 -72
14 -72
14 -72
14 -72
14 -72
14 -72
14 -72
14 -72
14 -72
14 -72
14 -72
14 -72
14 -72
14 -72
14 -72
14 -72
14 -73
14 -72
14 -72
14 -71
14 -72
14 -72
14 -72
14 -72
14 -73
14 -72
14 -72
14 -72
14 -72
14 -72
14 -72
14 -71
14 -72
14 -72
14 -70
14 -71
14 -70
14 -71
14 -71
14 -70
14 -70
14 -72
14 -72
14 -72
14 -72
14 -72
14 -72
14 -72
14 -72
14 -72
14 -72
14 -69
14 -72
14 -72
14 -72
14 -72
14 -72
14 -72
14 -71
14 -72
14 -72
14 -72
14 -72
14 -72
14 -64
14 -72
14 -72
14 -72
14 -72
14 -72
14 -72
14 -72
14 -72
14 -72
14 -72
14 -72
14 -72
14 -72
14 -72
14 -72
14 -72
14 -72
14 -72
14 -72
14 -72
14 -64
14 -72
14 -72
14 -72
14 -80
14 -72
14 -72
14 -72
14 -72
14 -71
14 -72
14 -72
14 -72
14 -71
14 -72
14 -71
14 -71
14 -71
14 -71
14 -71
14 -71
14 -72
14 -72
14 -72
14 -72
14 -72
14 -72
14 -72
14 -72
14 -72
14 -72
14 -72
14 -65
14 -72
14 -73
14 -73
14 -64
14 -72
14 -72
14 -72
14 -72
14 -72
14 -72
14 -73
14 -72
14 -73
14 -73
14 -72
14 -72
14 -71
14 -72
14 -72
14 -72
14 -72
14 -72
14 -72
14 -30
14 -72
14 -72
14 -81
14 -73
14 -73
14 -73
14 -73
14 -73
14 -73
14 -73
14 -73
14 -72
14 -70
14 -72
14 -72
14 -72
14 -72
14 -72
14 -73
14 -76
14 -76
14 -76
14 -76
14 -73
14 -78
14 -78
14 -77
14 -76
14 -76
14 -76
14 -76
14 -76
14 -76
14 -76
14 -76
14 -76
14 -76
14 -74
14 -77
14 -76
14 -76
14 -75
14 -76
14 -75
14 -76
14 -76
14 -76
14 -76
14 -76
14 -75
14 -76
14 -76
14 -76
14 -76
14 -76
14 -75
14 -76
14 -75
14 -74
14 -74
14 -74
14 -73
14 -74
15 -76
15 -76
15 -76
15 -74
15 -82
15 -75
15 -75
15 -75
15 -75
15 -76
15 -75
15 -75
15 -75
15 -76
15 -76
15 -72
15 -76
15 -76
15 -76
15 -76
15 -76
15 -75
15 -71
15 -70
15 -70
15 -75
15 -67
15 -72
15 -67
15 -67
15 -67
15 -68
15 -69
15 -69
15 -69
15 -68
15 -68
15 -70
15 -69
15 -68
15 -69
15 -70
15 -72
15 -75
15 -76
15 -78
15 -78
15 -81
15 -83
15 -81
15 -73
15 -74
15 -77
15 -78
15 -79
15 -79
15 -79
15 -79
15 -79
15 -78
15 -80
15 -80
15 -80
15 -79
15 -79
15 -79
15 -75
15 -78
15 -77
15 -76
15 -76
15 -76
15 -76
15 -71
15 -76
15 -68
15 -76
15 -76
15 -76
15 -72
15 -76
15 -76
15 -76
15 -76
15 -76
15 -76
15 -76
15 -76
15 -75
15 -75
15 -76
15 -75
15 -74
15 -74
15 -76
15 -75
15 -75
15 -75
15 -75
15 -76
15 -74
15 -74
15 -74
15 -73
15 -73
15 -73
15 -73
15 -72
15 -70
15 -71
15 -70
15 -70
15 -69
15 -69
15 -69
15 -69
15 -69
15 -68
15 -69
15 -69
15 -69
15 -69
15 -69
15 -30
15 -70
15 -71
15 -72
15 -72
15 -72
15 -72
15 -72
15 -72
15 -72
15 -73
15 -73
15 -72
15 -72
15 -72
15 -72
15 -72
15 -72
15 -72
15 -72
15 -72
15 -72
15 -72
15 -72
15 -72
15 -73
15 -73
15 -73
15 -72
15 -73
15 -73
15 -74
15 -73
15 -74
15 -73
15 -73
15 -73
15 -72
15 -72
15 -72
15 -72
15 -72
15 -72
15 -71
15 -72
15 -71
15 -71
15 -62
15 -71
15 -71
15 -72
15 -72
15 -72
15 -68
15 -71
15 -73
15 -71
15 -72
15 -72
15 -74
15 -73
15 -72
15 -70
15 -71
15 -72
15 -73
15 -74
15 -76
15 -74
15 -78
15 -73
15 -72
15 -72
15 -68
15 -64
15 -64
15 -63
15 -62
15 -61
15 -61
15 -60
15 -60
15 -60
15 -62
15 -62
15 -62
15 -62
15 -62
15 -62
15 -62
15 -62
15 -62
15 -62
15 -62
15 -62
15 -62
15 -62
15 -62
15 -62
15 -62
15 -62
15 -62
15 -62
15 -62
15 -62
15 -62
15 -62
15 -62
15 -62
15 -62
15 -62
15 -61
15 -61
15 -61
15 -61
15 -61
15 -61
15 -61
15 -62
15 -61
15 -61
15 -61
15 -62
15 -62
15 -62
15 -62
15 -62
15 -62
15 -62
15 -62
15 -62
15 -62
15 -61
15 -62
15 -61
15 -61
15 -61
15 -61
15 -61
15 -61
15 -61
15 -61
15 -61
15 -60
15 -60
15 -60
15 -60
15 -60
15 -60
15 -60
15 -60
15 -60
15 -60
15 -60
15 -60
15 -60
15 -60
15 -60
15 -60
15 -60
15 -60
15 -60
15 -60
15 -60
15 -60
15 -60
15 -60
15 -60
15 -60
15 -60
15 -60
15 -60
15 -60
15 -60
15 -60
15 -61
15 -61
15 -61
15 -61
15 -61
15 -60
15 -61
15 -61
15 -61
15 -61
15 -61
15 -61
15 -61
15 -61
15 -61
15 -61
15 -61
15 -61
15 -60
15 -60
15 -60
15 -60
15 -60
15 -60
15 -60
15 -60
15 -60
15 -59
15 -60
15 -60
15 -60
15 -60
15 -60
15 -60
15 -60
15 -60
15 -59
15 -59
15 -59
15 -59
15 -59
15 -59
15 -58
15 -58
15 -58
15 -58
15 -58
15 -58
15 -59
15 -59
15 -59
15 -60
15 -60
15 -60
15 -60
15 -60
15 -60
15 -61
15 -61
15 -61
15 -60
15 -61
15 -61
15 -61
15 -61
15 -61
15 -61
15 -61
15 -61
15 -61
15 -61
15 -61
15 -61
15 -61
15 -61
15 -61
15 -61
15 -61
15 -61
15 -61
15 -61
15 -61
15 -61
15 -61
15 -61
15 -61
15 -61
15 -60
15 -61
15 -61
15 -61
15 -61
15 -61
15 -61
15 -61
15 -61
15 -61
15 -61
15 -61
15 -61
15 -60
15 -61
15 -61
15 -61
15 -61
15 -61
15 -61
15 -61
15 -62
15 -61
15 -61
15 -61
15 -61
15 -61
15 -60
15 -62
15 -62
15 -62
15 -62
15 -61
15 -60
15 -61
15 -61
15 -61
15 -61
15 -61
15 -61
15 -61
15 -61
15 -60
15 -61
15 -61
15 -61
15 -61
15 -61
15 -61
15 -61
15 -61
15 -61
15 -60
15 -61
15 -61
15 -61
15 -61
15 -61
15 -61
15 -61
15 -61
15 -61
15 -61
15 -61
15 -61
15 -61
15 -61
15 -61
15 -61
15 -61
15 -61
15 -61
15 -61
15 -60
15 -60
15 -61
15 -61
15 -60
15 -61
15 -61
15 -60
15 -60
15 -61
15 -61
15 -60
15 -61
15 -61
15 -61
15 -61
15 -61
15 -61
15 -61
15 -61
15 -61
15 -61
15 -62
15 -62
15 -63
15 -72
15 -72
15 -74
15 -64
15 -66
15 -66
15 -66
15 -66
15 -66
15 -66
15 -66
15 -66
15 -66
15 -66
15 -66
15 -66
15 -66
15 -66
15 -66
15 -66
15 -66
15 -66
15 -66
15 -66
15 -66
15 -66
15 -66
15 -66
15 -66
15 -66
15 -66
15 -66
15 -66
15 -66
15 -66
15 -66
15 -66
16 -56
16 -56
16 -56
16 -56
16 -55
16 -55
16 -55
16 -55
16 -55
16 -56
16 -55
16 -56
16 -55
16 -55
16 -55
16 -55
16 -63
16 -56
16 -56
16 -55
16 -56
16 -56
16 -57
16 -58
16 -58
16 -57
16 -58
16 -60
16 -60
16 -61
16 -62
16 -62
16 -63
16 -63
16 -63
16 -63
16 -64
16 -60
16 -62
16 -62
16 -63
16 -63
16 -62
16 -61
16 -61
16 -61
16 -61
16 -61
16 -61
16 -61
16 -62
16 -62
16 -62
16 -62
16 -62
16 -61
16 -62
16 -62
16 -62
16 -62
16 -62
16 -62
16 -61
16 -61
16 -61
16 -61
16 -61
16 -61
16 -61
16 -61
16 -61
16 -61
16 -61
16 -62
16 -62
16 -62
16 -62
16 -62
16 -62
16 -62
16 -62
16 -62
16 -62
16 -62
16 -61
16 -61
16 -62
16 -61
16 -61
16 -61
16 -62
16 -61
16 -61
16 -61
16 -61
16 -62
16 -61
16 -61
16 -61
16 -61
16 -61
16 -62
16 -61
16 -61
16 -61
16 -61
16 -61
16 -61
16 -61
16 -61
16 -61
16 -61
16 -60
16 -61
16 -61
16 -61
16 -61
16 -62
16 -63
16 -63
16 -64
16 -64
16 -64
16 -64
16 -64
16 -64
16 -64
16 -64
16 -64
16 -65
16 -65
16 -65
16 -65
16 -65
16 -65
16 -65
16 -64
16 -63
16 -62
16 -62
16 -62
16 -63
16 -63
16 -63
16 -64
16 -64
16 -64
16 -64
16 -64
16 -68
16 -64
16 -64
16 -64
16 -64
16 -63
16 -63
16 -62
16 -62
16 -62
16 -61
16 -62
16 -62
16 -62
16 -62
16 -62
16 -62
16 -62
16 -63
16 -63
16 -54
16 -63
16 -63
16 -63
16 -63
16 -63
16 -63
16 -63
16 -63
16 -63
16 -63
16 -63
16 -64
16 -63
16 -64
16 -64
16 -67
16 -64
16 -62
16 -60
16 -58
16 -58
16 -60
16 -60
16 -59
16 -59
16 -59
16 -59
16 -60
16 -60
16 -60
16 -60
16 -60
16 -59
16 -58
16 -60
16 -63
16 -66
16 -64
16 -60
16 -58
16 -58
16 -58
16 -59
16 -61
16 -62
16 -61
16 -63
16 -61
16 -62
16 -63
16 -63
16 -63
16 -63
16 -63
16 -63
16 -63
16 -63
16 -63
16 -63
16 -64
16 -63
16 -62
16 -62
16 -62
16 -63
16 -63
16 -63
16 -63
16 -64
16 -63
16 -63
16 -63
16 -63
16 -63
16 -63
16 -63
16 -63
16 -63
16 -63
16 -63
16 -61
16 -63
16 -62
16 -63
16 -62
16 -63
16 -62
16 -63
16 -62
16 -62
16 -62
16 -62
16 -61
16 -61
16 -61
16 -61
16 -61
16 -61
16 -61
16 -62
16 -62
16 -62
16 -62
16 -62
16 -63
16 -64
16 -64
16 -65
16 -65
16 -65
16 -64
16 -64
16 -64
16 -64
16 -64
16 -64
16 -64
16 -64
16 -64
16 -64
16 -64
16 -63
16 -64
16 -64
16 -64
16 -64
16 -64
16 -64
16 -65
16 -65
16 -64
16 -66
16 -65
16 -66
16 -66
16 -66
16 -63
16 -63
16 -62
16 -63
16 -63
16 -63
16 -63
16 -63
16 -63
16 -63
16 -64
16 -64
16 -63
16 -64
16 -65
16 -66
16 -66
16 -67
16 -67
16 -68
16 -67
16 -67
16 -67
16 -67
16 -67
16 -67
16 -67
16 -67
16 -66
16 -66
16 -67
16 -66
16 -66
16 -66
16 -66
16 -66
16 -66
16 -65
16 -65
16 -64
16 -65
16 -65
16 -65
16 -65
16 -65
16 -65
16 -65
16 -66
16 -66
16 -66
16 -66
16 -66
16 -66
16 -66
16 -66
16 -65
16 -66
16 -66
16 -66
16 -65
16 -65
16 -65
16 -65
16 -65
16 -65
16 -65
16 -66
16 -66
16 -66
16 -64
16 -64
16 -64
16 -64
16 -64
16 -64
16 -64
16 -63
16 -63
16 -64
16 -64
16 -64
16 -64
16 -65
16 -66
16 -65
16 -64
16 -64
16 -64
16 -64
16 -63
16 -63
16 -63
16 -63
16 -63
16 -62
16 -63
16 -63
16 -63
16 -63
16 -63
16 -63
16 -62
16 -62
16 -63
16 -63
16 -63
16 -63
16 -63
16 -63
16 -63
16 -63
16 -64
16 -64
16 -64
16 -64
16 -63
16 -65
16 -66
16 -68
16 -67
16 -66
16 -66
16 -66
16 -66
16 -66
16 -66
16 -65
16 -64
16 -64
16 -64
16 -64
16 -64
16 -64
16 -64
16 -64
16 -64
16 -64
16 -64
16 -64
16 -64
16 -64
16 -65
16 -66
16 -66
16 -67
16 -67
16 -68
16 -68
16 -68
16 -68
16 -68
16 -68
16 -68
16 -68
16 -68
16 -68
16 -68
16 -68
16 -68
16 -67
16 -67
16 -68
16 -67
16 -67
16 -66
16 -63
16 -66
16 -66
16 -64
16 -62
16 -72
16 -64
16 -58
16 -56
16 -56
16 -57
16 -57
16 -57
16 -56
16 -56
16 -56
16 -56
16 -56
16 -56
16 -56
16 -56
16 -56
16 -56
16 -56
16 -57
16 -57
16 -57
16 -57
16 -56
16 -56
16 -56
16 -57
16 -57
16 -56
16 -57
16 -57
16 -57
16 -57
16 -57
16 -57
16 -57
16 -57
16 -57
16 -57
16 -57
17 -66
17 -60
17 -66
17 -66
17 -66
17 -66
17 -66
17 -66
17 -66
17 -66
17 -66
17 -66
17 -66
17 -66
17 -66
17 -64
17 -64
17 -66
17 -66
17 -66
17 -66
17 -66
17 -66
17 -66
17 -64
17 -65
17 -67
17 -68
17 -67
17 -66
17 -66
17 -64
17 -59
17 -64
17 -64
17 -64
17 -64
17 -64
17 -64
17 -64
17 -64
17 -64
17 -64
17 -64
17 -64
17 -66
17 -66
17 -66
17 -67
17 -66
17 -66
17 -66
17 -67
17 -67
17 -67
17 -68
17 -68
17 -69
17 -69
17 -68
17 -68
17 -68
17 -67
17 -67
17 -67
17 -67
17 -67
17 -68
17 -68
17 -68
17 -68
17 -68
17 -69
17 -69
17 -69
17 -68
17 -69
17 -30
17 -69
17 -69
17 -69
17 -69
17 -69
17 -69
17 -69
17 -69
17 -70
17 -70
17 -70
17 -70
17 -70
17 -70
17 -70
17 -70
17 -70
17 -70
17 -70
17 -70
17 -70
17 -70
17 -70
17 -70
17 -70
17 -71
17 -71
17 -71
17 -71
17 -72
17 -72
17 -71
17 -72
17 -72
17 -71
17 -70
17 -70
17 -70
17 -70
17 -70
17 -69
17 -70
17 -70
17 -69
17 -69
17 -69
17 -69
17 -69
17 -69
17 -69
17 -69
17 -69
17 -70
17 -70
17 -70
17 -70
17 -70
17 -70
17 -69
17 -70
17 -70
17 -70
17 -70
17 -70
17 -70
17 -70
17 -70
17 -70
17 -70
17 -70
17 -70
17 -70
17 -70
17 -70
17 -70
17 -72
17 -71
17 -72
17 -72
17 -72
17 -71
17 -68
17 -71
17 -70
17 -71
17 -70
17 -70
17 -70
17 -70
17 -70
17 -70
17 -70
17 -69
17 -70
17 -69
17 -66
17 -65
17 -68
17 -68
17 -69
17 -69
17 -68
17 -67
17 -67
17 -66
17 -67
17 -67
17 -68
17 -67
17 -67
17 -67
17 -67
17 -66
17 -66
17 -65
17 -64
17 -65
17 -66
17 -65
17 -65
17 -64
17 -64
17 -64
17 -64
17 -64
17 -64
17 -65
17 -65
17 -65
17 -65
17 -66
17 -65
17 -65
17 -65
17 -66
17 -65
17 -66
17 -66
17 -66
17 -65
17 -65
17 -65
17 -64
17 -65
17 -65
17 -65
17 -65
17 -64
17 -65
17 -64
17 -64
17 -65
17 -65
17 -65
17 -72
17 -64
17 -62
17 -64
17 -65
17 -65
17 -65
17 -64
17 -64
17 -65
17 -65
17 -65
17 -65
17 -65
17 -65
17 -65
17 -66
17 -66
17 -66
17 -65
17 -66
17 -66
17 -66
17 -66
17 -65
17 -64
17 -65
17 -64
17 -65
17 -65
17 -65
17 -64
17 -64
17 -64
17 -64
17 -64
17 -64
17 -64
17 -64
17 -64
17 -65
17 -64
17 -64
17 -65
17 -64
17 -64
17 -64
17 -64
17 -64
17 -64
17 -65
17 -65
17 -64
17 -65
17 -65
17 -65
17 -64
17 -64
17 -65
17 -65
17 -65
17 -66
17 -66
17 -66
17 -66
17 -66
17 -66
17 -66
17 -66
17 -66
17 -66
17 -66
17 -66
17 -65
17 -65
17 -65
17 -65
17 -64
17 -65
17 -65
17 -30
17 -64
17 -64
17 -64
17 -64
17 -64
17 -64
17 -64
17 -64
17 -65
17 -64
17 -64
17 -64
17 -64
17 -64
17 -64
17 -64
17 -64
17 -64
17 -64
17 -64
17 -64
17 -64
17 -64
17 -64
17 -64
17 -64
17 -64
17 -64
17 -64
17 -64
17 -64
17 -64
17 -65
17 -64
17 -64
17 -64
17 -64
17 -65
17 -64
17 -64
17 -65
17 -65
17 -65
17 -65
17 -65
17 -65
17 -65
17 -65
17 -65
17 -66
17 -65
17 -65
17 -65
17 -65
17 -66
17 -65
17 -73
17 -65
17 -65
17 -65
17 -65
17 -65
17 -65
17 -65
17 -65
17 -65
17 -65
17 -66
17 -66
17 -66
17 -66
17 -66
17 -66
17 -66
17 -66
17 -66
17 -66
17 -66
17 -66
17 -66
17 -66
17 -66
17 -65
17 -65
17 -65
17 -65
17 -65
17 -65
17 -65
17 -66
17 -65
17 -65
17 -65
17 -65
17 -65
17 -65
17 -65
17 -65
17 -65
17 -65
17 -65
17 -64
17 -64
17 -64
17 -65
17 -65
17 -64
17 -65
17 -64
17 -65
17 -65
17 -64
17 -64
17 -64
17 -64
17 -64
17 -64
17 -53
17 -64
17 -65
17 -64
17 -65
17 -64
17 -64
17 -64
17 -65
17 -30
17 -65
17 -65
17 -65
17 -65
17 -64
17 -64
17 -64
17 -64
17 -64
17 -64
17 -65
17 -64
17 -64
17 -65
17 -65
17 -65
17 -64
17 -65
17 -65
17 -65
17 -64
17 -64
17 -65
17 -66
17 -66
17 -67
17 -67
17 -69
17 -70
17 -70
17 -70
17 -70
17 -70
17 -70
17 -70
17 -70
17 -70
17 -70
17 -70
17 -70
17 -70
17 -70
17 -70
17 -69
17 -70
17 -70
17 -69
17 -70
17 -70
17 -70
17 -70
17 -70
17 -70
17 -68
17 -70
17 -70
17 -69
17 -69
18 -80
18 -84
18 -82
18 -80
18 -78
18 -78
18 -78
18 -84
18 -85
18 -84
18 -85
18 -86
18 -69
18 -85
18 -84
18 -83
18 -83
18 -83
18 -82
18 -81
18 -81
18 -82
18 -83
18 -82
18 -80
18 -82
18 -81
18 -81
18 -81
18 -81
18 -81
18 -80
18 -80
18 -80
18 -80
18 -81
18 -80
18 -80
18 -65
18 -80
18 -80
18 -80
18 -82
18 -83
18 -82
18 -83
18 -82
18 -83
18 -82
18 -82
18 -81
18 -81
18 -80
18 -79
18 -79
18 -80
18 -80
18 -79
18 -79
18 -79
18 -79
18 -78
18 -78
18 -78
18 -77
18 -79
18 -78
18 -78
18 -78
18 -78
18 -79
18 -79
18 -79
18 -80
18 -81
18 -80
18 -80
18 -78
18 -79
18 -78
18 -79
18 -79
18 -79
18 -78
18 -78
18 -78
18 -78
18 -72
18 -79
18 -78
18 -71
18 -80
18 -79
18 -79
18 -78
18 -78
18 -76
18 -75
18 -74
18 -77
18 -81
18 -75
18 -73
18 -72
18 -72
18 -71
18 -72
18 -72
18 -37
18 -70
18 -70
18 -70
18 -79
18 -70
18 -70
18 -70
18 -70
18 -70
18 -70
18 -70
18 -70
18 -70
18 -70
18 -70
18 -70
18 -81
18 -72
18 -70
18 -65
18 -71
18 -71
18 -70
18 -70
18 -70
18 -70
18 -70
18 -71
18 -70
18 -62
18 -72
18 -72
18 -72
18 -65
18 -71
18 -71
18 -71
18 -71
18 -70
18 -70
18 -70
18 -67
18 -70
18 -70
18 -70
18 -70
18 -70
18 -70
18 -72
18 -73
18 -73
18 -60
18 -74
18 -74
18 -76
18 -76
18 -76
18 -50
18 -75
18 -74
18 -74
18 -73
18 -73
18 -71
18 -73
18 -73
18 -74
18 -73
18 -73
18 -72
18 -73
18 -72
18 -72
18 -72
18 -72
18 -72
18 -72
18 -71
18 -70
18 -70
18 -71
18 -71
18 -71
18 -71
18 -71
18 -70
18 -72
18 -72
18 -71
18 -72
18 -72
18 -72
18 -72
18 -73
18 -73
18 -74
18 -75
18 -75
18 -75
18 -76
18 -76
18 -76
18 -76
18 -76
18 -75
18 -75
18 -75
18 -76
18 -76
18 -76
18 -77
18 -76
18 -76
18 -76
18 -75
18 -65
18 -74
18 -73
18 -74
18 -74
18 -73
18 -69
18 -74
18 -73
18 -70
18 -73
18 -67
18 -72
18 -72
18 -72
18 -72
18 -72
18 -72
18 -72
18 -72
18 -72
18 -72
18 -72
18 -72
18 -72
18 -72
18 -72
18 -72
18 -72
18 -72
18 -72
18 -71
18 -70
18 -72
18 -72
18 -72
18 -72
18 -72
18 -72
18 -72
18 -72
18 -71
18 -71
18 -71
18 -70
18 -70
18 -70
18 -70
18 -70
18 -70
18 -70
18 -70
18 -70
18 -70
18 -70
18 -70
18 -70
18 -70
18 -70
18 -70
18 -70
18 -70
18 -70
18 -70
18 -70
18 -70
18 -70
18 -70
18 -70
18 -71
18 -71
18 -71
18 -72
18 -72
18 -73
18 -72
18 -72
18 -73
18 -73
18 -72
18 -30
18 -72
18 -72
18 -72
18 -71
18 -72
18 -70
18 -71
18 -70
18 -70
18 -70
18 -70
18 -70
18 -70
18 -70
18 -70
18 -68
18 -71
18 -69
18 -72
18 -72
18 -72
18 -73
18 -73
18 -74
18 -74
18 -74
18 -74
18 -74
18 -74
18 -73
18 -74
18 -73
18 -73
18 -73
18 -72
18 -72
18 -72
18 -72
18 -72
18 -72
18 -72
18 -72
18 -71
18 -71
18 -68
18 -72
18 -74
18 -76
18 -79
18 -81
18 -76
18 -78
18 -79
18 -79
18 -79
18 -78
18 -78
18 -78
18 -79
18 -78
18 -77
18 -79
18 -78
18 -79
18 -79
18 -78
18 -79
18 -79
18 -78
18 -78
18 -76
18 -76
18 -76
18 -76
18 -75
19 -85
19 -87
19 -83
19 -84
19 -81
19 -82
19 -80
19 -81
19 -80
19 -79
19 -77
19 -79
19 -78
19 -81
19 -78
19 -77
19 -76
19 -76
19 -75
19 -74
19 -74
19 -75
19 -76
19 -75
19 -74
19 -75
19 -73
19 -76
19 -78
19 -78
19 -80
19 -76
19 -79
19 -80
19 -82
19 -82
19 -81
19 -82
19 -82
19 -80
19 -79
19 -81
19 -82
19 -83
19 -83
19 -82
19 -83
19 -83
19 -83
19 -83
19 -84
19 -83
19 -83
19 -83
19 -84
19 -84
19 -83
19 -85
19 -85
19 -85
19 -84
19 -83
19 -81
19 -82
19 -80
19 -81
19 -78
19 -66
19 -81
19 -82
19 -83
19 -82
19 -82
19 -81
19 -81
19 -82
19 -83
19 -83
19 -84
19 -84
19 -84
19 -81
19 -81
19 -73
19 -83
19 -83
19 -78
19 -76
19 -80
19 -83
19 -83
19 -80
19 -81
19 -80
19 -78
19 -77
19 -76
19 -75
19 -75
19 -76
19 -81
19 -74
19 -73
19 -75
19 -76
19 -84
19 -86
19 -83
19 -85
19 -83
19 -82
19 -84
19 -81
19 -81
19 -81
19 -80
19 -80
19 -79
19 -80
19 -79
19 -80
19 -77
19 -79
19 -79
19 -79
19 -78
19 -80
19 -79
19 -79
19 -80
19 -79
19 -81
19 -82
19 -82
19 -81
19 -82
19 -81
19 -76
19 -81
19 -81
19 -81
19 -81
19 -81
19 -81
19 -81
19 -81
19 -81
19 -80
19 -79
19 -79
19 -79
19 -79
19 -63
19 -81
19 -78
19 -80
19 -80
19 -80
19 -80
19 -79
19 -76
19 -78
19 -76
19 -77
19 -77
19 -77
19 -78
19 -78
19 -81
19 -83
19 -69
19 -85
19 -85
19 -84
19 -83
19 -83
19 -82
19 -81
19 -80
19 -79
19 -81
19 -81
19 -72
19 -83
19 -82
19 -80
19 -81
19 -80
19 -80
19 -81
19 -81
19 -80
19 -80
19 -80
19 -81
19 -82
19 -81
19 -81
19 -83
19 -81
19 -81
19 -81
19 -81
19 -82
19 -83
19 -85
19 -86
19 -80
19 -87
19 -84
19 -67
19 -84
19 -84
20 -70
20 -70
20 -70
20 -70
20 -70
20 -70
20 -70
20 -70
20 -70
20 -70
20 -70
20 -70
20 -70
20 -70
20 -70
20 -70
20 -70
20 -70
20 -70
20 -70
20 -70
20 -70
20 -68
20 -68
20 -70
20 -70
20 -70
20 -70
20 -70
20 -70
20 -70
20 -71
20 -72
20 -75
20 -73
20 -71
20 -71
20 -72
20 -72
20 -73
20 -73
20 -74
20 -75
20 -76
20 -76
20 -75
20 -75
20 -74
20 -74
20 -73
20 -73
20 -72
20 -71
20 -72
20 -70
20 -72
20 -72
20 -72
20 -72
20 -71
20 -71
20 -72
20 -66
20 -71
20 -71
20 -70
20 -70
20 -70
20 -70
20 -70
20 -70
20 -70
20 -69
20 -69
20 -69
20 -69
20 -70
20 -69
20 -70
20 -69
20 -69
20 -69
20 -69
20 -69
20 -69
20 -69
20 -69
20 -69
20 -69
20 -69
20 -69
20 -69
20 -69
20 -69
20 -69
20 -69
20 -69
20 -69
20 -68
20 -69
20 -69
20 -69
20 -69
20 -68
20 -68
20 -69
20 -69
20 -69
20 -69
20 -68
20 -69
20 -69
20 -69
20 -69
20 -70
20 -70
20 -70
20 -70
20 -70
20 -70
20 -71
20 -71
20 -70
20 -70
20 -71
20 -71
20 -71
20 -70
20 -70
20 -70
20 -70
20 -69
20 -69
20 -69
20 -68
20 -67
20 -66
20 -66
20 -66
20 -66
20 -66
20 -66
20 -66
20 -66
20 -66
20 -66
20 -66
20 -66
20 -67
20 -67
20 -67
20 -67
20 -67
20 -67
20 -67
20 -68
20 -67
20 -67
20 -67
20 -66
20 -66
20 -66
20 -66
20 -66
20 -66
20 -66
20 -66
20 -66
20 -66
20 -66
20 -66
20 -66
20 -66
20 -66
20 -66
20 -67
20 -72
20 -73
20 -70
20 -69
20 -71
20 -74
20 -75
20 -83
20 -82
20 -77
20 -75
20 -72
20 -68
20 -66
20 -65
20 -70
20 -72
20 -30
20 -70
20 -71
20 -71
20 -70
20 -71
20 -71
20 -71
20 -70
20 -63
20 -70
20 -70
20 -70
20 -70
20 -71
20 -71
20 -71
20 -72
20 -72
20 -72
20 -72
20 -72
20 -72
20 -71
20 -72
20 -71
20 -70
20 -70
20 -70
20 -70
20 -70
20 -71
20 -71
20 -72
20 -72
20 -71
20 -72
20 -70
20 -73
20 -72
20 -67
20 -72
20 -71
20 -70
20 -70
20 -70
20 -70
20 -69
20 -69
20 -69
20 -77
20 -70
20 -70
20 -71
20 -72
20 -72
20 -72
20 -72
20 -71
20 -70
20 -70
20 -69
20 -69
20 -69
20 -70
20 -70
20 -70
20 -70
20 -71
20 -72
20 -71
20 -71
20 -72
20 -72
20 -72
20 -72
20 -72
20 -72
20 -72
20 -72
20 -71
20 -71
20 -71
20 -71
20 -71
20 -72
20 -49
20 -71
20 -70
20 -71
20 -71
20 -71
20 -72
20 -72
20 -72
20 -71
20 -70
20 -70
20 -70
20 -70
20 -71
20 -71
20 -71
20 -71
20 -71
20 -71
20 -72
20 -73
20 -73
20 -72
20 -72
20 -72
20 -72
20 -70
20 -71
20 -70
20 -70
20 -70
20 -70
20 -70
20 -70
20 -70
20 -70
20 -71
20 -70
20 -70
20 -70
20 -70
20 -70
20 -70
20 -70
20 -70
20 -70
20 -70
20 -70
20 -71
20 -72
20 -72
20 -72
20 -72
20 -73
20 -72
20 -73
20 -72
20 -73
20 -72
20 -72
20 -72
20 -72
20 -71
20 -72
20 -72
20 -73
20 -72
20 -73
20 -73
20 -72
20 -72
20 -72
20 -69
20 -72
20 -71
20 -71
20 -71
20 -71
20 -70
20 -70
20 -70
20 -70
20 -71
20 -72
20 -72
20 -72
20 -72
20 -72
20 -72
20 -72
20 -72
20 -70
20 -70
20 -70
20 -70
20 -70
20 -70
20 -70
20 -70
20 -70
20 -70
20 -70
20 -70
20 -70
20 -70
20 -65
20 -70
20 -70
20 -70
20 -70
20 -70
20 -70
20 -70
20 -70
20 -69
20 -70
20 -67
20 -70
20 -70
20 -70
20 -70
20 -70
20 -70
20 -70
20 -70
20 -70
20 -70
20 -71
20 -71
20 -67
20 -72
20 -72
20 -72
20 -72
20 -72
20 -72
20 -72
20 -72
20 -69
20 -72
20 -69
20 -72
20 -72
20 -72
20 -72
20 -72
20 -72
20 -71
20 -64
20 -72
20 -71
20 -71
20 -71
20 -71
20 -70
20 -70
20 -70
20 -70
20 -70
20 -69
20 -69
20 -70
20 -70
20 -70
20 -70
20 -70
20 -66
20 -71
20 -71
20 -71
20 -71
20 -71
20 -72
20 -72
20 -72
20 -72
20 -71
20 -72
20 -71
20 -70
20 -72
20 -71
20 -72
20 -71
20 -70
20 -70
20 -70
20 -70
20 -70
20 -70
20 -70
20 -70
20 -70
20 -70
20 -70
20 -70
20 -70
20 -70
20 -70
20 -70
20 -70
20 -70
20 -70
20 -70
20 -70
20 -70
20 -70
20 -69
20 -67
20 -70
20 -69
20 -62
20 -70
20 -70
20 -70
20 -70
20 -70
20 -70
20 -70
21 -66
21 -66
21 -67
21 -68
21 -67
21 -67
21 -67
21 -68
21 -68
21 -76
21 -68
21 -68
21 -68
21 -68
21 -66
21 -68
21 -67
21 -68
21 -67
21 -63
21 -59
21 -60
21 -63
21 -60
21 -62
21 -63
21 -62
21 -62
21 -61
21 -61
21 -61
21 -61
21 -61
21 -61
21 -61
21 -60
21 -60
21 -65
21 -63
21 -57
21 -58
21 -57
21 -59
21 -63
21 -57
21 -63
21 -59
21 -58
21 -58
21 -58
21 -59
21 -59
21 -60
21 -60
21 -58
21 -59
21 -59
21 -59
21 -59
21 -60
21 -60
21 -60
21 -60
21 -60
21 -56
21 -59
21 -59
21 -59
21 -60
21 -60
21 -60
21 -60
21 -60
21 -60
21 -60
21 -61
21 -61
21 -61
21 -62
21 -62
21 -63
21 -63
21 -63
21 -63
21 -63
21 -63
21 -64
21 -64
21 -63
21 -63
21 -64
21 -64
21 -64
21 -64
21 -64
21 -64
21 -64
21 -64
21 -64
21 -65
21 -65
21 -65
21 -65
21 -66
21 -66
21 -65
21 -66
21 -66
21 -66
21 -66
21 -66
21 -66
21 -66
21 -66
21 -67
21 -67
21 -67
21 -67
21 -67
21 -68
21 -69
21 -68
21 -68
21 -68
21 -70
21 -70
21 -66
21 -66
21 -66
21 -66
21 -67
21 -66
21 -67
21 -68
21 -69
21 -69
21 -69
21 -68
21 -68
21 -68
21 -68
21 -69
21 -69
21 -70
21 -70
21 -70
21 -72
21 -75
21 -78
21 -81
21 -76
21 -71
21 -77
21 -76
21 -76
21 -76
21 -76
21 -79
21 -83
21 -83
21 -83
21 -80
21 -76
21 -76
21 -76
21 -75
21 -73
21 -74
21 -76
21 -76
21 -78
21 -81
21 -77
21 -68
21 -76
21 -70
21 -74
21 -64
21 -68
21 -66
21 -65
21 -69
21 -70
21 -31
21 -76
21 -76
21 -77
21 -76
21 -76
21 -75
21 -73
21 -70
21 -67
21 -69
21 -75
21 -76
21 -76
21 -72
21 -69
21 -69
21 -68
21 -67
21 -65
21 -64
21 -64
21 -67
21 -68
21 -70
21 -71
21 -70
21 -67
21 -67
21 -67
21 -67
21 -67
21 -67
21 -67
21 -67
21 -68
21 -66
21 -67
21 -67
21 -68
21 -67
21 -68
21 -69
21 -69
21 -70
21 -70
21 -70
21 -67
21 -66
21 -66
21 -66
21 -66
21 -66
21 -66
21 -66
21 -66
21 -69
21 -70
21 -70
21 -70
21 -69
21 -69
21 -70
21 -70
21 -69
21 -69
21 -69
21 -69
21 -68
21 -67
21 -67
21 -67
21 -68
21 -69
21 -69
21 -69
21 -69
21 -69
21 -69
21 -70
21 -70
21 -70
21 -73
21 -72
21 -70
21 -69
21 -68
21 -66
21 -66
21 -66
21 -67
21 -66
21 -66
21 -66
21 -66
21 -66
21 -66
21 -66
21 -66
21 -66
21 -66
21 -66
21 -67
21 -67
21 -66
21 -65
21 -66
21 -66
21 -66
21 -66
21 -65
21 -64
21 -65
21 -69
21 -65
21 -65
21 -65
21 -65
21 -65
21 -65
21 -65
21 -65
21 -65
21 -65
21 -66
21 -66
21 -66
21 -67
21 -69
21 -69
21 -69
21 -69
21 -70
21 -69
21 -70
21 -70
21 -70
21 -65
21 -69
21 -69
21 -70
21 -72
21 -72
21 -74
21 -74
21 -72
21 -70
21 -69
21 -69
21 -68
21 -67
21 -67
21 -67
21 -67
21 -66
21 -67
21 -73
21 -69
21 -69
21 -70
21 -70
21 -69
21 -68
21 -68
21 -68
21 -68
21 -68
21 -68
21 -67
21 -68
21 -68
21 -68
21 -68
21 -69
21 -69
21 -69
21 -68
21 -67
21 -66
21 -66
21 -66
21 -67
21 -69
21 -69
21 -68
21 -66
21 -66
21 -66
21 -66
21 -63
21 -66
21 -66
21 -66
21 -67
21 -67
21 -66
21 -66
21 -66
21 -66
21 -66
21 -66
21 -66
21 -66
21 -66
21 -64
21 -64
21 -64
21 -64
21 -64
21 -64
21 -63
21 -64
21 -64
21 -64
21 -64
21 -64
21 -64
21 -64
21 -64
21 -66
21 -66
21 -66
21 -67
21 -69
21 -69
21 -69
21 -68
21 -68
21 -67
21 -67
21 -66
21 -66
21 -66
21 -66
21 -66
21 -66
21 -66
21 -66
21 -66
21 -66
21 -66
21 -66
21 -66
21 -66
21 -66
21 -62
21 -66
21 -66
21 -66
21 -66
21 -67
21 -67
21 -68
21 -69
21 -69
21 -70
21 -70
21 -70
21 -70
21 -69
21 -69
21 -69
21 -67
21 -69
21 -68
21 -68
21 -68
21 -68
21 -67
21 -66
21 -66
21 -66
21 -66
21 -66
21 -66
21 -68
21 -66
21 -70
21 -70
21 -71
21 -72
21 -68
21 -65
21 -65
21 -64
21 -64
21 -65
21 -65
21 -65
21 -72
21 -65
21 -65
21 -65
21 -66
21 -66
21 -66
21 -66
21 -66
21 -66
21 -66
21 -67
21 -65
21 -64
21 -65
21 -65
21 -65
21 -65
21 -65
21 -64
21 -64
21 -64
21 -64
21 -64
21 -64
21 -64
21 -65
22 -58
22 -58
22 -58
22 -58
22 -65
22 -58
22 -61
22 -58
22 -58
22 -58
22 -58
22 -58
22 -58
22 -58
22 -58
22 -57
22 -58
22 -58
22 -58
22 -58
22 -58
22 -58
22 -58
22 -58
22 -58
22 -58
22 -57
22 -58
22 -58
22 -58
22 -58
22 -58
22 -59
22 -60
22 -60
22 -60
22 -60
22 -60
22 -60
22 -60
22 -58
22 -58
22 -59
22 -58
22 -58
22 -58
22 -62
22 -64
22 -64
22 -66
22 -64
22 -64
22 -64
22 -64
22 -65
22 -67
22 -72
22 -74
22 -72
22 -70
22 -68
22 -66
22 -66
22 -66
22 -67
22 -68
22 -69
22 -69
22 -68
22 -69
22 -69
22 -69
22 -70
22 -71
22 -73
22 -76
22 -76
22 -76
22 -76
22 -76
22 -76
22 -75
22 -76
22 -76
22 -78
22 -77
22 -30
22 -80
22 -80
22 -80
22 -79
22 -78
22 -79
22 -71
22 -80
22 -81
22 -81
22 -81
22 -79
22 -79
22 -78
22 -79
22 -78
22 -76
22 -76
22 -76
22 -72
22 -75
22 -74
22 -73
22 -72
22 -70
22 -70
22 -69
22 -68
22 -67
22 -67
22 -67
22 -67
22 -66
22 -67
22 -67
22 -68
22 -68
22 -68
22 -69
22 -68
22 -68
22 -67
22 -66
22 -66
22 -67
22 -67
22 -68
22 -68
22 -67
22 -69
22 -70
22 -70
22 -71
22 -69
22 -72
22 -70
22 -69
22 -68
22 -68
22 -68
22 -67
22 -66
22 -67
22 -66
22 -66
22 -66
22 -66
22 -66
22 -66
22 -66
22 -66
22 -67
22 -67
22 -67
22 -64
22 -64
22 -66
22 -68
22 -66
22 -67
22 -66
22 -65
22 -64
22 -63
22 -63
22 -63
22 -63
22 -64
22 -66
22 -67
22 -76
22 -75
22 -73
22 -75
22 -78
22 -81
22 -76
22 -70
22 -70
22 -73
22 -67
22 -77
22 -77
22 -76
22 -75
22 -74
22 -73
22 -74
22 -76
22 -77
22 -77
22 -76
22 -76
22 -74
22 -73
22 -73
22 -71
22 -70
22 -70
22 -68
22 -70
22 -69
22 -61
22 -69
22 -69
22 -70
22 -70
22 -69
22 -74
22 -70
22 -72
22 -72
22 -72
22 -72
22 -71
22 -70
22 -69
22 -69
22 -69
22 -70
22 -66
22 -70
22 -70
22 -71
22 -72
22 -73
22 -75
22 -77
22 -76
22 -80
22 -81
22 -78
22 -81
22 -79
22 -78
22 -76
22 -72
22 -71
22 -60
22 -69
22 -69
22 -69
22 -69
22 -60
22 -67
22 -67
22 -66
22 -66
22 -66
22 -63
22 -66
22 -66
22 -66
22 -65
22 -65
22 -66
22 -66
22 -66
22 -66
22 -66
22 -65
22 -65
22 -65
22 -65
22 -65
22 -65
22 -65
22 -65
22 -65
22 -66
22 -66
22 -66
22 -66
22 -66
22 -66
22 -69
22 -70
22 -72
22 -74
22 -75
22 -75
22 -75
22 -75
22 -74
22 -74
22 -73
22 -72
22 -72
22 -72
22 -72
22 -72
22 -72
22 -70
22 -70
22 -69
22 -69
22 -68
22 -68
22 -67
22 -66
22 -66
22 -66
22 -66
22 -66
22 -66
22 -66
22 -66
22 -65
22 -66
22 -66
22 -66
22 -66
22 -66
22 -66
22 -64
22 -65
22 -65
22 -64
22 -64
22 -64
22 -64
22 -64
22 -64
22 -64
22 -65
22 -64
22 -66
22 -66
22 -66
22 -66
22 -67
22 -66
22 -68
22 -68
22 -69
22 -69
22 -69
22 -69
22 -70
22 -70
22 -70
22 -61
22 -70
22 -69
22 -69
22 -69
22 -70
22 -72
22 -74
22 -73
22 -74
22 -73
22 -70
22 -72
22 -72
22 -73
22 -72
22 -73
22 -72
22 -72
22 -73
22 -73
22 -75
22 -76
22 -76
22 -79
22 -79
22 -84
22 -83
22 -82
22 -81
22 -81
22 -82
22 -83
22 -83
22 -82
22 -81
22 -76
22 -74
22 -74
22 -74
22 -74
22 -74
22 -75
22 -76
22 -75
22 -75
22 -76
22 -75
22 -76
22 -76
22 -77
22 -79
22 -80
22 -78
22 -78
22 -78
22 -79
22 -78
22 -76
22 -76
22 -75
22 -74
22 -72
22 -72
22 -72
22 -72
22 -71
22 -71
22 -70
22 -70
22 -71
22 -72
22 -72
22 -73
22 -73
22 -74
22 -74
22 -74
22 -61
22 -74
22 -73
22 -73
22 -74
22 -74
22 -73
22 -73
22 -66
22 -68
22 -68
22 -68
22 -66
22 -65
22 -65
22 -65
22 -64
22 -64
22 -64
22 -64
22 -64
22 -64
22 -64
22 -64
22 -64
22 -64
22 -65
22 -66
22 -66
22 -65
22 -66
22 -66
22 -65
22 -64
22 -64
22 -65
22 -65
22 -65
22 -66
22 -65
22 -67
22 -67
22 -67
22 -67
22 -67
22 -67
22 -67
23 -76
23 -77
23 -79
23 -73
23 -80
23 -80
23 -79
23 -79
23 -79
23 -79
23 -78
23 -78
23 -76
23 -75
23 -75
23 -72
23 -73
23 -71
23 -72
23 -72
23 -74
23 -72
23 -73
23 -72
23 -72
23 -72
23 -72
23 -72
23 -73
23 -74
23 -54
23 -74
23 -70
23 -68
23 -67
23 -68
23 -67
23 -67
23 -66
23 -68
23 -68
23 -67
23 -67
23 -68
23 -68
23 -67
23 -69
23 -68
23 -69
23 -69
23 -69
23 -68
23 -68
23 -68
23 -68
23 -68
23 -69
23 -68
23 -68
23 -68
23 -68
23 -67
23 -67
23 -67
23 -67
23 -67
23 -67
23 -67
23 -68
23 -67
23 -67
23 -68
23 -67
23 -67
23 -67
23 -67
23 -67
23 -67
23 -67
23 -68
23 -67
23 -67
23 -67
23 -67
23 -67
23 -67
23 -67
23 -67
23 -67
23 -67
23 -67
23 -67
23 -67
23 -67
23 -67
23 -67
23 -68
23 -68
23 -67
23 -66
23 -63
23 -67
23 -64
23 -67
23 -66
23 -67
23 -67
23 -67
23 -67
23 -68
23 -67
23 -68
23 -68
23 -68
23 -68
23 -68
23 -68
23 -67
23 -67
23 -67
23 -67
23 -66
23 -66
23 -66
23 -66
23 -66
23 -66
23 -66
23 -66
23 -67
23 -67
23 -66
23 -67
23 -67
23 -67
23 -67
23 -67
23 -67
23 -66
23 -67
23 -66
23 -67
23 -67
23 -66
23 -66
23 -66
23 -67
23 -66
23 -66
23 -67
23 -67
23 -67
23 -66
23 -66
23 -66
23 -66
23 -66
23 -66
23 -66
23 -76
23 -66
23 -67
23 -66
23 -66
23 -66
23 -66
23 -66
23 -66
23 -66
23 -66
23 -66
23 -67
23 -66
23 -57
23 -67
23 -70
23 -71
23 -74
23 -75
23 -70
23 -73
23 -71
23 -70
23 -70
23 -70
23 -70
23 -69
23 -68
23 -68
23 -68
23 -70
23 -74
23 -76
23 -73
23 -72
23 -72
23 -73
23 -75
23 -75
23 -77
23 -79
23 -62
23 -84
23 -83
23 -81
23 -80
23 -83
23 -85
23 -84
23 -78
23 -79
23 -79
23 -80
23 -81
23 -82
23 -82
23 -84
23 -85
23 -84
23 -83
23 -81
23 -81
23 -81
23 -30
23 -83
23 -84
23 -86
23 -83
23 -84
23 -84
23 -80
23 -78
23 -81
23 -81
23 -79
23 -82
23 -84
23 -85
23 -84
23 -84
23 -83
23 -81
23 -82
23 -82
23 -80
23 -81
23 -82
23 -82
23 -81
23 -80
23 -82
23 -82
23 -82
23 -82
23 -81
23 -82
23 -81
23 -79
23 -82
23 -81
23 -86
23 -84
23 -82
23 -81
23 -82
23 -81
23 -82
23 -82
23 -82
23 -82
23 -83
23 -85
23 -84
23 -83
23 -83
23 -82
23 -80
23 -82
23 -82
23 -83
23 -80
23 -70
23 -84
23 -84
23 -75
23 -89
24 -80
24 -81
24 -81
24 -76
24 -75
24 -81
24 -80
24 -80
24 -81
24 -84
24 -83
24 -81
24 -78
24 -77
24 -77
24 -30
24 -76
24 -77
24 -76
24 -78
24 -78
24 -82
24 -85
24 -80
24 -81
24 -78
24 -77
24 -78
24 -78
24 -75
24 -76
24 -75
24 -74
24 -74
24 -74
24 -72
24 -74
24 -75
24 -76
24 -76
24 -76
24 -75
24 -75
24 -72
24 -74
24 -74
24 -73
24 -74
24 -73
24 -74
24 -74
24 -73
24 -72
24 -73
24 -73
24 -73
24 -70
24 -73
24 -71
24 -73
24 -73
24 -73
24 -73
24 -72
24 -72
24 -72
24 -72
24 -72
24 -72
24 -72
24 -73
24 -73
24 -72
24 -72
24 -72
24 -72
24 -72
24 -73
24 -72
24 -72
24 -72
24 -72
24 -73
24 -72
24 -73
24 -73
24 -72
24 -72
24 -72
24 -72
24 -72
24 -72
24 -80
24 -72
24 -72
24 -72
24 -72
24 -72
24 -72
24 -71
24 -71
24 -72
24 -72
24 -72
24 -72
24 -72
24 -73
24 -72
24 -72
24 -72
24 -72
24 -73
24 -73
24 -74
24 -74
24 -74
24 -75
24 -75
24 -75
24 -75
24 -75
24 -75
24 -74
24 -71
24 -73
24 -73
24 -73
24 -73
24 -73
24 -73
24 -73
24 -68
24 -74
24 -73
24 -73
24 -67
24 -72
24 -73
24 -73
24 -73
24 -73
24 -73
24 -73
24 -73
24 -74
24 -74
24 -73
24 -76
24 -73
24 -78
24 -73
24 -72
24 -73
24 -73
24 -66
24 -74
24 -74
24 -75
24 -74
24 -74
24 -74
24 -73
24 -73
24 -73
24 -76
24 -76
24 -74
24 -74
24 -76
24 -76
24 -76
24 -78
24 -80
24 -65
24 -83
24 -84
24 -82
24 -85
24 -84
24 -83
24 -83
24 -84
24 -82
24 -83
24 -76
24 -80
24 -79
24 -80
24 -78
24 -79
24 -81
24 -81
24 -86
24 -84
24 -84
24 -84
24 -86
24 -84
24 -84
24 -83
24 -83
24 -82
24 -81
24 -81
24 -80
24 -72
24 -81
24 -82
24 -82
24 -82
24 -75
24 -81
24 -81
24 -78
24 -80
24 -79
24 -80
24 -80
24 -81
24 -83
24 -83
24 -60
24 -82
24 -81
24 -81
24 -81
24 -54
24 -82
24 -84
24 -84
24 -84
24 -81
24 -84
24 -84
24 -83
24 -81
24 -81
24 -80
24 -81
24 -78
24 -79
24 -79
24 -79
24 -79
24 -80
24 -79
24 -79
24 -78
24 -78
24 -77
24 -77
24 -77
24 -78
24 -77
24 -77
24 -78
24 -77
24 -77
24 -78
24 -78
24 -78
24 -78
24 -78
24 -78
24 -77
24 -78
24 -78
24 -78
24 -78
24 -79
24 -79
24 -80
24 -80
24 -79
24 -79
24 -78
24 -79
24 -79
24 -79
24 -78
24 -78
24 -78
24 -78
24 -76
24 -78
24 -77
24 -76
24 -77
24 -76
24 -77
24 -76
24 -76
24 -76
24 -77
24 -76
24 -76
24 -71
24 -77
24 -76
24 -76
24 -77
24 -76
24 -76
24 -76
24 -76
24 -76
24 -76
24 -76
24 -76
24 -75
24 -76
24 -76
24 -76
24 -76
24 -76
24 -76
24 -76
24 -76
24 -76
24 -77
24 -76
24 -76
24 -76
24 -76
24 -77
24 -77
24 -77
24 -78
24 -78
24 -78
24 -78
24 -77
24 -76
24 -76
24 -76
24 -76
24 -76
24 -76
24 -76
24 -76
24 -76
24 -77
24 -77
24 -78
24 -78
24 -78
24 -67
24 -78
24 -80
24 -83
24 -83
24 -83
24 -81
24 -80
24 -82
24 -86
24 -86
25 -79
25 -77
25 -78
25 -78
25 -77
25 -77
25 -77
25 -77
25 -77
25 -77
25 -76
25 -77
25 -77
25 -77
25 -77
25 -77
25 -78
25 -78
25 -78
25 -78
25 -75
25 -75
25 -70
25 -77
25 -78
25 -77
25 -78
25 -78
25 -78
25 -78
25 -76
25 -78
25 -60
25 -80
25 -79
25 -79
25 -80
25 -80
25 -80
25 -79
25 -79
25 -79
25 -81
25 -80
25 -79
25 -80
25 -81
25 -80
25 -79
25 -80
25 -80
25 -80
25 -81
25 -81
25 -82
25 -82
25 -82
25 -82
25 -82
25 -82
25 -80
25 -81
25 -82
25 -82
25 -82
25 -81
25 -81
25 -81
25 -82
25 -81
25 -81
25 -81
25 -81
25 -82
25 -80
25 -80
25 -79
25 -81
25 -82
25 -82
25 -82
25 -84
25 -83
25 -72
25 -84
25 -82
25 -81
25 -80
25 -80
25 -80
25 -80
25 -80
25 -80
25 -80
25 -80
25 -80
25 -79
25 -80
25 -80
25 -79
25 -80
25 -78
25 -80
25 -81
25 -81
25 -81
25 -80
25 -73
25 -80
25 -80
25 -81
25 -80
25 -79
25 -80
25 -79
25 -79
25 -78
25 -77
25 -78
25 -79
25 -80
25 -80
25 -80
25 -78
25 -78
25 -77
25 -76
25 -76
25 -85
25 -83
25 -85
25 -84
25 -84
25 -83
25 -85
25 -86
25 -86
25 -79
25 -84
25 -83
25 -83
25 -87
25 -83
25 -87
25 -83
25 -84
25 -80
25 -83
25 -82
26 -70
26 -71
26 -70
26 -71
26 -71
26 -71
26 -71
26 -71
26 -70
26 -70
26 -70
26 -71
26 -70
26 -70
26 -70
26 -70
26 -71
26 -71
26 -71
26 -68
26 -70
26 -70
26 -71
26 -71
26 -71
26 -72
26 -71
26 -70
26 -71
26 -70
26 -70
26 -70
26 -70
26 -70
26 -70
26 -70
26 -70
26 -70
26 -70
26 -70
26 -59
26 -69
26 -72
26 -69
26 -70
26 -71
26 -71
26 -72
26 -72
26 -73
26 -73
26 -73
26 -72
26 -73
26 -73
26 -74
26 -72
26 -73
26 -73
26 -73
26 -73
26 -73
26 -73
26 -73
26 -73
26 -72
26 -73
26 -73
26 -73
26 -73
26 -73
26 -73
26 -73
26 -74
26 -73
26 -73
26 -74
26 -74
26 -75
26 -75
26 -75
26 -74
26 -74
26 -75
26 -74
26 -74
26 -74
26 -74
26 -74
26 -75
26 -74
26 -75
26 -76
26 -76
26 -76
26 -75
26 -83
26 -55
26 -76
26 -76
26 -76
26 -76
26 -61
26 -76
26 -76
26 -76
26 -76
26 -76
26 -76
26 -76
26 -76
26 -76
26 -76
26 -75
26 -75
26 -76
26 -75
26 -75
26 -74
26 -75
26 -75
26 -75
26 -75
26 -74
26 -73
26 -73
26 -73
26 -74
26 -73
26 -73
26 -73
26 -75
26 -75
26 -76
26 -76
26 -77
26 -77
26 -76
26 -76
26 -78
26 -80
26 -80
26 -82
26 -84
26 -83
26 -83
26 -82
26 -82
26 -81
26 -78
26 -78
26 -79
26 -79
26 -76
26 -78
26 -79
26 -79
26 -81
26 -81
26 -81
26 -81
26 -80
26 -75
26 -77
26 -79
26 -78
26 -78
26 -78
26 -75
26 -75
26 -74
26 -74
26 -76
26 -76
26 -76
26 -76
26 -76
26 -76
26 -77
26 -76
26 -75
26 -75
26 -77
26 -75
26 -78
26 -81
26 -82
26 -81
26 -82
26 -83
26 -82
26 -83
26 -83
26 -79
26 -82
26 -82
26 -82
26 -82
26 -82
26 -81
26 -80
26 -80
26 -81
26 -83
26 -84
26 -83
26 -82
26 -82
26 -83
26 -82
26 -81
26 -81
26 -81
26 -76
26 -81
26 -81
26 -81
26 -79
26 -81
26 -73
26 -82
26 -81
26 -82
26 -81
26 -83
26 -82
26 -83
26 -82
26 -81
26 -81
26 -82
26 -75
26 -81
26 -82
26 -82
26 -82
26 -81
26 -79
26 -83
26 -83
26 -82
26 -81
26 -82
26 -78
26 -82
26 -81
26 -80
26 -81
26 -82
26 -82
26 -78
26 -83
26 -82
26 -80
26 -81
26 -83
26 -80
26 -82
26 -80
26 -77
26 -79
26 -80
26 -79
26 -79
26 -80
26 -83
26 -82
26 -80
26 -78
26 -79
26 -79
26 -81
26 -80
26 -82
26 -72
26 -79
26 -68
26 -78
26 -80
26 -80
26 -79
26 -80
26 -80
26 -80
26 -81
26 -81
26 -81
26 -81
26 -73
26 -83
26 -83
26 -82
26 -81
26 -80
26 -81
26 -81
26 -81
26 -79
26 -67
26 -82
26 -79
26 -80
26 -81
26 -82
26 -71
26 -78
26 -70
26 -76
26 -80
26 -81
26 -80
26 -81
26 -82
26 -81
26 -81
26 -81
26 -79
26 -80
26 -68
26 -80
26 -82
26 -81
26 -80
26 -81
26 -81
26 -81
26 -80
26 -81
26 -82
26 -81
26 -81
26 -80
26 -78
26 -81
26 -80
26 -81
26 -79
26 -80
26 -79
26 -80
26 -79
26 -80
26 -80
26 -76
26 -80
26 -81
26 -80
26 -81
26 -85
26 -72
26 -78
26 -84
26 -83
26 -82
26 -83
26 -82
26 -79
26 -81
26 -80
26 -81
26 -81
27 -70
27 -70
27 -70
27 -70
27 -70
27 -70
27 -70
27 -70
27 -70
27 -70
27 -70
27 -70
27 -70
27 -70
27 -70
27 -70
27 -70
27 -70
27 -70
27 -70
27 -70
27 -70
27 -70
27 -70
27 -69
27 -68
27 -69
27 -70
27 -69
27 -70
27 -70
27 -69
27 -69
27 -69
27 -69
27 -70
27 -69
27 -69
27 -69
27 -69
27 -69
27 -70
27 -70
27 -69
27 -69
27 -69
27 -68
27 -69
27 -69
27 -69
27 -69
27 -70
27 -69
27 -69
27 -69
27 -69
27 -69
27 -69
27 -69
27 -70
27 -69
27 -69
27 -69
27 -69
27 -69
27 -70
27 -68
27 -69
27 -69
27 -69
27 -68
27 -69
27 -69
27 -69
27 -69
27 -69
27 -69
27 -69
27 -69
27 -69
27 -69
27 -69
27 -69
27 -69
27 -69
27 -69
27 -69
27 -69
27 -69
27 -69
27 -69
27 -69
27 -69
27 -69
27 -69
27 -69
27 -69
27 -69
27 -69
27 -69
27 -69
27 -69
27 -69
27 -69
27 -69
27 -69
27 -69
27 -69
27 -69
27 -69
27 -69
27 -67
27 -69
27 -70
27 -70
27 -70
27 -69
27 -70
27 -55
27 -70
27 -70
27 -70
27 -70
27 -70
27 -70
27 -70
27 -69
27 -69
27 -70
27 -69
27 -69
27 -69
27 -70
27 -69
27 -69
27 -70
27 -70
27 -70
27 -70
27 -69
27 -69
27 -77
27 -70
27 -69
27 -69
27 -69
27 -69
27 -69
27 -69
27 -69
27 -69
27 -69
27 -69
27 -68
27 -69
27 -69
27 -69
27 -69
27 -69
27 -69
27 -69
27 -69
27 -69
27 -69
27 -69
27 -70
27 -76
27 -70
27 -70
27 -70
27 -70
27 -69
27 -70
27 -70
27 -70
27 -70
27 -70
27 -70
27 -70
27 -70
27 -70
27 -70
27 -70
27 -70
27 -70
27 -70
27 -70
27 -69
27 -69
27 -69
27 -67
27 -66
27 -66
27 -66
27 -65
27 -64
27 -66
27 -66
27 -68
27 -70
27 -71
27 -70
27 -70
27 -71
27 -72
27 -70
27 -72
27 -73
27 -72
27 -71
27 -72
27 -71
27 -70
27 -71
27 -70
27 -71
27 -71
27 -71
27 -70
27 -70
27 -71
27 -71
27 -71
27 -71
27 -71
27 -71
27 -72
27 -71
27 -71
27 -69
27 -72
27 -71
27 -70
27 -71
27 -70
27 -70
27 -70
27 -70
27 -70
27 -70
27 -70
27 -69
27 -69
27 -70
27 -69
27 -70
27 -70
27 -70
27 -70
27 -70
27 -70
27 -68
27 -70
27 -69
27 -70
27 -70
27 -70
27 -70
27 -70
27 -78
27 -70
27 -70
27 -70
27 -70
27 -70
27 -70
27 -70
27 -70
27 -70
27 -71
27 -70
27 -70
27 -70
27 -70
27 -70
27 -70
27 -70
27 -70
27 -70
27 -71
27 -71
27 -71
27 -72
27 -71
27 -72
27 -72
27 -72
27 -72
27 -72
27 -72
27 -72
27 -72
27 -72
27 -73
27 -73
27 -73
27 -74
27 -74
27 -74
27 -73
27 -73
27 -73
27 -73
27 -73
27 -72
27 -72
27 -72
27 -71
27 -72
27 -71
27 -72
27 -72
27 -72
27 -72
27 -72
27 -72
27 -71
27 -61
27 -72
27 -71
27 -72
27 -72
27 -71
27 -72
27 -72
27 -72
27 -72
27 -73
27 -72
27 -72
27 -72
27 -72
27 -72
27 -72
27 -72
27 -72
27 -70
27 -71
27 -72
27 -72
27 -72
27 -72
27 -72
27 -72
27 -72
27 -72
27 -74
27 -75
27 -76
27 -76
27 -76
27 -74
27 -74
27 -72
27 -72
27 -72
27 -72
27 -72
27 -72
27 -71
27 -70
27 -71
27 -71
27 -71
27 -71
27 -67
27 -71
27 -72
27 -71
27 -72
27 -70
27 -72
27 -72
27 -72
27 -71
27 -71
27 -70
27 -71
27 -71
27 -70
27 -71
27 -71
27 -70
27 -70
27 -71
27 -70
27 -71
27 -71
27 -71
27 -72
27 -71
27 -70
27 -71
27 -71
27 -70
27 -70
27 -70
27 -70
27 -70
27 -70
27 -70
27 -70
27 -70
27 -70
27 -70
27 -70
27 -69
27 -70
27 -70
27 -70
27 -70
27 -70
27 -70
27 -70
27 -70
27 -71
27 -72
27 -72
27 -63
27 -72
27 -72
27 -72
27 -60
27 -72
27 -72
27 -72
27 -72
27 -72
27 -72
27 -72
27 -71
27 -71
27 -72
27 -72
27 -70
27 -68
27 -70
27 -70
27 -70
27 -70
27 -70
27 -70
27 -70
27 -70
27 -70
27 -70
27 -70
27 -71
27 -70
27 -71
27 -72
27 -71
27 -72
27 -72
27 -72
27 -72
27 -72
27 -72
27 -72
27 -72
27 -72
27 -72
27 -72
27 -72
27 -72
27 -72
27 -71
27 -71
27 -72
27 -72
27 -72
27 -72
27 -72
27 -72
27 -72
27 -69
27 -71
27 -71
27 -72
27 -71
27 -72
27 -70
27 -72
27 -72
27 -75
27 -78
27 -79
27 -79
27 -81
27 -82
27 -81
27 -80
27 -80
27 -81
27 -82
27 -81
27 -84
27 -82
27 -84
27 -82
27 -74
27 -78
27 -76
27 -78
27 -76
28 -78
28 -77
28 -72
28 -77
28 -76
28 -76
28 -76
28 -77
28 -77
28 -77
28 -77
28 -73
28 -78
28 -78
28 -77
28 -76
28 -78
28 -81
28 -79
28 -79
28 -79
28 -82
28 -74
28 -83
28 -83
28 -82
28 -83
28 -84
28 -84
28 -85
28 -85
28 -84
28 -83
28 -83
28 -83
28 -84
28 -84
28 -83
28 -84
28 -84
28 -84
28 -84
28 -84
28 -80
28 -83
28 -83
28 -83
28 -78
28 -81
28 -82
28 -82
28 -83
28 -83
28 -76
28 -85
28 -84
28 -84
28 -86
28 -83
28 -82
28 -82
28 -83
28 -83
28 -83
28 -85
28 -85
28 -83
28 -78
28 -79
28 -77
28 -77
28 -77
28 -76
28 -78
28 -77
28 -78
28 -78
28 -78
28 -80
28 -79
28 -73
28 -72
28 -71
28 -71
28 -72
28 -70
28 -70
28 -70
28 -70
28 -70
28 -72
28 -72
28 -72
28 -72
28 -72
28 -71
28 -72
28 -72
28 -73
28 -72
28 -72
28 -73
28 -73
28 -74
28 -73
28 -72
28 -72
28 -72
28 -65
28 -72
28 -72
28 -72
28 -72
28 -72
28 -72
28 -72
28 -72
28 -72
28 -71
28 -72
28 -71
28 -71
28 -72
28 -72
28 -72
28 -72
28 -71
28 -72
28 -72
28 -72
28 -72
28 -72
28 -72
28 -73
28 -72
28 -73
28 -72
28 -73
28 -73
28 -72
28 -73
28 -72
28 -73
28 -72
28 -72
28 -72
28 -72
28 -71
28 -72
28 -72
28 -72
28 -72
28 -72
28 -71
28 -72
28 -72
28 -71
28 -71
28 -71
28 -71
28 -71
28 -71
28 -71
28 -72
28 -72
28 -70
28 -71
28 -71
28 -71
28 -71
28 -60
28 -71
28 -72
28 -72
28 -72
28 -72
28 -72
28 -72
28 -72
28 -71
28 -73
28 -72
28 -73
28 -73
28 -73
28 -72
28 -72
28 -72
28 -73
28 -72
28 -72
28 -72
28 -72
28 -72
28 -72
28 -72
28 -71
28 -72
28 -72
28 -72
28 -73
28 -73
28 -64
28 -72
28 -72
28 -71
28 -72
28 -72
28 -73
28 -74
28 -60
28 -74
28 -73
28 -75
28 -74
28 -73
28 -72
28 -73
28 -72
28 -73
28 -70
28 -72
28 -72
28 -71
28 -64
28 -72
28 -72
28 -72
28 -72
28 -72
28 -71
28 -72
28 -72
28 -72
28 -72
28 -72
28 -72
28 -72
28 -72
28 -72
28 -72
28 -72
28 -72
28 -72
28 -72
28 -72
28 -72
28 -72
28 -72
28 -72
28 -72
28 -72
28 -72
28 -72
28 -71
28 -72
28 -72
28 -72
28 -72
28 -72
28 -72
28 -72
28 -72
28 -72
28 -30
28 -30
28 -72
28 -73
28 -73
28 -73
28 -73
28 -72
28 -72
28 -72
28 -73
28 -73
28 -73
28 -72
28 -72
28 -72
28 -72
28 -72
28 -72
28 -72
28 -72
28 -72
28 -72
28 -72
28 -72
28 -72
28 -72
28 -72
28 -72
28 -72
28 -72
28 -72
28 -72
28 -72
28 -72
28 -72
28 -70
28 -72
28 -73
28 -72
28 -72
28 -68
28 -73
28 -73
28 -73
28 -73
28 -73
28 -73
28 -73
28 -72
28 -72
28 -72
28 -72
28 -72
28 -73
28 -72
28 -72
28 -72
28 -72
28 -73
28 -72
28 -72
28 -72
28 -72
28 -72
28 -69
28 -72
28 -70
28 -72
28 -73
28 -72
28 -72
28 -72
28 -72
28 -72
28 -72
28 -72
28 -72
28 -72
28 -73
28 -73
28 -71
28 -76
28 -76
28 -77
28 -77
28 -77
28 -78
28 -78
28 -78
28 -78
28 -80
28 -78
28 -78
28 -77
28 -77
28 -78
28 -78
28 -79
28 -78
28 -77
28 -77
28 -79
28 -78
28 -78
28 -77
28 -76
28 -76
28 -76
28 -76
28 -74
28 -75
28 -75
29 -75
29 -76
29 -78
29 -84
29 -81
29 -81
29 -82
29 -83
29 -83
29 -81
29 -81
29 -78
29 -76
29 -75
29 -64
29 -75
29 -77
29 -76
29 -76
29 -76
29 -76
29 -76
29 -76
29 -76
29 -76
29 -76
29 -76
29 -76
29 -75
29 -75
29 -75
29 -75
29 -75
29 -75
29 -75
29 -76
29 -76
29 -75
29 -76
29 -76
29 -76
29 -76
29 -76
29 -76
29 -76
29 -76
29 -76
29 -76
29 -76
29 -76
29 -76
29 -76
29 -76
29 -76
29 -76
29 -76
29 -76
29 -76
29 -76
29 -75
29 -76
29 -76
29 -75
29 -76
29 -76
29 -76
29 -76
29 -76
29 -76
29 -76
29 -76
29 -76
29 -31
29 -70
29 -75
29 -74
29 -74
29 -74
29 -74
29 -73
29 -73
29 -73
29 -73
29 -73
29 -74
29 -74
29 -69
29 -74
29 -71
29 -75
29 -72
29 -75
29 -75
29 -75
29 -75
29 -76
29 -76
29 -76
29 -76
29 -75
29 -74
29 -75
29 -75
29 -75
29 -74
29 -74
29 -75
29 -75
29 -74
29 -74
29 -74
29 -74
29 -73
29 -73
29 -73
29 -73
29 -74
29 -74
29 -74
29 -74
29 -74
29 -74
29 -74
29 -74
29 -74
29 -75
29 -74
29 -75
29 -75
29 -75
29 -75
29 -75
29 -75
29 -60
29 -75
29 -75
29 -75
29 -75
29 -82
29 -73
29 -71
29 -71
29 -74
29 -80
29 -80
29 -73
29 -70
29 -70
29 -70
29 -70
29 -69
29 -68
29 -68
29 -68
29 -67
29 -68
29 -67
29 -67
29 -67
29 -67
29 -67
29 -67
29 -67
29 -67
29 -67
29 -66
29 -67
29 -67
29 -67
29 -67
29 -67
29 -67
29 -67
29 -67
29 -68
29 -68
29 -67
29 -67
29 -67
29 -67
29 -64
29 -68
29 -68
29 -68
29 -68
29 -68
29 -69
29 -69
29 -68
29 -68
29 -68
29 -68
29 -68
29 -68
29 -61
29 -68
29 -68
29 -67
29 -67
29 -67
29 -68
29 -66
29 -67
29 -67
29 -67
29 -67
29 -67
29 -67
29 -67
29 -68
29 -68
29 -69
29 -69
29 -68
29 -69
29 -70
29 -70
29 -70
29 -70
29 -70
29 -70
29 -69
29 -69
29 -69
29 -69
29 -69
29 -70
29 -69
29 -69
29 -70
29 -70
29 -70
29 -70
29 -69
29 -69
29 -68
29 -68
29 -69
29 -68
29 -68
29 -67
29 -67
29 -66
29 -66
29 -66
29 -66
29 -66
29 -65
29 -67
29 -67
29 -66
29 -66
29 -66
29 -67
29 -66
29 -67
29 -67
29 -67
29 -68
29 -68
29 -67
29 -68
29 -68
29 -68
29 -69
29 -69
29 -69
29 -70
29 -70
29 -70
29 -69
29 -69
29 -70
29 -70
29 -70
29 -70
29 -70
29 -70
29 -70
29 -70
29 -70
29 -70
29 -71
29 -71
29 -72
29 -72
29 -72
29 -71
29 -72
29 -72
29 -72
29 -71
29 -70
29 -70
29 -70
29 -69
29 -69
29 -69
29 -69
29 -68
29 -68
29 -68
29 -68
29 -67
29 -68
29 -67
29 -67
29 -65
29 -66
29 -67
29 -67
29 -67
29 -67
29 -67
29 -67
29 -64
29 -67
29 -67
29 -67
29 -67
29 -67
29 -67
29 -67
29 -66
29 -68
29 -67
29 -68
29 -68
29 -68
29 -68
29 -67
29 -67
29 -67
29 -68
29 -67
29 -67
29 -67
29 -67
29 -67
29 -67
29 -68
29 -60
29 -67
29 -67
29 -67
29 -67
29 -67
29 -66
29 -67
29 -67
29 -67
29 -67
29 -67
29 -66
29 -67
29 -67
29 -67
29 -67
29 -67
29 -67
29 -67
29 -66
29 -66
29 -67
29 -67
29 -67
29 -67
29 -66
29 -68
29 -68
29 -68
29 -68
29 -68
29 -68
29 -69
29 -69
29 -70
29 -68
29 -68
29 -68
29 -68
29 -67
29 -68
29 -68
29 -67
29 -68
29 -67
29 -67
29 -67
29 -68
29 -67
29 -67
29 -68
29 -67
29 -68
29 -67
29 -68
29 -68
29 -68
29 -69
29 -66
29 -69
29 -68
29 -69
29 -69
29 -69
29 -69
29 -69
29 -69
29 -69
29 -67
29 -69
29 -68
29 -68
29 -68
29 -68
29 -68
29 -68
29 -66
29 -60
29 -67
29 -68
29 -67
29 -68
29 -69
29 -69
29 -71
29 -72
29 -73
29 -74
29 -75
29 -74
29 -76
29 -76
29 -76
29 -75
29 -76
29 -75
29 -74
29 -72
29 -66
29 -72
29 -70
29 -66
29 -73
29 -74
29 -73
29 -74
29 -73
29 -73
29 -72
29 -72
29 -71
29 -70
29 -70
29 -70
29 -70
30 -74
30 -76
30 -76
30 -76
30 -76
30 -76
30 -76
30 -70
30 -76
30 -76
30 -76
30 -76
30 -76
30 -76
30 -76
30 -76
30 -76
30 -76
30 -76
30 -76
30 -76
30 -76
30 -74
30 -74
30 -74
30 -76
30 -76
30 -76
30 -76
30 -74
30 -76
30 -76
30 -73
30 -76
30 -76
30 -79
30 -79
30 -79
30 -79
30 -78
30 -78
30 -78
30 -77
30 -76
30 -76
30 -76
30 -70
30 -77
30 -77
30 -77
30 -77
30 -77
30 -77
30 -77
30 -76
30 -77
30 -76
30 -76
30 -76
30 -76
30 -76
30 -77
30 -76
30 -76
30 -76
30 -76
30 -76
30 -76
30 -76
30 -76
30 -76
30 -77
30 -76
30 -76
30 -76
30 -76
30 -77
30 -76
30 -77
30 -76
30 -76
30 -76
30 -77
30 -77
30 -78
30 -77
30 -78
30 -77
30 -77
30 -77
30 -77
30 -76
30 -77
30 -75
30 -76
30 -76
30 -76
30 -76
30 -76
30 -76
30 -76
30 -75
30 -75
30 -76
30 -76
30 -76
30 -76
30 -76
30 -76
30 -76
30 -76
30 -76
30 -76
30 -76
30 -76
30 -76
30 -67
30 -76
30 -77
30 -76
30 -76
30 -76
30 -77
30 -78
30 -77
30 -77
30 -77
30 -77
30 -77
30 -78
30 -77
30 -77
30 -76
30 -77
30 -76
30 -76
30 -76
30 -76
30 -76
30 -76
30 -76
30 -78
30 -78
30 -76
30 -76
30 -77
30 -75
30 -75
30 -75
30 -74
30 -75
30 -75
30 -60
30 -76
30 -75
30 -74
30 -73
30 -78
30 -78
30 -79
30 -80
30 -81
30 -82
30 -84
30 -83
30 -83
30 -83
30 -82
30 -82
30 -82
30 -75
30 -83
30 -83
30 -84
30 -84
30 -84
30 -84
30 -82
30 -82
30 -82
30 -82
30 -82
30 -75
30 -82
30 -83
30 -82
30 -84
30 -83
30 -80
30 -82
30 -80
30 -81
30 -80
30 -82
30 -81
30 -82
30 -81
30 -77
30 -82
30 -82
30 -77
30 -60
30 -81
30 -81
30 -81
30 -82
30 -83
30 -83
30 -84
30 -83
30 -85
30 -83
30 -84
30 -84
30 -83
30 -80
30 -81
30 -72
30 -80
30 -81
30 -79
30 -79
30 -80
30 -80
30 -79
30 -80
30 -82
30 -80
30 -79
30 -79
30 -77
30 -82
30 -82
30 -82
30 -81
30 -81
30 -80
30 -81
30 -80
30 -80
30 -78
30 -81
30 -81
30 -70
30 -81
30 -81
30 -81
30 -73
30 -82
30 -83
30 -82
30 -82
30 -81
30 -81
30 -81
30 -81
30 -80
30 -81
30 -81
30 -84
30 -83
30 -84
30 -84
30 -82
30 -82
30 -82
30 -82
30 -79
30 -81
30 -71
30 -79
30 -79
30 -79
30 -79
30 -76
30 -78
30 -79
30 -77
30 -79
30 -80
30 -81
30 -81
30 -81
30 -81
30 -80
30 -79
30 -79
30 -78
30 -78
30 -78
30 -78
30 -78
30 -78
30 -78
30 -78
30 -78
30 -78
30 -78
30 -78
30 -78
30 -79
30 -79
30 -79
30 -80
30 -79
30 -80
30 -77
30 -80
30 -80
30 -79
30 -80
30 -78
30 -79
30 -77
30 -76
30 -77
30 -78
30 -78
30 -77
30 -77
30 -77
30 -78
30 -77
30 -77
30 -77
30 -78
30 -78
30 -78
30 -58
30 -78
30 -78
30 -77
30 -77
30 -77
30 -77
30 -76
30 -76
30 -77
30 -78
30 -78
30 -78
31 -81
31 -80
31 -77
31 -80
31 -81
31 -82
31 -80
31 -81
31 -82
31 -81
31 -81
31 -81
31 -80
31 -81
31 -80
31 -81
31 -82
31 -80
31 -78
31 -78
31 -81
31 -83
31 -83
31 -83
31 -84
31 -87
31 -83
31 -83
31 -84
31 -84
31 -84
31 -84
31 -84
31 -85
31 -79
31 -80
31 -84
31 -84
31 -85
31 -86
31 -84
31 -84
31 -84
31 -83
31 -83
31 -83
31 -83
31 -83
31 -82
31 -83
31 -83
31 -83
31 -83
31 -83
31 -84
31 -86
31 -78
31 -77
31 -74
31 -78
31 -77
31 -78
31 -77
31 -80
31 -81
31 -81
31 -82
31 -84
31 -82
31 -72
31 -70
31 -81
31 -81
31 -81
31 -81
31 -72
31 -81
31 -80
31 -81
31 -80
31 -81
31 -82
31 -81
31 -82
31 -82
31 -81
31 -64
31 -76
31 -81
31 -79
31 -71
31 -72
31 -81
31 -81
31 -83
31 -81
31 -83
31 -83
31 -81
31 -82
31 -82
31 -82
31 -81
31 -82
31 -79
31 -81
31 -82
31 -82
31 -83
31 -80
31 -83
31 -72
31 -81
31 -80
31 -81
31 -80
31 -81
31 -80
31 -81
31 -81
31 -81
31 -81
31 -80
31 -80
31 -80
31 -80
31 -80
31 -81
31 -80
31 -80
31 -80
31 -79
31 -81
31 -76
31 -81
31 -81
31 -80
31 -80
31 -80
31 -81
31 -79
31 -82
31 -82
31 -83
31 -84
31 -86
31 -87
31 -84
31 -83
31 -82
31 -83
31 -84
31 -85
31 -81
31 -82
31 -80
31 -82
31 -83
31 -82
31 -80
31 -82
31 -81
31 -81
31 -83
31 -81
31 -83
31 -82
31 -83
31 -81
31 -78
31 -83
31 -82
31 -81
31 -81
31 -81
31 -82
31 -83
31 -83
31 -82
31 -83
31 -83
31 -70
31 -84
31 -84
31 -84
31 -83
31 -82
31 -82
31 -82
31 -82
31 -82
31 -82
31 -82
31 -83
31 -83
31 -84
31 -83
31 -79
31 -84
31 -72
31 -83
31 -83
31 -83
31 -83
31 -83
31 -84
31 -85
31 -81
31 -84
31 -84
31 -83
31 -75
31 -83
31 -84
31 -81
31 -81
31 -81
31 -79
31 -79
31 -80
31 -78
32 -76
32 -75
32 -76
32 -76
32 -70
32 -75
32 -76
32 -75
32 -75
32 -75
32 -75
32 -75
32 -74
32 -73
32 -75
32 -73
32 -74
32 -75
32 -75
32 -75
32 -75
32 -75
32 -75
32 -76
32 -73
32 -77
32 -76
32 -75
32 -75
32 -74
32 -74
32 -74
32 -73
32 -73
32 -72
32 -72
32 -72
32 -72
32 -70
32 -70
32 -70
32 -71
32 -71
32 -71
32 -71
32 -72
32 -72
32 -72
32 -72
32 -72
32 -72
32 -73
32 -74
32 -73
32 -73
32 -73
32 -72
32 -73
32 -72
32 -74
32 -73
32 -73
32 -74
32 -74
32 -75
32 -76
32 -76
32 -77
32 -78
32 -77
32 -77
32 -77
32 -77
32 -78
32 -77
32 -77
32 -77
32 -77
32 -75
32 -78
32 -77
32 -78
32 -78
32 -78
32 -78
32 -78
32 -78
32 -78
32 -80
32 -80
32 -79
32 -79
32 -78
32 -79
32 -76
32 -79
32 -79
32 -79
32 -78
32 -77
32 -78
32 -78
32 -78
32 -76
32 -80
32 -80
32 -79
32 -76
32 -80
32 -80
32 -74
32 -80
32 -78
32 -78
32 -78
32 -79
32 -81
32 -81
32 -81
32 -78
32 -75
32 -64
32 -80
32 -79
32 -80
32 -81
32 -80
32 -80
32 -78
32 -79
32 -78
32 -77
32 -78
32 -78
32 -78
32 -81
32 -81
32 -81
32 -82
32 -80
32 -80
32 -82
32 -78
32 -74
32 -74
32 -74
32 -72
32 -72
32 -72
32 -71
32 -72
32 -70
32 -71
32 -71
32 -72
32 -76
32 -81
32 -78
32 -76
32 -76
32 -76
32 -75
32 -76
32 -74
32 -74
32 -75
32 -75
32 -74
32 -70
32 -75
32 -74
32 -74
32 -74
32 -74
32 -75
32 -74
32 -75
32 -74
32 -74
32 -73
32 -74
32 -74
32 -70
32 -73
32 -73
32 -74
32 -73
32 -74
32 -74
32 -74
32 -76
32 -76
32 -75
32 -75
32 -75
32 -75
32 -75
32 -73
32 -73
32 -74
32 -73
32 -69
32 -74
32 -74
32 -75
32 -76
32 -75
32 -75
32 -76
32 -75
32 -75
32 -75
32 -76
32 -75
32 -75
32 -74
32 -74
32 -73
32 -73
32 -72
32 -73
32 -73
32 -73
32 -73
32 -74
32 -74
32 -75
32 -75
32 -75
32 -75
32 -75
32 -75
32 -75
32 -75
32 -74
32 -74
32 -75
32 -74
32 -75
32 -74
32 -74
32 -73
32 -73
32 -74
32 -73
32 -71
32 -73
32 -73
32 -71
32 -74
32 -74
32 -75
32 -72
32 -74
32 -75
32 -67
32 -74
32 -75
32 -74
32 -73
32 -71
32 -73
32 -71
32 -73
32 -72
32 -73
32 -73
32 -73
32 -73
32 -73
32 -72
32 -73
32 -73
32 -67
32 -63
32 -72
32 -72
32 -72
32 -72
32 -72
32 -72
32 -72
32 -72
32 -72
32 -73
32 -73
32 -73
32 -73
32 -73
32 -72
32 -72
32 -72
32 -72
32 -72
32 -72
32 -72
32 -72
32 -72
32 -73
32 -72
32 -73
32 -73
32 -73
32 -73
32 -30
32 -69
32 -73
32 -73
32 -73
32 -73
32 -73
32 -73
32 -73
32 -71
32 -74
32 -74
32 -75
32 -67
32 -75
32 -75
32 -75
32 -75
32 -74
32 -75
32 -74
32 -75
32 -75
32 -75
32 -75
32 -75
32 -75
32 -75
32 -76
32 -75
32 -76
32 -75
32 -76
32 -73
32 -75
32 -73
32 -74
32 -70
32 -75
32 -76
32 -76
32 -75
32 -74
32 -75
32 -75
32 -76
32 -76
32 -76
32 -75
32 -75
32 -74
32 -75
32 -75
32 -75
32 -75
32 -75
32 -75
32 -75
32 -73
32 -75
32 -75
32 -75
32 -76
32 -75
32 -75
32 -75
32 -76
32 -76
32 -76
32 -75
32 -75
32 -75
32 -76
32 -76
32 -76
32 -75
32 -75
32 -74
32 -75
32 -76
32 -76
32 -72
32 -75
32 -75
32 -75
32 -72
32 -74
32 -75
32 -75
32 -74
32 -74
32 -74
32 -74
32 -75
32 -75
32 -75
32 -75
32 -75
32 -74
32 -75
32 -75
32 -75
32 -75
32 -75
32 -74
32 -75
32 -75
32 -74
32 -74
32 -74
32 -74
32 -74
32 -75
32 -76
32 -74
32 -67
32 -77
32 -76
32 -76
32 -77
32 -78
32 -77
32 -78
32 -77
32 -78
32 -78
32 -71
32 -76
32 -77
32 -78
32 -77
32 -78
32 -78
32 -79
32 -79
32 -81
32 -79
33 -85
33 -86
33 -84
33 -81
33 -78
33 -76
33 -78
33 -78
33 -80
33 -81
33 -81
33 -81
33 -82
33 -81
33 -82
33 -81
33 -83
33 -82
33 -82
33 -81
33 -79
33 -79
33 -78
33 -76
33 -79
33 -78
33 -78
33 -79
33 -78
33 -79
33 -79
33 -78
33 -78
33 -78
33 -77
33 -76
33 -78
33 -78
33 -78
33 -58
33 -78
33 -78
33 -78
33 -78
33 -76
33 -79
33 -79
33 -79
33 -79
33 -78
33 -78
33 -78
33 -77
33 -77
33 -77
33 -70
33 -76
33 -76
33 -76
33 -76
33 -76
33 -76
33 -76
33 -76
33 -76
33 -76
33 -76
33 -77
33 -76
33 -78
33 -78
33 -78
33 -79
33 -79
33 -79
33 -79
33 -79
33 -80
33 -78
33 -79
33 -79
33 -79
33 -76
33 -80
33 -80
33 -80
33 -80
33 -80
33 -79
33 -79
33 -79
33 -77
33 -80
33 -78
33 -78
33 -79
33 -80
33 -78
33 -75
33 -76
33 -77
33 -79
33 -82
33 -85
33 -79
33 -78
33 -77
33 -76
33 -78
33 -79
33 -73
33 -77
33 -78
33 -78
33 -77
33 -77
33 -77
33 -77
33 -63
33 -78
33 -78
33 -78
33 -78
33 -78
33 -79
33 -79
33 -80
33 -79
33 -78
33 -79
33 -80
33 -80
33 -79
33 -79
33 -78
33 -78
33 -78
33 -78
33 -78
33 -78
33 -78
33 -77
33 -78
33 -77
33 -78
33 -78
33 -77
33 -70
33 -77
33 -77
33 -77
33 -78
33 -78
33 -78
33 -78
33 -78
33 -78
33 -78
33 -78
33 -79
33 -79
33 -79
33 -79
33 -79
33 -77
33 -78
33 -78
33 -77
33 -77
33 -77
33 -77
33 -76
33 -76
33 -76
33 -76
33 -76
33 -76
33 -76
33 -76
33 -76
33 -76
33 -74
33 -76
33 -76
33 -76
33 -76
33 -76
33 -76
33 -77
33 -78
33 -77
33 -78
33 -78
33 -79
33 -76
33 -78
33 -78
33 -78
33 -78
33 -77
33 -78
33 -78
33 -78
33 -78
33 -78
33 -78
33 -77
33 -77
33 -77
33 -72
33 -77
33 -77
33 -78
33 -74
33 -78
33 -78
33 -78
33 -78
33 -77
33 -78
33 -78
33 -79
33 -78
33 -77
33 -76
33 -78
33 -78
33 -78
33 -76
33 -78
33 -78
33 -77
33 -78
33 -76
33 -77
33 -77
33 -77
33 -78
33 -77
33 -78
33 -75
33 -78
33 -73
33 -77
33 -78
33 -78
33 -78
33 -77
33 -77
33 -77
33 -77
33 -77
33 -77
33 -78
33 -78
33 -77
33 -74
33 -77
33 -77
33 -78
33 -78
33 -78
33 -78
33 -79
33 -78
33 -79
33 -79
33 -79
33 -79
33 -79
33 -79
33 -78
33 -80
33 -80
33 -79
33 -79
33 -78
33 -78
33 -78
33 -79
33 -79
33 -79
33 -77
33 -70
33 -70
33 -78
33 -78
33 -78
33 -78
33 -78
33 -77
33 -76
33 -77
33 -79
33 -78
33 -78
33 -78
33 -79
33 -78
33 -78
33 -79
33 -79
33 -78
33 -79
33 -78
33 -78
33 -79
33 -79
33 -79
33 -79
33 -78
33 -79
33 -79
33 -79
33 -78
33 -79
33 -78
33 -78
33 -78
33 -79
33 -79
33 -79
33 -78
33 -79
33 -78
33 -79
33 -78
33 -75
33 -30
33 -78
33 -78
33 -78
33 -72
33 -78
33 -78
33 -78
33 -30
33 -60
33 -81
33 -78
33 -78
33 -81
33 -83
33 -83
33 -83
33 -84
33 -84
33 -83
33 -83
33 -84
33 -84
33 -84
33 -83
33 -83
33 -83
34 -76
34 -77
34 -76
34 -76
34 -76
34 -76
34 -76
34 -73
34 -76
34 -76
34 -76
34 -76
34 -77
34 -76
34 -77
34 -76
34 -76
34 -76
34 -76
34 -76
34 -76
34 -74
34 -73
34 -74
34 -77
34 -76
34 -76
34 -77
34 -77
34 -76
34 -76
34 -77
34 -77
34 -76
34 -76
34 -75
34 -75
34 -76
34 -76
34 -78
34 -80
34 -80
34 -79
34 -81
34 -80
34 -79
34 -80
34 -79
34 -79
34 -79
34 -79
34 -79
34 -78
34 -78
34 -78
34 -79
34 -78
34 -78
34 -78
34 -80
34 -80
34 -81
34 -80
34 -80
34 -80
34 -79
34 -80
34 -81
34 -80
34 -81
34 -82
34 -81
34 -83
34 -82
34 -82
34 -82
34 -82
34 -81
34 -82
34 -82
34 -83
34 -81
34 -81
34 -80
34 -79
34 -80
34 -79
34 -78
34 -79
34 -79
34 -77
34 -81
34 -82
34 -82
34 -83
34 -80
34 -78
34 -86
34 -78
34 -81
34 -80
34 -76
34 -77
34 -78
34 -78
34 -82
34 -81
34 -65
34 -68
34 -81
34 -80
34 -81
34 -82
34 -82
34 -79
34 -81
34 -79
34 -82
34 -83
34 -84
34 -82
34 -77
34 -81
34 -81
34 -80
34 -80
34 -80
34 -80
34 -82
34 -83
34 -84
34 -84
34 -83
34 -82
34 -82
34 -82
34 -80
34 -81
34 -81
34 -81
34 -81
34 -81
34 -80
34 -81
34 -81
34 -81
34 -83
34 -83
34 -80
34 -81
34 -82
34 -82
34 -79
34 -83
34 -83
34 -83
34 -84
34 -83
34 -83
34 -83
34 -83
34 -83
34 -57
34 -83
34 -81
34 -80
34 -81
34 -80
34 -82
34 -81
34 -73
34 -83
34 -83
34 -84
34 -83
34 -84
34 -83
34 -83
34 -83
34 -32
34 -82
34 -83
34 -83
34 -84
34 -83
34 -79
34 -84
34 -83
34 -83
34 -81
34 -82
34 -82
34 -82
34 -80
34 -81
34 -78
34 -82
34 -81
34 -81
34 -82
34 -82
34 -82
34 -83
34 -77
34 -82
34 -83
34 -83
34 -84
34 -84
34 -84
34 -85
34 -83
34 -83
34 -83
34 -82
34 -82
34 -83
34 -82
34 -76
34 -82
34 -82
34 -83
34 -84
34 -84
34 -84
34 -84
34 -84
34 -84
34 -84
34 -82
34 -83
34 -82
34 -78
34 -83
34 -81
34 -81
34 -81
34 -81
34 -80
34 -80
34 -81
34 -82
34 -80
34 -81
34 -82
34 -81
34 -82
34 -82
34 -81
34 -81
34 -81
34 -81
35 -70
35 -69
35 -70
35 -70
35 -69
35 -70
35 -69
35 -69
35 -70
35 -69
35 -69
35 -70
35 -69
35 -68
35 -69
35 -68
35 -69
35 -69
35 -68
35 -69
35 -69
35 -69
35 -69
35 -69
35 -69
35 -73
35 -73
35 -73
35 -74
35 -73
35 -72
35 -71
35 -72
35 -72
35 -72
35 -72
35 -72
35 -72
35 -72
35 -72
35 -72
35 -72
35 -71
35 -74
35 -70
35 -72
35 -72
35 -74
35 -59
35 -70
35 -73
35 -73
35 -73
35 -73
35 -74
35 -74
35 -73
35 -73
35 -73
35 -74
35 -74
35 -73
35 -74
35 -74
35 -74
35 -74
35 -74
35 -73
35 -74
35 -74
35 -73
35 -73
35 -74
35 -73
35 -73
35 -73
35 -72
35 -72
35 -73
35 -72
35 -69
35 -71
35 -72
35 -72
35 -72
35 -72
35 -73
35 -73
35 -72
35 -72
35 -72
35 -72
35 -72
35 -72
35 -72
35 -72
35 -72
35 -72
35 -60
35 -72
35 -72
35 -72
35 -72
35 -72
35 -72
35 -72
35 -57
35 -72
35 -72
35 -72
35 -72
35 -72
35 -71
35 -72
35 -71
35 -70
35 -72
35 -72
35 -72
35 -72
35 -71
35 -71
35 -71
35 -71
35 -71
35 -71
35 -71
35 -71
35 -71
35 -70
35 -71
35 -70
35 -70
35 -70
35 -70
35 -71
35 -70
35 -71
35 -71
35 -72
35 -72
35 -72
35 -72
35 -72
35 -72
35 -70
35 -71
35 -72
35 -72
35 -72
35 -72
35 -72
35 -72
35 -72
35 -72
35 -72
35 -72
35 -72
35 -72
35 -72
35 -72
35 -72
35 -72
35 -72
35 -72
35 -72
35 -72
35 -72
35 -72
35 -72
35 -72
35 -31
35 -72
35 -72
35 -72
35 -70
35 -70
35 -73
35 -72
35 -72
35 -73
35 -73
35 -71
35 -69
35 -68
35 -70
35 -71
35 -72
35 -72
35 -72
35 -71
35 -71
35 -71
35 -71
35 -70
35 -70
35 -69
35 -68
35 -68
35 -68
35 -67
35 -66
35 -66
35 -66
35 -66
35 -66
35 -67
35 -67
35 -68
35 -68
35 -68
35 -68
35 -68
35 -67
35 -67
35 -68
35 -68
35 -67
35 -67
35 -67
35 -68
35 -67
35 -67
35 -67
35 -67
35 -67
35 -67
35 -52
35 -67
35 -67
35 -65
35 -68
35 -67
35 -68
35 -68
35 -68
35 -68
35 -67
35 -68
35 -67
35 -67
35 -67
35 -67
35 -67
35 -67
35 -67
35 -68
35 -68
35 -68
35 -68
35 -68
35 -69
35 -68
35 -68
35 -68
35 -68
35 -68
35 -68
35 -68
35 -67
35 -68
35 -67
35 -67
35 -67
35 -67
35 -67
35 -67
35 -67
35 -67
35 -67
35 -67
35 -68
35 -68
35 -68
35 -68
35 -68
35 -68
35 -68
35 -68
35 -68
35 -68
35 -66
35 -67
35 -68
35 -67
35 -67
35 -67
35 -67
35 -67
35 -67
35 -67
35 -67
35 -67
35 -67
35 -67
35 -67
35 -67
35 -67
35 -67
35 -66
35 -67
35 -67
35 -67
35 -67
35 -67
35 -67
35 -67
35 -67
35 -67
35 -67
35 -67
35 -67
35 -66
35 -67
35 -68
35 -67
35 -67
35 -67
35 -67
35 -67
35 -67
35 -68
35 -68
35 -68
35 -68
35 -68
35 -68
35 -68
35 -68
35 -69
35 -69
35 -67
35 -69
35 -69
35 -68
35 -68
35 -68
35 -69
35 -68
35 -68
35 -68
35 -69
35 -69
35 -69
35 -64
35 -69
35 -69
35 -64
35 -68
35 -69
35 -69
35 -69
35 -68
35 -68
35 -68
35 -68
35 -68
35 -68
35 -68
35 -68
35 -68
35 -68
35 -68
35 -68
35 -68
35 -68
35 -68
35 -68
35 -68
35 -68
35 -68
35 -68
35 -68
35 -68
35 -68
35 -68
35 -68
35 -69
35 -69
35 -69
35 -68
35 -68
35 -69
35 -68
35 -68
35 -68
35 -68
35 -68
35 -63
35 -68
35 -68
35 -68
35 -68
35 -69
35 -68
35 -68
35 -68
35 -68
35 -68
35 -68
35 -68
35 -68
35 -64
35 -68
35 -68
35 -68
35 -68
35 -67
35 -67
35 -68
35 -68
35 -68
35 -68
35 -68
35 -68
35 -68
35 -68
35 -68
35 -68
35 -68
35 -68
35 -68
35 -69
35 -69
35 -69
35 -69
35 -69
35 -69
35 -41
35 -69
35 -69
35 -69
35 -69
35 -69
35 -69
35 -69
35 -68
35 -69
35 -69
35 -69
35 -69
35 -68
35 -53
35 -68
35 -68
35 -69
35 -68
35 -69
35 -69
35 -68
35 -68
35 -68
35 -69
35 -68
35 -69
35 -69
35 -69
35 -68
35 -68
35 -69
35 -69
35 -69
35 -69
35 -69
35 -69
35 -68
35 -69
35 -69
35 -69
35 -69
35 -69
35 -69
35 -69
35 -69
35 -65
35 -68
35 -69
35 -69
35 -65
35 -68
35 -69
35 -68
35 -68
35 -68
35 -68
35 -69
35 -69
35 -69
35 -68
35 -68
35 -70
35 -70
35 -70
35 -70
35 -70
35 -70
35 -70
35 -70
35 -70
35 -70
35 -71
35 -70
35 -70
35 -70
35 -70
35 -70
35 -70
35 -69
35 -69
35 -69
35 -69
35 -70
35 -70
35 -70
35 -71
35 -71
35 -71
35 -71
35 -71
35 -70
35 -70
35 -70
35 -70
36 -73
36 -72
36 -73
36 -73
36 -73
36 -72
36 -72
36 -72
36 -72
36 -72
36 -73
36 -73
36 -72
36 -72
36 -73
36 -73
36 -74
36 -73
36 -73
36 -74
36 -77
36 -77
36 -76
36 -74
36 -72
36 -71
36 -72
36 -71
36 -72
36 -72
36 -72
36 -72
36 -72
36 -72
36 -72
36 -73
36 -72
36 -70
36 -72
36 -74
36 -64
36 -69
36 -76
36 -76
36 -77
36 -77
36 -76
36 -76
36 -78
36 -80
36 -81
36 -79
36 -79
36 -81
36 -79
36 -81
36 -82
36 -82
36 -82
36 -83
36 -83
36 -83
36 -82
36 -82
36 -84
36 -85
36 -84
36 -83
36 -84
36 -83
36 -83
36 -85
36 -83
36 -79
36 -79
36 -76
36 -76
36 -75
36 -76
36 -76
36 -76
36 -76
36 -77
36 -77
36 -77
36 -77
36 -77
36 -76
36 -77
36 -76
36 -76
36 -77
36 -77
36 -77
36 -77
36 -76
36 -76
36 -76
36 -77
36 -76
36 -76
36 -76
36 -75
36 -76
36 -52
36 -75
36 -76
36 -83
36 -74
36 -79
36 -71
36 -71
36 -70
36 -73
36 -77
36 -78
36 -78
36 -72
36 -72
36 -72
36 -74
36 -74
36 -74
36 -76
36 -78
36 -81
36 -72
36 -70
36 -68
36 -69
36 -68
36 -69
36 -70
36 -70
36 -71
36 -72
36 -65
36 -72
36 -72
36 -72
36 -72
36 -72
36 -72
36 -72
36 -72
36 -72
36 -72
36 -72
36 -72
36 -71
36 -72
36 -71
36 -72
36 -72
36 -72
36 -72
36 -72
36 -72
36 -72
36 -70
36 -72
36 -72
36 -72
36 -73
36 -72
36 -72
36 -72
36 -74
36 -75
36 -74
36 -75
36 -74
36 -62
36 -73
36 -73
36 -73
36 -73
36 -73
36 -72
36 -72
36 -72
36 -72
36 -72
36 -72
36 -72
36 -72
36 -72
36 -72
36 -73
36 -73
36 -73
36 -74
36 -74
36 -75
36 -76
36 -76
36 -76
36 -76
36 -75
36 -76
36 -70
36 -74
36 -73
36 -73
36 -72
36 -72
36 -72
36 -72
36 -72
36 -72
36 -72
36 -72
36 -72
36 -72
36 -72
36 -72
36 -72
36 -72
36 -72
36 -68
36 -72
36 -71
36 -71
36 -71
36 -71
36 -72
36 -71
36 -71
36 -71
36 -71
36 -71
36 -71
36 -71
36 -71
36 -72
36 -72
36 -72
36 -72
36 -72
36 -72
36 -72
36 -73
36 -73
36 -74
36 -75
36 -75
36 -74
36 -75
36 -75
36 -75
36 -75
36 -75
36 -75
36 -74
36 -74
36 -75
36 -75
36 -76
36 -78
36 -76
36 -76
36 -76
36 -76
36 -75
36 -74
36 -73
36 -73
36 -74
36 -73
36 -74
36 -74
36 -74
36 -73
36 -73
36 -73
36 -73
36 -74
36 -75
36 -74
36 -74
36 -73
36 -73
36 -73
36 -73
36 -73
36 -72
36 -72
36 -73
36 -73
36 -73
36 -72
36 -73
36 -73
36 -73
36 -72
36 -72
36 -72
36 -72
36 -72
36 -72
36 -72
36 -72
36 -72
36 -72
36 -72
36 -72
36 -72
36 -72
36 -72
36 -72
36 -72
36 -72
36 -72
36 -72
36 -72
36 -71
36 -72
36 -72
36 -72
36 -71
36 -71
36 -72
36 -71
36 -71
36 -71
36 -71
36 -71
36 -71
36 -70
36 -70
36 -70
36 -70
36 -70
36 -70
36 -70
36 -70
36 -70
36 -70
36 -70
36 -71
36 -72
36 -72
36 -72
36 -72
36 -72
36 -72
36 -72
36 -72
36 -72
36 -72
36 -72
36 -72
36 -72
36 -70
36 -71
36 -71
36 -72
36 -72
36 -71
36 -71
36 -71
36 -71
36 -71
36 -71
36 -71
36 -72
36 -72
36 -72
36 -72
36 -73
36 -60
36 -73
36 -73
36 -74
36 -73
36 -74
36 -74
36 -74
36 -74
36 -73
36 -73
36 -64
36 -73
36 -72
36 -72
36 -71
36 -72
36 -72
36 -72
36 -72
36 -72
36 -71
36 -72
36 -72
36 -73
36 -72
36 -72
36 -72
36 -72
36 -70
36 -72
36 -78
36 -78
36 -81
36 -81
36 -81
36 -80
36 -80
36 -78
36 -66
36 -77
36 -76
36 -76
36 -78
36 -79
36 -80
36 -80
36 -78
36 -78
36 -76
36 -76
36 -75
36 -75
36 -75
36 -75
36 -75
36 -74
37 -80
37 -75
37 -80
37 -80
37 -80
37 -80
37 -81
37 -80
37 -80
37 -80
37 -79
37 -80
37 -79
37 -80
37 -79
37 -72
37 -79
37 -80
37 -78
37 -80
37 -79
37 -78
37 -79
37 -79
37 -78
37 -77
37 -78
37 -78
37 -64
37 -79
37 -79
37 -78
37 -79
37 -76
37 -78
37 -79
37 -79
37 -79
37 -79
37 -80
37 -80
37 -81
37 -80
37 -52
37 -80
37 -81
37 -81
37 -80
37 -80
37 -78
37 -80
37 -79
37 -79
37 -80
37 -78
37 -80
37 -79
37 -81
37 -80
37 -80
37 -80
37 -80
37 -80
37 -80
37 -81
37 -81
37 -81
37 -82
37 -81
37 -82
37 -81
37 -82
37 -82
37 -81
37 -79
37 -77
37 -69
37 -78
37 -77
37 -77
37 -77
37 -76
37 -77
37 -77
37 -77
37 -77
37 -78
37 -78
37 -76
37 -78
37 -78
37 -74
37 -78
37 -78
37 -81
37 -81
37 -83
37 -84
37 -83
37 -82
37 -83
37 -81
37 -81
37 -82
37 -82
37 -82
37 -82
37 -83
37 -82
37 -83
37 -81
37 -82
37 -84
37 -80
37 -78
37 -78
37 -78
37 -78
37 -64
37 -71
37 -78
37 -79
37 -80
37 -80
37 -79
37 -79
37 -79
37 -77
37 -76
37 -64
37 -75
37 -74
37 -74
37 -74
37 -75
37 -76
37 -76
37 -76
37 -76
37 -73
37 -76
37 -76
37 -77
37 -77
37 -77
37 -67
37 -77
37 -77
37 -76
37 -76
37 -76
37 -76
37 -76
37 -76
37 -75
37 -75
37 -75
37 -75
37 -75
37 -75
37 -75
37 -75
37 -75
37 -75
37 -76
37 -76
37 -76
37 -77
37 -77
37 -77
37 -76
37 -76
37 -76
37 -77
37 -76
37 -75
37 -76
37 -76
37 -75
37 -75
37 -76
37 -76
37 -76
37 -76
37 -76
37 -77
37 -77
37 -78
37 -78
37 -77
37 -76
37 -44
37 -75
37 -75
37 -75
37 -75
37 -75
37 -75
37 -75
37 -76
37 -73
37 -75
37 -75
37 -75
37 -66
37 -75
37 -75
37 -75
37 -75
37 -75
37 -75
37 -74
37 -76
37 -74
37 -75
37 -75
37 -75
37 -75
37 -73
37 -71
37 -75
37 -74
37 -74
37 -74
37 -75
37 -75
37 -75
37 -76
37 -76
37 -76
37 -76
37 -76
37 -76
37 -76
37 -76
37 -76
37 -76
37 -75
37 -76
37 -75
37 -76
37 -75
37 -75
37 -73
37 -75
37 -75
37 -74
37 -75
37 -75
37 -70
37 -74
37 -75
37 -74
37 -74
37 -74
37 -75
37 -30
37 -74
37 -74
37 -74
37 -74
37 -74
37 -74
37 -73
37 -74
37 -75
37 -74
37 -74
37 -74
37 -74
37 -74
37 -74
37 -73
37 -73
37 -74
37 -73
37 -74
37 -70
37 -75
37 -75
37 -75
37 -75
37 -76
37 -76
37 -76
37 -68
37 -76
37 -75
37 -75
37 -72
37 -76
37 -76
37 -76
37 -76
37 -76
37 -73
37 -76
37 -76
37 -75
37 -75
37 -66
37 -75
37 -75
37 -76
37 -75
37 -76
37 -76
37 -76
37 -75
37 -76
37 -77
37 -78
37 -78
37 -78
37 -78
37 -78
37 -79
37 -79
37 -79
37 -78
37 -80
37 -78
37 -78
37 -78
37 -74
37 -76
37 -76
37 -30
37 -76
37 -76
37 -76
37 -76
37 -75
37 -75
37 -75
37 -75
37 -75
37 -75
37 -76
37 -66
37 -51
37 -76
37 -76
37 -77
37 -77
37 -78
37 -78
37 -78
37 -78
37 -79
37 -78
37 -78
37 -64
37 -78
37 -77
37 -76
37 -76
37 -76
37 -76
37 -76
37 -76
37 -75
37 -76
37 -76
37 -76
37 -76
37 -76
37 -76
37 -76
37 -75
37 -76
37 -76
37 -76
37 -76
37 -76
37 -76
37 -76
37 -76
37 -76
37 -62
37 -75
37 -75
37 -72
37 -76
37 -78
37 -69
37 -77
37 -77
37 -77
37 -77
37 -77
37 -77
37 -76
37 -77
37 -77
37 -77
37 -78
37 -78
37 -77
37 -77
37 -78
37 -77
37 -77
37 -78
37 -78
37 -79
37 -78
37 -78
37 -79
37 -79
38 -75
38 -75
38 -74
38 -74
38 -73
38 -73
38 -73
38 -73
38 -67
38 -72
38 -72
38 -68
38 -72
38 -72
38 -72
38 -65
38 -76
38 -76
38 -75
38 -74
38 -73
38 -76
38 -74
38 -74
38 -75
38 -74
38 -72
38 -72
38 -75
38 -74
38 -76
38 -76
38 -76
38 -75
38 -78
38 -78
38 -77
38 -76
38 -64
38 -78
38 -69
38 -79
38 -79
38 -78
38 -76
38 -78
38 -77
38 -78
38 -78
38 -78
38 -78
38 -78
38 -79
38 -78
38 -79
38 -78
38 -78
38 -78
38 -78
38 -78
38 -78
38 -76
38 -78
38 -78
38 -76
38 -78
38 -79
38 -77
38 -78
38 -78
38 -78
38 -78
38 -78
38 -78
38 -78
38 -78
38 -78
38 -78
38 -78
38 -78
38 -78
38 -79
38 -79
38 -78
38 -77
38 -77
38 -77
38 -77
38 -77
38 -76
38 -76
38 -76
38 -76
38 -75
38 -76
38 -76
38 -75
38 -75
38 -75
38 -74
38 -74
38 -73
38 -74
38 -73
38 -74
38 -76
38 -76
38 -76
38 -75
38 -73
38 -76
38 -75
38 -76
38 -76
38 -76
38 -76
38 -76
38 -70
38 -75
38 -75
38 -75
38 -75
38 -76
38 -76
38 -76
38 -76
38 -76
38 -67
38 -77
38 -77
38 -77
38 -77
38 -76
38 -76
38 -76
38 -76
38 -76
38 -76
38 -76
38 -75
38 -76
38 -75
38 -75
38 -75
38 -74
38 -75
38 -76
38 -76
38 -75
38 -74
38 -74
38 -74
38 -78
38 -75
38 -74
38 -73
38 -73
38 -72
38 -71
38 -71
38 -72
38 -72
38 -71
38 -72
38 -74
38 -76
38 -77
38 -78
38 -78
38 -77
38 -76
38 -61
38 -75
38 -76
38 -77
38 -81
38 -85
38 -84
38 -83
38 -80
38 -78
38 -78
38 -78
38 -78
38 -80
38 -81
38 -82
38 -84
38 -85
38 -80
38 -78
38 -78
38 -78
38 -78
38 -78
38 -77
38 -77
38 -80
38 -80
38 -81
38 -74
38 -80
38 -80
38 -80
38 -79
38 -80
38 -78
38 -78
38 -78
38 -79
38 -81
38 -82
38 -83
38 -80
38 -82
38 -85
38 -81
38 -79
38 -81
38 -81
38 -81
38 -81
38 -85
38 -82
38 -83
38 -85
38 -84
38 -82
38 -81
38 -81
38 -80
38 -80
38 -82
38 -79
38 -82
38 -81
38 -84
38 -85
38 -86
38 -81
38 -83
38 -80
38 -84
38 -85
38 -85
38 -82
38 -81
38 -80
38 -79
38 -79
38 -78
38 -77
38 -77
38 -78
38 -78
38 -81
38 -82
38 -84
38 -83
38 -83
38 -84
38 -85
38 -86
38 -83
38 -81
38 -79
38 -78
38 -80
38 -80
38 -80
38 -81
38 -81
38 -80
38 -81
38 -82
38 -79
38 -79
38 -78
38 -78
38 -78
38 -77
38 -77
38 -77
