Beacon Rssi
1 -84
1 -77
1 -79
1 -83
1 -83
1 -83
1 -81
1 -81
1 -83
1 -84
1 -84
1 -85
1 -84
1 -83
1 -80
1 -67
1 -84
1 -84
1 -83
1 -85
1 -85
1 -84
1 -84
1 -83
1 -82
1 -83
1 -83
1 -82
1 -83
1 -84
1 -81
1 -82
1 -82
1 -84
1 -84
1 -84
1 -84
1 -84
1 -88
1 -87
1 -83
1 -87
1 -83
1 -84
1 -83
1 -79
1 -80
1 -82
1 -82
1 -83
1 -80
1 -78
1 -79
1 -77
1 -76
1 -78
1 -78
1 -73
1 -78
1 -79
1 -80
1 -67
1 -79
1 -75
1 -80
1 -80
1 -80
1 -81
1 -80
1 -80
1 -79
1 -78
1 -78
1 -79
1 -80
1 -79
1 -79
1 -80
1 -80
1 -79
1 -80
1 -80
1 -80
1 -80
1 -79
1 -79
1 -79
1 -80
1 -79
1 -79
1 -61
1 -81
1 -78
1 -78
1 -78
2 -78
2 -78
2 -77
2 -77
2 -77
2 -76
2 -77
2 -76
2 -77
2 -77
2 -76
2 -76
2 -77
2 -78
2 -78
2 -78
2 -77
2 -76
2 -76
2 -77
2 -76
2 -77
2 -78
2 -78
2 -77
2 -78
2 -78
2 -78
2 -80
2 -79
2 -81
2 -79
2 -79
2 -79
2 -78
2 -78
2 -78
2 -78
2 -77
2 -78
2 -77
2 -79
2 -79
2 -79
2 -81
2 -84
2 -83
2 -83
2 -82
2 -81
2 -80
2 -80
2 -81
2 -81
2 -83
2 -83
2 -82
2 -81
2 -80
2 -66
2 -80
2 -80
2 -80
2 -79
2 -79
2 -80
2 -79
2 -80
2 -78
2 -78
2 -77
2 -71
2 -79
2 -79
2 -79
2 -79
2 -79
2 -80
2 -80
2 -80
2 -80
2 -79
2 -79
2 -80
2 -80
2 -80
2 -79
2 -79
2 -80
2 -79
2 -80
2 -80
2 -78
2 -78
2 -78
2 -39
2 -79
2 -78
2 -79
2 -70
2 -78
2 -78
2 -78
2 -77
2 -46
2 -78
2 -79
2 -78
2 -78
2 -80
2 -80
2 -79
2 -78
2 -78
2 -78
2 -78
2 -79
2 -78
2 -78
2 -79
2 -78
2 -78
2 -79
2 -78
2 -78
2 -78
2 -78
2 -78
2 -58
2 -78
2 -78
2 -77
2 -78
2 -80
2 -79
2 -81
2 -80
2 -79
2 -80
2 -82
2 -81
2 -81
2 -80
2 -81
2 -80
2 -81
2 -81
2 -81
2 -82
2 -83
2 -83
2 -83
2 -82
2 -81
2 -80
2 -78
2 -79
2 -79
2 -79
2 -79
2 -79
2 -79
2 -79
2 -80
2 -81
2 -81
2 -82
2 -79
2 -79
2 -79
2 -79
2 -78
2 -79
2 -78
2 -78
2 -79
2 -80
2 -81
2 -79
2 -80
2 -79
2 -79
2 -79
2 -79
2 -78
2 -78
2 -78
2 -77
2 -78
2 -78
2 -78
2 -78
2 -78
2 -72
2 -78
2 -78
2 -78
2 -78
2 -78
2 -68
2 -79
2 -79
2 -79
2 -79
2 -80
2 -80
2 -81
2 -81
2 -81
2 -82
2 -82
2 -82
2 -80
2 -78
2 -78
2 -79
2 -77
2 -78
2 -78
2 -78
2 -72
2 -78
2 -78
2 -78
2 -78
2 -77
2 -78
2 -77
2 -78
2 -78
2 -77
2 -77
2 -76
2 -76
2 -77
2 -76
2 -78
2 -78
2 -78
2 -78
2 -58
2 -77
2 -78
2 -78
2 -73
2 -80
2 -78
2 -78
2 -78
2 -78
2 -78
2 -78
2 -77
2 -78
2 -78
2 -75
2 -78
2 -78
2 -78
2 -78
2 -79
2 -78
2 -79
2 -78
2 -78
2 -80
2 -79
2 -80
2 -81
2 -81
2 -80
2 -76
2 -82
2 -82
2 -83
2 -81
2 -82
2 -82
2 -84
2 -82
2 -82
2 -82
2 -81
2 -78
2 -78
2 -78
2 -80
2 -81
2 -82
2 -82
2 -82
2 -81
2 -82
2 -82
2 -79
2 -80
2 -78
2 -83
2 -82
2 -83
2 -82
2 -81
2 -82
2 -81
2 -81
2 -81
2 -81
2 -81
2 -81
2 -79
2 -82
2 -83
2 -81
2 -82
2 -84
2 -76
2 -85
3 -84
3 -83
3 -81
3 -82
3 -81
3 -76
3 -76
3 -76
3 -76
3 -76
3 -77
3 -78
3 -76
3 -78
3 -78
3 -77
3 -76
3 -76
3 -71
3 -73
3 -73
3 -73
3 -74
3 -74
3 -74
3 -76
3 -77
3 -78
3 -83
3 -79
3 -79
3 -78
3 -61
3 -78
3 -78
3 -78
3 -78
3 -78
3 -72
3 -82
3 -83
3 -84
3 -86
3 -87
3 -86
3 -84
3 -84
3 -82
3 -59
3 -82
3 -82
3 -83
3 -84
3 -83
3 -84
3 -83
3 -82
3 -83
3 -83
3 -83
3 -84
3 -82
3 -72
3 -83
3 -83
3 -83
3 -83
3 -80
3 -79
3 -80
3 -77
3 -81
3 -80
3 -80
3 -81
3 -80
3 -46
3 -81
3 -81
3 -46
3 -78
3 -79
3 -78
3 -79
3 -81
3 -82
3 -81
3 -78
3 -79
3 -78
3 -77
3 -76
3 -76
3 -76
3 -79
3 -76
3 -76
3 -76
3 -76
3 -76
3 -76
3 -76
3 -76
3 -76
3 -75
3 -75
3 -73
3 -75
3 -75
3 -75
3 -75
3 -74
3 -74
3 -70
3 -76
3 -77
3 -76
3 -76
3 -78
3 -79
3 -79
3 -75
3 -80
3 -80
3 -71
3 -80
3 -79
3 -78
3 -77
3 -77
3 -76
3 -76
3 -74
3 -74
3 -50
3 -74
3 -75
3 -75
3 -76
3 -78
3 -78
3 -81
3 -83
3 -85
3 -83
3 -83
3 -84
3 -83
3 -79
3 -79
3 -80
3 -81
3 -81
3 -80
3 -81
3 -82
3 -82
3 -82
3 -83
3 -82
3 -84
3 -83
3 -83
3 -82
3 -82
3 -81
3 -80
3 -80
3 -79
3 -79
3 -78
3 -78
3 -78
3 -79
3 -79
3 -80
3 -82
3 -80
3 -80
3 -78
3 -78
3 -77
3 -77
3 -78
3 -78
3 -76
3 -77
3 -77
3 -77
3 -77
3 -77
3 -77
3 -77
3 -77
3 -77
3 -82
3 -84
3 -84
3 -83
3 -81
3 -81
3 -80
3 -78
3 -78
3 -78
3 -78
3 -78
3 -77
3 -78
3 -78
3 -78
3 -78
3 -77
3 -78
3 -77
3 -77
3 -77
3 -78
3 -78
3 -78
3 -78
3 -79
3 -79
3 -78
3 -79
3 -78
3 -78
3 -78
3 -78
3 -77
3 -76
3 -76
3 -76
3 -76
3 -76
3 -76
3 -76
3 -76
3 -77
3 -78
3 -78
3 -78
3 -78
3 -77
3 -78
3 -78
3 -78
3 -78
3 -77
3 -78
3 -76
3 -76
3 -76
3 -76
3 -76
3 -76
3 -76
3 -76
3 -76
3 -76
3 -76
3 -76
3 -76
3 -78
3 -78
3 -80
3 -79
3 -73
3 -84
3 -84
3 -84
3 -83
3 -81
3 -78
3 -78
3 -74
3 -76
3 -75
3 -78
3 -77
3 -72
3 -78
3 -81
3 -80
3 -79
3 -82
3 -81
3 -83
3 -83
3 -83
3 -83
3 -83
3 -74
3 -81
3 -79
3 -79
3 -78
3 -80
3 -80
3 -84
3 -83
3 -83
3 -82
3 -83
3 -83
3 -83
3 -81
3 -82
3 -80
3 -79
3 -57
3 -84
3 -82
3 -81
3 -79
3 -79
3 -82
4 -84
4 -83
4 -84
4 -83
4 -83
4 -83
4 -79
4 -72
4 -81
4 -80
4 -81
4 -82
4 -84
4 -81
4 -81
4 -82
4 -82
4 -82
4 -82
4 -81
4 -81
4 -82
4 -82
4 -80
4 -84
4 -82
4 -82
4 -82
4 -30
4 -74
4 -84
4 -80
4 -83
4 -82
4 -82
4 -83
4 -83
4 -83
4 -82
4 -82
4 -81
4 -71
4 -82
4 -81
4 -77
4 -81
4 -76
4 -81
4 -80
4 -81
4 -80
4 -80
4 -79
4 -81
4 -82
4 -60
4 -81
4 -80
4 -81
4 -81
4 -80
4 -80
4 -81
4 -81
4 -78
4 -82
4 -82
4 -80
4 -82
4 -82
4 -82
4 -82
4 -82
4 -81
4 -82
4 -81
4 -81
4 -81
4 -82
4 -83
4 -83
4 -83
4 -83
4 -84
4 -83
4 -83
4 -82
4 -82
4 -82
4 -85
4 -82
4 -81
4 -82
4 -82
4 -82
4 -82
4 -82
4 -82
4 -81
4 -81
4 -81
4 -82
4 -81
4 -81
4 -81
4 -81
4 -81
4 -81
4 -81
4 -81
4 -81
4 -82
4 -81
4 -78
4 -81
4 -80
4 -81
4 -81
4 -80
4 -79
4 -80
4 -79
4 -61
4 -77
4 -81
4 -80
4 -81
4 -80
4 -80
4 -80
4 -79
4 -80
4 -81
4 -81
4 -81
4 -84
4 -84
4 -84
4 -83
4 -82
4 -81
4 -81
4 -81
4 -31
4 -82
4 -73
4 -81
4 -81
4 -82
4 -81
4 -81
4 -79
4 -80
4 -80
4 -66
4 -81
4 -75
4 -81
4 -81
4 -80
4 -81
4 -81
4 -81
4 -81
4 -81
4 -82
4 -85
4 -84
4 -81
4 -80
4 -80
4 -78
4 -81
4 -80
4 -80
4 -81
4 -81
4 -81
4 -82
4 -82
4 -81
4 -80
4 -80
4 -81
4 -78
4 -78
4 -77
4 -78
4 -80
4 -80
4 -80
4 -79
4 -78
4 -79
4 -79
4 -80
4 -81
4 -80
4 -81
4 -82
4 -81
4 -81
4 -82
4 -80
4 -80
4 -80
4 -79
4 -79
4 -79
4 -80
4 -79
4 -79
4 -79
4 -80
4 -81
4 -82
4 -80
4 -80
4 -81
4 -79
4 -79
4 -79
4 -74
4 -79
4 -79
4 -80
4 -79
4 -80
4 -79
4 -78
4 -78
4 -78
4 -79
4 -79
4 -78
4 -79
4 -78
4 -78
4 -79
4 -79
4 -80
4 -80
4 -79
4 -79
4 -79
4 -79
4 -79
4 -80
4 -81
4 -81
5 -78
5 -77
5 -78
5 -77
5 -77
5 -78
5 -78
5 -77
5 -76
5 -77
5 -77
5 -76
5 -77
5 -78
5 -78
5 -79
5 -78
5 -78
5 -32
5 -82
5 -82
5 -82
5 -82
5 -81
5 -81
5 -81
5 -81
5 -82
5 -80
5 -80
5 -81
5 -84
5 -82
5 -82
5 -82
5 -84
5 -84
5 -84
5 -74
5 -84
5 -84
5 -84
5 -84
5 -83
5 -72
5 -84
5 -84
5 -85
5 -84
5 -84
5 -75
5 -83
5 -83
5 -83
5 -83
5 -82
5 -83
5 -82
5 -82
5 -82
5 -83
5 -83
5 -83
5 -78
5 -82
5 -84
5 -82
5 -83
5 -82
5 -82
5 -82
5 -82
5 -82
5 -82
5 -81
5 -81
5 -81
5 -81
5 -82
5 -81
5 -77
5 -81
5 -81
5 -79
5 -80
5 -75
5 -81
5 -81
5 -82
5 -81
5 -80
5 -82
5 -82
5 -82
5 -81
5 -80
5 -79
5 -80
5 -80
5 -80
5 -80
5 -80
5 -80
5 -81
5 -81
5 -82
5 -83
5 -83
5 -83
5 -82
5 -82
5 -81
5 -82
5 -82
5 -82
5 -82
5 -82
5 -82
5 -82
5 -82
5 -84
5 -82
5 -83
5 -82
5 -82
5 -73
5 -82
5 -83
5 -69
5 -79
5 -82
5 -71
5 -82
5 -82
5 -82
5 -82
5 -82
5 -82
5 -82
5 -82
5 -82
5 -82
5 -82
5 -82
5 -82
5 -81
5 -83
5 -83
5 -84
5 -85
5 -84
5 -83
5 -82
5 -83
5 -82
5 -73
5 -82
5 -82
5 -81
5 -82
5 -80
5 -81
5 -83
5 -82
5 -82
5 -82
5 -83
5 -83
5 -82
5 -82
5 -81
5 -82
5 -82
5 -76
5 -82
5 -82
5 -80
5 -82
5 -81
5 -82
5 -82
5 -79
5 -78
5 -78
5 -78
5 -78
5 -79
5 -80
5 -79
5 -78
5 -73
5 -80
5 -78
5 -78
5 -78
5 -78
5 -79
5 -80
5 -80
5 -80
5 -79
5 -80
5 -81
5 -80
5 -80
5 -79
5 -80
5 -80
5 -79
5 -79
5 -78
5 -78
5 -79
5 -79
5 -79
5 -79
5 -79
5 -78
5 -78
5 -79
5 -79
5 -79
5 -80
5 -79
5 -80
5 -79
5 -79
5 -78
5 -78
5 -80
5 -79
5 -79
5 -80
5 -80
5 -81
5 -81
5 -81
5 -80
5 -80
5 -79
5 -82
5 -83
6 -82
6 -83
6 -82
6 -84
6 -82
6 -83
6 -70
6 -83
6 -82
6 -80
6 -69
6 -81
6 -81
6 -83
6 -84
6 -84
6 -86
6 -88
6 -87
6 -85
6 -84
6 -85
6 -85
6 -85
6 -87
6 -87
6 -86
6 -85
6 -88
6 -84
6 -85
6 -85
6 -85
6 -87
6 -84
6 -84
6 -88
6 -85
6 -84
6 -87
6 -85
6 -72
6 -83
6 -82
6 -83
6 -83
6 -84
6 -83
6 -83
6 -66
6 -84
6 -84
6 -82
7 -83
7 -81
7 -80
7 -78
7 -78
7 -78
7 -77
7 -77
7 -77
7 -76
7 -77
7 -83
7 -78
7 -84
7 -83
7 -83
7 -83
7 -82
7 -84
7 -65
7 -84
7 -86
7 -84
7 -83
7 -87
7 -84
7 -84
7 -84
7 -86
7 -84
7 -86
7 -84
7 -84
7 -85
7 -76
7 -74
7 -76
7 -76
7 -75
7 -76
7 -76
7 -74
7 -74
7 -75
7 -75
7 -75
7 -73
7 -75
7 -76
7 -75
7 -75
7 -76
7 -75
7 -75
7 -76
7 -76
7 -76
7 -76
7 -63
7 -74
7 -75
7 -76
7 -76
7 -76
7 -76
7 -75
7 -76
7 -76
7 -76
7 -76
7 -76
7 -76
7 -76
7 -75
7 -75
7 -71
7 -76
7 -75
7 -75
7 -76
7 -75
7 -74
7 -74
7 -74
7 -74
7 -75
7 -75
7 -75
7 -75
7 -75
7 -75
7 -76
7 -76
7 -76
7 -75
7 -75
7 -75
7 -74
7 -75
7 -75
7 -75
7 -75
7 -75
7 -75
7 -75
7 -75
7 -73
7 -74
7 -76
7 -76
7 -75
7 -75
7 -76
7 -76
7 -77
7 -76
7 -76
7 -75
7 -75
7 -74
7 -73
7 -74
7 -75
7 -76
7 -74
7 -76
8 -86
8 -86
8 -87
8 -81
8 -88
8 -85
8 -85
8 -85
9 -89
9 -86
9 -85
9 -86
9 -86
11 -81
11 -79
11 -79
11 -79
11 -79
11 -80
11 -80
11 -80
11 -81
11 -80
11 -79
11 -64
11 -82
11 -80
11 -81
11 -81
11 -81
11 -80
11 -80
11 -80
11 -79
11 -79
11 -78
11 -78
11 -78
11 -80
11 -80
11 -80
11 -81
11 -81
11 -81
11 -82
11 -77
11 -80
11 -81
11 -83
11 -82
11 -82
11 -82
11 -81
11 -81
11 -79
11 -81
11 -81
11 -81
11 -76
11 -81
11 -81
11 -81
11 -76
11 -81
11 -80
11 -81
11 -80
11 -81
11 -81
11 -82
11 -69
11 -82
11 -82
11 -82
11 -82
11 -82
11 -82
11 -82
11 -82
11 -82
11 -82
11 -76
11 -81
11 -72
11 -81
11 -81
11 -81
11 -80
11 -77
11 -81
11 -80
11 -80
11 -81
11 -78
11 -81
11 -81
11 -81
11 -81
11 -82
11 -82
11 -82
11 -81
11 -81
11 -81
11 -81
11 -81
11 -80
11 -81
11 -80
11 -80
11 -80
11 -81
11 -80
11 -80
11 -80
11 -80
11 -79
11 -77
11 -81
11 -81
11 -80
11 -81
11 -80
11 -80
11 -79
11 -79
11 -80
11 -79
11 -80
11 -80
11 -78
11 -78
11 -78
11 -79
11 -79
11 -79
11 -80
11 -79
11 -81
11 -80
11 -81
11 -80
11 -79
11 -78
11 -77
11 -77
11 -78
11 -78
11 -80
11 -81
11 -82
11 -82
11 -82
11 -83
11 -81
11 -77
11 -81
11 -81
11 -81
11 -82
11 -81
11 -80
11 -81
11 -81
11 -80
11 -81
11 -80
11 -79
11 -80
11 -58
11 -80
11 -30
11 -58
11 -80
11 -81
11 -81
11 -81
11 -81
11 -81
11 -81
11 -80
11 -77
11 -80
11 -81
11 -80
11 -80
11 -80
11 -81
11 -80
11 -80
11 -81
11 -81
11 -59
11 -81
11 -81
11 -80
11 -79
11 -81
11 -80
11 -80
11 -80
11 -80
11 -80
11 -78
11 -80
11 -80
11 -80
11 -80
11 -81
11 -81
11 -82
11 -59
11 -81
11 -81
11 -82
11 -83
11 -82
11 -81
11 -81
11 -81
11 -79
11 -80
11 -80
11 -79
11 -80
11 -79
11 -80
11 -80
11 -79
11 -80
11 -80
11 -81
11 -81
11 -81
11 -81
11 -82
11 -82
11 -82
11 -81
11 -80
11 -82
11 -81
11 -82
11 -78
11 -81
11 -78
11 -80
11 -79
11 -80
11 -79
11 -79
11 -79
11 -79
11 -78
11 -79
11 -79
11 -79
11 -79
11 -80
11 -79
11 -81
11 -81
11 -78
11 -78
11 -78
11 -60
11 -78
11 -78
11 -77
11 -78
11 -78
11 -78
11 -78
11 -78
11 -76
11 -77
11 -78
11 -78
11 -78
11 -76
11 -76
11 -65
11 -56
11 -77
11 -78
11 -78
11 -78
11 -70
11 -77
11 -78
11 -78
11 -77
11 -77
11 -77
11 -77
11 -76
11 -76
11 -76
11 -78
11 -76
11 -76
11 -76
11 -76
11 -41
11 -76
11 -76
11 -76
11 -76
11 -76
11 -76
11 -76
11 -76
11 -77
11 -76
11 -77
11 -76
11 -77
11 -76
11 -76
11 -77
11 -77
11 -77
11 -76
11 -77
11 -77
11 -76
11 -77
11 -77
11 -76
11 -77
11 -78
11 -76
11 -77
11 -76
11 -76
11 -76
11 -77
11 -76
11 -72
11 -76
11 -76
11 -74
11 -78
11 -78
11 -78
11 -76
11 -78
11 -78
11 -77
11 -77
11 -76
11 -77
11 -76
11 -76
11 -76
11 -76
12 -87
12 -82
12 -85
12 -85
12 -84
12 -84
12 -85
12 -87
12 -85
12 -84
12 -84
12 -30
12 -84
12 -84
12 -86
12 -85
12 -85
12 -87
12 -84
12 -84
12 -69
12 -85
12 -84
12 -85
12 -85
12 -73
12 -86
12 -86
12 -84
12 -83
12 -83
12 -83
12 -83
12 -66
12 -83
12 -83
12 -83
12 -83
12 -84
12 -85
12 -83
12 -86
12 -87
12 -87
12 -86
12 -85
12 -84
12 -84
12 -82
12 -84
12 -86
12 -85
12 -84
12 -84
12 -85
12 -85
12 -83
12 -84
12 -84
12 -84
12 -84
12 -84
12 -84
12 -84
12 -84
12 -85
12 -85
12 -87
13 -78
13 -78
13 -78
13 -79
13 -79
13 -78
13 -80
13 -79
13 -79
13 -75
13 -71
13 -79
13 -78
13 -78
13 -78
13 -79
13 -79
13 -80
13 -81
13 -80
13 -69
13 -76
13 -81
13 -78
13 -79
13 -80
13 -78
13 -78
13 -77
13 -76
13 -76
13 -78
13 -75
13 -79
13 -79
13 -79
13 -80
13 -79
13 -79
13 -78
13 -78
13 -78
13 -78
13 -78
13 -76
13 -77
13 -76
13 -77
13 -77
13 -76
13 -76
13 -76
13 -77
13 -72
13 -77
13 -77
13 -77
13 -78
13 -78
13 -57
13 -77
13 -77
13 -78
13 -77
13 -78
13 -78
13 -77
13 -77
13 -76
13 -77
13 -76
13 -76
13 -77
13 -77
13 -78
13 -78
13 -77
13 -77
13 -77
13 -77
13 -78
13 -76
13 -78
13 -77
13 -77
13 -78
13 -79
13 -79
13 -78
13 -78
13 -77
13 -79
13 -74
13 -78
13 -78
13 -78
13 -63
13 -78
13 -78
13 -79
13 -78
13 -79
13 -79
13 -79
13 -79
13 -79
13 -79
13 -77
13 -79
13 -79
13 -80
13 -80
13 -80
13 -80
13 -79
13 -78
13 -78
13 -79
13 -80
13 -78
13 -80
13 -81
13 -81
13 -71
13 -82
13 -81
13 -81
13 -81
13 -81
13 -66
13 -79
13 -80
13 -80
13 -80
13 -80
13 -79
13 -80
13 -79
13 -79
13 -84
13 -82
13 -83
13 -83
13 -80
13 -80
13 -80
13 -64
13 -80
13 -79
13 -79
13 -78
13 -79
13 -79
13 -78
13 -78
13 -79
13 -79
13 -79
13 -79
13 -80
13 -81
13 -81
13 -80
13 -79
13 -79
13 -77
13 -80
13 -80
13 -79
13 -80
13 -80
13 -79
13 -79
13 -79
13 -79
13 -79
13 -80
13 -76
13 -80
13 -80
13 -80
13 -80
13 -81
13 -80
13 -30
13 -81
13 -85
13 -83
13 -82
13 -82
13 -80
13 -80
13 -80
13 -80
13 -79
13 -79
13 -79
13 -79
13 -79
13 -78
13 -77
13 -80
13 -82
13 -72
13 -82
13 -82
13 -81
13 -81
13 -82
13 -82
13 -81
13 -80
13 -79
13 -80
13 -79
13 -80
13 -82
13 -67
13 -81
13 -81
13 -81
13 -81
13 -81
13 -81
13 -81
13 -81
13 -81
13 -80
13 -82
13 -81
13 -81
13 -82
13 -82
13 -83
13 -83
13 -83
13 -82
13 -81
13 -81
13 -82
13 -82
13 -82
13 -83
13 -83
13 -82
13 -83
13 -83
13 -83
13 -82
13 -82
13 -83
13 -64
13 -82
13 -81
13 -81
13 -81
13 -82
13 -82
13 -82
13 -83
13 -82
13 -82
13 -82
13 -82
13 -82
13 -80
13 -82
13 -82
13 -81
13 -81
13 -81
13 -81
13 -82
13 -82
13 -81
13 -81
13 -81
13 -81
13 -81
13 -82
13 -81
13 -83
13 -85
13 -83
13 -83
13 -82
13 -81
14 -77
14 -78
14 -78
14 -77
14 -76
14 -76
14 -77
14 -77
14 -76
14 -76
14 -76
14 -76
14 -76
14 -76
14 -76
14 -76
14 -76
14 -78
14 -74
14 -77
14 -76
14 -76
14 -76
14 -76
14 -76
14 -76
14 -77
14 -77
14 -78
14 -79
14 -79
14 -80
14 -79
14 -79
14 -78
14 -78
14 -80
14 -81
14 -81
14 -81
14 -78
14 -80
14 -80
14 -80
14 -79
14 -77
14 -79
14 -78
14 -78
14 -78
14 -77
14 -78
14 -78
14 -77
14 -77
14 -77
14 -77
14 -76
14 -76
14 -76
14 -76
14 -77
14 -77
14 -77
14 -76
14 -77
14 -76
14 -76
14 -76
14 -77
14 -77
14 -76
14 -77
14 -76
14 -76
14 -76
14 -76
14 -76
14 -76
14 -39
14 -77
14 -77
14 -77
14 -77
14 -77
14 -76
14 -77
14 -76
14 -76
14 -76
14 -76
14 -76
14 -76
14 -76
14 -77
14 -76
14 -77
14 -74
14 -77
14 -77
14 -78
14 -77
14 -78
14 -77
14 -77
14 -77
14 -77
14 -77
14 -78
14 -77
14 -77
14 -77
14 -78
14 -78
14 -78
14 -77
14 -78
14 -78
14 -78
14 -77
14 -78
14 -78
14 -78
14 -72
14 -78
14 -78
14 -78
14 -78
14 -78
14 -78
14 -78
14 -71
14 -76
14 -77
14 -78
14 -77
14 -78
14 -77
14 -77
14 -78
14 -76
14 -78
14 -79
14 -78
14 -79
14 -79
14 -80
14 -79
14 -79
14 -78
14 -79
14 -79
14 -79
14 -80
14 -80
14 -81
14 -67
14 -80
14 -80
14 -78
14 -78
14 -78
14 -78
14 -77
14 -73
14 -78
14 -78
14 -78
14 -78
14 -80
14 -82
14 -83
14 -81
14 -80
14 -79
14 -77
14 -77
14 -78
14 -76
14 -77
14 -77
14 -76
14 -77
14 -77
14 -77
14 -76
14 -78
14 -78
14 -77
14 -75
14 -77
14 -72
14 -76
14 -78
14 -78
14 -78
14 -79
14 -80
14 -81
14 -81
14 -80
14 -80
14 -79
14 -80
14 -80
14 -79
14 -81
14 -80
14 -81
14 -80
14 -81
14 -80
14 -79
14 -81
14 -78
14 -79
14 -80
14 -80
14 -81
14 -82
14 -82
14 -82
14 -82
14 -80
14 -82
14 -82
14 -82
14 -81
14 -79
14 -79
14 -78
14 -78
14 -79
14 -79
14 -79
14 -80
14 -80
14 -80
14 -80
14 -81
14 -81
14 -81
14 -80
14 -80
14 -80
14 -80
14 -81
14 -81
14 -82
14 -80
14 -80
14 -81
14 -81
14 -81
14 -81
14 -81
14 -81
14 -82
14 -83
14 -79
14 -83
14 -82
14 -82
14 -82
14 -82
14 -60
14 -82
14 -81
14 -80
14 -81
14 -81
14 -83
14 -83
14 -82
14 -82
14 -82
14 -81
14 -81
14 -80
14 -81
14 -81
14 -82
14 -81
14 -81
14 -81
14 -82
14 -82
14 -82
14 -82
14 -83
14 -82
14 -82
14 -81
14 -81
14 -80
14 -81
14 -81
14 -82
14 -81
14 -80
14 -81
14 -70
14 -83
14 -82
14 -83
14 -82
14 -82
14 -81
14 -83
14 -83
14 -82
14 -71
14 -82
14 -83
14 -83
14 -83
14 -82
14 -82
14 -82
14 -80
14 -78
14 -79
14 -79
14 -78
14 -79
14 -78
14 -78
14 -77
15 -76
15 -76
15 -76
15 -76
15 -77
15 -77
15 -78
15 -78
15 -79
15 -78
15 -73
15 -78
15 -76
15 -78
15 -78
15 -78
15 -77
15 -78
15 -78
15 -76
15 -46
15 -76
15 -77
15 -76
15 -76
15 -77
15 -78
15 -78
15 -78
15 -77
15 -76
15 -75
15 -75
15 -76
15 -75
15 -75
15 -76
15 -72
15 -78
15 -78
15 -78
15 -77
15 -78
15 -78
15 -76
15 -78
15 -77
15 -77
15 -76
15 -76
15 -76
15 -76
15 -76
15 -76
15 -76
15 -76
15 -76
15 -76
15 -76
15 -76
15 -76
15 -76
15 -75
15 -76
15 -76
15 -76
15 -76
15 -76
15 -76
15 -76
15 -76
15 -75
15 -76
15 -76
15 -77
15 -78
15 -77
15 -76
15 -77
15 -76
15 -77
15 -76
15 -76
15 -77
15 -76
15 -76
15 -76
15 -76
15 -77
15 -77
15 -46
15 -77
15 -76
15 -76
15 -76
15 -76
15 -74
15 -76
15 -76
15 -46
15 -76
15 -76
15 -76
15 -76
15 -77
15 -76
15 -76
15 -77
15 -76
15 -76
15 -60
15 -76
15 -77
15 -76
15 -76
15 -76
15 -65
15 -76
15 -76
15 -76
15 -76
15 -76
15 -75
15 -76
15 -75
15 -76
15 -76
15 -70
15 -76
15 -75
15 -76
15 -76
15 -76
15 -75
15 -76
15 -76
15 -76
15 -76
15 -72
15 -76
15 -76
15 -76
15 -76
15 -76
15 -76
15 -58
15 -76
15 -76
15 -76
15 -76
15 -76
15 -76
15 -76
15 -76
15 -63
15 -76
15 -76
15 -76
15 -76
15 -76
15 -77
15 -76
15 -76
15 -76
15 -76
15 -76
15 -76
15 -76
15 -75
15 -72
15 -75
15 -75
15 -75
15 -76
15 -75
15 -75
15 -75
15 -75
15 -75
15 -76
15 -76
15 -76
15 -70
15 -76
15 -76
15 -76
15 -76
15 -76
15 -76
15 -74
15 -51
15 -75
15 -75
15 -75
15 -76
15 -75
15 -75
15 -75
15 -74
15 -75
15 -75
15 -74
15 -74
15 -75
15 -74
15 -75
15 -74
15 -75
15 -75
15 -75
15 -76
15 -74
15 -76
15 -76
15 -76
15 -76
15 -76
15 -76
15 -75
15 -74
15 -74
15 -74
15 -73
15 -74
15 -74
15 -72
15 -75
15 -74
15 -74
15 -75
15 -75
15 -75
15 -75
15 -75
15 -75
15 -75
15 -74
15 -74
15 -74
15 -74
15 -74
15 -74
15 -74
15 -74
15 -75
15 -75
15 -75
15 -75
15 -75
15 -76
15 -76
15 -76
15 -76
15 -76
15 -76
15 -76
15 -76
15 -76
15 -65
15 -76
15 -76
15 -75
15 -69
15 -75
15 -74
15 -75
15 -74
15 -74
15 -74
15 -74
15 -57
15 -74
15 -74
15 -74
15 -74
15 -74
15 -74
15 -73
15 -74
15 -74
15 -74
15 -74
15 -75
15 -75
15 -75
15 -76
15 -75
15 -76
15 -75
15 -75
15 -75
15 -75
15 -75
15 -76
15 -75
15 -76
15 -75
15 -75
15 -75
15 -73
15 -75
15 -75
15 -75
15 -75
15 -75
15 -75
15 -75
15 -75
15 -74
15 -75
15 -74
15 -74
15 -74
15 -74
15 -74
15 -75
15 -76
15 -76
15 -72
15 -75
15 -76
15 -76
15 -76
15 -75
15 -74
15 -75
15 -75
15 -76
15 -75
15 -75
15 -75
15 -74
15 -75
15 -67
15 -75
15 -76
15 -74
15 -74
15 -75
15 -75
15 -74
15 -74
15 -74
15 -75
15 -74
15 -76
15 -76
15 -76
15 -76
15 -75
15 -76
15 -76
15 -75
15 -75
15 -74
15 -75
15 -75
15 -75
15 -76
15 -75
15 -76
15 -76
15 -75
15 -74
15 -75
15 -74
15 -74
15 -72
15 -72
15 -72
15 -72
15 -72
15 -73
15 -73
15 -73
15 -72
15 -73
15 -72
15 -73
15 -73
15 -72
15 -72
15 -73
15 -72
15 -73
15 -73
15 -73
15 -73
15 -72
15 -73
15 -72
15 -72
15 -72
15 -71
15 -72
15 -72
15 -73
15 -73
15 -72
15 -73
15 -73
15 -72
15 -73
15 -73
15 -73
15 -72
15 -72
15 -73
15 -72
15 -72
15 -72
15 -72
15 -73
15 -72
15 -73
15 -73
15 -73
15 -73
15 -72
15 -73
15 -73
15 -74
15 -73
15 -73
15 -73
15 -73
15 -74
15 -74
15 -74
15 -74
15 -74
15 -73
15 -64
15 -74
15 -75
15 -74
15 -74
15 -73
15 -73
15 -74
15 -74
15 -74
15 -74
15 -75
15 -74
15 -74
15 -74
15 -74
15 -73
16 -73
16 -75
16 -74
16 -75
16 -75
16 -75
16 -76
16 -76
16 -76
16 -76
16 -77
16 -77
16 -76
16 -78
16 -81
16 -75
16 -78
16 -78
16 -79
16 -78
16 -78
16 -77
16 -78
16 -78
16 -80
16 -79
16 -82
16 -81
16 -83
16 -81
16 -78
16 -78
16 -77
16 -77
16 -78
16 -79
16 -81
16 -82
16 -58
16 -84
16 -84
16 -84
16 -82
16 -84
16 -86
16 -84
16 -84
16 -82
16 -85
16 -84
16 -83
16 -83
16 -82
16 -81
16 -81
16 -82
16 -83
16 -83
16 -83
16 -83
16 -83
16 -83
16 -83
16 -81
16 -81
16 -80
16 -80
16 -81
16 -81
16 -72
16 -78
16 -79
16 -79
16 -78
16 -78
16 -78
16 -78
16 -78
16 -79
16 -79
16 -79
16 -79
16 -79
16 -80
16 -78
16 -78
16 -77
16 -78
16 -78
16 -79
16 -80
16 -81
16 -83
16 -82
16 -80
16 -78
16 -78
16 -77
16 -76
16 -77
16 -78
16 -78
16 -80
16 -80
16 -81
16 -81
16 -83
16 -84
16 -82
16 -79
16 -78
16 -78
16 -78
16 -85
16 -84
16 -83
16 -83
16 -83
16 -83
16 -83
16 -81
16 -80
16 -79
16 -79
16 -79
16 -79
16 -78
16 -77
16 -77
16 -77
16 -77
16 -78
16 -78
16 -78
16 -79
16 -80
16 -80
16 -79
16 -78
16 -79
16 -79
16 -79
16 -79
16 -80
16 -79
16 -80
16 -81
16 -80
16 -82
16 -83
16 -84
16 -79
16 -78
16 -78
16 -77
16 -77
16 -77
16 -76
16 -77
16 -75
16 -66
16 -79
16 -81
16 -80
16 -80
16 -80
16 -80
16 -82
16 -80
16 -80
16 -79
16 -79
16 -78
16 -78
16 -78
16 -78
16 -78
16 -78
16 -80
16 -68
16 -75
16 -75
16 -76
16 -76
16 -76
16 -76
16 -76
16 -74
16 -75
16 -75
16 -74
16 -74
16 -72
16 -72
16 -72
16 -72
16 -72
16 -73
16 -73
16 -73
16 -73
16 -73
16 -74
16 -75
16 -74
16 -75
16 -73
16 -74
16 -74
16 -75
16 -60
16 -76
16 -76
16 -75
16 -76
16 -76
16 -75
16 -75
16 -75
16 -76
16 -74
16 -40
16 -74
16 -74
16 -74
16 -74
16 -74
16 -74
16 -74
16 -74
16 -74
16 -75
16 -75
16 -75
16 -76
16 -76
16 -75
16 -76
16 -76
16 -75
16 -76
16 -76
16 -75
16 -74
16 -76
16 -76
16 -76
16 -76
16 -75
16 -75
16 -76
16 -75
16 -75
16 -75
16 -73
16 -75
16 -75
16 -75
16 -75
16 -75
16 -75
16 -75
16 -75
16 -78
16 -78
16 -78
16 -78
16 -79
16 -78
16 -82
16 -83
16 -80
17 -84
17 -62
17 -87
17 -85
17 -86
17 -82
18 -86
18 -84
18 -86
18 -86
18 -85
18 -85
18 -85
18 -72
18 -86
18 -85
18 -85
18 -84
18 -83
18 -84
18 -84
18 -83
18 -84
18 -84
18 -84
18 -84
18 -84
18 -76
18 -84
18 -84
18 -84
18 -84
18 -85
18 -85
18 -84
18 -84
18 -85
18 -84
18 -84
18 -84
18 -83
18 -84
18 -84
18 -83
18 -82
18 -83
18 -83
18 -84
18 -84
18 -84
18 -84
18 -84
18 -84
18 -84
18 -84
18 -84
18 -78
18 -84
18 -84
18 -84
18 -84
18 -86
18 -85
18 -86
18 -84
18 -84
18 -84
18 -85
18 -81
18 -84
18 -83
18 -83
18 -82
18 -83
18 -84
18 -84
18 -83
18 -84
18 -84
18 -83
18 -83
18 -83
18 -83
18 -83
18 -83
18 -63
18 -75
18 -84
18 -84
18 -84
18 -83
18 -84
18 -84
18 -83
18 -83
18 -83
18 -61
18 -83
18 -84
18 -84
18 -84
18 -78
18 -85
18 -86
18 -87
18 -86
18 -85
18 -84
18 -83
18 -80
18 -84
18 -84
18 -83
18 -82
18 -84
18 -84
18 -79
18 -85
18 -84
18 -85
18 -81
18 -85
18 -84
18 -84
18 -84
18 -83
18 -83
18 -84
18 -84
18 -85
18 -83
18 -84
18 -84
18 -83
18 -84
18 -84
20 -86
20 -87
21 -80
21 -80
21 -80
21 -80
21 -81
21 -80
21 -79
21 -79
21 -85
21 -83
21 -86
21 -83
21 -84
21 -83
21 -84
21 -84
21 -85
21 -84
21 -84
21 -84
21 -84
21 -68
21 -86
21 -87
21 -85
21 -86
21 -84
21 -84
21 -80
21 -86
21 -87
21 -86
21 -87
21 -84
21 -84
21 -83
21 -82
21 -84
21 -73
21 -83
21 -84
21 -60
21 -77
21 -86
21 -81
21 -80
21 -80
21 -79
21 -79
21 -80
21 -81
21 -81
21 -82
21 -80
21 -78
21 -79
21 -80
21 -80
21 -79
21 -80
21 -79
21 -80
21 -79
21 -79
21 -79
21 -79
21 -30
21 -80
21 -30
21 -79
21 -80
21 -79
21 -80
21 -79
21 -79
21 -79
21 -79
21 -79
21 -79
21 -79
21 -79
21 -79
21 -78
21 -76
21 -78
21 -73
21 -79
21 -79
21 -79
21 -79
21 -80
21 -79
21 -79
21 -76
21 -80
21 -62
21 -81
21 -81
21 -81
21 -81
21 -81
21 -83
21 -77
22 -84
22 -83
22 -82
22 -81
22 -81
22 -83
22 -70
22 -83
22 -84
22 -84
22 -84
22 -84
22 -84
22 -84
22 -86
22 -86
22 -84
22 -84
22 -83
22 -84
22 -84
22 -83
22 -81
22 -84
22 -83
22 -83
22 -83
22 -82
22 -83
22 -82
22 -82
22 -80
22 -83
22 -83
22 -46
22 -83
22 -82
22 -82
22 -83
22 -83
22 -82
22 -83
22 -82
22 -82
22 -63
22 -82
22 -82
22 -82
22 -82
22 -81
22 -83
22 -83
22 -81
22 -80
22 -82
22 -78
22 -82
22 -83
22 -83
22 -80
22 -83
22 -83
22 -83
22 -83
22 -83
22 -83
22 -83
22 -83
22 -83
22 -83
22 -84
22 -83
22 -82
22 -83
22 -84
22 -83
22 -83
22 -82
22 -83
22 -83
22 -82
22 -84
22 -62
22 -83
22 -84
22 -83
22 -83
22 -82
22 -82
22 -82
22 -82
22 -82
22 -81
22 -81
22 -76
22 -82
22 -82
22 -82
22 -73
22 -81
22 -82
22 -82
22 -82
22 -82
22 -80
22 -82
22 -82
22 -81
22 -82
22 -82
22 -81
22 -82
22 -81
22 -82
22 -81
22 -83
22 -74
22 -82
22 -82
22 -82
22 -82
22 -82
22 -82
22 -82
22 -82
22 -83
22 -84
22 -83
22 -84
22 -84
22 -79
22 -83
22 -84
22 -82
22 -83
22 -82
22 -82
22 -82
22 -81
22 -83
22 -77
22 -84
22 -83
22 -83
22 -83
22 -84
22 -84
22 -83
22 -84
22 -69
22 -84
22 -83
22 -84
22 -84
22 -84
23 -78
23 -76
23 -83
23 -81
23 -82
23 -83
23 -82
23 -81
23 -81
23 -81
23 -81
23 -80
23 -83
23 -84
23 -84
23 -79
23 -79
23 -80
23 -80
23 -81
23 -79
23 -85
23 -83
23 -81
23 -81
23 -80
23 -79
23 -78
23 -78
23 -78
23 -78
23 -79
23 -79
23 -79
23 -79
23 -80
23 -80
23 -80
23 -78
23 -78
23 -78
23 -78
23 -79
23 -80
23 -81
23 -81
23 -81
23 -80
23 -82
23 -81
23 -79
23 -77
23 -80
23 -46
23 -81
23 -81
23 -81
23 -82
23 -81
23 -82
23 -82
23 -82
23 -82
23 -82
23 -82
23 -82
23 -82
23 -82
23 -82
23 -72
23 -82
23 -82
23 -80
23 -82
23 -83
23 -83
23 -82
23 -83
23 -83
23 -83
23 -83
23 -84
23 -83
23 -82
23 -81
23 -82
23 -84
23 -84
23 -86
23 -85
23 -86
23 -82
23 -82
23 -81
23 -82
23 -81
23 -80
23 -81
23 -81
23 -81
23 -80
23 -81
23 -75
23 -81
23 -84
23 -82
23 -82
23 -81
23 -69
23 -81
23 -82
23 -81
23 -81
23 -80
23 -81
23 -79
23 -81
23 -81
23 -80
23 -81
23 -81
23 -80
23 -81
23 -82
23 -81
23 -82
23 -82
23 -82
23 -82
23 -81
23 -82
23 -81
23 -82
23 -80
23 -80
23 -80
23 -80
23 -81
23 -81
23 -82
23 -82
23 -84
23 -83
23 -82
23 -84
23 -82
23 -80
23 -81
23 -81
23 -70
23 -80
23 -79
23 -80
23 -79
23 -80
23 -80
23 -80
23 -83
23 -82
23 -83
23 -84
23 -83
23 -83
23 -83
23 -83
23 -83
23 -82
23 -76
23 -83
23 -82
23 -82
23 -82
23 -83
23 -83
23 -81
23 -84
23 -82
23 -83
23 -83
23 -83
23 -83
23 -82
23 -82
23 -84
23 -85
23 -80
23 -82
23 -82
23 -79
23 -82
23 -79
23 -82
23 -77
23 -78
23 -80
23 -81
23 -78
23 -84
23 -83
23 -82
23 -82
23 -82
23 -82
23 -82
23 -83
23 -83
23 -83
23 -82
23 -82
23 -83
23 -82
23 -82
23 -82
23 -82
23 -82
23 -81
23 -82
23 -82
23 -82
23 -84
23 -82
23 -81
23 -79
23 -82
23 -81
23 -81
23 -81
23 -83
23 -82
23 -83
23 -83
24 -82
24 -83
24 -83
24 -82
24 -80
24 -64
24 -84
24 -85
24 -83
24 -72
24 -82
24 -82
24 -82
24 -81
24 -70
24 -84
24 -86
24 -85
24 -86
24 -87
24 -85
24 -87
24 -85
24 -79
24 -87
24 -87
24 -86
24 -79
24 -84
24 -84
24 -84
24 -84
24 -84
24 -84
24 -84
24 -84
24 -83
24 -84
24 -85
24 -84
24 -85
24 -84
24 -84
24 -84
24 -84
24 -84
24 -82
24 -84
24 -83
24 -83
24 -84
24 -82
24 -82
24 -83
24 -83
24 -83
24 -84
24 -84
24 -83
24 -83
24 -84
24 -82
24 -82
24 -82
24 -82
24 -81
24 -81
24 -81
24 -82
24 -81
24 -81
24 -80
24 -80
24 -80
24 -79
24 -79
24 -80
24 -80
24 -80
24 -81
24 -81
24 -81
24 -82
24 -83
24 -82
24 -83
24 -84
24 -83
24 -83
24 -83
24 -84
24 -83
24 -84
24 -83
24 -83
24 -82
24 -84
24 -72
24 -82
24 -82
24 -82
24 -82
24 -79
24 -79
24 -81
24 -84
24 -82
24 -82
24 -82
24 -80
24 -82
24 -81
24 -79
24 -82
24 -82
24 -82
24 -82
24 -82
24 -82
24 -82
24 -83
24 -82
24 -83
24 -82
24 -82
24 -83
24 -81
24 -81
24 -82
24 -81
24 -81
24 -83
24 -81
24 -82
24 -82
24 -83
24 -80
24 -83
24 -82
24 -82
24 -83
24 -83
24 -83
24 -82
24 -83
24 -83
24 -83
24 -83
24 -84
24 -83
24 -81
24 -84
24 -86
24 -84
24 -84
24 -85
24 -84
24 -85
24 -84
24 -84
24 -83
24 -85
24 -82
24 -82
24 -82
25 -83
25 -83
25 -82
25 -83
25 -70
25 -81
25 -81
25 -81
25 -82
25 -82
25 -84
25 -79
25 -75
25 -80
25 -78
25 -78
25 -77
25 -76
25 -75
25 -76
25 -76
25 -76
25 -77
25 -78
25 -78
25 -78
25 -78
25 -78
25 -78
25 -78
25 -76
25 -76
25 -76
25 -76
25 -76
25 -76
25 -74
25 -77
25 -78
25 -78
25 -79
25 -81
25 -82
25 -82
25 -82
25 -80
25 -80
25 -79
25 -78
25 -79
25 -80
25 -81
25 -81
25 -80
25 -80
25 -81
25 -80
25 -82
25 -81
25 -82
25 -81
25 -81
25 -81
25 -80
25 -79
25 -80
25 -81
25 -82
25 -84
25 -83
25 -81
25 -81
25 -82
25 -83
25 -82
25 -82
25 -82
25 -81
25 -82
25 -80
25 -80
25 -78
25 -78
25 -76
25 -78
25 -78
25 -79
25 -79
25 -84
25 -84
25 -83
25 -82
25 -82
25 -82
25 -82
25 -83
25 -81
25 -85
25 -81
25 -80
25 -80
25 -79
25 -80
25 -79
25 -80
25 -85
25 -83
25 -83
25 -83
25 -85
25 -80
25 -78
25 -79
25 -80
25 -78
26 -72
26 -70
26 -69
26 -69
26 -68
26 -69
26 -69
26 -69
26 -69
26 -69
26 -69
26 -70
26 -69
26 -69
26 -70
26 -69
26 -69
26 -70
26 -72
26 -76
26 -82
26 -83
26 -81
26 -76
26 -72
26 -73
26 -71
26 -68
26 -69
26 -70
26 -70
26 -70
26 -70
26 -70
26 -70
26 -71
26 -70
26 -70
26 -70
26 -68
26 -66
26 -65
26 -64
26 -64
26 -64
26 -78
26 -70
26 -68
26 -67
26 -69
26 -67
26 -66
26 -64
26 -65
26 -65
26 -65
26 -65
26 -65
26 -65
26 -65
26 -65
26 -66
26 -66
26 -66
26 -66
26 -66
26 -67
26 -67
26 -67
26 -67
26 -68
26 -69
26 -68
26 -69
26 -69
26 -69
26 -70
26 -70
26 -70
26 -70
26 -69
26 -69
26 -75
26 -70
26 -70
26 -69
26 -69
26 -69
26 -69
26 -69
26 -70
26 -70
26 -70
26 -70
26 -70
26 -70
26 -68
26 -68
26 -68
26 -68
26 -68
26 -68
26 -68
26 -67
26 -68
26 -69
26 -69
26 -69
26 -70
26 -69
26 -70
26 -70
26 -70
26 -69
26 -69
26 -71
26 -63
26 -70
26 -71
26 -70
26 -70
26 -70
26 -70
26 -66
26 -70
26 -70
26 -71
26 -70
26 -72
26 -70
26 -70
26 -71
26 -71
26 -70
26 -70
26 -70
26 -70
26 -70
26 -69
26 -70
26 -69
26 -68
26 -67
26 -68
26 -68
26 -68
26 -69
26 -69
26 -69
26 -69
26 -70
26 -69
26 -70
26 -70
26 -71
26 -70
26 -68
26 -68
26 -69
26 -69
26 -68
26 -70
26 -70
26 -70
26 -69
26 -68
26 -66
26 -69
26 -68
26 -67
26 -66
26 -67
26 -66
26 -67
26 -66
26 -67
26 -67
26 -67
26 -67
26 -67
26 -67
26 -67
26 -67
26 -67
26 -66
26 -66
26 -66
26 -65
26 -66
26 -66
26 -65
26 -66
26 -68
26 -69
26 -70
26 -70
26 -70
26 -70
26 -69
26 -67
26 -66
26 -63
26 -63
26 -63
26 -64
26 -61
26 -67
26 -68
26 -69
26 -69
26 -69
26 -70
26 -70
26 -71
26 -72
26 -71
26 -71
26 -72
26 -72
26 -73
26 -73
26 -72
26 -72
26 -73
26 -72
26 -72
26 -72
26 -71
26 -71
26 -70
26 -69
26 -69
26 -68
26 -67
26 -67
26 -65
26 -70
26 -70
26 -70
26 -70
26 -70
26 -72
26 -74
26 -74
26 -73
26 -75
26 -75
26 -73
26 -72
26 -71
26 -70
26 -70
26 -69
26 -69
26 -63
26 -69
26 -69
26 -69
26 -69
26 -69
26 -68
26 -67
26 -67
26 -68
26 -68
26 -68
26 -69
26 -69
26 -69
26 -69
26 -70
26 -69
26 -68
26 -68
26 -67
26 -66
26 -66
26 -66
26 -66
26 -66
26 -66
26 -66
26 -65
26 -65
26 -65
26 -65
26 -65
26 -65
26 -65
26 -65
26 -66
26 -65
26 -66
26 -66
26 -66
26 -66
26 -67
26 -69
26 -72
26 -73
26 -74
26 -75
26 -75
26 -75
26 -75
26 -74
26 -73
26 -73
26 -72
26 -73
26 -72
26 -72
26 -70
26 -69
26 -68
26 -67
26 -67
26 -66
26 -66
26 -66
26 -66
26 -67
26 -67
26 -66
26 -66
26 -66
26 -66
26 -67
26 -67
26 -67
26 -67
26 -67
26 -67
26 -67
26 -67
26 -67
26 -66
26 -66
26 -66
26 -66
26 -66
26 -66
26 -66
26 -66
26 -67
26 -66
26 -66
26 -66
26 -30
26 -66
26 -66
26 -66
26 -65
26 -67
26 -67
26 -70
26 -68
26 -67
26 -67
26 -67
26 -66
26 -66
26 -68
26 -68
26 -68
26 -67
26 -66
26 -68
26 -66
26 -64
26 -64
26 -65
26 -66
26 -67
26 -64
26 -68
26 -66
26 -66
26 -69
26 -68
26 -69
26 -73
26 -71
26 -74
26 -72
26 -64
26 -64
26 -64
26 -64
26 -65
26 -64
26 -66
26 -66
26 -66
26 -64
26 -64
26 -64
26 -64
26 -64
26 -64
26 -64
26 -64
26 -72
26 -64
26 -64
26 -64
26 -64
26 -64
26 -64
26 -64
26 -64
26 -64
26 -64
26 -65
26 -66
26 -66
26 -65
26 -65
26 -65
26 -65
26 -66
26 -67
26 -68
26 -70
26 -69
26 -69
26 -67
26 -67
26 -66
26 -66
26 -65
26 -67
26 -65
26 -65
26 -65
26 -65
26 -64
26 -65
26 -64
26 -64
26 -64
26 -64
26 -64
26 -64
26 -64
26 -64
26 -65
26 -66
26 -65
26 -65
26 -66
26 -66
26 -66
26 -66
26 -66
26 -66
26 -67
26 -68
26 -67
26 -67
26 -67
26 -66
26 -66
26 -66
26 -66
26 -66
26 -66
26 -66
26 -65
26 -65
26 -64
26 -64
26 -64
26 -66
26 -67
26 -68
26 -67
26 -68
26 -69
26 -69
26 -67
26 -64
26 -64
26 -66
26 -68
26 -69
26 -69
26 -67
26 -64
26 -64
26 -63
26 -63
26 -69
26 -63
26 -65
26 -66
26 -66
26 -67
26 -67
26 -69
26 -69
27 -64
27 -64
27 -64
27 -64
27 -64
27 -64
27 -64
27 -64
27 -64
27 -64
27 -64
27 -64
27 -64
27 -65
27 -65
27 -65
27 -64
27 -64
27 -64
27 -66
27 -65
27 -66
27 -69
27 -70
27 -70
27 -69
27 -68
27 -69
27 -68
27 -67
27 -67
27 -67
27 -67
27 -66
27 -66
27 -66
27 -65
27 -66
27 -66
27 -67
27 -68
27 -70
27 -69
27 -78
27 -73
27 -73
27 -72
27 -70
27 -70
27 -71
27 -72
27 -73
27 -73
27 -73
27 -72
27 -72
27 -73
27 -72
27 -73
27 -74
27 -75
27 -76
27 -76
27 -77
27 -77
27 -78
27 -80
27 -81
27 -81
27 -82
27 -84
27 -85
27 -81
27 -80
27 -80
27 -79
27 -78
27 -78
27 -77
27 -77
27 -77
27 -78
27 -77
27 -77
27 -76
27 -78
27 -78
27 -77
27 -78
27 -79
27 -79
27 -81
27 -76
27 -78
27 -78
27 -77
27 -76
27 -76
27 -76
27 -74
27 -73
27 -72
27 -72
27 -72
27 -71
27 -70
27 -71
27 -71
27 -71
27 -72
27 -71
27 -70
27 -70
27 -70
27 -70
27 -71
27 -70
27 -70
27 -71
27 -72
27 -72
27 -73
27 -75
27 -72
27 -73
27 -73
27 -73
27 -75
27 -70
27 -70
27 -70
27 -70
27 -72
27 -71
27 -71
27 -70
27 -70
27 -70
27 -70
27 -71
27 -70
27 -70
27 -70
27 -70
27 -69
27 -68
27 -68
27 -68
27 -68
27 -68
27 -69
27 -70
27 -70
27 -69
27 -70
27 -70
27 -70
27 -69
27 -67
27 -69
27 -70
27 -71
27 -70
27 -70
27 -70
27 -70
27 -70
27 -70
27 -73
27 -72
27 -70
27 -70
27 -70
27 -70
27 -69
27 -70
27 -69
27 -68
27 -68
27 -67
27 -67
27 -68
27 -68
27 -68
27 -70
27 -72
27 -72
27 -72
27 -71
27 -72
27 -72
27 -73
27 -75
27 -78
27 -74
27 -72
27 -73
27 -74
27 -75
27 -72
27 -70
27 -68
27 -48
27 -66
27 -66
27 -68
27 -69
27 -70
27 -71
27 -72
27 -73
27 -74
27 -75
27 -75
27 -75
27 -76
27 -72
27 -76
27 -73
27 -76
27 -77
27 -77
27 -76
27 -75
27 -75
27 -74
27 -72
27 -70
27 -69
27 -69
27 -70
27 -69
27 -69
27 -70
27 -70
27 -70
27 -70
27 -71
27 -71
27 -72
27 -72
27 -73
27 -72
27 -74
27 -73
27 -72
27 -71
27 -70
27 -69
27 -69
27 -68
27 -68
27 -68
27 -74
27 -67
27 -68
27 -68
27 -68
27 -68
27 -68
27 -69
27 -69
27 -69
27 -70
27 -71
27 -72
27 -72
27 -72
27 -72
27 -73
27 -72
27 -71
27 -70
27 -70
27 -70
27 -70
27 -70
27 -70
27 -70
27 -70
27 -70
27 -69
27 -69
27 -69
27 -69
27 -67
27 -68
27 -68
27 -68
27 -67
27 -67
27 -68
27 -69
27 -70
27 -74
27 -75
27 -75
27 -75
27 -75
27 -73
27 -72
27 -71
27 -71
27 -70
27 -70
27 -70
27 -69
27 -65
27 -69
27 -69
27 -69
27 -69
27 -47
27 -68
27 -69
27 -68
27 -68
27 -68
27 -68
27 -67
27 -67
27 -68
27 -67
27 -67
27 -68
27 -68
27 -68
27 -68
27 -68
27 -69
27 -70
27 -70
27 -69
27 -70
27 -70
27 -70
27 -71
27 -70
27 -70
27 -70
27 -70
27 -71
27 -72
27 -72
27 -72
27 -71
27 -72
27 -70
27 -70
27 -69
27 -68
27 -66
27 -66
27 -67
27 -68
27 -68
27 -69
27 -68
27 -69
27 -68
27 -66
27 -66
27 -66
27 -70
27 -66
27 -66
27 -67
27 -68
27 -67
27 -66
27 -68
27 -67
27 -67
27 -67
27 -68
27 -66
27 -66
27 -66
27 -66
27 -64
27 -66
27 -64
27 -65
27 -66
27 -68
27 -69
27 -70
27 -70
27 -69
27 -68
27 -67
27 -67
27 -68
27 -69
27 -70
27 -69
27 -69
27 -70
27 -70
27 -64
27 -70
27 -70
27 -69
27 -69
27 -68
27 -69
27 -69
27 -69
27 -70
27 -70
27 -71
27 -72
27 -72
27 -72
27 -70
27 -70
27 -69
27 -69
27 -70
27 -70
27 -72
27 -72
27 -73
27 -72
27 -74
27 -73
27 -71
27 -71
27 -70
27 -70
27 -70
27 -70
27 -71
27 -71
27 -73
27 -73
27 -73
27 -73
27 -72
27 -72
27 -72
27 -72
27 -72
27 -72
27 -70
27 -70
27 -70
27 -70
27 -70
27 -70
27 -71
27 -72
27 -73
27 -71
27 -72
27 -72
27 -71
27 -73
27 -73
27 -74
27 -71
27 -70
27 -70
27 -70
27 -72
27 -72
27 -72
27 -75
27 -74
27 -72
27 -69
27 -67
27 -67
27 -68
27 -67
27 -68
27 -69
27 -63
27 -68
27 -69
27 -68
27 -70
27 -69
27 -65
27 -66
27 -66
27 -66
28 -69
28 -68
28 -70
28 -69
28 -69
28 -70
28 -70
28 -71
28 -72
28 -71
28 -72
28 -71
28 -71
28 -72
28 -72
28 -72
28 -73
28 -74
28 -72
28 -70
28 -68
28 -66
28 -66
28 -66
28 -66
28 -65
28 -64
28 -61
28 -61
28 -62
28 -62
28 -62
28 -61
28 -61
28 -61
28 -61
28 -61
28 -61
28 -61
28 -60
28 -60
28 -60
28 -59
28 -58
28 -58
28 -60
28 -46
28 -62
28 -60
28 -60
28 -60
28 -58
28 -57
28 -57
28 -57
28 -57
28 -57
28 -57
28 -57
28 -57
28 -58
28 -58
28 -58
28 -58
28 -58
28 -58
28 -59
28 -59
28 -59
28 -60
28 -60
28 -60
28 -61
28 -61
28 -61
28 -61
28 -61
28 -61
28 -61
28 -61
28 -61
28 -61
28 -61
28 -61
28 -61
28 -60
28 -60
28 -60
28 -61
28 -60
28 -60
28 -57
28 -61
28 -61
28 -61
28 -61
28 -61
28 -61
28 -61
28 -60
28 -61
28 -60
28 -60
28 -60
28 -60
28 -60
28 -60
28 -60
28 -59
28 -56
28 -61
28 -56
28 -60
28 -60
28 -60
28 -60
28 -60
28 -60
28 -60
28 -61
28 -61
28 -60
28 -61
28 -60
28 -60
28 -60
28 -61
28 -61
28 -61
28 -61
28 -61
28 -61
28 -61
28 -61
28 -61
28 -60
28 -60
28 -60
28 -60
28 -60
28 -60
28 -60
28 -60
28 -60
28 -60
28 -60
28 -60
28 -60
28 -60
28 -59
28 -59
28 -58
28 -59
28 -59
28 -59
28 -59
28 -60
28 -60
28 -60
28 -61
28 -60
28 -60
28 -60
28 -60
28 -60
28 -59
28 -60
28 -60
28 -60
28 -60
28 -60
28 -60
28 -60
28 -59
28 -59
28 -58
28 -58
28 -58
28 -58
28 -58
28 -59
28 -58
28 -58
28 -58
28 -58
28 -58
28 -58
28 -58
28 -58
28 -58
28 -59
28 -58
28 -58
28 -59
28 -58
28 -58
28 -58
28 -58
28 -58
28 -58
28 -58
28 -58
28 -59
28 -60
28 -60
28 -61
28 -61
28 -61
28 -61
28 -60
28 -58
28 -58
28 -57
28 -56
28 -56
28 -57
28 -58
28 -58
28 -60
28 -61
28 -62
28 -62
28 -62
28 -63
28 -62
28 -62
28 -62
28 -62
28 -62
28 -62
28 -62
28 -62
28 -62
28 -62
28 -63
28 -61
28 -62
28 -62
28 -62
28 -62
28 -62
28 -62
28 -61
28 -60
28 -60
28 -60
28 -59
28 -59
28 -59
28 -60
28 -60
28 -61
28 -62
28 -62
28 -62
28 -61
28 -64
28 -64
28 -64
28 -64
28 -64
28 -64
28 -64
28 -63
28 -62
28 -62
28 -62
28 -61
28 -61
28 -61
28 -61
28 -61
28 -61
28 -61
28 -61
28 -62
28 -59
28 -62
28 -62
28 -62
28 -62
28 -61
28 -62
28 -62
28 -62
28 -63
28 -63
28 -63
28 -62
28 -61
28 -61
28 -60
28 -60
28 -60
28 -59
28 -59
28 -59
28 -59
28 -59
28 -58
28 -58
28 -58
28 -58
28 -58
28 -59
28 -59
28 -59
28 -59
28 -59
28 -59
28 -60
28 -60
28 -61
28 -62
28 -63
28 -63
28 -64
28 -64
28 -64
28 -64
28 -64
28 -64
28 -64
28 -64
28 -63
28 -63
28 -63
28 -63
28 -63
28 -63
28 -63
28 -62
28 -62
28 -61
28 -60
28 -60
28 -60
28 -60
28 -59
28 -59
28 -60
28 -60
28 -60
28 -60
28 -60
28 -60
28 -60
28 -60
28 -60
28 -60
28 -60
28 -61
28 -61
28 -61
28 -61
28 -61
28 -61
28 -61
28 -61
28 -61
28 -61
28 -61
28 -61
28 -60
28 -61
28 -60
28 -60
28 -60
28 -60
28 -60
28 -60
28 -59
28 -59
28 -58
28 -58
28 -59
28 -59
28 -59
28 -60
28 -60
28 -61
28 -61
28 -61
28 -60
28 -60
28 -60
28 -60
28 -61
28 -61
28 -60
28 -61
28 -60
28 -60
28 -60
28 -59
28 -59
28 -59
28 -60
28 -61
28 -59
28 -61
28 -61
28 -60
28 -62
28 -60
28 -62
28 -63
28 -64
28 -63
28 -64
28 -63
28 -66
28 -67
28 -69
28 -66
28 -66
28 -68
28 -72
28 -73
28 -72
28 -70
28 -70
28 -75
28 -69
28 -73
28 -72
28 -70
28 -68
28 -56
28 -64
28 -66
28 -62
28 -62
28 -62
28 -62
28 -62
28 -62
28 -63
28 -64
28 -64
28 -66
28 -68
28 -67
28 -71
28 -72
28 -75
28 -76
28 -74
28 -76
28 -76
28 -76
28 -74
28 -76
28 -72
28 -72
28 -70
28 -70
28 -70
28 -70
28 -70
28 -64
28 -68
28 -68
28 -69
28 -70
28 -70
28 -69
28 -69
28 -69
28 -70
28 -70
28 -70
28 -70
28 -70
28 -70
28 -65
28 -69
28 -69
28 -70
28 -70
28 -70
28 -70
28 -70
28 -70
28 -71
28 -71
28 -70
28 -70
28 -69
28 -69
28 -71
28 -73
28 -74
28 -74
28 -73
28 -72
28 -75
28 -75
28 -75
28 -70
28 -69
28 -76
28 -73
28 -71
28 -70
28 -71
28 -70
28 -69
28 -75
28 -66
28 -65
28 -66
28 -65
28 -66
28 -67
28 -69
28 -70
28 -71
29 -50
29 -50
29 -50
29 -50
29 -50
29 -49
29 -49
29 -49
29 -48
29 -48
29 -48
29 -48
29 -48
29 -48
29 -48
29 -48
29 -48
29 -48
29 -48
29 -48
29 -46
29 -46
29 -46
29 -46
29 -46
29 -46
29 -47
29 -47
29 -47
29 -46
29 -46
29 -46
29 -46
29 -46
29 -46
29 -46
29 -46
29 -47
29 -47
29 -48
29 -48
29 -48
29 -48
29 -47
29 -46
29 -46
29 -46
29 -46
29 -46
29 -46
29 -46
29 -46
29 -47
29 -47
29 -48
29 -48
29 -48
29 -48
29 -48
29 -48
29 -48
29 -48
29 -48
29 -48
29 -48
29 -47
29 -47
29 -47
29 -47
29 -46
29 -46
29 -46
29 -46
29 -46
29 -46
29 -46
29 -46
29 -46
29 -46
29 -46
29 -46
29 -46
29 -46
29 -46
29 -46
29 -46
29 -46
29 -46
29 -46
29 -46
29 -46
29 -46
29 -46
29 -46
29 -46
29 -46
29 -46
29 -46
29 -46
29 -46
29 -46
29 -46
29 -46
29 -46
29 -46
29 -46
29 -46
29 -46
29 -46
29 -46
29 -47
29 -47
29 -47
29 -46
29 -46
29 -46
29 -46
29 -46
29 -46
29 -46
29 -46
29 -46
29 -46
29 -46
29 -46
29 -46
29 -46
29 -46
29 -46
29 -46
29 -46
29 -46
29 -46
29 -46
29 -46
29 -46
29 -46
29 -52
29 -46
29 -46
29 -46
29 -46
29 -46
29 -46
29 -46
29 -46
29 -46
29 -46
29 -46
29 -46
29 -46
29 -47
29 -46
29 -46
29 -46
29 -46
29 -46
29 -46
29 -46
29 -46
29 -46
29 -46
29 -46
29 -46
29 -46
29 -46
29 -46
29 -46
29 -46
29 -46
29 -46
29 -46
29 -46
29 -46
29 -47
29 -48
29 -48
29 -48
29 -47
29 -47
29 -47
29 -48
29 -47
29 -48
29 -48
29 -47
29 -48
29 -48
29 -48
29 -48
29 -48
29 -48
29 -48
29 -48
29 -48
29 -48
29 -48
29 -48
29 -48
29 -47
29 -47
29 -47
29 -46
29 -46
29 -46
29 -46
29 -46
29 -46
29 -46
29 -46
29 -47
29 -48
29 -49
29 -48
29 -48
29 -47
29 -47
29 -46
29 -46
29 -46
29 -46
29 -46
29 -46
29 -46
29 -46
29 -46
29 -46
29 -46
29 -46
29 -46
29 -46
29 -46
29 -46
29 -46
29 -46
29 -46
29 -46
29 -46
29 -46
29 -46
29 -46
29 -46
29 -46
29 -46
29 -46
29 -46
29 -46
29 -46
29 -46
29 -46
29 -46
29 -46
29 -46
29 -46
29 -46
29 -46
29 -46
29 -46
29 -46
29 -46
29 -46
29 -46
29 -46
29 -46
29 -46
29 -46
29 -46
29 -46
29 -46
29 -46
29 -46
29 -46
29 -46
29 -46
29 -46
29 -46
29 -46
29 -46
29 -46
29 -46
29 -46
29 -46
29 -46
29 -46
29 -46
29 -46
29 -46
29 -46
29 -46
29 -46
29 -46
29 -47
29 -47
29 -47
29 -47
29 -48
29 -48
29 -48
29 -48
29 -48
29 -48
29 -48
29 -49
29 -49
29 -48
29 -48
29 -48
29 -48
29 -48
29 -48
29 -48
29 -47
29 -47
29 -46
29 -46
29 -46
29 -46
29 -46
29 -46
29 -46
29 -46
29 -46
29 -46
29 -46
29 -46
29 -46
29 -46
29 -46
29 -46
29 -46
29 -46
29 -46
29 -46
29 -46
29 -46
29 -47
29 -47
29 -47
29 -47
29 -47
29 -47
29 -47
29 -47
29 -47
29 -47
29 -47
29 -47
29 -47
29 -47
29 -47
29 -46
29 -47
29 -47
29 -46
29 -46
29 -46
29 -46
29 -46
29 -46
29 -46
29 -46
29 -46
29 -46
29 -46
29 -46
29 -46
29 -47
29 -47
29 -48
29 -48
29 -48
29 -48
29 -48
29 -48
29 -48
29 -47
29 -47
29 -46
29 -46
29 -46
29 -46
29 -46
29 -46
29 -46
29 -46
29 -47
29 -47
29 -47
29 -48
29 -48
29 -48
29 -48
29 -48
29 -48
29 -47
29 -47
29 -47
29 -47
29 -46
29 -46
29 -46
29 -46
29 -46
29 -46
29 -46
29 -56
29 -58
29 -58
29 -58
29 -58
29 -58
29 -60
29 -60
29 -60
29 -58
29 -57
29 -57
29 -56
29 -56
29 -56
29 -57
29 -56
29 -58
29 -58
29 -58
29 -57
29 -58
29 -57
29 -57
29 -58
29 -58
29 -58
29 -58
29 -58
29 -58
29 -58
29 -58
29 -59
29 -60
29 -60
29 -59
29 -59
29 -59
29 -60
29 -60
29 -63
29 -66
29 -67
29 -68
29 -67
29 -67
29 -66
29 -65
29 -64
29 -64
29 -65
29 -69
29 -70
29 -71
29 -72
29 -72
29 -72
29 -72
29 -71
29 -70
29 -70
29 -69
29 -68
29 -69
29 -69
29 -69
29 -68
29 -68
29 -67
29 -67
29 -68
29 -68
29 -69
29 -69
29 -69
29 -72
29 -74
29 -68
29 -62
29 -59
29 -55
29 -54
29 -54
29 -55
29 -54
29 -52
29 -52
29 -52
29 -52
29 -52
29 -52
29 -52
29 -52
29 -53
29 -52
29 -54
29 -54
29 -54
29 -55
29 -55
29 -57
30 -61
30 -61
30 -62
30 -62
30 -62
30 -61
30 -61
30 -61
30 -61
30 -61
30 -61
30 -61
30 -61
30 -60
30 -60
30 -61
30 -61
30 -62
30 -63
30 -63
30 -64
30 -64
30 -64
30 -62
30 -61
30 -60
30 -61
30 -62
30 -63
30 -65
30 -65
30 -64
30 -65
30 -67
30 -68
30 -66
30 -67
30 -68
30 -66
30 -65
30 -66
30 -65
30 -63
30 -62
30 -61
30 -60
30 -61
30 -63
30 -65
30 -64
30 -65
30 -64
30 -64
30 -63
30 -63
30 -63
30 -63
30 -64
30 -63
30 -64
30 -64
30 -64
30 -63
30 -63
30 -63
30 -63
30 -63
30 -63
30 -64
30 -64
30 -64
30 -66
30 -66
30 -66
30 -66
30 -66
30 -66
30 -67
30 -67
30 -67
30 -67
30 -67
30 -67
30 -67
30 -66
30 -67
30 -66
30 -66
30 -67
30 -68
30 -67
30 -67
30 -66
30 -66
30 -66
30 -68
30 -68
30 -67
30 -68
30 -69
30 -67
30 -67
30 -67
30 -66
30 -66
30 -66
30 -66
30 -66
30 -66
30 -66
30 -67
30 -69
30 -70
30 -69
30 -70
30 -70
30 -70
30 -70
30 -70
30 -68
30 -68
30 -68
30 -68
30 -68
30 -61
30 -67
30 -67
30 -66
30 -66
30 -67
30 -66
30 -66
30 -66
30 -67
30 -66
30 -66
30 -67
30 -65
30 -67
30 -68
30 -67
30 -67
30 -65
30 -67
30 -67
30 -66
30 -66
30 -66
30 -66
30 -66
30 -66
30 -65
30 -64
30 -64
30 -64
30 -64
30 -64
30 -65
30 -66
30 -65
30 -66
30 -66
30 -66
30 -66
30 -65
30 -65
30 -64
30 -64
30 -64
30 -65
30 -66
30 -66
30 -66
30 -66
30 -66
30 -65
30 -64
30 -64
30 -64
30 -64
30 -64
30 -64
30 -64
30 -64
30 -64
30 -64
30 -64
30 -64
30 -64
30 -64
30 -64
30 -64
30 -64
30 -62
30 -63
30 -63
30 -62
30 -63
30 -63
30 -63
30 -63
30 -63
30 -63
30 -62
30 -63
30 -63
30 -64
30 -64
30 -64
30 -64
30 -64
30 -64
30 -64
30 -64
30 -61
30 -60
30 -60
30 -60
30 -61
30 -64
30 -64
30 -66
30 -64
30 -64
30 -64
30 -66
30 -66
30 -66
30 -67
30 -67
30 -67
30 -67
30 -67
30 -67
30 -67
30 -66
30 -66
30 -66
30 -66
30 -66
30 -66
30 -65
30 -65
30 -65
30 -65
30 -66
30 -67
30 -66
30 -66
30 -65
30 -64
30 -64
30 -64
30 -64
30 -64
30 -64
30 -64
30 -64
30 -65
30 -65
30 -64
30 -64
30 -64
30 -64
30 -64
30 -64
30 -64
30 -64
30 -64
30 -63
30 -63
30 -63
30 -63
30 -63
30 -64
30 -61
30 -64
30 -64
30 -64
30 -64
30 -64
30 -64
30 -64
30 -63
30 -63
30 -63
30 -63
30 -63
30 -64
30 -64
30 -63
30 -63
30 -63
30 -63
30 -63
30 -62
30 -63
30 -63
30 -62
30 -62
30 -62
30 -62
30 -62
30 -62
30 -61
30 -62
30 -62
30 -63
30 -64
30 -64
30 -64
30 -65
30 -66
30 -66
30 -65
30 -65
30 -65
30 -65
30 -65
30 -66
30 -66
30 -66
30 -66
30 -66
30 -65
30 -65
30 -58
30 -64
30 -70
30 -63
30 -63
30 -63
30 -64
30 -64
30 -64
30 -64
30 -64
30 -64
30 -64
30 -63
30 -64
30 -63
30 -63
30 -63
30 -63
30 -63
30 -63
30 -63
30 -63
30 -63
30 -63
30 -63
30 -64
30 -65
30 -66
30 -66
30 -66
30 -66
30 -66
30 -66
30 -66
30 -66
30 -66
30 -66
30 -65
30 -66
30 -65
30 -66
30 -65
30 -66
30 -65
30 -65
30 -64
30 -64
30 -64
30 -64
30 -63
30 -63
30 -63
30 -57
30 -63
30 -63
30 -63
30 -64
30 -64
30 -64
30 -64
30 -64
30 -63
30 -62
30 -62
30 -62
30 -61
30 -62
30 -62
30 -63
30 -63
30 -62
30 -61
30 -62
30 -63
30 -62
30 -63
30 -63
30 -63
30 -63
30 -66
30 -63
30 -65
30 -58
30 -59
30 -59
30 -60
30 -59
30 -59
30 -58
30 -58
30 -58
30 -58
30 -58
30 -58
30 -58
30 -58
30 -58
30 -58
30 -59
30 -59
30 -60
30 -60
30 -59
30 -59
30 -60
30 -59
30 -59
30 -60
30 -60
30 -60
30 -60
30 -60
30 -60
30 -59
30 -59
30 -59
30 -59
30 -59
30 -59
30 -59
30 -59
30 -59
30 -59
30 -59
30 -60
30 -60
30 -60
30 -60
30 -60
30 -59
30 -58
30 -58
30 -58
30 -58
30 -58
30 -58
30 -58
30 -58
30 -58
30 -58
30 -58
30 -58
30 -58
30 -58
30 -59
30 -60
30 -60
30 -60
30 -60
30 -60
30 -64
30 -60
30 -59
30 -59
30 -59
30 -59
30 -59
30 -59
30 -59
30 -59
30 -59
30 -59
30 -58
30 -59
30 -58
30 -58
30 -59
30 -60
30 -60
30 -60
30 -60
30 -60
30 -58
30 -58
30 -58
30 -59
30 -58
30 -58
30 -57
30 -57
30 -56
30 -56
30 -57
30 -57
30 -57
30 -58
30 -57
30 -57
30 -57
30 -57
30 -58
30 -58
30 -58
31 -68
31 -68
31 -68
31 -67
31 -67
31 -67
31 -68
31 -68
31 -67
31 -67
31 -67
31 -67
31 -67
31 -68
31 -68
31 -68
31 -68
31 -67
31 -65
31 -65
31 -66
31 -66
31 -66
31 -68
31 -69
31 -66
31 -66
31 -69
31 -69
31 -69
31 -58
31 -69
31 -70
31 -70
31 -70
31 -71
31 -71
31 -70
31 -70
31 -71
31 -70
31 -70
31 -70
31 -69
31 -68
31 -68
31 -67
31 -67
31 -67
31 -68
31 -68
31 -68
31 -68
31 -68
31 -68
31 -68
31 -68
31 -69
31 -69
31 -68
31 -68
31 -68
31 -68
31 -68
31 -68
31 -59
31 -67
31 -67
31 -67
31 -66
31 -67
31 -67
31 -67
31 -66
31 -66
31 -66
31 -66
31 -66
31 -66
31 -66
31 -67
31 -67
31 -67
31 -46
31 -67
31 -66
31 -66
31 -67
31 -66
31 -66
31 -66
31 -67
31 -66
31 -67
31 -66
31 -66
31 -66
31 -66
31 -66
31 -66
31 -66
31 -67
31 -67
31 -68
31 -67
31 -68
31 -68
31 -67
31 -68
31 -68
31 -68
31 -67
31 -67
31 -67
31 -67
31 -67
31 -67
31 -67
31 -67
31 -67
31 -67
31 -68
31 -68
31 -67
31 -67
31 -68
31 -68
31 -68
31 -68
31 -69
31 -66
31 -68
31 -68
31 -68
31 -67
31 -68
31 -68
31 -59
31 -68
31 -67
31 -69
31 -68
31 -69
31 -69
31 -68
31 -68
31 -69
31 -69
31 -69
31 -69
31 -69
31 -70
31 -70
31 -70
31 -70
31 -69
31 -69
31 -69
31 -68
31 -67
31 -68
31 -69
31 -69
31 -69
31 -70
31 -69
31 -70
31 -69
31 -69
31 -68
31 -69
31 -68
31 -69
31 -68
31 -69
31 -69
31 -69
31 -70
31 -70
31 -70
31 -70
31 -70
31 -69
31 -70
31 -70
31 -70
31 -72
31 -72
31 -72
31 -72
31 -72
31 -73
31 -73
31 -73
31 -74
31 -73
31 -73
31 -61
31 -71
31 -71
31 -71
31 -71
31 -70
31 -70
31 -69
31 -69
31 -69
31 -69
31 -69
31 -67
31 -68
31 -68
31 -69
31 -70
31 -76
31 -76
31 -74
31 -74
31 -72
31 -71
31 -69
31 -69
31 -69
31 -69
31 -68
31 -67
31 -66
31 -66
31 -67
31 -67
31 -67
31 -68
31 -67
31 -67
31 -67
31 -68
31 -67
31 -67
31 -68
31 -68
31 -68
31 -68
31 -68
31 -69
31 -69
31 -69
31 -69
31 -69
31 -69
31 -69
31 -69
31 -69
31 -68
31 -68
31 -68
31 -69
31 -68
31 -69
31 -69
31 -69
31 -69
31 -68
31 -69
31 -69
31 -69
31 -69
31 -69
31 -69
31 -69
31 -69
31 -69
31 -69
31 -69
31 -69
31 -69
31 -69
31 -69
31 -69
31 -69
31 -69
31 -69
31 -68
31 -68
31 -68
31 -69
31 -69
31 -69
31 -69
31 -70
31 -70
31 -70
31 -70
31 -70
31 -70
31 -70
31 -70
31 -70
31 -71
31 -71
31 -72
31 -71
31 -72
31 -72
31 -72
31 -72
31 -72
31 -72
31 -72
31 -71
31 -71
31 -71
31 -70
31 -70
31 -70
31 -68
31 -68
31 -68
31 -68
31 -68
31 -68
31 -68
31 -68
31 -69
31 -69
31 -69
31 -69
31 -70
31 -70
31 -70
31 -70
31 -70
31 -70
31 -70
31 -70
31 -70
31 -70
31 -70
31 -70
31 -70
31 -70
31 -70
31 -70
31 -70
31 -70
31 -70
31 -70
31 -70
31 -69
31 -70
31 -58
31 -70
31 -70
31 -70
31 -70
31 -70
31 -70
31 -70
31 -70
31 -70
31 -70
31 -71
31 -70
31 -71
31 -73
31 -72
31 -74
31 -74
31 -73
31 -74
31 -72
31 -71
31 -70
31 -70
31 -70
31 -69
31 -69
31 -70
31 -69
31 -70
31 -70
31 -69
31 -70
31 -69
31 -68
31 -69
31 -71
31 -69
31 -72
31 -70
31 -70
31 -72
31 -71
31 -71
31 -69
31 -67
31 -68
31 -70
31 -70
31 -64
31 -70
31 -68
31 -68
31 -72
31 -76
31 -70
31 -68
31 -69
31 -69
31 -64
31 -33
31 -68
31 -68
31 -67
31 -67
31 -69
31 -69
31 -70
31 -70
31 -70
31 -70
31 -72
31 -73
31 -75
31 -76
31 -72
31 -71
31 -71
31 -70
31 -66
31 -66
31 -66
31 -67
31 -67
31 -68
31 -67
31 -67
31 -67
31 -68
31 -68
31 -68
31 -68
31 -68
31 -68
31 -68
31 -68
31 -68
31 -66
31 -67
31 -68
31 -67
31 -67
31 -67
31 -67
31 -67
31 -66
31 -66
31 -67
31 -66
31 -66
31 -66
31 -66
31 -67
31 -67
31 -67
31 -67
31 -67
31 -67
31 -66
31 -66
31 -66
31 -66
31 -67
31 -67
31 -67
31 -67
31 -66
31 -67
31 -67
31 -68
31 -67
31 -68
31 -68
31 -68
31 -68
31 -69
31 -68
31 -69
31 -68
31 -67
31 -67
31 -67
31 -66
31 -66
31 -68
31 -69
31 -69
31 -69
31 -70
31 -70
31 -71
31 -71
31 -70
31 -71
31 -72
31 -72
31 -72
31 -72
31 -72
31 -70
31 -70
31 -70
31 -67
31 -71
31 -70
32 -78
32 -78
32 -79
32 -81
32 -82
32 -82
32 -85
32 -84
32 -83
32 -82
32 -82
32 -79
32 -79
32 -80
32 -79
32 -77
32 -77
32 -77
32 -77
32 -76
32 -76
32 -79
32 -78
32 -78
32 -78
32 -77
32 -76
32 -72
32 -72
32 -72
32 -72
32 -71
32 -72
32 -75
32 -75
32 -75
32 -75
32 -83
32 -78
32 -76
32 -75
32 -74
32 -73
32 -72
32 -72
32 -71
32 -72
32 -71
32 -70
32 -71
32 -72
32 -72
32 -72
32 -73
32 -74
32 -75
32 -76
32 -76
32 -76
32 -77
32 -77
32 -79
32 -79
32 -81
32 -84
32 -85
32 -84
32 -80
32 -79
32 -75
32 -79
32 -79
32 -80
32 -82
32 -84
32 -77
32 -76
32 -76
32 -76
32 -76
32 -75
32 -76
32 -76
32 -77
32 -78
32 -78
32 -78
32 -78
32 -77
32 -71
32 -76
32 -76
32 -77
32 -78
32 -79
32 -81
32 -80
32 -79
32 -82
32 -82
32 -80
32 -78
32 -78
32 -76
32 -77
32 -77
32 -75
32 -78
32 -76
32 -75
32 -75
32 -76
32 -72
32 -76
32 -77
32 -74
32 -79
32 -78
32 -78
32 -78
32 -78
32 -78
32 -77
32 -76
32 -75
32 -76
32 -78
32 -78
32 -80
32 -78
32 -74
32 -72
32 -72
32 -72
32 -72
32 -72
32 -72
32 -72
32 -72
32 -72
32 -72
32 -72
32 -72
32 -72
32 -72
32 -71
32 -71
32 -71
32 -70
32 -70
32 -70
32 -71
32 -72
32 -72
32 -72
32 -73
32 -73
32 -74
32 -76
32 -81
32 -83
32 -82
32 -76
32 -72
32 -72
32 -70
32 -70
32 -70
32 -71
32 -73
32 -74
32 -75
32 -76
32 -77
32 -80
32 -82
32 -83
32 -82
32 -81
32 -78
32 -76
32 -75
32 -74
32 -74
32 -75
32 -66
32 -77
32 -79
32 -81
32 -84
32 -85
32 -82
32 -80
32 -78
32 -78
32 -77
32 -76
32 -76
32 -76
32 -76
32 -77
32 -78
32 -78
32 -79
32 -82
32 -82
32 -82
32 -80
32 -77
32 -74
32 -76
32 -73
32 -73
32 -72
32 -72
32 -72
32 -71
32 -71
32 -70
32 -70
32 -70
32 -70
32 -70
32 -70
32 -70
32 -70
32 -71
32 -71
32 -72
32 -72
32 -75
32 -68
32 -79
32 -84
32 -79
32 -78
32 -75
32 -73
32 -73
32 -72
32 -72
32 -72
32 -72
32 -73
32 -73
32 -71
32 -73
32 -74
32 -74
32 -74
32 -74
32 -75
32 -75
32 -76
32 -76
32 -76
32 -76
32 -77
32 -77
32 -76
32 -76
32 -75
32 -75
32 -79
32 -72
32 -67
32 -71
32 -71
32 -70
32 -70
32 -70
32 -70
32 -71
32 -72
32 -73
32 -74
32 -81
32 -75
32 -76
32 -47
32 -76
32 -73
32 -75
32 -75
32 -76
32 -76
32 -76
32 -74
32 -73
32 -72
32 -72
32 -73
32 -71
32 -72
32 -72
32 -73
32 -73
32 -74
32 -76
32 -76
32 -80
32 -73
32 -75
32 -76
32 -76
32 -77
32 -78
32 -79
32 -79
32 -76
32 -76
32 -75
32 -75
32 -74
32 -74
32 -73
32 -72
32 -72
32 -73
32 -76
32 -76
32 -79
32 -81
32 -80
32 -80
32 -83
32 -85
32 -82
32 -71
32 -79
32 -78
32 -78
32 -81
32 -78
32 -78
32 -79
32 -80
32 -81
32 -84
32 -84
32 -82
32 -81
32 -81
32 -84
32 -84
32 -79
32 -83
32 -86
32 -83
33 -75
33 -76
33 -76
33 -76
33 -76
33 -76
33 -76
33 -76
33 -76
33 -76
33 -76
33 -76
33 -76
33 -76
33 -76
33 -76
33 -75
33 -76
33 -76
33 -76
33 -77
33 -77
33 -76
33 -76
33 -78
33 -78
33 -78
33 -78
33 -79
33 -78
33 -80
33 -82
33 -81
33 -79
33 -79
33 -79
33 -79
33 -78
33 -78
33 -79
33 -79
33 -79
33 -79
33 -78
33 -79
33 -80
33 -80
33 -80
33 -79
33 -79
33 -79
33 -78
33 -79
33 -78
33 -79
33 -79
33 -79
33 -78
33 -79
33 -78
33 -78
33 -78
33 -78
33 -78
33 -78
33 -78
33 -78
33 -78
33 -78
33 -78
33 -78
33 -78
33 -79
33 -79
33 -78
33 -78
33 -78
33 -78
33 -78
33 -78
33 -72
33 -79
33 -75
33 -78
33 -78
33 -78
33 -78
33 -78
33 -77
33 -78
33 -78
33 -78
33 -78
33 -78
33 -78
33 -77
33 -78
33 -78
33 -78
33 -78
33 -78
33 -78
33 -78
33 -78
33 -78
33 -78
33 -77
33 -77
33 -76
33 -75
33 -77
33 -78
33 -77
33 -78
33 -78
33 -78
33 -77
33 -78
33 -77
33 -77
33 -78
33 -78
33 -77
33 -78
33 -78
33 -78
33 -46
33 -78
33 -77
33 -77
33 -77
33 -78
33 -76
33 -78
33 -79
33 -79
33 -80
33 -80
33 -80
33 -78
33 -79
33 -79
33 -81
33 -82
33 -83
33 -82
33 -81
33 -81
33 -80
33 -79
33 -77
33 -75
33 -78
33 -78
33 -77
33 -78
33 -78
33 -78
33 -79
33 -83
33 -79
33 -78
33 -78
33 -76
33 -78
33 -77
33 -58
33 -77
33 -77
33 -76
33 -76
33 -77
33 -77
33 -77
33 -77
33 -77
33 -77
33 -78
33 -77
33 -76
33 -77
33 -77
33 -76
33 -78
33 -78
33 -78
33 -77
33 -77
33 -73
33 -77
33 -77
33 -68
33 -76
33 -77
33 -77
33 -77
33 -78
33 -77
33 -78
33 -78
33 -77
33 -77
33 -78
33 -77
33 -78
33 -71
33 -77
33 -76
33 -78
33 -77
33 -78
33 -74
33 -76
33 -78
33 -78
33 -77
33 -77
33 -78
33 -78
33 -78
33 -78
33 -78
33 -78
33 -79
33 -79
33 -79
33 -81
33 -82
33 -82
33 -82
33 -83
33 -82
33 -83
33 -82
33 -82
33 -80
33 -79
33 -78
33 -76
33 -76
33 -77
33 -76
33 -76
33 -76
33 -77
33 -77
33 -78
33 -78
33 -78
33 -78
33 -78
33 -78
33 -78
33 -79
33 -78
33 -79
33 -78
33 -78
33 -78
33 -78
33 -78
33 -78
33 -77
33 -78
33 -78
33 -79
33 -79
33 -78
33 -79
33 -78
33 -77
33 -81
33 -83
33 -85
33 -81
33 -78
33 -78
33 -78
33 -76
33 -78
33 -78
33 -78
33 -77
33 -77
33 -80
33 -80
33 -81
33 -78
33 -78
33 -79
33 -78
33 -78
33 -79
33 -79
33 -78
33 -77
33 -84
33 -82
33 -82
33 -79
33 -81
33 -81
33 -86
33 -83
33 -79
33 -82
33 -82
33 -83
33 -66
33 -79
33 -79
33 -79
33 -79
33 -80
33 -80
33 -81
33 -81
33 -83
33 -83
33 -82
33 -82
33 -81
33 -80
33 -79
33 -79
33 -79
33 -78
33 -79
33 -80
33 -80
33 -79
33 -81
33 -81
33 -83
33 -78
33 -78
33 -77
33 -78
33 -79
33 -80
33 -79
33 -78
33 -80
33 -81
33 -80
33 -78
33 -78
33 -78
33 -78
34 -79
34 -80
34 -80
34 -79
34 -79
34 -79
34 -78
34 -77
34 -58
34 -77
34 -76
34 -77
34 -76
34 -75
34 -76
34 -76
34 -76
34 -76
34 -76
34 -76
34 -76
34 -76
34 -76
34 -76
34 -76
34 -78
34 -79
34 -81
34 -75
34 -76
34 -47
34 -75
34 -75
34 -75
34 -76
34 -75
34 -75
34 -76
34 -75
34 -76
34 -75
34 -75
34 -76
34 -76
34 -76
34 -76
34 -76
34 -75
34 -71
34 -75
34 -74
34 -74
34 -74
34 -74
34 -74
34 -74
34 -75
34 -75
34 -75
34 -75
34 -75
34 -75
34 -75
34 -75
34 -75
34 -75
34 -75
34 -75
34 -75
34 -75
34 -75
34 -75
34 -75
34 -75
34 -76
34 -30
34 -75
34 -75
34 -75
34 -75
34 -75
34 -75
34 -75
34 -72
34 -75
34 -75
34 -76
34 -75
34 -76
34 -71
34 -76
34 -75
34 -73
34 -75
34 -75
34 -75
34 -75
34 -74
34 -75
34 -74
34 -74
34 -75
34 -75
34 -75
34 -74
34 -75
34 -75
34 -75
34 -74
34 -75
34 -74
34 -75
34 -74
34 -75
34 -75
34 -75
34 -75
34 -75
34 -74
34 -71
34 -76
34 -75
34 -75
34 -76
34 -76
34 -75
34 -76
34 -75
34 -75
34 -75
34 -76
34 -76
34 -76
34 -75
34 -75
34 -75
34 -75
34 -75
34 -75
34 -74
34 -75
34 -74
34 -75
34 -75
34 -75
34 -75
34 -75
34 -76
34 -76
34 -76
34 -76
34 -76
34 -76
34 -76
34 -76
34 -77
34 -76
34 -77
34 -77
34 -77
34 -78
34 -77
34 -78
34 -78
34 -78
34 -78
34 -78
34 -78
34 -77
34 -76
34 -76
34 -76
34 -75
34 -75
34 -75
34 -75
34 -75
34 -75
34 -75
34 -75
34 -75
34 -75
34 -72
34 -78
34 -79
34 -80
34 -79
34 -80
34 -78
34 -78
34 -78
34 -77
34 -76
34 -73
34 -76
34 -76
34 -75
34 -75
34 -75
34 -75
34 -75
34 -74
34 -75
34 -75
34 -75
34 -75
34 -75
34 -75
34 -74
34 -74
34 -74
34 -74
34 -74
34 -75
34 -75
34 -75
34 -75
34 -70
34 -76
34 -76
34 -75
34 -76
34 -76
34 -76
34 -76
34 -76
34 -76
34 -76
34 -75
34 -76
34 -75
34 -75
34 -75
34 -75
34 -76
34 -76
34 -76
34 -76
34 -76
34 -76
34 -76
34 -76
34 -76
34 -77
34 -76
34 -76
34 -77
34 -76
34 -76
34 -76
34 -76
34 -76
34 -75
34 -76
34 -76
34 -76
34 -76
34 -76
34 -76
34 -76
34 -77
34 -78
34 -66
34 -78
34 -79
34 -81
34 -80
34 -79
34 -79
34 -73
34 -76
34 -76
34 -74
34 -76
34 -76
34 -76
34 -76
34 -76
34 -76
34 -76
34 -75
34 -75
34 -76
34 -76
34 -76
34 -76
34 -75
34 -76
34 -76
34 -76
34 -77
34 -70
34 -77
34 -77
34 -76
34 -77
34 -77
34 -76
34 -76
34 -76
34 -66
34 -46
34 -76
34 -76
34 -76
34 -76
34 -76
34 -76
34 -76
34 -76
34 -76
34 -77
34 -78
34 -78
34 -79
34 -72
34 -83
34 -82
34 -80
34 -77
34 -75
34 -77
34 -77
34 -76
34 -76
34 -77
34 -76
34 -76
34 -76
34 -77
34 -78
34 -76
34 -79
34 -79
34 -80
34 -79
34 -78
34 -78
34 -78
34 -78
34 -77
34 -76
34 -85
34 -85
34 -85
34 -84
34 -83
34 -81
34 -82
34 -74
34 -82
34 -81
34 -82
34 -82
34 -84
34 -84
34 -85
34 -86
34 -84
34 -84
34 -85
34 -86
34 -80
34 -80
34 -79
34 -79
34 -78
34 -78
34 -83
34 -83
34 -84
35 -74
35 -72
35 -72
35 -73
35 -74
35 -74
35 -73
35 -74
35 -74
35 -75
35 -74
35 -74
35 -74
35 -74
35 -30
35 -76
35 -73
35 -74
35 -73
35 -74
35 -74
35 -75
35 -73
35 -74
35 -73
35 -74
35 -73
35 -73
35 -73
35 -72
35 -74
35 -69
35 -73
35 -74
35 -74
35 -75
35 -81
35 -78
35 -78
35 -77
35 -76
35 -75
35 -76
35 -77
35 -78
35 -80
35 -81
35 -74
35 -84
35 -84
35 -84
35 -83
35 -82
35 -83
35 -79
35 -79
35 -78
35 -74
35 -77
35 -80
35 -79
35 -81
35 -80
35 -80
35 -81
35 -81
35 -83
35 -82
35 -79
35 -78
35 -79
35 -79
35 -79
35 -78
35 -78
35 -78
35 -73
35 -77
35 -78
35 -77
35 -64
35 -78
35 -79
35 -79
35 -78
35 -78
35 -79
35 -77
35 -78
35 -78
35 -78
35 -78
35 -78
35 -78
35 -76
35 -76
35 -76
35 -76
35 -76
35 -77
35 -76
35 -75
35 -76
35 -74
35 -75
35 -76
35 -76
35 -76
35 -76
35 -76
35 -75
35 -75
35 -30
35 -76
35 -76
35 -76
35 -76
35 -76
35 -77
35 -78
35 -78
35 -78
35 -67
35 -80
35 -46
35 -81
35 -82
35 -81
35 -80
35 -78
35 -76
35 -76
35 -76
35 -76
35 -76
35 -77
35 -76
35 -76
35 -76
35 -76
35 -76
35 -76
35 -76
35 -76
35 -76
35 -76
35 -75
35 -76
35 -76
35 -76
35 -76
35 -73
35 -76
35 -76
35 -75
35 -75
35 -75
35 -74
35 -75
35 -75
35 -76
35 -76
35 -76
35 -75
35 -75
35 -75
35 -75
35 -75
35 -75
35 -75
35 -74
35 -75
35 -75
35 -74
35 -74
35 -68
35 -75
35 -75
35 -75
35 -74
35 -75
35 -75
35 -75
35 -75
35 -75
35 -75
35 -75
35 -75
35 -75
35 -76
35 -75
35 -75
35 -75
35 -74
35 -75
35 -74
35 -75
35 -76
35 -75
35 -75
35 -74
35 -74
35 -75
35 -73
35 -73
35 -74
35 -74
35 -74
35 -74
35 -73
35 -74
35 -74
35 -73
35 -74
35 -75
35 -75
35 -75
35 -75
35 -76
35 -76
35 -76
35 -75
35 -75
35 -74
35 -73
35 -74
35 -73
35 -73
35 -73
35 -74
35 -59
35 -74
35 -73
35 -73
35 -73
35 -69
35 -75
35 -75
35 -74
35 -75
35 -75
35 -58
35 -74
35 -73
35 -75
35 -75
35 -74
35 -74
35 -74
35 -75
35 -74
35 -75
35 -75
35 -75
35 -75
35 -76
35 -75
35 -68
35 -74
35 -75
35 -75
35 -75
35 -74
35 -75
35 -75
35 -74
35 -72
35 -73
35 -73
35 -73
35 -73
35 -72
35 -72
35 -72
35 -68
35 -74
35 -74
35 -74
35 -74
35 -74
35 -74
35 -74
35 -74
35 -74
35 -74
35 -73
35 -73
35 -74
35 -74
35 -71
35 -72
35 -73
35 -74
35 -74
35 -75
35 -74
35 -74
35 -76
35 -75
35 -76
35 -76
35 -77
35 -78
35 -76
35 -76
35 -77
35 -76
35 -76
35 -75
35 -76
35 -76
35 -76
35 -77
35 -76
35 -76
35 -75
35 -74
35 -72
35 -72
35 -72
35 -73
35 -74
35 -74
35 -73
35 -74
35 -74
35 -74
35 -74
35 -75
35 -74
35 -75
35 -75
35 -74
35 -75
35 -74
35 -73
35 -74
35 -73
35 -74
35 -74
35 -74
35 -75
35 -75
35 -74
35 -75
35 -74
35 -73
35 -72
35 -74
35 -74
35 -75
35 -75
35 -62
35 -73
35 -75
35 -63
35 -75
35 -74
35 -74
35 -74
35 -75
35 -74
35 -74
35 -74
35 -74
35 -73
35 -73
35 -73
35 -74
35 -73
35 -73
35 -73
35 -73
35 -74
35 -75
35 -75
35 -75
35 -75
35 -75
35 -75
35 -76
35 -75
35 -67
35 -75
35 -75
35 -74
35 -72
35 -75
35 -76
35 -74
35 -74
36 -68
36 -68
36 -69
36 -70
36 -69
36 -69
36 -69
36 -69
36 -70
36 -70
36 -70
36 -69
36 -70
36 -70
36 -70
36 -71
36 -73
36 -76
36 -84
36 -71
36 -72
36 -73
36 -68
36 -74
36 -74
36 -75
36 -75
36 -75
36 -74
36 -72
36 -71
36 -70
36 -70
36 -70
36 -70
36 -70
36 -70
36 -71
36 -71
36 -70
36 -72
36 -72
36 -73
36 -63
36 -75
36 -78
36 -78
36 -59
36 -78
36 -77
36 -76
36 -76
36 -76
36 -75
36 -76
36 -76
36 -75
36 -74
36 -73
36 -74
36 -74
36 -75
36 -76
36 -76
36 -76
36 -77
36 -78
36 -81
36 -82
36 -82
36 -79
36 -78
36 -77
36 -76
36 -77
36 -79
36 -78
36 -80
36 -83
36 -84
36 -83
36 -83
36 -81
36 -80
36 -82
36 -81
36 -79
36 -84
36 -82
36 -79
36 -78
36 -78
36 -78
36 -77
36 -76
36 -78
36 -80
36 -74
36 -80
36 -86
36 -85
36 -84
36 -82
36 -82
36 -82
36 -81
36 -81
36 -79
36 -78
36 -76
36 -76
36 -76
36 -74
36 -77
36 -78
36 -78
36 -81
36 -80
36 -79
36 -77
36 -80
36 -80
36 -80
36 -81
36 -87
36 -85
36 -85
36 -81
36 -78
36 -76
36 -76
36 -81
36 -74
36 -75
36 -76
36 -75
36 -75
36 -74
36 -74
36 -74
36 -73
36 -72
36 -72
36 -72
36 -72
36 -72
36 -72
36 -72
36 -67
36 -70
36 -71
36 -72
36 -73
36 -73
36 -75
36 -76
36 -80
36 -83
36 -79
36 -80
36 -72
36 -70
36 -69
36 -70
36 -70
36 -70
36 -75
36 -76
36 -79
36 -82
36 -82
36 -82
36 -81
36 -79
36 -82
36 -81
36 -78
36 -76
36 -76
36 -75
36 -75
36 -75
36 -75
36 -74
36 -74
36 -76
36 -76
36 -76
36 -76
36 -75
36 -75
36 -76
36 -76
36 -75
36 -74
36 -74
36 -74
36 -74
36 -74
36 -73
36 -72
36 -72
36 -72
36 -72
36 -72
36 -72
36 -72
36 -72
36 -72
36 -71
36 -71
36 -70
36 -70
36 -70
36 -71
36 -71
36 -72
36 -72
36 -72
36 -72
36 -72
36 -72
36 -72
36 -71
36 -70
36 -70
36 -70
36 -70
36 -70
36 -77
36 -70
36 -70
36 -56
36 -69
36 -68
36 -68
36 -67
36 -67
36 -67
36 -67
36 -67
36 -67
36 -67
36 -66
36 -68
36 -69
36 -70
36 -70
36 -71
36 -72
36 -76
36 -76
36 -76
36 -76
36 -76
36 -76
36 -76
36 -76
36 -76
36 -75
36 -74
36 -72
36 -72
36 -71
36 -69
36 -69
36 -69
36 -69
36 -69
36 -70
36 -70
36 -70
36 -70
36 -70
36 -70
36 -70
36 -70
36 -70
36 -76
36 -70
36 -70
36 -70
36 -70
36 -70
36 -70
36 -70
36 -70
36 -70
36 -70
36 -71
36 -70
36 -70
36 -70
36 -70
36 -70
36 -70
36 -70
36 -69
36 -69
36 -69
36 -69
36 -69
36 -69
36 -68
36 -68
36 -69
36 -69
36 -68
36 -69
36 -69
36 -70
36 -70
36 -69
36 -69
36 -70
36 -70
36 -70
36 -70
36 -70
36 -71
36 -70
36 -70
36 -70
36 -70
36 -69
36 -69
36 -68
36 -68
36 -67
36 -67
36 -67
36 -68
36 -67
36 -69
36 -69
36 -68
36 -70
36 -69
36 -70
36 -71
36 -72
36 -74
36 -66
36 -68
36 -66
36 -66
36 -66
36 -65
36 -64
36 -64
36 -64
36 -64
36 -65
36 -66
36 -64
36 -66
36 -66
36 -66
36 -66
36 -66
36 -66
36 -66
36 -66
36 -66
36 -66
36 -66
36 -66
36 -67
36 -66
36 -66
36 -65
36 -65
36 -64
36 -64
36 -64
36 -65
36 -65
36 -66
36 -66
36 -66
36 -66
36 -66
36 -67
36 -66
36 -66
36 -65
36 -66
36 -60
36 -65
36 -65
36 -65
36 -65
36 -65
36 -65
36 -65
36 -65
36 -66
36 -65
36 -66
36 -66
36 -65
36 -66
36 -65
36 -65
36 -66
36 -66
36 -65
36 -65
36 -66
36 -66
36 -66
36 -66
36 -66
36 -66
36 -66
36 -66
36 -66
36 -69
36 -69
36 -67
36 -66
36 -66
36 -66
36 -67
36 -67
36 -66
36 -66
36 -66
36 -66
36 -66
36 -66
36 -66
36 -66
36 -65
36 -65
36 -65
36 -65
36 -64
36 -65
36 -66
36 -66
36 -66
36 -67
36 -67
37 -58
37 -58
37 -58
37 -58
37 -58
37 -58
37 -58
37 -58
37 -58
37 -58
37 -58
37 -58
37 -58
37 -58
37 -58
37 -58
37 -58
37 -58
37 -58
37 -58
37 -59
37 -59
37 -60
37 -60
37 -58
37 -58
37 -58
37 -57
37 -57
37 -57
37 -58
37 -61
37 -61
37 -61
37 -62
37 -61
37 -60
37 -60
37 -61
37 -62
37 -64
37 -63
37 -61
37 -60
37 -60
37 -60
37 -60
37 -60
37 -62
37 -62
37 -61
37 -60
37 -60
37 -61
37 -61
37 -60
37 -60
37 -60
37 -61
37 -60
37 -60
37 -60
37 -60
37 -60
37 -60
37 -59
37 -58
37 -58
37 -59
37 -59
37 -59
37 -59
37 -59
37 -59
37 -59
37 -68
37 -59
37 -59
37 -59
37 -59
37 -59
37 -58
37 -58
37 -58
37 -58
37 -58
37 -58
37 -58
37 -58
37 -58
37 -58
37 -58
37 -58
37 -58
37 -58
37 -58
37 -58
37 -58
37 -58
37 -58
37 -58
37 -58
37 -58
37 -58
37 -56
37 -58
37 -58
37 -58
37 -57
37 -57
37 -57
37 -56
37 -57
37 -57
37 -57
37 -57
37 -57
37 -57
37 -57
37 -57
37 -58
37 -58
37 -58
37 -58
37 -58
37 -58
37 -58
37 -58
37 -58
37 -58
37 -58
37 -58
37 -48
37 -58
37 -58
37 -58
37 -58
37 -58
37 -58
37 -58
37 -58
37 -58
37 -58
37 -58
37 -58
37 -58
37 -58
37 -58
37 -58
37 -58
37 -58
37 -58
37 -58
37 -57
37 -58
37 -58
37 -58
37 -58
37 -58
37 -58
37 -58
37 -58
37 -58
37 -58
37 -58
37 -59
37 -59
37 -58
37 -58
37 -58
37 -58
37 -58
37 -58
37 -58
37 -58
37 -59
37 -59
37 -60
37 -60
37 -60
37 -60
37 -60
37 -59
37 -59
37 -60
37 -60
37 -60
37 -60
37 -60
37 -60
37 -61
37 -60
37 -61
37 -62
37 -62
37 -62
37 -62
37 -59
37 -62
37 -62
37 -61
37 -60
37 -60
37 -60
37 -60
37 -59
37 -58
37 -58
37 -58
37 -58
37 -58
37 -58
37 -59
37 -58
37 -59
37 -60
37 -61
37 -64
37 -67
37 -70
37 -70
37 -66
37 -64
37 -63
37 -61
37 -60
37 -59
37 -58
37 -58
37 -58
37 -58
37 -58
37 -58
37 -58
37 -58
37 -58
37 -58
37 -58
37 -58
37 -58
37 -58
37 -58
37 -58
37 -58
37 -58
37 -58
37 -58
37 -58
37 -58
37 -58
37 -58
37 -60
37 -57
37 -57
37 -58
37 -58
37 -58
37 -59
37 -59
37 -58
37 -58
37 -58
37 -63
37 -58
37 -58
37 -59
37 -58
37 -58
37 -58
37 -58
37 -58
37 -58
37 -58
37 -58
37 -58
37 -59
37 -60
37 -60
37 -59
37 -59
37 -59
37 -59
37 -59
37 -59
37 -59
37 -59
37 -59
37 -59
37 -59
37 -60
37 -59
37 -60
37 -60
37 -60
37 -60
37 -60
37 -60
37 -60
37 -61
37 -61
37 -62
37 -62
37 -63
37 -63
37 -63
37 -63
37 -63
37 -62
37 -62
37 -61
37 -57
37 -61
37 -60
37 -60
37 -60
37 -59
37 -57
37 -58
37 -58
37 -58
37 -58
37 -59
37 -58
37 -59
37 -59
37 -59
37 -58
37 -58
37 -58
37 -58
37 -58
37 -58
37 -58
37 -58
37 -59
37 -59
37 -59
37 -59
37 -59
37 -59
37 -59
37 -58
37 -58
37 -59
37 -59
37 -59
37 -59
37 -59
37 -59
37 -59
37 -59
37 -59
37 -59
37 -59
37 -59
37 -58
37 -58
37 -58
37 -58
37 -58
37 -58
37 -58
37 -58
37 -58
37 -58
37 -58
37 -58
37 -58
37 -58
37 -59
37 -60
37 -60
37 -62
37 -63
37 -63
37 -63
37 -62
37 -60
37 -60
37 -58
37 -58
37 -58
37 -58
37 -66
37 -58
37 -58
37 -58
37 -58
37 -58
37 -58
37 -58
37 -58
37 -58
37 -58
37 -58
37 -59
37 -60
37 -60
37 -60
37 -60
37 -61
37 -60
37 -60
37 -60
37 -60
37 -60
37 -59
37 -58
37 -58
37 -62
37 -58
37 -65
37 -58
37 -62
37 -58
37 -62
37 -62
37 -61
37 -61
37 -61
37 -60
37 -60
37 -60
37 -60
37 -60
37 -62
37 -62
37 -64
37 -66
37 -66
37 -65
37 -64
37 -64
37 -64
37 -64
37 -64
37 -62
37 -63
37 -62
37 -61
37 -61
37 -60
37 -60
37 -60
37 -60
37 -61
37 -61
37 -61
37 -60
37 -60
37 -60
37 -60
37 -60
37 -60
37 -60
37 -60
37 -60
37 -60
37 -59
37 -60
37 -60
37 -60
37 -60
37 -60
37 -60
37 -61
37 -61
37 -61
37 -61
37 -60
37 -60
37 -60
37 -60
37 -60
37 -60
37 -60
37 -60
37 -60
37 -59
37 -59
37 -59
37 -58
37 -58
37 -58
37 -58
37 -59
37 -59
37 -59
37 -59
37 -59
37 -59
37 -59
37 -58
37 -59
37 -59
37 -59
37 -59
37 -59
37 -59
37 -59
37 -59
37 -59
37 -59
37 -60
37 -60
37 -60
37 -60
37 -60
37 -60
37 -60
37 -56
37 -60
37 -61
37 -61
37 -62
37 -62
37 -61
37 -60
37 -60
37 -61
37 -61
37 -61
37 -61
38 -79
38 -78
38 -75
38 -76
38 -75
38 -78
38 -76
38 -76
38 -74
38 -70
38 -70
38 -72
38 -77
38 -85
38 -77
38 -73
38 -72
38 -71
38 -70
38 -70
38 -70
38 -70
38 -70
38 -70
38 -70
38 -72
38 -72
38 -72
38 -72
38 -72
38 -72
38 -73
38 -74
38 -71
38 -71
38 -76
38 -79
38 -76
38 -76
38 -75
38 -70
38 -70
38 -70
38 -70
38 -70
38 -69
38 -69
38 -70
38 -73
38 -73
38 -75
38 -74
38 -76
38 -76
38 -77
38 -77
38 -77
38 -79
38 -79
38 -78
38 -78
38 -77
38 -76
38 -76
38 -76
38 -75
38 -69
38 -75
38 -75
38 -76
38 -76
38 -77
38 -76
38 -70
38 -76
38 -78
38 -76
38 -78
38 -78
38 -76
38 -79
38 -77
38 -80
38 -79
38 -81
38 -76
38 -76
38 -76
38 -75
38 -74
38 -73
38 -72
38 -73
38 -72
38 -72
38 -72
38 -71
38 -72
38 -74
38 -72
38 -72
38 -73
38 -73
38 -72
38 -72
38 -72
38 -74
38 -74
38 -72
38 -72
38 -72
38 -76
38 -73
38 -72
38 -72
38 -72
38 -72
38 -72
38 -73
38 -73
38 -72
38 -71
38 -71
38 -72
38 -72
38 -72
38 -70
38 -71
38 -71
38 -71
38 -71
38 -71
38 -71
38 -70
38 -70
38 -66
38 -70
38 -70
38 -69
38 -70
38 -71
38 -72
38 -71
38 -71
38 -69
38 -70
38 -70
38 -69
38 -70
38 -70
38 -70
38 -70
38 -72
38 -70
38 -70
38 -70
38 -70
38 -70
38 -71
38 -70
38 -71
38 -51
38 -70
38 -70
38 -70
38 -70
38 -70
38 -70
38 -72
38 -72
38 -71
38 -70
38 -71
38 -72
38 -72
38 -72
38 -72
38 -72
38 -72
38 -73
38 -72
38 -71
38 -68
38 -67
38 -67
38 -69
38 -70
38 -69
38 -70
38 -69
38 -69
38 -69
38 -70
38 -70
38 -70
38 -69
38 -70
38 -70
38 -71
38 -72
38 -72
38 -72
38 -72
38 -72
38 -72
38 -72
38 -68
38 -72
38 -72
38 -71
38 -72
38 -72
38 -72
38 -72
38 -72
38 -72
38 -71
38 -70
38 -69
38 -70
38 -69
38 -69
38 -69
38 -68
38 -68
38 -69
38 -69
38 -69
38 -69
38 -69
38 -70
38 -70
38 -70
38 -70
38 -72
38 -73
38 -74
38 -74
38 -74
38 -72
38 -72
38 -72
38 -71
38 -72
38 -72
38 -72
38 -72
38 -72
38 -72
38 -72
38 -73
38 -74
38 -75
38 -75
38 -75
38 -76
38 -75
38 -75
38 -75
38 -75
38 -73
38 -74
38 -74
38 -74
38 -74
38 -75
38 -71
38 -75
38 -74
38 -75
38 -74
38 -74
38 -73
38 -72
38 -72
38 -72
38 -72
38 -73
38 -74
38 -74
38 -75
38 -75
38 -76
38 -76
38 -77
38 -78
38 -77
38 -76
38 -76
38 -75
38 -74
38 -74
38 -71
38 -73
38 -73
38 -74
38 -73
38 -73
38 -73
38 -73
38 -72
38 -72
38 -72
38 -72
38 -72
38 -72
38 -74
38 -74
38 -75
38 -76
38 -76
38 -76
38 -77
38 -76
38 -76
38 -75
38 -77
38 -75
38 -74
38 -74
38 -75
38 -72
38 -72
38 -72
38 -73
38 -72
38 -72
38 -72
38 -71
38 -73
38 -70
38 -70
38 -76
38 -72
38 -72
38 -72
38 -71
38 -71
38 -72
38 -71
38 -72
38 -70
38 -74
38 -70
38 -74
38 -68
38 -72
38 -72
38 -71
38 -72
38 -70
38 -70
38 -70
38 -72
38 -75
38 -72
38 -75
38 -70
38 -76
38 -76
38 -74
38 -76
38 -81
38 -79
38 -77
38 -78
38 -79
38 -77
38 -72
38 -74
38 -74
38 -72
38 -71
38 -71
38 -70
38 -72
38 -74
38 -74
38 -74
38 -72
38 -73
38 -73
38 -73
38 -72
38 -82
38 -76
38 -76
38 -76
38 -78
38 -81
38 -77
38 -76
38 -74
38 -74
38 -74
38 -74
38 -74
38 -74
38 -74
38 -74
38 -75
38 -74
38 -75
38 -75
38 -74
38 -75
38 -75
38 -75
38 -75
38 -76
38 -76
38 -79
38 -78
38 -76
38 -76
38 -76
38 -76
38 -75
38 -75
38 -74
38 -77
38 -76
38 -76
38 -76
38 -79
38 -72
38 -70
38 -70
38 -70
38 -72
38 -81
38 -76
38 -72
38 -73
