Beacon Rssi
1 -73
1 -70
1 -73
1 -73
1 -74
1 -74
1 -73
1 -73
1 -74
1 -73
1 -73
1 -73
1 -73
1 -73
1 -72
1 -72
1 -72
1 -72
1 -72
1 -72
1 -73
1 -72
1 -72
1 -72
1 -72
1 -72
1 -73
1 -74
1 -73
1 -72
1 -73
1 -74
1 -74
1 -73
1 -74
1 -72
1 -72
1 -73
1 -75
1 -75
1 -75
1 -74
1 -74
1 -71
1 -74
1 -72
1 -72
1 -72
1 -72
1 -72
1 -72
1 -72
1 -73
1 -72
1 -74
1 -73
1 -74
1 -74
1 -75
1 -75
1 -74
1 -74
1 -75
1 -74
1 -74
1 -73
1 -74
1 -74
1 -70
1 -74
1 -73
1 -73
1 -73
1 -73
1 -72
1 -73
1 -74
1 -74
1 -74
1 -74
1 -70
1 -74
1 -74
1 -75
1 -74
1 -70
1 -74
1 -74
1 -67
1 -74
1 -74
1 -73
1 -74
1 -74
1 -74
1 -74
1 -73
1 -73
1 -73
1 -74
1 -74
1 -73
1 -74
1 -74
1 -75
1 -75
1 -76
1 -75
1 -75
1 -74
1 -74
1 -74
1 -74
1 -74
1 -73
1 -73
1 -73
1 -73
1 -73
1 -73
1 -73
1 -73
1 -73
1 -73
1 -74
1 -73
1 -74
1 -74
1 -74
1 -74
1 -74
1 -73
1 -74
1 -74
1 -74
1 -73
1 -74
1 -74
1 -74
1 -73
1 -73
1 -73
1 -73
1 -73
1 -73
1 -73
1 -67
1 -74
1 -73
1 -74
1 -73
1 -74
1 -73
1 -74
1 -74
1 -74
1 -74
1 -74
1 -74
1 -74
1 -74
1 -74
1 -74
1 -74
1 -74
1 -74
1 -74
1 -74
1 -74
1 -74
1 -74
1 -74
1 -74
1 -74
1 -74
1 -74
1 -73
1 -73
1 -73
1 -74
1 -73
1 -73
1 -73
1 -74
1 -73
1 -74
1 -73
1 -73
1 -73
1 -73
1 -74
1 -74
1 -73
1 -74
1 -73
1 -74
1 -73
1 -73
1 -73
1 -73
1 -74
1 -74
1 -74
1 -73
1 -73
1 -73
1 -75
1 -74
1 -75
1 -74
1 -74
1 -74
1 -74
1 -74
1 -74
1 -73
1 -73
1 -74
1 -74
1 -62
1 -74
1 -73
1 -74
1 -74
1 -74
1 -73
1 -73
1 -73
1 -73
1 -74
1 -74
1 -74
1 -74
1 -74
1 -74
1 -74
1 -75
1 -74
1 -74
1 -74
1 -75
1 -74
1 -71
1 -75
1 -74
1 -74
1 -73
1 -74
1 -74
1 -74
1 -74
1 -73
1 -74
1 -74
1 -73
1 -74
1 -74
1 -74
1 -73
1 -74
1 -74
1 -74
1 -74
1 -73
1 -74
1 -73
1 -74
1 -74
1 -74
1 -74
1 -74
1 -74
1 -74
1 -74
1 -74
1 -74
1 -74
1 -74
1 -74
1 -74
1 -73
1 -74
1 -74
1 -74
1 -74
1 -73
1 -74
1 -74
1 -74
1 -74
1 -74
1 -74
1 -74
1 -75
1 -74
1 -74
1 -73
1 -74
1 -73
1 -74
1 -73
1 -73
1 -74
1 -74
1 -74
1 -73
1 -74
1 -74
1 -74
1 -74
1 -74
1 -74
1 -74
1 -74
1 -75
1 -74
1 -75
1 -75
1 -74
1 -74
1 -75
1 -74
1 -74
1 -74
1 -74
1 -74
1 -74
1 -74
1 -74
1 -73
1 -74
1 -74
1 -74
1 -74
1 -74
1 -74
1 -74
1 -66
1 -74
1 -74
1 -73
1 -74
1 -74
1 -73
1 -74
1 -74
1 -74
1 -73
1 -74
1 -74
1 -74
1 -73
1 -74
1 -74
1 -74
1 -74
1 -74
1 -64
1 -75
1 -75
1 -75
1 -75
1 -75
1 -75
1 -75
1 -74
1 -60
1 -74
1 -75
1 -74
1 -74
1 -68
1 -74
1 -74
1 -74
1 -73
1 -74
1 -74
1 -74
1 -73
1 -74
1 -74
1 -74
1 -74
1 -74
1 -73
1 -75
1 -74
1 -74
1 -73
1 -75
1 -74
1 -74
1 -74
1 -74
1 -73
1 -74
1 -74
1 -74
1 -74
1 -74
1 -74
1 -74
1 -67
1 -73
1 -73
1 -73
1 -73
1 -74
1 -74
1 -74
1 -73
1 -73
1 -74
1 -73
1 -74
1 -74
1 -74
1 -74
1 -73
1 -74
1 -73
1 -74
1 -74
1 -74
1 -74
1 -74
1 -73
1 -74
1 -74
1 -74
1 -74
1 -74
1 -74
1 -73
1 -73
1 -74
1 -73
1 -74
1 -74
1 -73
1 -74
1 -73
1 -72
1 -81
1 -74
1 -74
1 -74
1 -73
1 -74
1 -74
1 -73
1 -73
1 -73
1 -74
1 -72
1 -73
1 -74
1 -74
1 -73
1 -74
1 -74
1 -75
1 -74
1 -74
1 -74
1 -73
1 -73
1 -74
1 -73
1 -74
1 -74
1 -74
1 -74
1 -73
1 -74
1 -74
1 -74
1 -74
1 -73
1 -74
1 -74
1 -74
1 -73
1 -74
1 -79
1 -73
1 -73
1 -74
1 -74
1 -72
1 -74
1 -74
1 -74
1 -74
1 -74
1 -74
1 -74
1 -60
1 -74
1 -75
2 -76
2 -76
2 -78
2 -77
2 -77
2 -77
2 -77
2 -77
2 -75
2 -76
2 -76
2 -78
2 -77
2 -79
2 -78
2 -76
2 -77
2 -78
2 -76
2 -75
2 -76
2 -70
2 -75
2 -74
2 -75
2 -76
2 -67
2 -75
2 -76
2 -76
2 -76
2 -76
2 -76
2 -75
2 -76
2 -74
2 -74
2 -75
2 -76
2 -78
2 -78
2 -78
2 -77
2 -79
2 -80
2 -77
2 -80
2 -80
2 -81
2 -81
2 -82
2 -83
2 -83
2 -84
2 -84
2 -83
2 -84
2 -84
2 -80
2 -78
2 -80
2 -80
2 -80
2 -82
2 -82
2 -82
2 -82
2 -82
2 -82
2 -82
2 -82
2 -82
2 -81
2 -82
2 -81
2 -82
2 -82
2 -81
2 -83
2 -83
2 -81
2 -83
2 -83
2 -83
2 -83
2 -81
2 -30
2 -83
2 -83
2 -70
2 -70
2 -74
2 -82
2 -82
2 -82
2 -82
2 -81
2 -81
2 -82
2 -82
2 -82
2 -82
2 -81
2 -80
2 -81
2 -81
2 -81
2 -82
2 -82
2 -82
2 -82
2 -74
2 -84
2 -73
2 -83
2 -77
2 -83
2 -81
2 -81
2 -81
2 -81
2 -81
2 -81
2 -82
2 -81
2 -82
2 -81
2 -77
2 -83
2 -83
2 -83
2 -83
2 -83
2 -82
2 -82
2 -82
2 -82
2 -83
2 -83
2 -82
2 -82
2 -79
2 -83
2 -86
2 -86
2 -82
2 -80
2 -80
2 -82
2 -81
2 -81
2 -80
2 -81
2 -82
2 -82
2 -82
2 -81
2 -81
2 -82
2 -71
2 -82
2 -82
2 -83
2 -84
2 -82
2 -83
2 -82
2 -84
2 -79
2 -82
2 -80
2 -81
2 -69
2 -83
2 -84
2 -83
2 -82
2 -81
2 -79
2 -77
2 -78
2 -78
2 -79
2 -77
2 -79
2 -78
2 -76
2 -77
2 -78
2 -78
2 -78
2 -78
2 -78
2 -78
2 -78
2 -78
2 -80
2 -79
2 -78
3 -72
3 -72
3 -72
3 -72
3 -71
3 -72
3 -72
3 -70
3 -72
3 -72
3 -73
3 -74
3 -74
3 -76
3 -80
3 -76
3 -72
3 -72
3 -72
3 -72
3 -72
3 -73
3 -74
3 -72
3 -72
3 -72
3 -71
3 -72
3 -72
3 -72
3 -72
3 -68
3 -72
3 -73
3 -74
3 -75
3 -76
3 -74
3 -69
3 -71
3 -73
3 -80
3 -69
3 -72
3 -72
3 -72
3 -72
3 -72
3 -72
3 -72
3 -72
3 -70
3 -70
3 -70
3 -70
3 -72
3 -72
3 -73
3 -72
3 -68
3 -73
3 -72
3 -72
3 -73
3 -73
3 -74
3 -74
3 -73
3 -73
3 -74
3 -71
3 -72
3 -72
3 -72
3 -73
3 -74
3 -74
3 -75
3 -75
3 -75
3 -74
3 -75
3 -75
3 -72
3 -74
3 -75
3 -75
3 -75
3 -75
3 -77
3 -76
3 -76
3 -76
3 -76
3 -76
3 -76
3 -77
3 -76
3 -78
3 -78
3 -77
3 -77
3 -76
3 -76
3 -78
3 -82
3 -80
3 -79
3 -79
3 -79
3 -79
3 -80
3 -81
3 -81
3 -79
3 -79
3 -79
3 -78
3 -79
3 -77
3 -76
3 -76
3 -76
3 -76
3 -76
3 -75
3 -75
3 -76
3 -76
3 -75
3 -74
3 -74
3 -75
3 -75
3 -74
3 -72
3 -72
3 -72
3 -72
3 -72
3 -72
3 -72
3 -73
3 -73
3 -73
3 -74
3 -75
3 -74
3 -75
3 -73
3 -69
3 -74
3 -74
3 -73
3 -73
3 -73
3 -73
3 -73
3 -73
3 -73
3 -72
3 -72
3 -70
3 -72
3 -72
3 -73
3 -72
3 -72
3 -72
3 -73
3 -72
3 -73
3 -73
3 -73
3 -72
3 -72
3 -72
3 -73
3 -72
3 -72
3 -72
3 -72
3 -72
3 -72
3 -72
3 -72
3 -72
3 -72
3 -72
3 -72
3 -72
3 -72
3 -72
3 -73
3 -73
3 -73
3 -73
3 -74
3 -73
3 -74
3 -74
3 -74
3 -74
3 -74
3 -74
3 -74
3 -74
3 -73
3 -73
3 -73
3 -71
3 -73
3 -72
3 -72
3 -72
3 -70
3 -72
3 -71
3 -71
3 -72
3 -71
3 -72
3 -71
3 -72
3 -72
3 -71
3 -72
3 -72
3 -72
3 -72
3 -72
3 -72
3 -72
3 -74
3 -73
3 -73
3 -73
3 -73
3 -73
3 -73
3 -73
3 -73
3 -73
3 -72
3 -72
3 -72
3 -69
3 -72
3 -72
3 -72
3 -72
3 -72
3 -72
3 -72
3 -72
3 -72
3 -72
3 -72
3 -72
3 -72
3 -72
3 -72
3 -72
3 -71
3 -72
3 -72
3 -72
3 -72
3 -72
3 -72
3 -71
3 -71
3 -71
3 -72
3 -72
3 -72
3 -71
3 -71
3 -71
3 -71
3 -71
3 -78
3 -71
3 -71
3 -71
3 -71
3 -70
3 -70
3 -70
3 -71
3 -71
3 -71
3 -71
3 -71
3 -71
3 -71
3 -72
3 -72
3 -72
3 -71
3 -72
3 -71
3 -72
3 -72
3 -72
3 -72
3 -71
3 -72
3 -72
3 -72
3 -72
3 -72
3 -71
3 -71
3 -71
3 -71
3 -70
3 -71
3 -71
3 -71
3 -71
3 -71
3 -71
3 -71
3 -71
3 -70
3 -71
3 -71
3 -70
3 -70
3 -70
3 -70
3 -70
3 -70
3 -70
3 -70
3 -70
3 -70
3 -70
3 -70
3 -70
3 -70
3 -70
3 -70
3 -70
3 -70
3 -70
3 -70
3 -70
3 -70
3 -70
3 -70
3 -70
3 -70
3 -71
3 -71
3 -71
3 -72
3 -71
3 -72
3 -72
3 -72
3 -78
3 -72
3 -72
3 -72
3 -72
3 -72
3 -72
3 -72
3 -72
3 -72
3 -72
3 -72
3 -72
3 -72
3 -72
3 -72
3 -71
3 -72
3 -71
3 -71
3 -71
3 -71
3 -71
3 -71
3 -70
3 -70
3 -71
3 -70
3 -70
3 -71
3 -70
3 -70
3 -70
3 -70
3 -70
3 -71
3 -71
3 -71
3 -70
3 -70
3 -70
3 -70
3 -71
3 -71
3 -70
3 -71
3 -72
3 -71
3 -72
3 -71
3 -71
3 -72
3 -71
3 -71
3 -71
3 -72
3 -71
3 -70
3 -71
3 -72
3 -71
3 -71
3 -71
3 -72
3 -72
3 -72
3 -72
3 -72
3 -72
3 -72
3 -72
3 -72
3 -72
3 -71
3 -71
3 -71
3 -71
3 -71
3 -71
3 -71
3 -71
3 -71
3 -71
3 -71
3 -71
3 -72
3 -71
3 -70
3 -72
3 -72
3 -72
3 -71
3 -71
3 -72
3 -72
3 -72
3 -71
3 -72
3 -72
3 -72
3 -72
3 -72
3 -72
3 -72
3 -72
3 -72
3 -72
3 -72
3 -72
3 -72
3 -72
3 -75
3 -77
3 -74
3 -72
3 -72
3 -72
3 -72
3 -72
3 -72
3 -72
3 -72
3 -71
3 -71
3 -70
3 -71
3 -70
3 -70
3 -70
3 -70
3 -70
3 -70
3 -70
3 -70
3 -70
3 -70
3 -70
3 -70
3 -70
3 -70
3 -70
3 -70
3 -70
3 -61
3 -70
4 -75
4 -75
4 -75
4 -75
4 -75
4 -75
4 -76
4 -76
4 -76
4 -76
4 -75
4 -80
4 -79
4 -78
4 -81
4 -73
4 -74
4 -80
4 -82
4 -76
4 -76
4 -75
4 -74
4 -75
4 -75
4 -75
4 -68
4 -76
4 -76
4 -78
4 -80
4 -79
4 -82
4 -80
4 -76
4 -74
4 -75
4 -76
4 -76
4 -79
4 -79
4 -80
4 -82
4 -86
4 -84
4 -84
4 -83
4 -84
4 -77
4 -81
4 -77
4 -79
4 -69
4 -30
4 -74
4 -73
4 -74
4 -74
4 -74
4 -74
4 -74
4 -73
4 -73
4 -73
4 -74
4 -74
4 -74
4 -74
4 -74
4 -74
4 -74
4 -75
4 -76
4 -75
4 -76
4 -76
4 -76
4 -76
4 -76
4 -75
4 -76
4 -76
4 -76
4 -76
4 -75
4 -78
4 -79
4 -78
4 -79
4 -78
4 -78
4 -78
4 -76
4 -76
4 -75
4 -76
4 -76
4 -76
4 -76
4 -76
4 -76
4 -76
4 -76
4 -77
4 -77
4 -76
4 -78
4 -78
4 -79
4 -78
4 -77
4 -78
4 -86
4 -77
4 -77
4 -76
4 -78
4 -78
4 -78
4 -76
4 -78
4 -78
4 -78
4 -78
4 -78
4 -76
4 -76
4 -77
4 -76
4 -76
4 -76
4 -76
4 -76
4 -76
4 -76
4 -76
4 -75
4 -76
4 -76
4 -76
4 -76
4 -76
4 -76
4 -76
4 -76
4 -78
4 -79
4 -71
4 -79
4 -78
4 -79
4 -78
4 -78
4 -78
4 -77
4 -77
4 -75
4 -75
4 -75
4 -75
4 -75
4 -75
4 -75
4 -76
4 -76
4 -76
4 -76
4 -76
4 -76
4 -76
4 -76
4 -76
4 -76
4 -76
4 -76
4 -76
4 -76
4 -76
4 -76
4 -75
4 -77
4 -76
4 -77
4 -78
4 -77
4 -77
4 -78
4 -78
4 -78
4 -78
4 -79
4 -78
4 -80
4 -79
4 -81
4 -79
4 -78
4 -78
4 -78
4 -78
4 -78
4 -78
4 -78
4 -78
4 -77
4 -77
4 -77
4 -77
4 -76
4 -77
4 -76
4 -76
4 -76
4 -77
4 -77
4 -78
4 -78
4 -78
4 -78
4 -78
4 -78
4 -78
4 -78
4 -80
4 -80
4 -81
4 -81
4 -82
4 -82
4 -81
4 -81
4 -80
4 -80
4 -79
4 -80
4 -53
4 -76
4 -76
4 -76
4 -75
4 -76
4 -76
4 -76
4 -75
4 -75
4 -76
4 -75
4 -75
4 -75
4 -75
4 -75
4 -75
4 -76
4 -76
4 -76
4 -76
4 -76
4 -76
4 -80
4 -81
4 -80
4 -80
4 -80
4 -81
4 -84
4 -82
4 -83
4 -81
4 -82
4 -74
4 -83
4 -82
4 -81
4 -80
4 -81
4 -81
4 -80
4 -80
4 -80
4 -79
4 -79
4 -79
4 -78
4 -78
4 -77
4 -77
4 -76
4 -77
4 -76
4 -78
4 -78
4 -78
4 -78
4 -78
4 -79
4 -78
4 -81
4 -81
4 -79
4 -79
4 -78
4 -78
4 -76
4 -78
4 -77
4 -78
4 -77
4 -76
4 -76
4 -71
4 -75
4 -75
4 -75
4 -75
4 -75
4 -76
4 -76
4 -79
4 -76
4 -82
4 -81
4 -84
4 -81
4 -79
4 -81
4 -83
4 -83
4 -84
5 -66
5 -67
5 -66
5 -66
5 -67
5 -68
5 -68
5 -68
5 -68
5 -68
5 -68
5 -68
5 -67
5 -67
5 -66
5 -69
5 -70
5 -67
5 -67
5 -67
5 -67
5 -66
5 -66
5 -66
5 -66
5 -66
5 -66
5 -66
5 -67
5 -66
5 -67
5 -67
5 -68
5 -68
5 -68
5 -66
5 -67
5 -68
5 -68
5 -67
5 -67
5 -68
5 -69
5 -70
5 -73
5 -71
5 -72
5 -70
5 -70
5 -70
5 -70
5 -70
5 -70
5 -65
5 -70
5 -71
5 -71
5 -70
5 -70
5 -71
5 -70
5 -70
5 -70
5 -70
5 -69
5 -70
5 -70
5 -70
5 -70
5 -70
5 -70
5 -70
5 -70
5 -71
5 -71
5 -70
5 -71
5 -71
5 -71
5 -73
5 -72
5 -74
5 -75
5 -74
5 -74
5 -74
5 -74
5 -74
5 -73
5 -74
5 -73
5 -73
5 -74
5 -75
5 -73
5 -75
5 -75
5 -75
5 -75
5 -77
5 -78
5 -78
5 -78
5 -82
5 -78
5 -78
5 -78
5 -73
5 -75
5 -75
5 -75
5 -74
5 -71
5 -72
5 -71
5 -70
5 -70
5 -70
5 -70
5 -70
5 -70
5 -70
5 -68
5 -70
5 -70
5 -71
5 -70
5 -70
5 -70
5 -70
5 -70
5 -70
5 -70
5 -70
5 -69
5 -69
5 -69
5 -69
5 -69
5 -69
5 -70
5 -69
5 -70
5 -69
5 -69
5 -69
5 -70
5 -68
5 -70
5 -70
5 -70
5 -70
5 -70
5 -70
5 -70
5 -70
5 -66
5 -69
5 -69
5 -69
5 -69
5 -69
5 -68
5 -68
5 -68
5 -68
5 -68
5 -68
5 -68
5 -68
5 -68
5 -68
5 -68
5 -69
5 -69
5 -69
5 -69
5 -69
5 -69
5 -69
5 -69
5 -70
5 -69
5 -69
5 -69
5 -69
5 -69
5 -69
5 -69
5 -62
5 -69
5 -70
5 -69
5 -70
5 -70
5 -70
5 -70
5 -71
5 -71
5 -72
5 -72
5 -72
5 -73
5 -73
5 -73
5 -73
5 -72
5 -72
5 -72
5 -71
5 -70
5 -70
5 -70
5 -70
5 -70
5 -69
5 -69
5 -69
5 -68
5 -68
5 -69
5 -69
5 -69
5 -69
5 -69
5 -69
5 -69
5 -69
5 -68
5 -69
5 -69
5 -66
5 -70
5 -70
5 -70
5 -70
5 -70
5 -70
5 -70
5 -70
5 -70
5 -70
5 -70
5 -70
5 -70
5 -70
5 -69
5 -69
5 -70
5 -67
5 -69
5 -69
5 -69
5 -69
5 -70
5 -70
5 -70
5 -70
5 -70
5 -70
5 -70
5 -67
5 -70
5 -70
5 -70
5 -69
5 -70
5 -70
5 -70
5 -69
5 -70
5 -70
5 -70
5 -70
5 -69
5 -70
5 -69
5 -69
5 -70
5 -70
5 -70
5 -69
5 -69
5 -69
5 -69
5 -69
5 -68
5 -69
5 -69
5 -69
5 -69
5 -69
5 -69
5 -69
5 -69
5 -69
5 -69
5 -69
5 -70
5 -70
5 -70
5 -70
5 -70
5 -70
5 -70
5 -70
5 -70
5 -70
5 -68
5 -70
5 -70
5 -70
5 -70
5 -70
5 -70
5 -70
5 -70
5 -70
5 -69
5 -69
5 -69
5 -69
5 -69
5 -69
5 -68
5 -68
5 -68
5 -68
5 -68
5 -68
5 -68
5 -68
5 -67
5 -68
5 -68
5 -68
5 -68
5 -68
5 -68
5 -67
5 -67
5 -68
5 -68
5 -66
5 -68
5 -68
5 -67
5 -68
5 -68
5 -67
5 -68
5 -68
5 -68
5 -67
5 -67
5 -66
5 -66
5 -66
5 -66
5 -66
5 -66
5 -66
5 -67
5 -67
5 -67
5 -68
5 -68
5 -68
5 -68
5 -68
5 -69
5 -68
5 -68
5 -68
5 -68
5 -68
5 -69
5 -69
5 -69
5 -69
5 -69
5 -70
5 -70
5 -70
5 -70
5 -69
5 -69
5 -69
5 -68
5 -68
5 -68
5 -68
5 -68
5 -68
5 -68
5 -68
5 -69
5 -69
5 -66
5 -69
5 -68
5 -68
5 -67
5 -68
5 -68
5 -67
5 -67
5 -67
5 -56
5 -67
5 -67
5 -67
5 -67
5 -67
5 -67
5 -67
5 -67
5 -68
5 -68
5 -68
5 -67
5 -68
5 -68
5 -68
5 -68
5 -68
5 -68
5 -69
5 -68
5 -68
5 -68
5 -31
5 -67
5 -68
5 -67
5 -67
5 -67
5 -67
5 -68
5 -68
5 -67
5 -67
5 -67
5 -67
5 -68
5 -68
5 -68
5 -68
5 -68
5 -68
5 -68
5 -68
5 -69
5 -69
5 -69
5 -69
5 -70
5 -69
5 -70
5 -69
5 -70
5 -70
5 -70
5 -70
5 -70
5 -70
5 -66
5 -70
5 -70
5 -70
5 -68
5 -66
5 -68
5 -68
5 -68
5 -68
5 -67
5 -67
5 -67
5 -67
5 -67
5 -67
5 -67
5 -66
5 -67
5 -67
5 -68
5 -69
5 -69
5 -69
5 -69
5 -69
5 -68
5 -69
5 -68
5 -69
5 -70
5 -69
5 -69
5 -69
5 -69
5 -69
5 -69
5 -69
5 -69
5 -69
5 -68
6 -56
6 -56
6 -55
6 -57
6 -57
6 -57
6 -57
6 -57
6 -57
6 -57
6 -57
6 -57
6 -57
6 -58
6 -54
6 -56
6 -56
6 -60
6 -61
6 -60
6 -59
6 -61
6 -60
6 -59
6 -76
6 -73
6 -70
6 -62
6 -64
6 -62
6 -30
6 -42
6 -64
6 -64
6 -64
6 -64
6 -64
6 -70
6 -64
6 -64
6 -64
6 -64
6 -64
6 -64
6 -60
6 -64
6 -65
6 -66
6 -66
6 -66
6 -66
6 -66
6 -66
6 -68
6 -69
6 -72
6 -72
6 -72
6 -72
6 -72
6 -72
6 -71
6 -70
6 -70
6 -69
6 -70
6 -70
6 -71
6 -71
6 -72
6 -72
6 -72
6 -70
6 -76
6 -74
6 -76
6 -81
6 -87
6 -81
6 -70
6 -75
6 -74
6 -72
6 -70
6 -70
6 -70
6 -70
6 -70
6 -70
6 -70
6 -70
6 -70
6 -70
6 -70
6 -70
6 -69
6 -70
6 -70
6 -70
6 -70
6 -69
6 -68
6 -68
6 -68
6 -67
6 -64
6 -62
6 -66
6 -63
6 -64
6 -65
6 -67
6 -68
6 -68
6 -67
6 -66
6 -66
6 -66
6 -66
6 -66
6 -65
6 -64
6 -64
6 -64
6 -64
6 -64
6 -64
6 -61
6 -64
6 -62
6 -64
6 -64
6 -64
6 -64
6 -64
6 -64
6 -64
6 -64
6 -64
6 -65
6 -65
6 -66
6 -66
6 -67
6 -67
6 -68
6 -68
6 -69
6 -69
6 -68
6 -68
6 -67
6 -66
6 -63
6 -66
6 -66
6 -66
6 -66
6 -66
6 -66
6 -66
6 -66
6 -61
6 -66
6 -66
6 -66
6 -66
6 -66
6 -66
6 -66
6 -66
6 -66
6 -66
6 -66
6 -67
6 -67
6 -67
6 -67
6 -67
6 -30
6 -66
6 -66
6 -66
6 -67
6 -67
6 -65
6 -67
6 -67
6 -67
6 -68
6 -68
6 -67
6 -67
6 -67
6 -67
6 -67
6 -66
6 -66
6 -66
6 -66
6 -66
6 -66
6 -66
6 -65
6 -65
6 -65
6 -65
6 -66
6 -66
6 -65
6 -66
6 -66
6 -66
6 -66
6 -67
6 -66
6 -67
6 -67
6 -67
6 -67
6 -68
6 -68
6 -68
6 -68
6 -68
6 -68
6 -67
6 -68
6 -67
6 -67
6 -67
6 -67
6 -67
6 -67
6 -66
6 -66
6 -65
6 -65
6 -65
6 -65
6 -65
6 -65
6 -65
6 -65
6 -65
6 -65
6 -65
6 -65
6 -66
6 -65
6 -66
6 -66
6 -66
6 -65
6 -66
6 -66
6 -66
6 -66
6 -66
6 -66
6 -66
6 -66
6 -66
6 -66
6 -66
6 -66
6 -66
6 -66
6 -66
6 -66
6 -67
6 -67
6 -67
6 -67
6 -67
6 -67
6 -67
6 -67
6 -67
6 -67
6 -67
6 -67
6 -67
6 -67
6 -66
6 -67
6 -67
6 -67
6 -67
6 -67
6 -66
6 -67
6 -67
6 -67
6 -67
6 -67
6 -68
6 -67
6 -67
6 -67
6 -66
6 -66
6 -66
6 -66
6 -66
6 -66
6 -66
6 -66
6 -66
6 -66
6 -66
6 -66
6 -66
6 -66
6 -65
6 -66
6 -66
6 -66
6 -66
6 -66
6 -66
6 -66
6 -66
6 -67
6 -67
6 -66
6 -66
6 -66
6 -66
6 -66
6 -66
6 -66
6 -66
6 -66
6 -66
6 -62
6 -66
6 -66
6 -67
6 -67
6 -66
6 -67
6 -66
6 -66
6 -66
6 -66
6 -65
6 -66
6 -66
6 -66
6 -65
6 -66
6 -66
6 -66
6 -66
6 -66
6 -66
6 -66
6 -66
6 -66
6 -66
6 -66
6 -66
6 -66
6 -65
6 -65
6 -66
6 -66
6 -65
6 -65
6 -66
6 -65
6 -65
6 -65
6 -65
6 -64
6 -65
6 -65
6 -65
6 -65
6 -65
6 -66
6 -66
6 -66
6 -66
6 -66
6 -66
6 -66
6 -66
6 -66
6 -66
6 -65
6 -66
6 -66
6 -66
6 -66
6 -66
6 -66
6 -65
6 -66
6 -66
6 -66
6 -66
6 -66
6 -66
6 -66
6 -66
6 -66
6 -66
6 -66
6 -66
6 -66
6 -66
6 -66
6 -66
6 -66
6 -66
6 -66
6 -66
6 -66
6 -65
6 -65
6 -65
6 -66
6 -66
6 -66
6 -66
6 -66
6 -64
6 -65
6 -65
6 -66
6 -66
6 -66
6 -65
6 -66
6 -65
6 -65
6 -66
6 -66
6 -66
6 -65
6 -65
6 -65
6 -66
6 -65
6 -66
6 -66
6 -65
6 -66
6 -66
6 -66
6 -66
6 -66
6 -66
6 -66
6 -66
6 -66
6 -66
6 -66
6 -66
6 -66
6 -66
6 -66
6 -66
6 -65
6 -66
6 -66
6 -66
6 -66
6 -65
6 -66
6 -66
6 -65
6 -66
6 -65
6 -64
6 -64
6 -64
6 -64
6 -69
6 -67
6 -65
6 -63
6 -55
6 -54
6 -54
6 -58
6 -59
6 -59
6 -59
6 -60
6 -60
6 -60
6 -60
6 -60
6 -60
6 -60
6 -60
6 -60
6 -60
6 -60
6 -60
6 -60
6 -60
6 -60
6 -61
6 -60
6 -60
6 -60
6 -60
6 -58
6 -59
6 -59
6 -60
6 -60
6 -60
6 -60
6 -60
6 -60
6 -58
7 -71
7 -72
7 -65
7 -71
7 -71
7 -72
7 -72
7 -72
7 -71
7 -72
7 -71
7 -71
7 -72
7 -72
7 -74
7 -78
7 -75
7 -77
7 -75
7 -76
7 -76
7 -63
7 -75
7 -75
7 -75
7 -73
7 -73
7 -72
7 -73
7 -74
7 -73
7 -72
7 -72
7 -72
7 -72
7 -72
7 -69
7 -70
7 -70
7 -70
7 -70
7 -70
7 -70
7 -69
7 -69
7 -72
7 -71
7 -72
7 -70
7 -70
7 -70
7 -70
7 -70
7 -70
7 -70
7 -70
7 -70
7 -67
7 -70
7 -70
7 -70
7 -70
7 -70
7 -70
7 -70
7 -70
7 -70
7 -71
7 -71
7 -70
7 -70
7 -70
7 -70
7 -70
7 -70
7 -70
7 -63
7 -70
7 -70
7 -71
7 -71
7 -70
7 -69
7 -70
7 -70
7 -70
7 -70
7 -70
7 -70
7 -70
7 -70
7 -70
7 -70
7 -69
7 -70
7 -70
7 -70
7 -70
7 -70
7 -70
7 -70
7 -67
7 -70
7 -70
7 -70
7 -70
7 -70
7 -70
7 -70
7 -70
7 -70
7 -70
7 -70
7 -70
7 -70
7 -70
7 -70
7 -72
7 -69
7 -69
7 -69
7 -69
7 -68
7 -69
7 -68
7 -68
7 -68
7 -68
7 -68
7 -68
7 -68
7 -68
7 -67
7 -67
7 -67
7 -67
7 -68
7 -68
7 -68
7 -68
7 -68
7 -68
7 -68
7 -67
7 -68
7 -68
7 -68
7 -68
7 -68
7 -68
7 -68
7 -68
7 -68
7 -68
7 -68
7 -68
7 -68
7 -68
7 -68
7 -68
7 -69
7 -69
7 -69
7 -69
7 -69
7 -68
7 -69
7 -69
7 -69
7 -68
7 -69
7 -69
7 -69
7 -67
7 -69
7 -69
7 -69
7 -69
7 -69
7 -69
7 -68
7 -69
7 -68
7 -68
7 -69
7 -69
7 -69
7 -69
7 -69
7 -69
7 -69
7 -66
7 -68
7 -69
7 -69
7 -69
7 -69
7 -68
7 -69
7 -69
7 -69
7 -69
7 -69
7 -69
7 -69
7 -69
7 -69
7 -69
7 -69
7 -68
7 -69
7 -69
7 -69
7 -69
7 -69
7 -69
7 -69
7 -70
7 -69
7 -69
7 -69
7 -69
7 -69
7 -69
7 -69
7 -69
7 -69
7 -69
7 -69
7 -69
7 -69
7 -69
7 -69
7 -69
7 -69
7 -69
7 -69
7 -69
7 -69
7 -69
7 -70
7 -69
7 -69
7 -69
7 -67
7 -69
7 -69
7 -69
7 -69
7 -69
7 -69
7 -69
7 -69
7 -69
7 -69
7 -68
7 -69
7 -68
7 -69
7 -68
7 -69
7 -69
7 -69
7 -68
7 -68
7 -69
7 -69
7 -69
7 -69
7 -69
7 -69
7 -69
7 -69
7 -69
7 -69
7 -69
7 -69
7 -69
7 -69
7 -69
7 -69
7 -69
7 -69
7 -69
7 -69
7 -69
7 -69
7 -69
7 -70
7 -69
7 -70
7 -70
7 -70
7 -70
7 -70
7 -70
7 -70
7 -70
7 -70
7 -70
7 -70
7 -70
7 -70
7 -70
7 -70
7 -70
7 -70
7 -70
7 -70
7 -70
7 -70
7 -70
7 -70
7 -70
7 -70
7 -69
7 -69
7 -69
7 -69
7 -69
7 -69
7 -69
7 -69
7 -69
7 -69
7 -69
7 -67
7 -69
7 -69
7 -69
7 -69
7 -69
7 -69
7 -69
7 -69
7 -69
7 -69
7 -70
7 -69
7 -70
7 -70
7 -70
7 -70
7 -70
7 -69
7 -70
7 -70
7 -67
7 -70
7 -70
7 -70
7 -70
7 -69
7 -70
7 -70
7 -70
7 -70
7 -70
7 -70
7 -70
7 -70
7 -70
7 -70
7 -70
7 -77
7 -70
7 -70
7 -70
7 -70
7 -69
7 -69
7 -70
7 -70
7 -69
7 -69
7 -69
7 -69
7 -69
7 -69
7 -69
7 -69
7 -69
7 -69
7 -68
7 -68
7 -68
7 -69
7 -68
7 -68
7 -68
7 -68
7 -68
7 -68
7 -68
7 -68
7 -68
7 -68
7 -68
7 -68
7 -69
7 -69
7 -69
7 -69
7 -70
7 -69
7 -70
7 -70
7 -70
7 -70
7 -70
7 -70
7 -70
7 -70
7 -70
7 -70
7 -70
7 -70
7 -70
7 -70
7 -70
7 -70
7 -70
7 -70
7 -70
7 -70
7 -70
7 -70
7 -70
7 -70
7 -70
7 -70
7 -70
7 -69
7 -69
7 -69
7 -69
7 -70
7 -69
7 -68
7 -69
7 -69
7 -69
7 -69
7 -70
7 -69
7 -69
7 -69
7 -68
7 -69
7 -70
7 -68
7 -69
7 -69
7 -69
7 -69
7 -70
7 -69
7 -68
7 -68
7 -69
7 -69
7 -69
7 -68
7 -69
7 -70
7 -69
7 -69
7 -63
7 -69
7 -69
7 -70
7 -70
7 -69
7 -69
7 -69
7 -69
7 -69
7 -69
7 -69
7 -69
7 -69
7 -69
7 -69
7 -69
7 -69
7 -69
7 -69
7 -69
7 -69
7 -69
7 -69
7 -69
7 -69
7 -69
7 -69
7 -69
7 -69
7 -69
7 -69
7 -69
7 -69
7 -69
7 -70
7 -72
7 -74
7 -77
7 -75
7 -70
7 -70
7 -70
7 -70
7 -70
7 -70
7 -70
7 -70
7 -69
7 -70
7 -69
7 -69
7 -70
7 -70
7 -69
7 -70
7 -70
7 -70
7 -70
7 -68
7 -70
7 -70
7 -70
7 -69
7 -69
7 -69
7 -69
7 -69
7 -68
7 -69
7 -68
7 -69
7 -68
7 -68
7 -68
7 -68
7 -68
8 -86
8 -84
8 -82
8 -81
8 -81
8 -82
8 -81
8 -80
8 -79
8 -79
8 -81
8 -81
8 -80
8 -80
8 -81
8 -82
8 -82
8 -82
8 -87
8 -84
8 -82
8 -82
8 -82
8 -82
8 -82
8 -82
8 -81
8 -81
8 -81
8 -82
8 -83
8 -83
8 -83
8 -83
8 -78
8 -84
8 -84
8 -84
8 -84
8 -83
8 -69
8 -82
8 -81
8 -82
8 -82
8 -82
8 -83
8 -70
8 -84
8 -80
8 -82
8 -83
8 -81
8 -80
8 -80
8 -79
8 -80
8 -80
8 -80
8 -83
8 -87
8 -84
8 -84
8 -83
8 -83
8 -83
8 -84
8 -83
8 -83
8 -84
8 -82
8 -83
8 -83
8 -83
8 -30
9 -77
9 -78
9 -78
9 -78
9 -78
9 -78
9 -78
9 -78
9 -78
9 -78
9 -79
9 -80
9 -80
9 -82
9 -81
9 -80
9 -84
9 -67
9 -83
9 -83
9 -83
9 -84
9 -86
9 -84
9 -84
9 -85
9 -86
9 -85
9 -86
9 -86
9 -84
9 -82
9 -84
9 -84
9 -84
9 -84
9 -84
9 -84
9 -85
9 -85
9 -86
9 -79
9 -83
9 -65
9 -83
9 -80
9 -81
9 -70
9 -61
9 -81
9 -81
9 -81
9 -80
9 -80
9 -78
9 -79
9 -77
9 -78
9 -78
9 -78
9 -78
9 -78
9 -78
9 -78
9 -78
10 -76
10 -76
10 -76
10 -76
10 -76
10 -76
10 -75
10 -76
10 -75
10 -75
10 -76
10 -75
10 -75
10 -76
10 -78
10 -76
10 -78
10 -76
10 -78
10 -77
10 -77
10 -77
10 -78
10 -78
10 -79
10 -79
10 -79
10 -78
10 -79
10 -78
10 -79
10 -79
10 -69
10 -79
10 -81
10 -80
10 -77
10 -75
10 -76
10 -76
10 -76
10 -75
10 -76
10 -76
10 -76
10 -77
10 -73
10 -76
10 -67
10 -76
10 -77
10 -76
10 -76
10 -78
10 -77
10 -76
10 -77
10 -76
10 -75
10 -78
10 -77
10 -77
10 -78
10 -77
10 -70
10 -76
10 -76
10 -77
10 -76
10 -76
10 -76
10 -76
10 -76
10 -76
10 -77
10 -78
10 -77
10 -78
10 -76
10 -76
10 -77
10 -77
10 -76
10 -72
10 -76
10 -76
10 -76
10 -76
10 -76
10 -78
10 -78
10 -78
10 -78
10 -82
10 -82
10 -81
10 -84
10 -84
10 -76
10 -83
10 -84
10 -83
10 -82
10 -82
10 -81
10 -82
10 -82
10 -83
10 -84
10 -84
10 -83
10 -82
10 -83
10 -83
10 -82
10 -82
10 -82
10 -83
10 -81
10 -82
10 -81
10 -82
10 -80
10 -80
10 -80
10 -83
10 -30
10 -82
10 -83
10 -82
10 -85
10 -85
10 -84
10 -85
10 -84
10 -83
10 -79
10 -81
10 -81
10 -80
10 -80
10 -81
10 -81
10 -81
10 -81
10 -76
10 -82
10 -82
10 -82
10 -83
10 -83
10 -83
10 -83
10 -83
10 -81
10 -82
10 -82
10 -82
10 -82
10 -82
10 -82
10 -82
10 -83
10 -82
10 -83
10 -83
10 -83
10 -83
10 -81
10 -82
10 -83
10 -82
10 -82
10 -80
10 -80
10 -80
10 -79
10 -81
10 -82
10 -81
10 -81
10 -76
10 -82
10 -83
10 -69
10 -84
10 -83
10 -84
10 -68
10 -84
10 -84
10 -70
10 -84
10 -84
10 -79
10 -83
10 -83
10 -83
10 -84
10 -84
10 -77
10 -78
10 -78
10 -78
10 -78
10 -78
10 -78
10 -78
10 -78
10 -78
10 -78
10 -78
10 -76
10 -76
10 -76
10 -76
10 -75
10 -75
10 -76
10 -76
10 -76
10 -76
10 -77
11 -78
11 -80
11 -80
11 -80
11 -81
11 -83
11 -78
11 -78
11 -76
11 -78
11 -79
11 -77
11 -82
11 -82
11 -83
11 -82
11 -80
11 -76
11 -76
11 -77
11 -78
11 -80
11 -68
11 -68
11 -68
11 -70
11 -76
11 -76
11 -76
11 -77
11 -76
11 -76
11 -74
11 -74
11 -75
11 -73
11 -72
11 -71
11 -72
11 -72
11 -73
11 -72
11 -70
11 -70
11 -71
11 -73
11 -75
11 -72
11 -71
11 -70
11 -71
11 -71
11 -71
11 -71
11 -70
11 -71
11 -71
11 -72
11 -72
11 -70
11 -67
11 -67
11 -68
11 -69
11 -69
11 -69
11 -69
11 -69
11 -68
11 -68
11 -69
11 -67
11 -68
11 -68
11 -68
11 -68
11 -69
11 -68
11 -68
11 -68
11 -68
11 -68
11 -69
11 -69
11 -69
11 -68
11 -67
11 -67
11 -67
11 -66
11 -66
11 -66
11 -66
11 -66
11 -65
11 -64
11 -67
11 -66
11 -66
11 -56
11 -65
11 -66
11 -66
11 -66
11 -67
11 -66
11 -68
11 -69
11 -69
11 -70
11 -70
11 -70
11 -70
11 -70
11 -72
11 -73
11 -74
11 -73
11 -72
11 -72
11 -71
11 -70
11 -70
11 -71
11 -70
11 -70
11 -70
11 -70
11 -70
11 -70
11 -70
11 -70
11 -70
11 -70
11 -70
11 -70
11 -70
11 -71
11 -71
11 -70
11 -70
11 -70
11 -70
11 -70
11 -70
11 -70
11 -70
11 -70
11 -69
11 -69
11 -70
11 -70
11 -70
11 -70
11 -70
11 -70
11 -71
11 -70
11 -71
11 -70
11 -71
11 -71
11 -71
11 -71
11 -71
11 -69
11 -71
11 -71
11 -71
11 -70
11 -70
11 -70
11 -70
11 -71
11 -70
11 -70
11 -70
11 -70
11 -70
11 -70
11 -70
11 -70
11 -69
11 -69
11 -68
11 -68
11 -68
11 -68
11 -47
11 -67
11 -67
11 -67
11 -67
11 -66
11 -66
11 -66
11 -66
11 -66
11 -66
11 -66
11 -66
11 -67
11 -67
11 -67
11 -68
11 -68
11 -66
11 -68
11 -68
11 -69
11 -69
11 -70
11 -70
11 -70
11 -70
11 -70
11 -69
11 -70
11 -69
11 -69
11 -69
11 -68
11 -68
11 -68
11 -68
11 -68
11 -68
11 -68
11 -67
11 -68
11 -68
11 -68
11 -68
11 -68
11 -68
11 -68
11 -68
11 -68
11 -69
11 -71
11 -69
11 -69
11 -69
11 -69
11 -69
11 -69
11 -69
11 -69
11 -69
11 -69
11 -69
11 -69
11 -69
11 -69
11 -69
11 -69
11 -69
11 -70
11 -69
11 -69
11 -69
11 -69
11 -69
11 -68
11 -68
11 -68
11 -68
11 -67
11 -67
11 -67
11 -69
11 -69
11 -69
11 -69
11 -69
11 -69
11 -69
11 -69
11 -69
11 -70
11 -70
11 -70
11 -70
11 -69
11 -69
11 -69
11 -69
11 -69
11 -70
11 -70
11 -69
11 -69
11 -69
11 -69
11 -70
11 -70
11 -70
11 -70
11 -70
11 -70
11 -70
11 -69
11 -69
11 -69
11 -68
11 -68
11 -68
11 -68
11 -68
11 -68
11 -68
11 -68
11 -68
11 -68
11 -68
11 -68
11 -69
11 -69
11 -69
11 -69
11 -69
11 -69
11 -70
11 -70
11 -70
11 -70
11 -70
11 -70
11 -70
11 -70
11 -70
11 -70
11 -70
11 -70
11 -70
11 -70
11 -70
11 -71
11 -70
11 -71
11 -72
11 -71
11 -71
11 -70
11 -70
11 -71
11 -70
11 -71
11 -70
11 -70
11 -70
11 -70
11 -70
11 -70
11 -70
11 -70
11 -70
11 -71
11 -72
11 -73
11 -73
11 -74
11 -75
11 -76
11 -75
11 -74
11 -73
11 -73
11 -72
11 -72
11 -71
11 -70
11 -70
11 -70
11 -70
11 -70
11 -70
11 -70
11 -71
11 -71
11 -72
11 -70
11 -70
11 -70
11 -70
11 -70
11 -70
11 -70
11 -70
11 -70
11 -69
11 -70
11 -70
11 -71
11 -72
11 -70
11 -72
11 -72
11 -72
11 -71
11 -71
11 -71
11 -71
11 -71
11 -71
11 -70
11 -70
11 -70
11 -71
11 -71
11 -71
11 -72
11 -72
11 -72
11 -72
11 -72
11 -74
11 -72
11 -72
11 -72
11 -72
11 -72
11 -72
11 -72
11 -71
11 -71
11 -70
11 -70
11 -70
11 -70
11 -70
11 -70
11 -70
11 -71
11 -68
11 -72
11 -72
11 -72
11 -72
11 -72
11 -72
11 -73
11 -72
11 -72
11 -72
11 -72
11 -71
11 -71
11 -71
11 -70
11 -70
11 -70
11 -70
11 -70
11 -70
11 -70
11 -70
11 -70
11 -70
11 -70
11 -70
11 -69
11 -69
11 -69
11 -69
11 -69
11 -68
11 -68
11 -68
11 -66
11 -67
11 -68
11 -68
11 -70
11 -68
11 -66
11 -64
11 -68
11 -69
11 -71
11 -70
11 -70
11 -72
11 -72
11 -72
11 -71
11 -71
11 -72
11 -72
11 -71
11 -72
11 -72
11 -72
11 -72
11 -72
11 -71
11 -71
11 -71
11 -71
11 -70
11 -70
11 -70
11 -72
11 -74
11 -74
11 -73
11 -73
11 -73
11 -73
11 -72
11 -72
11 -72
12 -71
12 -72
12 -72
12 -70
12 -71
12 -71
12 -71
12 -70
12 -70
12 -65
12 -70
12 -72
12 -72
12 -73
12 -76
12 -74
12 -73
12 -69
12 -74
12 -84
12 -74
12 -72
12 -72
12 -71
12 -71
12 -71
12 -71
12 -72
12 -70
12 -71
12 -72
12 -75
12 -75
12 -75
12 -75
12 -76
12 -77
12 -78
12 -67
12 -66
12 -65
12 -66
12 -66
12 -67
12 -66
12 -65
12 -66
12 -68
12 -68
12 -67
12 -66
12 -66
12 -66
12 -66
12 -66
12 -66
12 -66
12 -66
12 -66
12 -66
12 -58
12 -65
12 -66
12 -66
12 -65
12 -66
12 -66
12 -65
12 -66
12 -64
12 -64
12 -64
12 -64
12 -64
12 -64
12 -64
12 -64
12 -64
12 -65
12 -65
12 -65
12 -65
12 -65
12 -65
12 -65
12 -65
12 -65
12 -65
12 -66
12 -66
12 -66
12 -66
12 -66
12 -66
12 -66
12 -66
12 -66
12 -66
12 -66
12 -66
12 -66
12 -66
12 -66
12 -66
12 -66
12 -66
12 -66
12 -66
12 -68
12 -68
12 -73
12 -76
12 -71
12 -69
12 -68
12 -68
12 -69
12 -70
12 -70
12 -70
12 -70
12 -70
12 -70
12 -70
12 -70
12 -70
12 -72
12 -72
12 -72
12 -71
12 -71
12 -70
12 -70
12 -71
12 -71
12 -70
12 -70
12 -70
12 -70
12 -70
12 -70
12 -70
12 -70
12 -70
12 -70
12 -69
12 -69
12 -70
12 -69
12 -69
12 -69
12 -69
12 -68
12 -68
12 -68
12 -69
12 -69
12 -69
12 -69
12 -69
12 -70
12 -69
12 -69
12 -69
12 -69
12 -69
12 -69
12 -68
12 -69
12 -69
12 -69
12 -69
12 -70
12 -70
12 -69
12 -69
12 -69
12 -69
12 -69
12 -69
12 -69
12 -69
12 -69
12 -69
12 -70
12 -67
12 -69
12 -69
12 -69
12 -69
12 -68
12 -69
12 -69
12 -69
12 -68
12 -69
12 -69
12 -68
12 -68
12 -68
12 -68
12 -68
12 -68
12 -68
12 -67
12 -68
12 -68
12 -68
12 -68
12 -68
12 -68
12 -68
12 -68
12 -68
12 -67
12 -68
12 -68
12 -68
12 -68
12 -68
12 -68
12 -68
12 -68
12 -68
12 -68
12 -68
12 -68
12 -68
12 -68
12 -68
12 -68
12 -68
12 -69
12 -69
12 -68
12 -68
12 -68
12 -68
12 -68
12 -68
12 -76
12 -68
12 -68
12 -68
12 -68
12 -68
12 -68
12 -68
12 -69
12 -69
12 -69
12 -69
12 -69
12 -69
12 -69
12 -68
12 -69
12 -68
12 -69
12 -68
12 -69
12 -69
12 -69
12 -68
12 -69
12 -68
12 -68
12 -68
12 -67
12 -68
12 -68
12 -68
12 -69
12 -68
12 -68
12 -68
12 -68
12 -68
12 -68
12 -68
12 -68
12 -66
12 -68
12 -68
12 -68
12 -67
12 -67
12 -66
12 -67
12 -66
12 -67
12 -66
12 -66
12 -75
12 -67
12 -67
12 -66
12 -67
12 -67
12 -67
12 -67
12 -67
12 -67
12 -67
12 -67
12 -67
12 -67
12 -67
12 -67
12 -67
12 -67
12 -67
12 -67
12 -68
12 -68
12 -67
12 -68
12 -67
12 -68
12 -68
12 -68
12 -68
12 -68
12 -68
12 -68
12 -67
12 -68
12 -67
12 -67
12 -67
12 -67
12 -66
12 -67
12 -67
12 -67
12 -66
12 -67
12 -66
12 -67
12 -66
12 -67
12 -67
12 -67
12 -67
12 -68
12 -68
12 -68
12 -68
12 -68
12 -67
12 -67
12 -67
12 -68
12 -68
12 -67
12 -67
12 -67
12 -68
12 -68
12 -68
12 -68
12 -68
12 -68
12 -67
12 -68
12 -68
12 -69
12 -68
12 -76
12 -68
12 -67
12 -68
12 -69
12 -68
12 -68
12 -68
12 -68
12 -68
12 -68
12 -69
12 -69
12 -69
12 -69
12 -70
12 -70
12 -70
12 -70
12 -70
12 -70
12 -70
12 -70
12 -70
12 -70
12 -70
12 -70
12 -70
12 -69
12 -69
12 -68
12 -68
12 -68
12 -68
12 -68
12 -69
12 -68
12 -68
12 -68
12 -67
12 -67
12 -67
12 -67
12 -67
12 -67
12 -67
12 -67
12 -68
12 -68
12 -68
12 -68
12 -69
12 -68
12 -68
12 -68
12 -67
12 -67
12 -68
12 -68
12 -68
12 -69
12 -69
12 -69
12 -69
12 -69
12 -69
12 -69
12 -70
12 -70
12 -70
12 -69
12 -67
12 -70
12 -70
12 -69
12 -69
12 -69
12 -69
12 -69
12 -69
12 -68
12 -69
12 -69
12 -68
12 -69
12 -69
12 -69
12 -69
12 -69
12 -67
12 -70
12 -70
12 -70
12 -69
12 -70
12 -70
12 -70
12 -70
12 -69
12 -69
12 -69
12 -69
12 -69
12 -69
12 -69
12 -69
12 -69
12 -69
12 -69
12 -69
12 -69
12 -69
12 -69
12 -69
12 -69
12 -68
12 -68
12 -68
12 -68
12 -67
12 -68
12 -68
12 -68
12 -68
12 -68
12 -68
12 -69
12 -69
12 -66
12 -64
12 -66
12 -66
12 -66
12 -64
12 -64
12 -64
12 -64
12 -65
12 -66
12 -66
12 -66
12 -64
12 -65
12 -65
12 -64
12 -64
12 -64
12 -64
12 -64
12 -63
12 -64
12 -64
12 -64
12 -64
12 -64
12 -64
12 -64
12 -64
12 -64
12 -64
12 -64
12 -64
12 -64
12 -64
12 -64
12 -64
13 -87
13 -84
13 -84
14 -84
15 -82
15 -82
15 -81
15 -83
15 -83
15 -83
15 -82
15 -80
15 -78
15 -78
15 -78
15 -70
15 -80
15 -81
15 -79
15 -79
15 -79
15 -78
15 -79
15 -79
15 -79
15 -78
15 -79
15 -77
15 -79
15 -80
15 -80
15 -80
15 -80
15 -80
15 -81
15 -79
15 -75
15 -79
15 -78
15 -78
15 -78
15 -78
15 -78
15 -78
15 -78
15 -78
15 -78
15 -78
15 -78
15 -78
15 -78
15 -77
15 -77
15 -78
15 -77
15 -78
15 -78
15 -78
15 -77
15 -77
15 -76
15 -76
15 -76
15 -76
15 -77
15 -77
15 -77
15 -77
15 -78
15 -77
15 -77
15 -77
15 -77
15 -77
15 -77
15 -77
15 -76
15 -78
15 -77
15 -78
15 -78
15 -78
15 -77
15 -77
15 -76
15 -76
15 -77
15 -76
15 -75
15 -78
15 -68
15 -78
15 -78
15 -78
15 -78
15 -77
15 -78
15 -79
15 -77
15 -79
15 -80
15 -80
15 -80
15 -79
15 -79
15 -79
15 -78
15 -79
15 -78
15 -78
15 -75
15 -79
15 -79
15 -78
15 -79
15 -79
15 -78
15 -79
15 -79
15 -79
15 -76
15 -78
15 -78
15 -69
15 -79
15 -76
15 -79
15 -78
15 -78
15 -79
15 -79
15 -79
15 -78
15 -76
15 -80
15 -79
15 -78
15 -79
15 -79
15 -79
15 -78
15 -79
15 -79
15 -78
15 -79
15 -78
15 -78
15 -78
15 -78
15 -78
15 -78
15 -79
15 -79
15 -78
15 -78
15 -78
15 -78
15 -78
15 -78
15 -78
15 -78
15 -78
15 -79
15 -78
15 -79
15 -78
15 -78
15 -78
15 -78
15 -79
15 -79
15 -79
15 -80
15 -79
15 -79
15 -79
15 -79
15 -79
15 -79
15 -66
15 -79
15 -78
15 -78
15 -78
15 -79
15 -78
15 -76
15 -79
15 -79
15 -77
15 -79
15 -78
15 -78
15 -78
15 -78
15 -78
15 -78
15 -78
15 -78
15 -73
15 -78
15 -79
15 -78
15 -78
15 -78
15 -78
15 -78
15 -78
15 -78
15 -78
15 -79
15 -78
15 -78
15 -79
15 -78
15 -79
15 -78
15 -79
15 -79
15 -79
15 -78
15 -78
15 -78
15 -79
15 -78
15 -79
15 -78
15 -79
15 -78
15 -78
15 -78
15 -72
15 -75
15 -78
15 -78
15 -78
15 -78
15 -78
15 -78
15 -79
15 -79
15 -78
15 -79
15 -78
15 -79
15 -79
15 -79
15 -79
15 -79
15 -79
15 -80
15 -79
15 -79
15 -79
15 -79
15 -79
15 -79
15 -80
15 -80
15 -80
15 -82
15 -82
15 -82
15 -80
15 -81
15 -79
15 -79
15 -70
15 -78
15 -78
15 -78
15 -78
15 -79
15 -73
15 -79
15 -78
15 -79
15 -78
15 -78
15 -79
15 -79
15 -78
15 -71
15 -79
15 -80
15 -79
15 -80
15 -80
15 -79
15 -81
15 -79
15 -79
15 -79
15 -78
15 -79
15 -79
15 -77
15 -79
15 -80
15 -79
15 -79
15 -78
15 -78
15 -78
15 -80
15 -80
15 -79
15 -79
15 -79
15 -79
15 -79
15 -79
15 -79
15 -80
15 -79
15 -79
15 -79
15 -80
15 -79
15 -78
15 -77
15 -77
15 -82
15 -82
15 -83
15 -81
15 -60
15 -82
15 -83
15 -82
15 -81
15 -82
15 -81
16 -85
16 -86
17 -85
17 -87
17 -85
17 -85
17 -84
17 -87
17 -84
17 -85
17 -85
17 -86
17 -86
17 -86
17 -86
17 -85
17 -87
17 -87
17 -83
17 -85
17 -84
17 -84
18 -82
18 -74
18 -74
18 -73
18 -74
18 -73
18 -74
18 -74
18 -73
18 -73
18 -75
18 -76
18 -75
18 -63
18 -73
18 -74
18 -74
18 -74
18 -74
18 -74
18 -75
18 -75
18 -75
18 -75
18 -75
18 -75
18 -75
18 -75
18 -76
18 -76
18 -76
18 -76
18 -78
18 -77
18 -77
18 -76
18 -76
18 -74
18 -74
18 -73
18 -72
18 -74
18 -74
18 -75
18 -76
18 -75
18 -74
18 -74
18 -74
18 -75
18 -75
18 -74
18 -75
18 -75
18 -75
18 -75
18 -74
18 -74
18 -74
18 -75
18 -74
18 -75
18 -74
18 -75
18 -74
18 -74
18 -75
18 -74
18 -73
18 -73
18 -73
18 -74
18 -74
18 -74
18 -74
18 -73
18 -74
18 -74
18 -73
18 -74
18 -74
18 -74
18 -74
18 -74
18 -74
18 -74
18 -74
18 -74
18 -74
18 -74
18 -74
18 -74
18 -75
18 -75
18 -74
18 -72
18 -74
18 -74
18 -74
18 -75
18 -75
18 -74
18 -74
18 -76
18 -75
18 -76
18 -76
18 -75
18 -76
18 -76
18 -76
18 -76
18 -73
18 -76
18 -76
18 -76
18 -76
18 -76
18 -76
18 -76
18 -76
18 -76
18 -76
18 -76
18 -76
18 -76
18 -77
18 -77
18 -76
18 -76
18 -76
18 -76
18 -77
18 -76
18 -76
18 -76
18 -76
18 -76
18 -76
18 -77
18 -76
18 -76
18 -76
18 -76
18 -76
18 -77
18 -77
18 -77
18 -78
18 -78
18 -78
18 -77
18 -78
18 -78
18 -78
18 -78
18 -77
18 -66
18 -78
18 -78
18 -78
18 -78
18 -78
18 -78
18 -78
18 -78
18 -77
18 -78
18 -78
18 -78
18 -78
18 -78
18 -77
18 -78
18 -78
18 -76
18 -77
18 -77
18 -78
18 -78
18 -79
18 -79
18 -60
18 -78
18 -78
18 -78
18 -77
18 -78
18 -79
18 -78
18 -78
18 -79
18 -78
18 -79
18 -79
18 -80
18 -79
18 -81
18 -81
18 -80
18 -79
18 -80
18 -80
18 -80
18 -79
18 -79
18 -79
18 -79
18 -76
18 -80
18 -78
18 -78
18 -78
18 -78
18 -78
18 -78
18 -78
18 -76
18 -77
18 -78
18 -78
18 -78
18 -78
18 -78
18 -78
18 -70
18 -78
18 -78
18 -77
18 -78
18 -78
18 -78
18 -78
18 -78
18 -78
18 -78
18 -78
18 -78
18 -79
18 -78
18 -79
18 -79
18 -79
18 -78
18 -79
18 -80
18 -79
18 -79
18 -79
18 -79
18 -78
18 -73
18 -78
18 -78
18 -79
18 -78
18 -78
18 -79
18 -78
18 -79
18 -78
18 -79
18 -79
18 -76
18 -81
18 -80
18 -81
18 -81
18 -82
18 -81
18 -81
18 -82
18 -81
18 -81
18 -80
18 -80
18 -79
18 -78
18 -78
18 -78
18 -78
18 -78
18 -75
18 -78
18 -78
18 -78
18 -78
18 -78
18 -78
18 -78
18 -78
18 -78
18 -78
18 -78
18 -78
18 -79
18 -79
18 -78
18 -65
18 -80
18 -69
18 -78
18 -81
18 -81
18 -78
18 -80
18 -80
18 -80
18 -80
18 -81
18 -69
18 -79
18 -81
18 -80
18 -81
18 -78
18 -81
18 -80
18 -80
18 -81
18 -80
18 -80
18 -79
18 -79
18 -79
18 -81
18 -78
18 -75
18 -76
18 -76
18 -76
18 -76
18 -76
18 -76
18 -76
18 -77
18 -76
18 -76
18 -76
18 -76
18 -76
18 -76
18 -76
18 -75
18 -76
18 -76
18 -76
18 -72
18 -77
18 -73
18 -76
18 -76
19 -65
19 -87
19 -86
19 -87
19 -84
19 -85
19 -87
20 -84
20 -83
20 -82
20 -86
20 -87
20 -84
20 -83
20 -83
20 -82
20 -84
20 -84
20 -85
20 -83
20 -84
20 -84
20 -84
20 -84
20 -84
20 -83
20 -84
20 -84
20 -84
20 -85
20 -82
20 -77
20 -81
20 -82
20 -82
20 -83
20 -83
20 -83
20 -82
20 -82
20 -82
20 -83
20 -83
20 -84
20 -82
20 -83
20 -83
20 -83
20 -71
20 -81
20 -85
20 -86
20 -85
20 -83
20 -83
20 -82
20 -82
20 -83
20 -82
20 -82
20 -82
20 -82
20 -82
20 -83
20 -82
20 -83
20 -83
20 -84
20 -84
20 -84
20 -84
20 -84
20 -84
20 -84
20 -83
20 -84
20 -83
20 -84
20 -84
20 -84
20 -84
20 -83
20 -84
20 -74
20 -80
20 -79
20 -81
20 -80
20 -80
20 -81
20 -72
20 -81
20 -82
20 -80
20 -79
20 -79
20 -80
20 -81
20 -69
20 -81
21 -81
21 -82
21 -82
21 -75
21 -80
21 -79
21 -80
21 -81
21 -80
21 -79
21 -79
21 -51
21 -79
21 -79
21 -76
21 -78
21 -78
21 -78
21 -79
21 -80
21 -81
21 -80
21 -77
21 -58
21 -81
21 -82
21 -82
21 -82
21 -81
21 -81
21 -81
21 -82
21 -80
21 -80
21 -81
21 -66
21 -45
21 -80
21 -81
21 -82
21 -81
21 -68
21 -81
21 -81
21 -80
21 -80
21 -82
21 -80
21 -80
21 -81
21 -81
21 -81
21 -80
21 -80
21 -81
21 -80
21 -82
21 -81
21 -79
21 -78
21 -80
21 -81
21 -82
21 -82
21 -70
21 -83
21 -82
21 -82
21 -83
21 -82
21 -81
21 -82
21 -82
21 -81
21 -81
21 -81
21 -81
21 -81
21 -83
21 -82
21 -82
21 -70
21 -81
21 -81
21 -80
21 -81
21 -80
21 -81
21 -81
21 -82
21 -82
21 -76
21 -81
21 -82
21 -81
21 -82
21 -82
21 -82
21 -82
21 -81
21 -82
21 -83
21 -83
21 -82
21 -82
21 -82
21 -81
21 -82
21 -82
21 -82
21 -82
21 -82
21 -83
21 -82
21 -82
21 -82
21 -76
21 -81
21 -82
21 -82
21 -81
21 -80
21 -82
21 -81
21 -81
21 -81
21 -81
21 -81
21 -75
21 -81
21 -81
21 -81
21 -82
21 -82
21 -81
21 -81
21 -81
21 -82
21 -82
21 -82
21 -82
21 -82
21 -82
21 -82
21 -81
21 -67
21 -81
21 -81
21 -81
21 -81
21 -80
21 -81
21 -81
21 -80
21 -81
21 -81
21 -81
21 -81
21 -81
21 -81
21 -82
21 -82
21 -81
21 -81
21 -68
21 -82
21 -81
21 -82
21 -80
21 -82
21 -71
21 -82
21 -80
21 -81
21 -81
21 -82
21 -81
21 -81
21 -81
21 -80
21 -80
21 -78
21 -79
21 -80
21 -80
21 -80
21 -80
21 -80
21 -80
21 -81
21 -72
21 -81
21 -82
21 -81
21 -81
21 -83
21 -80
21 -80
21 -81
21 -80
21 -81
21 -81
21 -81
21 -82
21 -65
21 -82
21 -82
21 -81
21 -83
21 -83
21 -75
21 -82
21 -82
21 -82
21 -82
21 -82
21 -82
21 -82
21 -81
21 -82
21 -81
21 -82
21 -81
21 -82
22 -78
22 -78
22 -79
22 -78
22 -66
22 -78
22 -78
22 -78
22 -78
22 -78
22 -64
22 -79
22 -80
22 -80
22 -80
22 -81
22 -81
22 -80
22 -78
22 -79
22 -80
22 -79
22 -78
22 -80
22 -79
22 -80
22 -80
22 -76
22 -80
22 -75
22 -81
22 -81
22 -82
22 -81
22 -82
22 -80
22 -83
22 -81
22 -82
22 -85
22 -74
22 -81
22 -80
22 -83
22 -84
22 -85
22 -61
22 -82
22 -81
22 -81
22 -80
22 -80
22 -68
22 -78
22 -80
22 -80
22 -81
22 -80
22 -81
22 -81
22 -70
22 -80
22 -80
22 -80
22 -81
22 -81
22 -81
22 -82
22 -82
22 -82
22 -72
22 -81
22 -70
22 -82
22 -83
22 -82
22 -82
22 -82
22 -82
22 -82
22 -81
22 -82
22 -83
22 -83
22 -84
22 -84
22 -83
22 -82
22 -83
22 -83
22 -83
22 -83
22 -83
22 -82
22 -83
22 -82
22 -83
22 -83
22 -82
22 -83
22 -83
22 -84
22 -81
22 -84
22 -84
22 -84
22 -83
22 -82
22 -83
22 -83
22 -83
22 -84
22 -84
22 -84
22 -84
22 -85
22 -84
22 -83
22 -80
22 -83
22 -75
22 -83
22 -83
22 -83
22 -83
22 -82
22 -83
22 -83
22 -83
22 -70
22 -71
22 -83
22 -82
22 -83
22 -84
22 -82
22 -82
22 -82
22 -83
22 -83
22 -83
22 -70
22 -82
22 -82
22 -82
22 -84
22 -82
22 -83
22 -74
22 -83
22 -83
22 -83
22 -83
22 -82
22 -83
22 -83
22 -83
22 -82
22 -83
22 -82
22 -83
22 -83
22 -83
22 -84
22 -84
22 -81
22 -79
22 -80
22 -80
22 -80
22 -80
22 -81
22 -80
22 -80
22 -80
22 -80
22 -80
22 -80
22 -81
23 -84
23 -81
23 -81
23 -81
23 -82
23 -81
23 -79
23 -80
23 -81
23 -83
23 -83
23 -82
23 -80
23 -82
23 -82
23 -81
23 -81
23 -82
23 -82
23 -82
23 -81
23 -80
23 -82
23 -81
23 -79
23 -80
23 -78
23 -75
23 -79
23 -79
23 -79
23 -79
23 -79
23 -79
23 -80
23 -80
23 -80
23 -80
23 -79
23 -80
23 -80
23 -79
23 -78
23 -78
23 -78
23 -78
23 -78
23 -78
23 -73
23 -78
23 -79
23 -79
23 -79
23 -79
23 -79
23 -78
23 -80
23 -80
23 -79
23 -78
23 -68
23 -73
23 -78
23 -79
23 -79
23 -82
23 -82
23 -82
23 -84
23 -84
23 -83
23 -84
23 -84
23 -84
23 -83
23 -82
23 -82
23 -82
23 -81
23 -82
23 -69
23 -84
23 -82
23 -83
23 -78
23 -83
23 -84
23 -83
23 -82
23 -82
23 -82
23 -82
23 -81
23 -81
23 -80
23 -81
23 -80
23 -80
23 -80
23 -70
23 -80
23 -79
23 -80
23 -80
23 -65
23 -80
23 -80
23 -80
23 -80
23 -81
23 -71
23 -81
23 -82
23 -82
23 -82
23 -81
23 -82
23 -79
23 -76
23 -82
23 -83
23 -82
23 -82
23 -82
23 -82
23 -82
23 -81
23 -82
23 -82
23 -82
23 -82
23 -82
23 -79
23 -78
23 -80
23 -80
23 -80
23 -80
23 -80
23 -80
23 -79
23 -81
23 -80
23 -82
23 -81
23 -81
23 -76
23 -82
23 -82
23 -80
23 -82
23 -81
23 -80
23 -81
23 -79
23 -80
23 -80
23 -79
23 -80
23 -81
23 -80
23 -81
23 -82
23 -82
23 -81
23 -82
23 -81
23 -83
23 -82
23 -83
23 -83
23 -83
23 -83
23 -83
23 -82
23 -80
23 -80
23 -80
23 -79
23 -79
23 -80
23 -81
23 -80
23 -80
23 -81
23 -81
23 -80
23 -81
23 -80
23 -83
23 -83
23 -84
23 -83
23 -85
23 -83
23 -78
23 -83
23 -82
23 -82
23 -82
23 -82
23 -81
23 -84
23 -83
23 -84
23 -83
23 -83
23 -83
23 -81
23 -64
23 -81
23 -81
23 -79
23 -81
23 -80
23 -82
23 -83
23 -84
23 -81
23 -84
23 -82
23 -82
23 -82
23 -62
23 -81
23 -80
23 -81
23 -80
23 -73
23 -70
24 -71
24 -71
24 -71
24 -71
24 -71
24 -71
24 -72
24 -71
24 -72
24 -71
24 -71
24 -71
24 -72
24 -72
24 -73
24 -74
24 -75
24 -74
24 -73
24 -72
24 -73
24 -66
24 -74
24 -73
24 -73
24 -73
24 -73
24 -75
24 -76
24 -73
24 -75
24 -76
24 -76
24 -75
24 -75
24 -75
24 -74
24 -75
24 -76
24 -75
24 -75
24 -75
24 -76
24 -76
24 -75
24 -74
24 -71
24 -71
24 -72
24 -71
24 -71
24 -71
24 -71
24 -71
24 -72
24 -73
24 -73
24 -73
24 -73
24 -72
24 -72
24 -73
24 -72
24 -72
24 -72
24 -72
24 -73
24 -69
24 -72
24 -72
24 -72
24 -73
24 -66
24 -74
24 -73
24 -73
24 -73
24 -72
24 -72
24 -72
24 -72
24 -72
24 -73
24 -74
24 -74
24 -74
24 -73
24 -73
24 -72
24 -72
24 -73
24 -73
24 -73
24 -73
24 -73
24 -74
24 -74
24 -74
24 -73
24 -74
24 -74
24 -74
24 -74
24 -74
24 -73
24 -73
24 -73
24 -74
24 -75
24 -74
24 -74
24 -75
24 -76
24 -77
24 -76
24 -76
24 -80
24 -80
24 -79
24 -77
24 -77
24 -76
24 -77
24 -76
24 -76
24 -71
24 -76
24 -76
24 -76
24 -76
24 -77
24 -77
24 -78
24 -78
24 -78
24 -78
24 -77
24 -78
24 -77
24 -78
24 -77
24 -77
24 -76
24 -76
24 -70
24 -76
24 -76
24 -78
24 -78
24 -78
24 -78
24 -66
24 -78
24 -78
24 -77
24 -55
24 -79
24 -78
24 -78
24 -78
24 -78
24 -78
24 -78
24 -76
24 -76
24 -76
24 -76
24 -77
24 -76
24 -76
24 -76
24 -76
24 -77
24 -77
24 -77
24 -76
24 -76
24 -77
24 -78
24 -76
24 -78
24 -78
24 -78
24 -79
24 -79
24 -80
24 -79
24 -80
24 -80
24 -80
24 -79
24 -79
24 -79
24 -79
24 -77
24 -78
24 -77
24 -77
24 -77
24 -78
24 -77
24 -77
24 -79
24 -79
24 -81
24 -81
24 -81
24 -80
24 -80
24 -80
24 -80
24 -80
24 -79
24 -79
24 -79
24 -80
24 -78
24 -79
24 -78
24 -78
24 -78
24 -78
24 -77
24 -77
24 -66
24 -76
24 -76
24 -76
24 -76
24 -76
24 -77
24 -76
24 -76
24 -76
24 -75
24 -76
24 -76
24 -76
24 -76
24 -76
24 -76
24 -76
24 -73
24 -76
24 -76
24 -77
24 -78
24 -78
24 -77
24 -75
24 -78
24 -78
24 -77
24 -77
24 -78
24 -77
24 -76
24 -76
24 -76
24 -76
24 -76
24 -76
24 -76
24 -73
24 -75
24 -76
24 -76
24 -76
24 -76
24 -76
24 -76
24 -76
24 -76
24 -76
24 -76
24 -76
24 -76
24 -76
24 -76
24 -77
24 -77
24 -77
24 -77
24 -78
24 -78
24 -80
24 -78
24 -79
24 -80
24 -78
24 -77
24 -74
24 -76
24 -77
24 -78
24 -78
24 -78
24 -78
24 -78
24 -77
24 -76
24 -76
24 -75
24 -75
24 -75
24 -75
24 -75
24 -75
24 -75
24 -74
24 -75
24 -74
24 -75
24 -75
24 -75
24 -75
24 -74
24 -74
24 -74
24 -75
24 -75
24 -74
24 -75
24 -76
24 -76
24 -76
24 -76
24 -76
24 -76
24 -76
24 -76
24 -76
24 -76
24 -76
24 -76
24 -75
24 -76
24 -76
24 -76
24 -76
24 -77
24 -77
24 -78
24 -78
24 -77
24 -77
24 -77
24 -77
24 -77
24 -76
24 -76
24 -76
24 -77
24 -76
24 -75
24 -76
24 -75
24 -76
24 -76
24 -76
24 -77
24 -76
24 -78
24 -77
24 -76
24 -77
24 -76
24 -73
24 -76
24 -76
24 -77
24 -77
24 -78
24 -78
24 -79
24 -79
24 -84
24 -78
24 -78
24 -79
24 -77
24 -77
24 -77
24 -77
24 -76
24 -76
24 -76
24 -77
24 -78
24 -74
24 -76
24 -76
24 -76
24 -75
24 -75
24 -75
24 -75
24 -75
24 -74
24 -72
24 -74
24 -74
24 -74
24 -75
24 -74
24 -75
24 -76
24 -76
24 -76
24 -76
24 -76
24 -76
26 -76
26 -76
26 -78
26 -77
26 -78
26 -78
26 -78
26 -78
26 -78
26 -79
26 -78
26 -80
26 -76
26 -78
26 -78
26 -79
26 -77
26 -76
26 -76
26 -78
26 -77
26 -76
26 -76
26 -78
26 -77
26 -77
26 -76
26 -78
26 -78
26 -77
26 -78
26 -76
26 -76
26 -76
26 -77
26 -83
26 -78
26 -76
26 -76
26 -72
26 -76
26 -75
26 -75
26 -76
26 -75
26 -75
26 -75
26 -76
26 -75
26 -76
26 -77
26 -77
26 -76
26 -75
26 -76
26 -77
26 -76
26 -77
26 -78
26 -77
26 -77
26 -76
26 -75
26 -76
26 -77
26 -75
26 -76
26 -78
26 -70
26 -76
26 -76
26 -76
26 -75
26 -77
26 -74
26 -75
26 -75
26 -76
26 -76
26 -75
26 -75
26 -75
26 -74
26 -76
26 -76
26 -76
26 -76
26 -76
26 -76
26 -76
26 -76
26 -76
26 -55
26 -76
26 -76
26 -76
26 -75
26 -75
26 -76
26 -77
26 -76
26 -76
26 -75
26 -75
26 -75
26 -76
26 -76
26 -76
26 -75
26 -75
26 -75
26 -76
26 -76
26 -76
26 -75
26 -75
26 -76
26 -75
26 -76
26 -75
26 -75
26 -75
26 -75
26 -75
26 -75
26 -76
26 -76
26 -75
26 -76
26 -76
26 -76
26 -76
26 -76
26 -76
26 -76
26 -76
26 -75
26 -75
26 -74
26 -74
26 -75
26 -75
26 -74
26 -74
26 -74
26 -74
26 -74
26 -75
26 -74
26 -75
26 -74
26 -74
26 -75
26 -75
26 -76
26 -74
26 -75
26 -75
26 -75
26 -75
26 -75
26 -75
26 -75
26 -75
26 -75
26 -75
26 -75
26 -75
26 -75
26 -75
26 -75
26 -75
26 -76
26 -76
26 -76
26 -75
26 -75
26 -76
26 -75
26 -75
26 -76
26 -76
26 -76
26 -76
26 -76
26 -75
26 -75
26 -76
26 -76
26 -75
26 -75
26 -75
26 -75
26 -75
26 -68
26 -75
26 -75
26 -75
26 -75
26 -75
26 -75
26 -76
26 -75
26 -75
26 -76
26 -75
26 -75
26 -76
26 -76
26 -76
26 -76
26 -76
26 -76
26 -76
26 -76
26 -76
26 -76
26 -76
26 -73
26 -76
26 -76
26 -76
26 -75
26 -76
26 -76
26 -76
26 -76
26 -76
26 -75
26 -75
26 -76
26 -75
26 -76
26 -75
26 -75
26 -76
26 -76
26 -75
26 -76
26 -75
26 -75
26 -75
26 -76
26 -75
26 -76
26 -75
26 -75
26 -74
26 -75
26 -76
26 -75
26 -75
26 -76
26 -76
26 -76
26 -76
26 -75
26 -76
26 -76
26 -76
26 -76
26 -76
26 -76
26 -76
26 -65
26 -75
26 -75
26 -75
26 -75
26 -75
26 -75
26 -75
26 -75
26 -75
26 -75
26 -75
26 -74
26 -75
26 -75
26 -75
26 -75
26 -75
26 -75
26 -71
26 -75
26 -76
26 -76
26 -75
26 -75
26 -75
26 -75
26 -75
26 -74
26 -74
26 -75
26 -75
26 -75
26 -75
26 -75
26 -75
26 -75
26 -75
26 -74
26 -75
26 -75
26 -75
26 -75
26 -75
26 -75
26 -75
26 -75
26 -75
26 -76
26 -75
26 -75
26 -75
26 -74
26 -75
26 -75
26 -73
26 -75
26 -75
26 -75
26 -75
26 -75
26 -75
26 -76
26 -75
26 -75
26 -75
26 -75
26 -75
26 -75
26 -74
26 -75
26 -75
26 -75
26 -75
26 -76
26 -75
26 -75
26 -75
26 -75
26 -74
26 -75
26 -75
26 -76
26 -75
26 -76
26 -74
26 -74
26 -75
26 -75
26 -74
26 -75
26 -75
26 -75
26 -76
26 -75
26 -76
26 -75
26 -76
26 -76
26 -76
26 -75
26 -75
26 -75
26 -76
26 -76
26 -76
26 -76
26 -74
26 -76
26 -74
26 -76
26 -77
26 -76
26 -76
26 -76
26 -78
26 -79
26 -78
26 -75
26 -78
26 -78
26 -78
26 -76
26 -70
26 -78
26 -78
26 -77
26 -78
26 -78
26 -76
26 -76
26 -76
26 -75
26 -75
26 -74
26 -75
26 -75
26 -75
26 -74
26 -75
26 -75
26 -76
26 -76
26 -76
26 -76
26 -78
26 -72
26 -76
26 -76
26 -76
26 -77
26 -75
26 -76
26 -76
26 -76
26 -76
26 -75
26 -75
26 -70
26 -76
26 -76
26 -76
26 -76
26 -76
26 -77
26 -76
26 -77
26 -74
26 -77
26 -76
26 -74
26 -72
26 -77
26 -77
26 -78
26 -77
26 -76
26 -77
26 -76
26 -77
26 -76
26 -76
26 -76
26 -76
26 -76
26 -76
26 -76
26 -76
26 -76
26 -76
26 -76
26 -77
26 -77
26 -77
26 -77
27 -81
27 -60
27 -83
27 -82
27 -84
27 -83
27 -82
27 -83
27 -84
27 -83
27 -83
27 -84
27 -83
27 -82
27 -79
27 -79
27 -82
27 -82
27 -84
27 -84
28 -81
28 -80
28 -79
28 -80
28 -65
28 -80
28 -80
28 -79
28 -83
28 -80
28 -79
28 -78
28 -78
28 -81
28 -83
28 -80
28 -82
28 -84
28 -82
28 -84
28 -81
28 -84
28 -85
28 -85
28 -89
28 -83
28 -84
28 -85
28 -31
28 -87
28 -88
28 -85
28 -86
28 -84
28 -85
28 -85
28 -85
28 -87
28 -87
28 -83
28 -78
28 -83
28 -82
28 -84
28 -81
28 -84
28 -81
28 -76
28 -83
28 -83
28 -81
28 -85
28 -79
28 -81
28 -82
28 -81
28 -83
28 -84
28 -81
28 -81
28 -81
28 -84
29 -80
29 -79
29 -81
29 -80
29 -80
29 -83
29 -83
29 -81
29 -78
29 -78
29 -79
29 -81
29 -84
29 -85
29 -83
29 -82
29 -83
29 -84
29 -82
29 -81
29 -79
29 -78
29 -82
29 -83
29 -83
29 -83
29 -84
29 -83
29 -83
29 -81
29 -83
29 -82
29 -83
29 -83
29 -81
29 -83
29 -83
29 -83
29 -82
29 -82
29 -82
29 -82
29 -81
29 -81
29 -80
29 -81
29 -67
29 -82
29 -80
29 -83
29 -84
29 -84
29 -86
29 -84
29 -84
29 -83
29 -83
29 -83
29 -83
29 -77
29 -84
29 -83
29 -74
29 -84
29 -84
29 -84
29 -71
29 -87
29 -84
29 -84
29 -84
29 -86
29 -85
29 -84
29 -84
29 -84
29 -82
29 -70
29 -77
29 -79
29 -80
29 -77
29 -81
29 -85
29 -79
30 -85
30 -83
30 -84
30 -84
30 -83
30 -81
30 -84
30 -84
30 -84
30 -85
30 -84
30 -67
30 -84
30 -85
30 -76
30 -84
30 -84
30 -84
30 -84
30 -83
30 -83
30 -84
30 -83
30 -83
30 -82
30 -82
30 -81
30 -82
30 -83
30 -83
30 -83
30 -80
30 -82
30 -83
30 -83
30 -82
30 -81
30 -82
30 -82
30 -82
30 -82
30 -83
30 -82
30 -82
30 -83
30 -82
30 -83
30 -80
30 -83
30 -82
30 -83
30 -83
30 -83
30 -83
30 -83
30 -82
30 -81
30 -83
30 -81
30 -82
30 -83
30 -81
30 -83
30 -83
30 -84
30 -83
30 -83
30 -82
30 -82
30 -82
30 -82
30 -83
30 -82
30 -82
30 -81
30 -82
30 -82
30 -82
30 -71
30 -83
30 -82
30 -83
30 -83
30 -83
30 -82
30 -82
30 -83
30 -83
30 -82
30 -82
30 -82
30 -82
30 -82
30 -82
30 -82
30 -82
30 -82
30 -82
30 -82
30 -83
30 -82
30 -82
30 -82
30 -82
30 -64
30 -83
30 -64
30 -83
30 -83
30 -84
30 -83
30 -83
30 -83
30 -84
30 -83
30 -82
30 -83
30 -82
30 -83
30 -82
30 -80
30 -83
30 -83
30 -83
30 -81
30 -81
30 -79
30 -82
30 -84
30 -83
30 -83
30 -84
30 -73
30 -82
30 -83
30 -69
30 -82
30 -82
30 -81
30 -83
32 -78
32 -79
32 -78
32 -79
32 -78
32 -79
32 -78
32 -79
32 -74
32 -78
32 -76
32 -76
32 -78
32 -76
32 -76
32 -76
32 -76
32 -77
32 -78
32 -77
32 -77
32 -76
32 -76
32 -76
32 -75
32 -76
32 -75
32 -76
32 -76
32 -76
32 -76
32 -75
32 -77
32 -78
32 -84
32 -84
32 -80
32 -81
32 -80
32 -78
32 -78
32 -78
32 -78
32 -78
32 -78
32 -78
32 -78
32 -78
32 -79
32 -79
32 -80
32 -79
32 -80
32 -80
32 -82
32 -81
32 -81
32 -80
32 -81
32 -83
32 -82
32 -82
32 -84
32 -82
32 -82
32 -83
32 -84
32 -83
32 -83
32 -84
32 -83
32 -82
32 -83
32 -83
32 -82
32 -84
32 -85
32 -82
32 -82
32 -82
32 -79
32 -83
32 -84
32 -82
32 -76
32 -82
32 -82
32 -82
32 -81
32 -81
32 -81
32 -81
32 -82
32 -82
32 -80
32 -82
32 -82
32 -81
32 -81
32 -81
32 -76
32 -79
32 -79
32 -79
32 -80
32 -80
32 -83
32 -82
32 -84
32 -84
32 -79
32 -83
32 -77
32 -82
32 -76
32 -78
32 -71
32 -78
32 -67
32 -78
32 -78
32 -78
32 -78
32 -78
32 -78
32 -82
32 -80
32 -80
32 -80
32 -76
32 -81
32 -31
32 -82
32 -80
32 -81
32 -81
32 -82
32 -82
32 -82
32 -83
32 -82
32 -81
32 -82
32 -82
32 -73
32 -81
32 -82
32 -82
32 -81
32 -84
32 -82
32 -79
32 -81
32 -80
32 -79
32 -80
32 -80
32 -79
32 -80
32 -81
32 -80
32 -80
32 -79
32 -80
32 -70
32 -79
32 -78
32 -79
32 -80
32 -80
33 -87
35 -83
35 -83
35 -84
35 -83
35 -83
35 -81
35 -82
35 -83
35 -70
35 -83
35 -83
35 -84
35 -84
35 -85
35 -82
35 -82
35 -82
35 -82
35 -82
35 -84
35 -82
35 -82
35 -86
35 -79
35 -83
35 -82
35 -83
35 -82
35 -84
35 -86
35 -84
35 -84
35 -84
35 -84
35 -84
35 -85
35 -84
35 -85
35 -84
35 -84
35 -84
35 -85
35 -80
35 -85
35 -85
35 -84
35 -85
35 -84
35 -84
35 -83
35 -84
35 -73
35 -84
35 -84
35 -79
35 -81
35 -83
35 -85
35 -83
35 -84
35 -84
35 -85
35 -84
35 -83
35 -84
35 -85
35 -84
36 -84
36 -77
37 -84
37 -83
37 -83
37 -84
37 -84
37 -81
37 -83
37 -84
37 -82
37 -83
37 -83
37 -83
37 -74
37 -84
37 -82
37 -83
37 -84
37 -83
37 -84
37 -84
37 -83
37 -83
37 -85
37 -84
37 -84
37 -84
37 -84
37 -84
37 -86
37 -83
37 -85
37 -83
37 -83
37 -83
38 -81
38 -81
38 -78
38 -81
38 -81
38 -83
38 -84
38 -82
38 -79
38 -82
38 -77
38 -83
38 -82
38 -84
38 -80
38 -84
38 -84
38 -84
38 -75
38 -83
38 -84
38 -85
38 -84
38 -84
38 -83
38 -81
38 -83
38 -84
38 -83
38 -83
38 -83
38 -83
38 -83
38 -83
38 -83
38 -83
38 -83
38 -85
38 -85
38 -80
38 -83
38 -83
