Beacon Rssi
1 -70
1 -70
1 -70
1 -70
1 -70
1 -70
1 -72
1 -52
1 -72
1 -54
1 -72
1 -74
1 -63
1 -74
1 -74
1 -75
1 -74
1 -74
1 -76
1 -79
1 -74
1 -80
1 -82
1 -82
1 -82
1 -79
1 -73
1 -79
1 -81
1 -81
1 -80
1 -81
1 -74
1 -81
1 -79
1 -81
1 -79
1 -79
1 -79
1 -79
1 -79
1 -80
1 -80
1 -80
1 -80
1 -79
1 -79
1 -79
1 -79
1 -80
1 -80
1 -81
1 -78
1 -79
1 -79
1 -79
1 -79
1 -80
1 -79
1 -80
1 -80
1 -79
1 -78
1 -79
1 -79
1 -78
1 -79
1 -79
1 -79
1 -79
1 -80
1 -81
1 -80
1 -80
1 -81
1 -80
1 -82
1 -83
1 -81
1 -80
1 -80
1 -80
1 -82
1 -82
1 -83
1 -83
1 -81
1 -77
1 -81
1 -81
1 -83
1 -82
1 -83
1 -83
1 -83
1 -83
1 -82
1 -84
1 -83
1 -82
1 -82
1 -82
1 -82
1 -81
1 -80
1 -81
1 -80
1 -80
1 -79
1 -80
1 -80
1 -79
1 -79
1 -74
1 -80
1 -80
1 -79
1 -79
1 -79
1 -80
1 -79
1 -79
1 -80
1 -79
1 -80
1 -79
1 -79
1 -79
1 -79
1 -79
1 -79
1 -77
1 -79
1 -78
1 -80
1 -79
1 -79
1 -78
1 -82
1 -81
1 -79
1 -81
1 -84
1 -77
1 -77
1 -76
1 -72
1 -75
1 -75
1 -74
1 -75
1 -75
1 -75
1 -76
1 -75
1 -74
1 -74
1 -73
1 -74
1 -75
1 -75
1 -76
1 -76
1 -76
1 -76
1 -76
1 -76
1 -76
1 -76
1 -74
1 -75
1 -75
1 -75
1 -75
1 -75
1 -75
1 -76
1 -76
1 -76
1 -76
1 -76
1 -76
1 -76
1 -76
1 -70
1 -76
1 -76
1 -76
1 -76
1 -76
1 -76
1 -77
1 -76
1 -78
1 -78
1 -77
1 -77
1 -76
1 -77
1 -76
1 -76
1 -76
1 -76
1 -76
1 -76
1 -77
1 -77
1 -77
1 -71
1 -74
1 -76
1 -76
1 -75
1 -61
1 -76
1 -75
1 -75
1 -75
1 -75
1 -75
1 -74
1 -70
1 -74
1 -74
1 -74
1 -75
1 -74
1 -74
1 -74
1 -75
1 -74
1 -74
1 -74
1 -74
1 -75
1 -74
1 -75
1 -75
1 -76
1 -75
1 -75
1 -75
1 -76
1 -75
1 -75
1 -74
1 -76
1 -76
1 -58
1 -75
1 -75
1 -75
1 -74
1 -74
1 -74
1 -74
1 -74
1 -73
1 -74
1 -73
1 -73
1 -73
1 -72
1 -74
1 -74
1 -74
1 -74
1 -74
1 -76
1 -76
1 -75
1 -79
1 -78
1 -78
1 -79
1 -76
1 -76
1 -76
1 -76
1 -76
1 -78
1 -79
1 -79
1 -78
1 -76
1 -76
1 -76
1 -76
1 -75
1 -75
1 -75
1 -76
1 -76
1 -76
1 -77
1 -77
1 -76
1 -76
1 -76
1 -76
1 -76
1 -76
1 -76
1 -76
1 -76
1 -76
1 -76
1 -76
1 -76
1 -72
1 -75
1 -76
1 -75
1 -74
1 -74
1 -74
1 -74
1 -74
1 -74
1 -74
1 -74
1 -74
1 -74
1 -73
1 -73
1 -73
1 -74
1 -73
1 -72
1 -74
2 -68
2 -68
2 -69
2 -69
2 -70
2 -69
2 -70
2 -70
2 -70
2 -68
2 -67
2 -74
2 -73
2 -72
2 -71
2 -70
2 -69
2 -69
2 -70
2 -73
2 -71
2 -66
2 -69
2 -69
2 -71
2 -72
2 -72
2 -71
2 -71
2 -72
2 -71
2 -70
2 -70
2 -71
2 -72
2 -78
2 -72
2 -72
2 -70
2 -71
2 -71
2 -70
2 -70
2 -70
2 -70
2 -70
2 -59
2 -70
2 -70
2 -70
2 -70
2 -70
2 -70
2 -70
2 -70
2 -70
2 -70
2 -70
2 -70
2 -70
2 -70
2 -71
2 -70
2 -70
2 -71
2 -70
2 -70
2 -70
2 -71
2 -70
2 -70
2 -70
2 -30
2 -70
2 -70
2 -70
2 -70
2 -70
2 -70
2 -70
2 -70
2 -70
2 -69
2 -70
2 -70
2 -70
2 -69
2 -70
2 -70
2 -70
2 -71
2 -70
2 -71
2 -71
2 -70
2 -70
2 -70
2 -70
2 -70
2 -70
2 -70
2 -70
2 -70
2 -70
2 -71
2 -70
2 -71
2 -70
2 -70
2 -71
2 -70
2 -71
2 -70
2 -70
2 -70
2 -70
2 -70
2 -70
2 -70
2 -70
2 -70
2 -70
2 -70
2 -71
2 -71
2 -70
2 -70
2 -71
2 -70
2 -71
2 -70
2 -70
2 -70
2 -71
2 -71
2 -71
2 -71
2 -71
2 -71
2 -72
2 -72
2 -72
2 -70
2 -73
2 -74
2 -74
2 -74
2 -75
2 -75
2 -74
2 -75
2 -74
2 -74
2 -70
2 -74
2 -74
2 -74
2 -74
2 -31
2 -74
2 -73
2 -73
2 -72
2 -79
2 -73
2 -74
2 -74
2 -76
2 -76
2 -76
2 -75
2 -74
2 -73
2 -62
2 -72
2 -72
2 -72
2 -73
2 -73
2 -73
2 -73
2 -74
2 -74
2 -74
2 -73
2 -74
2 -75
2 -75
2 -61
2 -70
2 -74
2 -74
2 -74
2 -63
2 -70
2 -72
2 -72
2 -72
2 -72
2 -71
2 -71
2 -71
2 -71
2 -71
2 -71
2 -71
2 -71
2 -71
2 -71
2 -71
2 -70
2 -70
2 -70
2 -70
2 -70
2 -71
2 -71
2 -71
2 -70
2 -70
2 -71
2 -71
2 -63
2 -70
2 -70
2 -70
2 -70
2 -70
2 -70
2 -70
2 -70
2 -70
2 -70
2 -69
2 -69
2 -70
2 -70
2 -69
2 -70
2 -71
2 -62
2 -73
2 -74
2 -81
2 -73
2 -73
2 -72
2 -71
2 -71
2 -70
2 -71
2 -70
2 -70
2 -70
2 -70
2 -70
2 -71
2 -72
2 -70
2 -69
2 -68
2 -66
2 -66
2 -65
2 -65
2 -66
2 -65
2 -65
2 -65
2 -64
2 -64
2 -64
2 -64
2 -64
2 -64
2 -64
2 -64
2 -64
2 -64
2 -64
2 -64
2 -64
2 -64
2 -64
2 -64
2 -64
2 -64
2 -64
2 -64
2 -64
2 -64
2 -64
2 -64
2 -64
2 -64
2 -64
2 -64
2 -64
2 -64
2 -64
2 -64
2 -63
2 -63
2 -63
2 -63
2 -63
2 -63
2 -63
2 -63
2 -63
2 -64
2 -64
2 -64
2 -64
2 -64
2 -64
2 -64
2 -64
2 -66
2 -66
2 -66
2 -66
2 -66
2 -65
2 -65
2 -64
2 -64
2 -64
2 -64
2 -64
2 -64
2 -63
2 -63
2 -63
2 -63
2 -63
2 -63
2 -63
2 -63
2 -63
2 -64
2 -64
2 -64
2 -64
2 -64
2 -64
2 -64
2 -64
2 -65
2 -65
2 -65
2 -65
2 -64
2 -64
2 -64
2 -64
2 -65
2 -57
2 -65
2 -64
2 -65
2 -65
2 -65
2 -65
2 -64
2 -64
2 -64
2 -64
2 -64
2 -64
2 -64
2 -64
2 -64
2 -64
2 -64
2 -64
2 -64
2 -64
2 -64
2 -64
2 -64
2 -64
2 -64
2 -64
2 -64
2 -64
2 -65
2 -66
2 -66
2 -66
2 -67
2 -66
2 -66
2 -67
2 -70
2 -68
2 -70
2 -70
2 -72
2 -70
2 -67
2 -69
2 -69
2 -69
2 -68
2 -67
2 -66
2 -66
2 -66
2 -66
2 -66
2 -66
2 -66
2 -66
2 -66
2 -65
2 -65
2 -65
2 -66
2 -66
2 -75
2 -67
2 -67
2 -68
2 -68
2 -67
2 -66
2 -67
2 -67
2 -67
2 -67
2 -67
2 -67
2 -67
2 -68
2 -67
2 -67
2 -68
2 -68
2 -69
2 -69
2 -69
2 -70
2 -70
2 -70
2 -69
2 -69
2 -53
2 -69
2 -69
2 -68
2 -68
2 -68
2 -68
2 -68
2 -67
2 -67
2 -68
2 -67
2 -67
2 -67
2 -66
2 -67
2 -67
2 -67
2 -67
2 -67
2 -67
2 -67
2 -70
2 -70
2 -70
2 -70
2 -70
2 -70
2 -70
2 -70
3 -58
3 -58
3 -58
3 -58
3 -58
3 -58
3 -58
3 -58
3 -58
3 -59
3 -60
3 -60
3 -60
3 -63
3 -60
3 -58
3 -59
3 -58
3 -59
3 -60
3 -60
3 -60
3 -60
3 -59
3 -60
3 -60
3 -64
3 -64
3 -63
3 -64
3 -61
3 -63
3 -63
3 -60
3 -60
3 -60
3 -60
3 -60
3 -60
3 -60
3 -60
3 -60
3 -61
3 -61
3 -61
3 -60
3 -60
3 -60
3 -60
3 -60
3 -59
3 -59
3 -59
3 -60
3 -60
3 -59
3 -60
3 -60
3 -59
3 -60
3 -60
3 -60
3 -60
3 -60
3 -60
3 -60
3 -60
3 -60
3 -60
3 -60
3 -60
3 -60
3 -60
3 -60
3 -60
3 -60
3 -60
3 -60
3 -60
3 -60
3 -60
3 -60
3 -60
3 -60
3 -60
3 -60
3 -60
3 -60
3 -60
3 -60
3 -60
3 -60
3 -60
3 -60
3 -60
3 -60
3 -60
3 -60
3 -60
3 -60
3 -60
3 -60
3 -60
3 -60
3 -60
3 -60
3 -60
3 -60
3 -60
3 -60
3 -60
3 -60
3 -60
3 -60
3 -60
3 -31
3 -60
3 -60
3 -60
3 -60
3 -60
3 -60
3 -60
3 -60
3 -60
3 -60
3 -60
3 -60
3 -59
3 -60
3 -60
3 -60
3 -60
3 -60
3 -60
3 -60
3 -60
3 -60
3 -60
3 -60
3 -60
3 -60
3 -60
3 -60
3 -59
3 -59
3 -60
3 -60
3 -60
3 -60
3 -60
3 -60
3 -60
3 -60
3 -60
3 -60
3 -60
3 -60
3 -60
3 -60
3 -60
3 -64
3 -60
3 -60
3 -60
3 -60
3 -60
3 -60
3 -60
3 -59
3 -59
3 -60
3 -59
3 -60
3 -60
3 -60
3 -60
3 -60
3 -60
3 -60
3 -60
3 -60
3 -60
3 -60
3 -60
3 -60
3 -60
3 -60
3 -60
3 -60
3 -60
3 -60
3 -60
3 -60
3 -60
3 -60
3 -61
3 -61
3 -61
3 -69
3 -61
3 -61
3 -61
3 -61
3 -62
3 -62
3 -61
3 -61
3 -61
3 -61
3 -61
3 -61
3 -61
3 -61
3 -61
3 -61
3 -61
3 -61
3 -60
3 -61
3 -61
3 -61
3 -61
3 -61
3 -61
3 -61
3 -61
3 -61
3 -61
3 -61
3 -60
3 -61
3 -60
3 -59
3 -60
3 -60
3 -60
3 -60
3 -57
3 -60
3 -60
3 -60
3 -60
3 -60
3 -60
3 -60
3 -60
3 -60
3 -60
3 -60
3 -60
3 -60
3 -60
3 -60
3 -60
3 -60
3 -60
3 -60
3 -60
3 -61
3 -61
3 -61
3 -61
3 -61
3 -62
3 -60
3 -60
3 -58
3 -58
3 -60
3 -62
3 -63
3 -64
3 -64
3 -62
3 -61
3 -60
3 -73
3 -72
3 -70
3 -72
3 -72
3 -70
3 -69
3 -68
3 -66
3 -65
3 -65
3 -64
3 -64
3 -64
3 -64
3 -64
3 -63
3 -63
3 -63
3 -64
3 -64
3 -64
3 -64
3 -63
3 -63
3 -62
3 -62
3 -62
3 -62
3 -63
3 -63
3 -63
3 -63
3 -63
3 -63
3 -63
3 -63
3 -63
3 -63
3 -63
3 -63
3 -63
3 -63
3 -63
3 -62
3 -62
3 -62
3 -62
3 -61
3 -61
3 -60
3 -60
3 -60
3 -61
3 -61
3 -61
3 -58
3 -61
3 -61
3 -62
3 -62
3 -62
3 -62
3 -62
3 -62
3 -62
3 -61
3 -61
3 -62
3 -61
3 -61
3 -61
3 -61
3 -60
3 -60
3 -60
3 -60
3 -60
3 -60
3 -60
3 -60
3 -60
3 -60
3 -61
3 -61
3 -62
3 -62
3 -62
3 -62
3 -63
3 -63
3 -63
3 -64
3 -64
3 -64
3 -64
3 -64
3 -64
3 -64
3 -64
3 -65
3 -64
3 -64
3 -64
3 -64
3 -64
3 -64
3 -64
3 -64
3 -64
3 -64
3 -64
3 -65
3 -65
3 -64
3 -63
3 -63
3 -63
3 -63
3 -63
3 -62
3 -62
3 -62
3 -62
3 -63
3 -63
3 -63
3 -63
3 -63
3 -64
3 -63
3 -64
3 -64
3 -63
3 -63
3 -30
3 -64
3 -63
3 -53
3 -54
3 -64
3 -65
3 -64
3 -64
3 -66
3 -66
3 -65
3 -65
3 -65
3 -64
3 -64
3 -64
3 -64
3 -64
3 -64
3 -64
3 -64
3 -63
3 -64
3 -63
3 -63
3 -62
3 -63
3 -63
3 -63
3 -64
3 -63
3 -64
3 -64
3 -64
3 -64
3 -64
3 -65
3 -65
3 -66
3 -66
3 -66
3 -66
3 -67
3 -66
3 -66
3 -66
3 -66
3 -66
3 -66
3 -67
3 -66
3 -67
3 -67
3 -67
3 -67
3 -60
3 -60
3 -67
3 -67
3 -67
3 -66
3 -66
3 -67
3 -67
3 -67
3 -67
3 -67
3 -66
3 -61
3 -66
3 -66
3 -67
3 -67
3 -67
3 -67
3 -67
3 -67
3 -67
3 -66
3 -67
3 -67
3 -67
3 -67
3 -67
3 -68
4 -52
4 -52
4 -52
4 -52
4 -52
4 -52
4 -52
4 -52
4 -52
4 -52
4 -53
4 -52
4 -55
4 -52
4 -57
4 -54
4 -54
4 -53
4 -54
4 -54
4 -54
4 -55
4 -54
4 -55
4 -56
4 -56
4 -56
4 -56
4 -56
4 -56
4 -55
4 -56
4 -31
4 -55
4 -57
4 -55
4 -56
4 -55
4 -56
4 -56
4 -56
4 -56
4 -56
4 -56
4 -56
4 -56
4 -56
4 -56
4 -56
4 -56
4 -56
4 -56
4 -56
4 -56
4 -56
4 -56
4 -56
4 -56
4 -56
4 -56
4 -56
4 -56
4 -56
4 -56
4 -56
4 -56
4 -56
4 -56
4 -56
4 -56
4 -56
4 -56
4 -56
4 -56
4 -56
4 -56
4 -56
4 -56
4 -56
4 -56
4 -56
4 -57
4 -56
4 -57
4 -57
4 -56
4 -56
4 -56
4 -57
4 -56
4 -56
4 -56
4 -56
4 -56
4 -56
4 -56
4 -57
4 -56
4 -57
4 -57
4 -56
4 -56
4 -57
4 -56
4 -56
4 -56
4 -56
4 -56
4 -56
4 -56
4 -56
4 -56
4 -56
4 -56
4 -56
4 -56
4 -56
4 -56
4 -56
4 -56
4 -56
4 -56
4 -57
4 -56
4 -56
4 -56
4 -57
4 -56
4 -56
4 -57
4 -57
4 -56
4 -56
4 -57
4 -56
4 -56
4 -56
4 -56
4 -56
4 -57
4 -57
4 -56
4 -57
4 -57
4 -56
4 -56
4 -57
4 -56
4 -56
4 -56
4 -56
4 -56
4 -56
4 -56
4 -56
4 -56
4 -56
4 -55
4 -56
4 -55
4 -56
4 -56
4 -56
4 -62
4 -56
4 -55
4 -56
4 -56
4 -56
4 -56
4 -56
4 -56
4 -56
4 -56
4 -56
4 -56
4 -56
4 -56
4 -56
4 -56
4 -56
4 -56
4 -56
4 -56
4 -55
4 -56
4 -55
4 -56
4 -55
4 -64
4 -55
4 -55
4 -56
4 -56
4 -55
4 -56
4 -56
4 -56
4 -56
4 -56
4 -56
4 -56
4 -56
4 -56
4 -56
4 -56
4 -56
4 -56
4 -56
4 -56
4 -56
4 -55
4 -56
4 -56
4 -56
4 -56
4 -56
4 -56
4 -56
4 -56
4 -56
4 -56
4 -56
4 -56
4 -56
4 -56
4 -56
4 -56
4 -56
4 -56
4 -56
4 -56
4 -56
4 -57
4 -64
4 -62
4 -56
4 -56
4 -56
4 -56
4 -57
4 -56
4 -57
4 -56
4 -56
4 -56
4 -56
4 -30
4 -60
4 -57
4 -57
4 -57
4 -57
4 -57
4 -57
4 -57
4 -57
4 -55
4 -56
4 -56
4 -56
4 -57
4 -58
4 -58
4 -59
4 -60
4 -59
4 -59
4 -60
4 -58
4 -57
4 -58
4 -57
4 -57
4 -57
4 -57
4 -57
4 -57
4 -57
4 -56
4 -56
4 -56
4 -56
4 -56
4 -56
4 -56
4 -56
4 -56
4 -56
4 -56
4 -56
4 -56
4 -56
4 -56
4 -56
4 -56
4 -56
4 -56
4 -55
4 -56
4 -56
4 -55
4 -55
4 -60
4 -55
4 -56
4 -56
4 -56
4 -56
4 -56
4 -56
4 -56
4 -56
4 -56
4 -55
4 -55
4 -55
4 -55
4 -55
4 -55
4 -54
4 -54
4 -55
4 -55
4 -55
4 -55
4 -55
4 -55
4 -55
4 -55
4 -56
4 -58
4 -56
4 -56
4 -60
4 -56
4 -56
4 -56
4 -56
4 -56
4 -56
4 -55
4 -56
4 -55
4 -55
4 -55
4 -55
4 -55
4 -55
4 -55
4 -55
4 -55
4 -55
4 -55
4 -55
4 -55
4 -55
4 -55
4 -55
4 -55
4 -55
4 -55
4 -55
4 -55
4 -54
4 -56
4 -56
4 -56
4 -56
4 -56
4 -56
4 -56
4 -56
4 -56
4 -56
4 -56
4 -56
4 -64
4 -56
4 -56
4 -56
4 -56
4 -56
4 -57
4 -56
4 -56
4 -56
4 -56
4 -56
4 -56
4 -55
4 -56
4 -56
4 -56
4 -56
4 -56
4 -56
4 -57
4 -57
4 -57
4 -57
4 -57
4 -57
4 -56
4 -55
4 -55
4 -56
4 -54
4 -53
4 -55
4 -52
4 -53
4 -52
4 -53
4 -52
4 -53
4 -53
4 -53
4 -52
4 -52
4 -52
4 -52
4 -52
4 -52
4 -52
4 -52
4 -52
4 -52
4 -52
4 -52
4 -52
4 -51
4 -51
4 -52
4 -52
4 -52
4 -52
4 -52
4 -52
4 -52
4 -52
4 -52
4 -52
4 -52
4 -52
4 -52
4 -52
4 -52
4 -52
4 -52
4 -52
4 -52
4 -52
4 -52
4 -52
4 -52
4 -52
4 -52
4 -52
4 -52
4 -52
4 -52
4 -52
4 -52
4 -52
4 -52
4 -52
4 -52
4 -52
4 -52
4 -52
4 -52
4 -52
4 -52
4 -52
4 -52
4 -52
4 -47
4 -52
4 -52
4 -52
4 -52
4 -52
4 -52
4 -53
4 -52
4 -53
4 -53
4 -53
4 -53
4 -53
4 -53
4 -53
4 -53
4 -53
5 -64
5 -64
5 -64
5 -72
5 -64
5 -64
5 -64
5 -64
5 -63
5 -63
5 -62
5 -63
5 -64
5 -63
5 -63
5 -63
5 -64
5 -65
5 -64
5 -64
5 -63
5 -61
5 -62
5 -64
5 -64
5 -64
5 -63
5 -63
5 -63
5 -62
5 -63
5 -62
5 -63
5 -63
5 -63
5 -62
5 -63
5 -63
5 -63
5 -63
5 -63
5 -63
5 -63
5 -62
5 -62
5 -61
5 -61
5 -61
5 -60
5 -61
5 -61
5 -61
5 -61
5 -61
5 -61
5 -61
5 -61
5 -61
5 -61
5 -61
5 -61
5 -61
5 -62
5 -61
5 -61
5 -61
5 -61
5 -61
5 -61
5 -61
5 -61
5 -61
5 -61
5 -61
5 -61
5 -61
5 -61
5 -61
5 -61
5 -61
5 -61
5 -61
5 -59
5 -61
5 -61
5 -61
5 -61
5 -61
5 -61
5 -61
5 -62
5 -61
5 -61
5 -61
5 -61
5 -61
5 -61
5 -61
5 -61
5 -61
5 -61
5 -61
5 -61
5 -61
5 -61
5 -61
5 -61
5 -61
5 -62
5 -62
5 -62
5 -62
5 -61
5 -62
5 -61
5 -62
5 -61
5 -61
5 -61
5 -61
5 -61
5 -61
5 -61
5 -61
5 -61
5 -61
5 -61
5 -62
5 -61
5 -61
5 -61
5 -61
5 -61
5 -61
5 -61
5 -61
5 -61
5 -61
5 -61
5 -61
5 -61
5 -61
5 -61
5 -61
5 -61
5 -61
5 -61
5 -61
5 -61
5 -61
5 -61
5 -61
5 -61
5 -62
5 -62
5 -62
5 -62
5 -62
5 -62
5 -62
5 -62
5 -62
5 -62
5 -62
5 -62
5 -62
5 -62
5 -62
5 -62
5 -62
5 -62
5 -62
5 -62
5 -55
5 -62
5 -62
5 -62
5 -62
5 -62
5 -62
5 -62
5 -62
5 -62
5 -62
5 -61
5 -62
5 -62
5 -62
5 -62
5 -62
5 -62
5 -62
5 -63
5 -63
5 -67
5 -63
5 -63
5 -63
5 -63
5 -31
5 -63
5 -62
5 -62
5 -62
5 -63
5 -62
5 -62
5 -62
5 -62
5 -62
5 -62
5 -62
5 -62
5 -56
5 -62
5 -63
5 -62
5 -63
5 -63
5 -63
5 -63
5 -62
5 -62
5 -62
5 -62
5 -59
5 -62
5 -59
5 -61
5 -61
5 -61
5 -62
5 -61
5 -61
5 -62
5 -62
5 -62
5 -62
5 -62
5 -62
5 -62
5 -62
5 -62
5 -62
5 -62
5 -62
5 -62
5 -62
5 -62
5 -62
5 -62
5 -62
5 -62
5 -62
5 -62
5 -63
5 -62
5 -62
5 -62
5 -62
5 -62
5 -62
5 -62
5 -62
5 -62
5 -62
5 -63
5 -64
5 -64
5 -64
5 -65
5 -65
5 -65
5 -66
5 -66
5 -67
5 -68
5 -68
5 -68
5 -67
5 -66
5 -66
5 -66
5 -66
5 -66
5 -66
5 -66
5 -66
5 -67
5 -66
5 -66
5 -66
5 -66
5 -66
5 -66
5 -67
5 -67
5 -68
5 -68
5 -68
5 -68
5 -68
5 -68
5 -68
5 -67
5 -67
5 -66
5 -66
5 -66
5 -66
5 -66
5 -67
5 -67
5 -68
5 -68
5 -60
5 -69
5 -68
5 -67
5 -69
5 -69
5 -69
5 -68
5 -68
5 -68
5 -67
5 -66
5 -66
5 -67
5 -66
5 -66
5 -65
5 -65
5 -65
5 -64
5 -64
5 -64
5 -65
5 -65
5 -65
5 -65
5 -66
5 -66
5 -66
5 -66
5 -67
5 -67
5 -68
5 -69
5 -69
5 -70
5 -69
5 -70
5 -70
5 -69
5 -69
5 -68
5 -67
5 -67
5 -66
5 -66
5 -65
5 -65
5 -65
5 -65
5 -64
5 -64
5 -64
5 -64
5 -64
5 -64
5 -64
5 -64
5 -64
5 -64
5 -64
5 -64
5 -64
5 -64
5 -65
5 -64
5 -64
5 -64
5 -64
5 -64
5 -64
5 -64
5 -64
5 -65
5 -64
5 -64
5 -64
5 -64
5 -65
5 -65
5 -65
5 -65
5 -65
5 -65
5 -65
5 -65
5 -64
5 -64
5 -64
5 -64
5 -64
5 -63
5 -63
5 -62
5 -60
5 -59
5 -61
5 -63
5 -62
5 -63
5 -61
5 -61
5 -61
5 -61
5 -61
5 -61
5 -62
5 -61
5 -62
5 -63
5 -63
5 -64
5 -64
5 -64
5 -64
5 -64
5 -64
5 -64
5 -65
5 -66
5 -66
5 -65
5 -64
5 -64
5 -64
5 -63
5 -63
5 -63
5 -63
5 -63
5 -62
5 -62
5 -62
5 -62
5 -62
5 -62
5 -62
5 -62
5 -62
5 -62
5 -62
5 -61
5 -61
5 -61
5 -61
5 -61
5 -61
5 -61
5 -61
5 -61
5 -62
5 -62
5 -62
5 -61
5 -61
5 -61
5 -62
5 -62
5 -61
5 -62
5 -61
5 -61
5 -61
5 -61
5 -61
5 -62
5 -61
5 -61
5 -61
5 -61
5 -61
5 -61
5 -61
5 -61
6 -70
6 -70
6 -70
6 -70
6 -70
6 -70
6 -70
6 -70
6 -71
6 -73
6 -70
6 -76
6 -76
6 -75
6 -74
6 -72
6 -73
6 -72
6 -72
6 -72
6 -72
6 -73
6 -73
6 -72
6 -76
6 -70
6 -78
6 -77
6 -76
6 -75
6 -74
6 -72
6 -72
6 -67
6 -73
6 -77
6 -78
6 -78
6 -80
6 -80
6 -79
6 -80
6 -80
6 -81
6 -81
6 -79
6 -80
6 -79
6 -79
6 -80
6 -80
6 -81
6 -83
6 -83
6 -82
6 -84
6 -84
6 -70
6 -84
6 -84
6 -83
6 -84
6 -83
6 -84
6 -83
6 -83
6 -83
6 -82
6 -76
6 -83
6 -82
6 -77
6 -81
6 -82
6 -83
6 -82
6 -84
6 -81
6 -78
6 -82
6 -76
6 -71
6 -70
6 -69
6 -68
6 -67
6 -67
6 -68
6 -69
6 -70
6 -68
6 -70
6 -73
6 -74
6 -74
6 -76
6 -75
6 -74
6 -74
6 -74
6 -73
6 -75
6 -74
6 -77
6 -77
6 -77
6 -76
6 -75
6 -76
6 -76
6 -75
6 -76
6 -75
6 -75
6 -75
6 -76
6 -75
6 -76
6 -76
6 -78
6 -78
6 -77
6 -77
6 -76
6 -76
6 -76
6 -76
6 -76
6 -57
6 -85
6 -83
6 -78
6 -77
6 -70
6 -76
6 -76
6 -76
6 -76
6 -76
6 -75
6 -75
6 -76
6 -76
6 -65
6 -78
6 -78
6 -77
6 -76
6 -76
6 -78
6 -76
6 -77
6 -78
6 -78
6 -80
6 -78
6 -78
6 -80
6 -78
6 -81
6 -80
6 -78
6 -78
6 -79
6 -81
6 -77
6 -78
6 -78
6 -78
6 -82
6 -77
6 -82
6 -78
6 -77
6 -80
6 -83
6 -80
6 -80
6 -82
6 -84
6 -82
6 -55
6 -64
6 -81
6 -81
6 -79
6 -78
6 -81
6 -82
6 -78
6 -79
6 -78
6 -78
6 -78
6 -78
7 -72
7 -72
7 -72
7 -72
7 -72
7 -72
7 -72
7 -72
7 -72
7 -73
7 -74
7 -76
7 -73
7 -72
7 -72
7 -72
7 -73
7 -76
7 -78
7 -78
7 -78
7 -83
7 -80
7 -79
7 -80
7 -80
7 -81
7 -85
7 -76
7 -58
7 -75
7 -76
7 -76
7 -76
7 -77
7 -76
7 -82
7 -84
7 -84
7 -82
7 -79
7 -79
7 -80
7 -83
7 -84
7 -82
7 -81
7 -81
7 -81
7 -62
7 -76
7 -74
7 -73
7 -72
7 -72
7 -72
7 -72
7 -72
7 -74
7 -74
7 -73
7 -72
7 -73
7 -73
7 -74
7 -74
7 -74
7 -74
7 -74
7 -73
7 -74
7 -75
7 -73
7 -79
7 -76
7 -76
7 -78
7 -83
7 -80
7 -77
7 -76
7 -75
7 -74
7 -74
7 -73
7 -73
7 -74
7 -75
7 -75
7 -75
7 -75
7 -75
7 -74
7 -74
7 -75
7 -74
7 -74
7 -75
7 -75
7 -74
7 -75
7 -72
7 -73
7 -73
7 -69
7 -73
7 -73
7 -73
7 -73
7 -74
7 -74
7 -73
7 -73
7 -62
7 -74
7 -64
7 -74
7 -74
7 -74
7 -75
7 -74
7 -75
7 -74
7 -75
7 -75
7 -75
7 -75
7 -74
7 -75
7 -74
7 -75
8 -73
8 -73
8 -72
8 -73
8 -72
8 -72
8 -73
8 -72
8 -71
8 -72
8 -71
8 -77
8 -72
8 -72
8 -73
8 -73
8 -75
8 -76
8 -75
8 -75
8 -76
8 -75
8 -73
8 -72
8 -69
8 -69
8 -69
8 -68
8 -69
8 -70
8 -70
8 -71
8 -70
8 -70
8 -71
8 -59
8 -71
8 -71
8 -72
8 -72
8 -72
8 -72
8 -71
8 -72
8 -72
8 -72
8 -72
8 -72
8 -72
8 -71
8 -70
8 -70
8 -70
8 -70
8 -70
8 -70
8 -70
8 -70
8 -70
8 -70
8 -70
8 -70
8 -70
8 -70
8 -70
8 -70
8 -69
8 -70
8 -70
8 -70
8 -70
8 -70
8 -70
8 -70
8 -69
8 -70
8 -70
8 -70
8 -70
8 -69
8 -69
8 -69
8 -69
8 -69
8 -69
8 -70
8 -70
8 -70
8 -70
8 -70
8 -70
8 -70
8 -69
8 -68
8 -69
8 -70
8 -70
8 -70
8 -70
8 -70
8 -70
8 -70
8 -70
8 -70
8 -69
8 -69
8 -69
8 -70
8 -70
8 -70
8 -70
8 -70
8 -70
8 -70
8 -70
8 -70
8 -70
8 -70
8 -70
8 -70
8 -70
8 -56
8 -69
8 -70
8 -70
8 -69
8 -70
8 -70
8 -70
8 -56
8 -69
8 -69
8 -70
8 -70
8 -61
8 -70
8 -70
8 -70
8 -69
8 -70
8 -70
8 -70
8 -70
8 -70
8 -70
8 -70
8 -70
8 -70
8 -70
8 -70
8 -70
8 -70
8 -70
8 -71
8 -71
8 -71
8 -71
8 -71
8 -71
8 -71
8 -70
8 -71
8 -71
8 -71
8 -70
8 -71
8 -70
8 -70
8 -70
8 -70
8 -70
8 -70
8 -70
8 -70
8 -70
8 -70
8 -70
8 -70
8 -70
8 -70
8 -70
8 -70
8 -70
8 -70
8 -70
8 -70
8 -70
8 -70
8 -69
8 -69
8 -69
8 -69
8 -70
8 -69
8 -70
8 -69
8 -69
8 -70
8 -69
8 -70
8 -70
8 -70
8 -70
8 -70
8 -70
8 -70
8 -70
8 -69
8 -69
8 -69
8 -70
8 -69
8 -69
8 -69
8 -69
8 -69
8 -69
8 -70
8 -69
8 -69
8 -69
8 -69
8 -69
8 -69
8 -69
8 -69
8 -69
8 -69
8 -70
8 -69
8 -69
8 -70
8 -69
8 -71
8 -70
8 -70
8 -69
8 -70
8 -70
8 -70
8 -69
8 -69
8 -69
8 -69
8 -69
8 -69
8 -69
8 -69
8 -68
8 -69
8 -69
8 -69
8 -69
8 -69
8 -68
8 -69
8 -68
8 -68
8 -67
8 -68
8 -69
8 -70
8 -65
8 -75
8 -74
8 -72
8 -70
8 -70
8 -70
8 -70
8 -70
8 -73
8 -81
8 -79
8 -78
8 -76
8 -75
8 -74
8 -72
8 -72
8 -72
8 -55
8 -70
8 -70
8 -70
8 -70
8 -70
8 -70
8 -70
8 -70
8 -70
8 -70
8 -70
8 -70
8 -70
8 -70
8 -71
8 -72
8 -71
8 -72
8 -70
8 -72
8 -72
8 -71
8 -70
8 -70
8 -70
8 -70
8 -70
8 -70
8 -70
8 -70
8 -71
8 -72
8 -72
8 -70
8 -73
8 -73
8 -73
8 -73
8 -72
8 -72
8 -52
8 -71
8 -71
8 -70
8 -70
8 -70
8 -70
8 -70
8 -70
8 -70
8 -70
8 -70
8 -70
8 -70
8 -70
8 -70
8 -70
8 -70
8 -70
8 -70
8 -69
8 -70
8 -70
8 -70
8 -70
8 -70
8 -70
8 -70
8 -71
8 -72
8 -72
8 -72
8 -73
8 -74
8 -74
8 -74
8 -74
8 -73
8 -73
8 -72
8 -71
8 -70
8 -70
8 -70
8 -70
8 -68
8 -68
8 -68
8 -68
8 -67
8 -67
8 -67
8 -67
8 -67
8 -68
8 -68
8 -68
8 -68
8 -68
8 -68
8 -68
8 -68
8 -67
8 -68
8 -68
8 -68
8 -69
8 -69
8 -68
8 -69
8 -69
8 -69
8 -69
8 -70
8 -69
8 -69
8 -70
8 -70
8 -70
8 -69
8 -70
8 -69
8 -69
8 -69
8 -68
8 -68
8 -67
8 -67
8 -68
8 -68
8 -61
8 -68
8 -67
8 -71
8 -70
8 -70
8 -70
8 -71
8 -70
8 -70
8 -70
8 -70
8 -70
8 -70
8 -71
8 -72
8 -72
8 -73
8 -74
8 -74
8 -75
8 -71
8 -76
8 -78
8 -77
8 -72
8 -77
8 -76
8 -64
8 -73
8 -72
8 -72
8 -72
8 -72
8 -71
8 -71
8 -71
8 -71
8 -71
8 -70
8 -70
8 -70
8 -70
8 -70
8 -70
8 -70
8 -70
8 -70
8 -70
8 -70
8 -70
8 -70
8 -70
8 -70
8 -77
8 -70
8 -70
8 -70
8 -70
8 -70
8 -70
8 -70
8 -70
8 -70
8 -68
8 -70
8 -70
8 -70
8 -70
8 -71
8 -70
8 -68
8 -71
8 -70
8 -70
8 -68
8 -69
8 -70
8 -69
8 -69
8 -69
8 -68
8 -69
8 -69
8 -69
8 -70
9 -72
9 -75
9 -74
9 -74
9 -74
9 -74
9 -74
9 -76
9 -75
9 -74
9 -75
9 -76
9 -76
9 -76
9 -76
9 -74
9 -76
9 -77
9 -76
9 -77
9 -76
9 -76
9 -63
9 -76
9 -76
9 -76
9 -76
9 -77
9 -73
9 -76
9 -76
9 -76
9 -76
9 -76
9 -76
9 -76
9 -76
9 -76
9 -76
9 -76
9 -75
9 -68
9 -75
9 -75
9 -76
9 -76
9 -75
9 -75
9 -75
9 -75
9 -74
9 -74
9 -75
9 -75
9 -74
9 -75
9 -73
9 -74
9 -74
9 -75
9 -71
9 -75
9 -75
9 -75
9 -75
9 -75
9 -75
9 -76
9 -75
9 -75
9 -76
9 -76
9 -75
9 -75
9 -76
9 -76
9 -76
9 -76
9 -75
9 -74
9 -75
9 -75
9 -75
9 -75
9 -53
9 -76
9 -75
9 -75
9 -76
9 -75
9 -75
9 -75
9 -75
9 -73
9 -75
9 -75
9 -75
9 -75
9 -75
9 -75
9 -75
9 -75
9 -75
9 -75
9 -75
9 -73
9 -76
9 -75
9 -75
9 -76
9 -75
9 -74
9 -74
9 -75
9 -75
9 -75
9 -75
9 -75
9 -74
9 -70
9 -74
9 -68
9 -75
9 -74
9 -75
9 -75
9 -75
9 -75
9 -75
9 -74
9 -75
9 -74
9 -73
9 -74
9 -74
9 -74
9 -74
9 -75
9 -75
9 -75
9 -75
9 -74
9 -75
9 -75
9 -75
9 -75
9 -75
9 -74
9 -74
9 -74
9 -73
9 -74
9 -74
9 -74
9 -75
9 -73
9 -74
9 -73
9 -73
9 -74
9 -73
9 -73
9 -74
9 -72
9 -74
9 -73
9 -74
9 -74
9 -74
9 -74
9 -74
9 -73
9 -73
9 -73
9 -73
9 -73
9 -73
9 -73
9 -73
9 -73
9 -73
9 -74
9 -72
9 -73
9 -73
9 -74
9 -73
9 -73
9 -73
9 -74
9 -73
9 -73
9 -73
9 -73
9 -73
9 -73
9 -73
9 -73
9 -73
9 -73
9 -73
9 -73
9 -73
9 -73
9 -73
9 -73
9 -73
9 -73
9 -73
9 -73
9 -73
9 -73
9 -73
9 -73
9 -74
9 -74
9 -75
9 -74
9 -74
9 -74
9 -74
9 -73
9 -73
9 -73
9 -74
9 -73
9 -74
9 -73
9 -75
9 -75
9 -76
9 -76
9 -78
9 -78
9 -79
9 -82
9 -78
9 -76
9 -76
9 -75
9 -75
9 -76
9 -78
9 -81
9 -83
9 -85
9 -81
9 -76
9 -72
9 -75
9 -74
9 -74
9 -72
9 -72
9 -70
9 -70
9 -70
9 -70
9 -70
9 -70
9 -70
9 -70
9 -69
9 -70
9 -70
9 -70
9 -70
9 -70
9 -70
9 -70
9 -70
9 -71
9 -70
9 -70
9 -70
9 -69
9 -70
9 -70
9 -69
9 -69
9 -70
9 -70
9 -70
9 -68
9 -70
9 -63
9 -70
9 -70
9 -70
9 -70
9 -70
9 -69
9 -69
9 -69
9 -69
9 -69
9 -69
9 -69
9 -69
9 -69
9 -69
9 -69
9 -69
9 -69
9 -69
9 -69
9 -69
9 -69
9 -69
9 -68
9 -69
9 -69
9 -69
9 -69
9 -69
9 -69
9 -69
9 -69
9 -69
9 -69
9 -69
9 -69
9 -70
9 -70
9 -70
9 -71
9 -70
9 -71
9 -70
9 -70
9 -70
9 -70
9 -70
9 -70
9 -70
9 -70
9 -70
9 -70
9 -70
9 -70
9 -70
9 -70
9 -70
9 -70
9 -70
9 -69
9 -70
9 -70
9 -69
9 -70
9 -70
9 -70
9 -70
9 -70
9 -70
9 -70
9 -69
9 -69
9 -70
9 -70
9 -70
9 -69
9 -70
9 -69
9 -69
9 -69
9 -69
9 -69
9 -69
9 -69
9 -69
9 -69
9 -69
9 -69
9 -70
9 -70
9 -70
9 -70
9 -70
9 -70
9 -70
9 -70
9 -70
9 -70
9 -70
9 -70
9 -72
9 -72
9 -73
9 -73
9 -72
9 -72
9 -72
9 -72
9 -72
9 -72
9 -71
9 -71
9 -71
9 -70
9 -70
9 -70
9 -71
9 -67
9 -71
9 -72
9 -72
9 -72
9 -72
9 -73
9 -72
9 -72
9 -72
9 -71
9 -72
9 -72
9 -72
9 -71
9 -71
9 -71
9 -72
9 -72
9 -72
9 -71
9 -71
9 -71
9 -71
9 -71
9 -72
9 -71
9 -72
9 -71
9 -71
9 -70
9 -71
9 -71
9 -71
9 -71
9 -71
9 -71
9 -67
9 -71
9 -71
9 -71
9 -71
9 -71
9 -73
9 -71
9 -71
9 -72
9 -71
9 -72
9 -61
9 -70
9 -72
9 -72
9 -72
9 -71
9 -72
9 -72
9 -72
9 -72
9 -72
9 -72
9 -72
9 -72
9 -72
9 -72
9 -71
9 -67
10 -74
10 -74
10 -75
10 -75
10 -76
10 -76
10 -75
10 -75
10 -76
10 -72
10 -70
10 -70
10 -76
10 -73
10 -70
10 -70
10 -70
10 -70
10 -70
10 -69
10 -69
10 -68
10 -69
10 -69
10 -68
10 -68
10 -67
10 -67
10 -66
10 -66
10 -66
10 -66
10 -66
10 -66
10 -66
10 -66
10 -67
10 -74
10 -66
10 -67
10 -66
10 -66
10 -66
10 -67
10 -67
10 -67
10 -67
10 -68
10 -68
10 -68
10 -68
10 -69
10 -69
10 -69
10 -69
10 -69
10 -69
10 -69
10 -69
10 -69
10 -69
10 -69
10 -69
10 -68
10 -68
10 -69
10 -68
10 -69
10 -68
10 -56
10 -69
10 -68
10 -69
10 -69
10 -69
10 -69
10 -69
10 -70
10 -70
10 -68
10 -70
10 -70
10 -70
10 -70
10 -70
10 -70
10 -70
10 -70
10 -70
10 -70
10 -70
10 -70
10 -69
10 -70
10 -69
10 -69
10 -69
10 -69
10 -68
10 -69
10 -69
10 -69
10 -69
10 -69
10 -69
10 -69
10 -69
10 -69
10 -69
10 -69
10 -69
10 -69
10 -69
10 -69
10 -69
10 -69
10 -69
10 -69
10 -69
10 -69
10 -69
10 -69
10 -69
10 -69
10 -69
10 -69
10 -69
10 -69
10 -70
10 -70
10 -69
10 -70
10 -70
10 -69
10 -69
10 -70
10 -70
10 -69
10 -70
10 -69
10 -69
10 -69
10 -69
10 -69
10 -68
10 -68
10 -69
10 -68
10 -68
10 -68
10 -67
10 -67
10 -67
10 -67
10 -67
10 -66
10 -66
10 -67
10 -67
10 -67
10 -67
10 -67
10 -67
10 -66
10 -66
10 -66
10 -67
10 -59
10 -66
10 -67
10 -66
10 -67
10 -67
10 -67
10 -68
10 -68
10 -67
10 -68
10 -68
10 -68
10 -68
10 -67
10 -67
10 -67
10 -67
10 -67
10 -67
10 -67
10 -67
10 -67
10 -67
10 -68
10 -68
10 -68
10 -68
10 -68
10 -68
10 -67
10 -68
10 -68
10 -68
10 -68
10 -68
10 -68
10 -68
10 -68
10 -68
10 -63
10 -67
10 -68
10 -67
10 -68
10 -68
10 -68
10 -68
10 -68
10 -68
10 -69
10 -69
10 -69
10 -69
10 -69
10 -69
10 -69
10 -69
10 -70
10 -70
10 -70
10 -70
10 -70
10 -70
10 -70
10 -70
10 -70
10 -70
10 -70
10 -70
10 -70
10 -78
10 -70
10 -70
10 -70
10 -70
10 -70
10 -70
10 -70
10 -70
10 -70
10 -70
10 -71
10 -72
10 -72
10 -72
10 -72
10 -73
10 -73
10 -72
10 -72
10 -72
10 -72
10 -72
10 -70
10 -69
10 -67
10 -67
10 -67
10 -68
10 -70
10 -71
10 -70
10 -70
10 -71
10 -72
10 -71
10 -71
10 -72
10 -71
10 -72
10 -56
10 -74
10 -57
10 -75
10 -75
10 -76
10 -76
10 -75
10 -76
10 -75
10 -74
10 -76
10 -76
10 -76
10 -56
10 -78
10 -78
10 -78
10 -78
10 -74
10 -78
10 -78
10 -77
10 -77
10 -70
10 -75
10 -76
10 -76
10 -76
10 -78
10 -79
10 -79
10 -61
10 -77
10 -80
10 -82
10 -81
10 -78
10 -78
10 -78
10 -77
10 -76
10 -76
10 -75
10 -75
10 -75
10 -73
10 -73
10 -74
10 -75
10 -74
10 -75
10 -75
10 -74
10 -76
10 -74
10 -79
10 -79
10 -80
10 -82
10 -80
10 -78
10 -78
10 -78
10 -78
10 -78
10 -78
10 -78
10 -76
10 -77
10 -75
10 -76
10 -75
10 -73
10 -72
10 -72
10 -72
10 -72
10 -72
10 -71
10 -72
10 -73
10 -73
10 -73
10 -73
10 -73
10 -72
10 -73
10 -72
10 -72
10 -72
10 -72
10 -73
10 -73
10 -73
10 -73
10 -74
10 -74
10 -75
10 -75
10 -74
10 -75
10 -76
10 -76
10 -77
10 -78
10 -76
10 -77
10 -76
10 -76
10 -75
10 -73
10 -72
10 -72
10 -72
10 -72
10 -72
10 -72
10 -71
10 -70
10 -70
10 -71
10 -72
10 -73
10 -72
10 -76
10 -79
10 -78
10 -76
10 -74
10 -75
10 -75
10 -76
10 -79
10 -82
10 -79
10 -80
10 -78
10 -77
10 -77
10 -76
10 -76
10 -74
10 -73
10 -74
10 -74
10 -74
10 -73
10 -74
10 -74
10 -74
10 -74
10 -75
10 -75
10 -75
10 -74
10 -73
10 -70
10 -74
10 -75
10 -76
10 -77
10 -62
10 -77
10 -77
10 -76
10 -70
10 -70
10 -70
10 -69
10 -70
10 -70
10 -70
10 -70
11 -70
11 -72
11 -72
11 -71
11 -70
11 -70
11 -70
11 -70
11 -71
11 -70
11 -70
11 -70
11 -70
11 -70
11 -68
11 -69
11 -70
11 -73
11 -76
11 -68
11 -67
11 -55
11 -64
11 -64
11 -64
11 -64
11 -64
11 -64
11 -63
11 -62
11 -64
11 -66
11 -66
11 -67
11 -67
11 -69
11 -70
11 -70
11 -70
11 -70
11 -69
11 -69
11 -67
11 -66
11 -64
11 -65
11 -65
11 -65
11 -65
11 -66
11 -66
11 -66
11 -65
11 -65
11 -65
11 -65
11 -65
11 -65
11 -65
11 -65
11 -65
11 -65
11 -66
11 -66
11 -66
11 -65
11 -65
11 -65
11 -65
11 -65
11 -65
11 -66
11 -66
11 -66
11 -65
11 -65
11 -66
11 -66
11 -66
11 -66
11 -66
11 -66
11 -66
11 -66
11 -66
11 -66
11 -66
11 -66
11 -66
11 -65
11 -65
11 -66
11 -65
11 -65
11 -65
11 -65
11 -65
11 -65
11 -65
11 -65
11 -65
11 -65
11 -65
11 -65
11 -65
11 -65
11 -65
11 -65
11 -64
11 -64
11 -65
11 -64
11 -64
11 -64
11 -64
11 -64
11 -64
11 -65
11 -64
11 -65
11 -65
11 -65
11 -65
11 -65
11 -65
11 -65
11 -65
11 -65
11 -64
11 -65
11 -65
11 -65
11 -65
11 -64
11 -72
11 -64
11 -64
11 -64
11 -64
11 -64
11 -65
11 -65
11 -65
11 -65
11 -65
11 -65
11 -65
11 -65
11 -65
11 -65
11 -65
11 -65
11 -65
11 -65
11 -65
11 -65
11 -65
11 -65
11 -64
11 -64
11 -64
11 -64
11 -64
11 -64
11 -64
11 -64
11 -64
11 -64
11 -65
11 -65
11 -65
11 -65
11 -65
11 -65
11 -65
11 -65
11 -65
11 -64
11 -64
11 -64
11 -64
11 -64
11 -64
11 -64
11 -64
11 -64
11 -64
11 -64
11 -64
11 -64
11 -64
11 -64
11 -64
11 -64
11 -64
11 -64
11 -64
11 -64
11 -64
11 -64
11 -64
11 -64
11 -64
11 -64
11 -64
11 -63
11 -64
11 -64
11 -62
11 -64
11 -64
11 -64
11 -64
11 -64
11 -64
11 -64
11 -64
11 -64
11 -64
11 -64
11 -64
11 -64
11 -64
11 -64
11 -64
11 -64
11 -64
11 -64
11 -64
11 -64
11 -64
11 -64
11 -64
11 -64
11 -64
11 -64
11 -64
11 -64
11 -64
11 -64
11 -64
11 -64
11 -64
11 -64
11 -64
11 -64
11 -64
11 -64
11 -64
11 -64
11 -64
11 -64
11 -64
11 -64
11 -64
11 -63
11 -63
11 -63
11 -62
11 -62
11 -62
11 -62
11 -62
11 -62
11 -62
11 -63
11 -63
11 -64
11 -65
11 -66
11 -66
11 -65
11 -64
11 -63
11 -66
11 -65
11 -62
11 -61
11 -62
11 -64
11 -66
11 -67
11 -70
11 -69
11 -69
11 -68
11 -67
11 -67
11 -68
11 -70
11 -72
11 -72
11 -75
11 -74
11 -76
11 -72
11 -62
11 -70
11 -70
11 -70
11 -71
11 -70
11 -70
11 -70
11 -69
11 -70
11 -70
11 -70
11 -71
11 -70
11 -72
11 -72
11 -72
11 -72
11 -72
11 -71
11 -70
11 -69
11 -69
11 -69
11 -68
11 -69
11 -69
11 -70
11 -70
11 -71
11 -72
11 -73
11 -73
11 -75
11 -76
11 -75
11 -73
11 -72
11 -71
11 -70
11 -70
11 -69
11 -68
11 -68
11 -68
11 -68
11 -68
11 -67
11 -67
11 -68
11 -66
11 -67
11 -67
11 -67
11 -67
11 -67
11 -68
11 -68
11 -68
11 -68
11 -68
11 -68
11 -69
11 -69
11 -69
11 -69
11 -70
11 -70
11 -70
11 -70
11 -70
11 -72
11 -60
11 -73
11 -74
11 -73
11 -72
11 -72
11 -72
11 -71
11 -70
11 -70
11 -69
11 -69
11 -68
11 -67
11 -67
11 -67
11 -66
11 -66
11 -66
11 -66
11 -66
11 -66
11 -66
11 -66
11 -66
11 -66
11 -66
11 -66
11 -66
11 -65
11 -65
11 -65
11 -65
11 -66
11 -64
11 -65
11 -66
11 -64
11 -66
11 -66
11 -67
11 -67
11 -69
11 -70
11 -68
11 -69
11 -69
11 -69
11 -69
11 -66
11 -66
11 -66
11 -66
11 -67
11 -67
11 -65
11 -64
11 -64
11 -67
11 -70
11 -67
11 -65
11 -65
11 -65
11 -66
11 -66
11 -66
11 -66
11 -66
11 -68
11 -68
11 -67
11 -66
11 -67
11 -67
11 -69
11 -70
11 -70
11 -70
11 -71
11 -70
11 -71
11 -73
11 -73
11 -72
11 -71
11 -70
11 -70
11 -70
11 -68
11 -69
11 -68
11 -68
11 -67
11 -66
11 -66
11 -66
11 -66
11 -66
11 -66
11 -66
11 -66
11 -66
11 -66
11 -66
11 -66
11 -66
11 -65
11 -65
11 -66
11 -65
11 -66
11 -66
11 -66
11 -66
11 -67
11 -66
11 -66
11 -66
11 -66
11 -66
11 -67
11 -66
11 -67
11 -66
11 -66
11 -67
11 -66
11 -66
11 -66
11 -64
11 -65
11 -66
11 -65
11 -65
11 -66
11 -66
11 -66
11 -65
12 -66
12 -65
12 -65
12 -65
12 -64
12 -64
12 -64
12 -64
12 -67
12 -66
12 -67
12 -64
12 -62
12 -62
12 -63
12 -63
12 -64
12 -64
12 -74
12 -66
12 -63
12 -70
12 -67
12 -66
12 -65
12 -65
12 -65
12 -67
12 -67
12 -68
12 -68
12 -67
12 -66
12 -66
12 -66
12 -66
12 -66
12 -66
12 -66
12 -66
12 -66
12 -61
12 -66
12 -66
12 -66
12 -66
12 -66
12 -66
12 -66
12 -66
12 -66
12 -66
12 -66
12 -65
12 -66
12 -66
12 -62
12 -66
12 -65
12 -66
12 -66
12 -66
12 -69
12 -66
12 -66
12 -66
12 -66
12 -66
12 -66
12 -66
12 -66
12 -30
12 -66
12 -66
12 -66
12 -66
12 -66
12 -66
12 -66
12 -66
12 -66
12 -66
12 -66
12 -66
12 -66
12 -58
12 -66
12 -66
12 -66
12 -66
12 -66
12 -66
12 -66
12 -66
12 -66
12 -65
12 -65
12 -65
12 -65
12 -65
12 -65
12 -30
12 -65
12 -66
12 -59
12 -66
12 -66
12 -66
12 -66
12 -66
12 -66
12 -66
12 -66
12 -66
12 -66
12 -66
12 -64
12 -66
12 -65
12 -66
12 -65
12 -65
12 -66
12 -66
12 -66
12 -66
12 -66
12 -66
12 -66
12 -66
12 -66
12 -66
12 -66
12 -66
12 -66
12 -66
12 -65
12 -66
12 -66
12 -65
12 -65
12 -65
12 -65
12 -65
12 -65
12 -64
12 -64
12 -65
12 -65
12 -65
12 -65
12 -66
12 -65
12 -55
12 -64
12 -64
12 -64
12 -64
12 -64
12 -64
12 -64
12 -64
12 -64
12 -64
12 -64
12 -64
12 -65
12 -64
12 -64
12 -64
12 -64
12 -64
12 -64
12 -64
12 -64
12 -64
12 -64
12 -64
12 -37
12 -64
12 -63
12 -64
12 -64
12 -64
12 -64
12 -63
12 -64
12 -64
12 -31
12 -64
12 -64
12 -64
12 -64
12 -64
12 -63
12 -64
12 -64
12 -64
12 -64
12 -64
12 -64
12 -64
12 -64
12 -64
12 -64
12 -64
12 -64
12 -64
12 -64
12 -63
12 -64
12 -64
12 -65
12 -65
12 -65
12 -65
12 -65
12 -65
12 -65
12 -65
12 -65
12 -65
12 -65
12 -65
12 -65
12 -65
12 -65
12 -64
12 -65
12 -65
12 -65
12 -65
12 -66
12 -65
12 -65
12 -65
12 -65
12 -65
12 -65
12 -65
12 -65
12 -64
12 -64
12 -64
12 -64
12 -64
12 -64
12 -65
12 -64
12 -64
12 -64
12 -63
12 -61
12 -60
12 -61
12 -63
12 -65
12 -64
12 -64
12 -63
12 -61
12 -60
12 -59
12 -58
12 -59
12 -59
12 -60
12 -60
12 -60
12 -60
12 -60
12 -60
12 -60
12 -61
12 -61
12 -60
12 -61
12 -60
12 -60
12 -60
12 -60
12 -60
12 -61
12 -61
12 -60
12 -60
12 -60
12 -60
12 -60
12 -60
12 -60
12 -60
12 -60
12 -60
12 -60
12 -61
12 -61
12 -61
12 -61
12 -61
12 -61
12 -61
12 -61
12 -60
12 -60
12 -60
12 -60
12 -60
12 -60
12 -60
12 -60
12 -61
12 -62
12 -62
12 -62
12 -62
12 -63
12 -63
12 -63
12 -63
12 -63
12 -63
12 -63
12 -64
12 -64
12 -64
12 -64
12 -64
12 -64
12 -63
12 -63
12 -62
12 -62
12 -61
12 -61
12 -61
12 -61
12 -60
12 -60
12 -60
12 -60
12 -60
12 -59
12 -60
12 -60
12 -64
12 -60
12 -60
12 -60
12 -61
12 -61
12 -56
12 -62
12 -62
12 -55
12 -62
12 -62
12 -62
12 -62
12 -62
12 -62
12 -62
12 -62
12 -62
12 -62
12 -62
12 -63
12 -63
12 -62
12 -62
12 -62
12 -62
12 -62
12 -62
12 -62
12 -62
12 -62
12 -61
12 -61
12 -61
12 -61
12 -60
12 -61
12 -61
12 -61
12 -60
12 -60
12 -61
12 -61
12 -61
12 -62
12 -63
12 -63
12 -63
12 -58
12 -63
12 -62
12 -63
12 -61
12 -61
12 -63
12 -64
12 -63
12 -64
12 -64
12 -63
12 -64
12 -64
12 -63
12 -63
12 -63
12 -62
12 -63
12 -70
12 -61
12 -61
12 -62
12 -62
12 -62
12 -63
12 -62
12 -63
12 -62
12 -62
12 -62
12 -62
12 -63
12 -63
12 -63
12 -63
12 -63
12 -63
12 -62
12 -62
12 -62
12 -62
12 -62
12 -62
12 -62
12 -62
12 -62
12 -62
12 -62
12 -62
12 -63
12 -63
12 -64
12 -64
12 -64
12 -64
12 -64
12 -64
12 -64
12 -63
12 -63
12 -63
12 -63
12 -63
12 -63
12 -63
12 -70
12 -63
12 -63
12 -62
12 -60
12 -62
12 -62
12 -62
12 -62
12 -62
12 -62
12 -66
12 -65
12 -66
12 -66
12 -65
12 -65
12 -65
12 -65
12 -65
12 -65
13 -82
13 -83
13 -82
13 -80
13 -79
13 -79
13 -78
13 -81
13 -67
13 -81
13 -80
13 -78
13 -77
13 -78
13 -78
13 -71
13 -73
13 -78
13 -78
13 -78
13 -78
13 -78
13 -78
13 -77
13 -78
13 -78
13 -78
13 -58
13 -78
13 -78
13 -78
13 -78
13 -78
13 -77
13 -78
13 -78
13 -78
13 -78
13 -78
13 -78
13 -78
13 -79
13 -78
13 -78
13 -78
13 -60
13 -78
13 -78
13 -78
13 -78
13 -78
13 -78
13 -78
13 -77
13 -78
13 -79
13 -78
13 -77
13 -78
13 -78
13 -78
13 -78
13 -78
13 -78
13 -78
13 -78
13 -78
13 -78
13 -78
13 -78
13 -78
13 -78
13 -78
13 -78
13 -77
13 -74
13 -78
13 -78
13 -78
13 -78
13 -78
13 -77
13 -78
13 -71
13 -78
13 -78
13 -76
13 -78
13 -72
13 -77
13 -78
13 -78
13 -78
13 -78
13 -56
13 -77
13 -77
13 -77
13 -77
13 -77
13 -63
13 -77
13 -78
13 -78
13 -78
13 -77
13 -78
13 -78
13 -78
13 -78
13 -77
13 -78
13 -79
13 -79
13 -79
13 -72
13 -79
13 -79
13 -78
13 -79
13 -79
13 -79
13 -79
13 -80
13 -72
13 -78
13 -79
13 -78
13 -78
13 -78
13 -78
13 -71
13 -78
13 -79
13 -79
13 -79
13 -79
13 -78
13 -78
13 -78
13 -79
13 -78
13 -78
13 -78
13 -78
13 -78
13 -78
13 -78
13 -60
13 -62
13 -79
13 -79
13 -78
13 -79
13 -79
13 -78
13 -79
13 -79
13 -79
13 -79
13 -79
13 -81
13 -79
13 -81
13 -81
13 -77
13 -76
13 -76
13 -74
13 -72
13 -75
13 -76
13 -76
13 -76
13 -79
13 -81
13 -80
13 -79
13 -83
13 -83
13 -81
13 -82
13 -82
13 -84
13 -81
13 -83
13 -82
13 -82
13 -81
13 -80
13 -84
13 -84
13 -83
13 -83
13 -81
13 -83
13 -84
13 -84
13 -87
13 -83
13 -70
13 -80
13 -64
13 -82
13 -82
13 -84
13 -86
14 -73
14 -73
14 -73
14 -73
14 -73
14 -73
14 -73
14 -73
14 -74
14 -74
14 -74
14 -75
14 -75
14 -74
14 -74
14 -52
14 -75
14 -76
14 -74
14 -75
14 -74
14 -74
14 -75
14 -75
14 -75
14 -75
14 -76
14 -76
14 -76
14 -66
14 -76
14 -72
14 -70
14 -76
14 -74
14 -76
14 -77
14 -77
14 -78
14 -78
14 -78
14 -76
14 -79
14 -78
14 -79
14 -79
14 -80
14 -79
14 -80
14 -81
14 -80
14 -80
14 -80
14 -80
14 -79
14 -80
14 -74
14 -80
14 -80
14 -76
14 -80
14 -80
14 -81
14 -80
14 -81
14 -81
14 -81
14 -80
14 -80
14 -80
14 -80
14 -79
14 -79
14 -81
14 -80
14 -80
14 -80
14 -79
14 -79
14 -80
14 -69
14 -79
14 -73
14 -80
14 -80
14 -80
14 -80
14 -80
14 -80
14 -79
14 -79
14 -80
14 -80
14 -80
14 -79
14 -80
14 -80
14 -79
14 -80
14 -79
14 -80
14 -80
14 -79
14 -75
14 -79
14 -79
14 -78
14 -78
14 -78
14 -78
14 -78
14 -79
14 -79
14 -79
14 -79
14 -79
14 -79
14 -80
14 -79
14 -78
14 -78
14 -78
14 -77
14 -78
14 -77
14 -78
14 -78
14 -77
14 -78
14 -78
14 -78
14 -78
14 -77
14 -78
14 -78
14 -78
14 -78
14 -78
14 -77
14 -77
14 -77
14 -76
14 -77
14 -77
14 -76
14 -78
14 -77
14 -77
14 -77
14 -78
14 -78
14 -78
14 -78
14 -78
14 -78
14 -77
14 -79
14 -78
14 -77
14 -64
14 -78
14 -78
14 -78
14 -78
14 -78
14 -78
14 -78
14 -79
14 -79
14 -79
14 -79
14 -78
14 -78
14 -78
14 -78
14 -78
14 -76
14 -77
14 -76
14 -76
14 -76
14 -75
14 -76
14 -76
14 -76
14 -75
14 -74
14 -75
14 -76
14 -76
14 -75
14 -73
14 -72
14 -74
14 -76
14 -78
14 -72
14 -73
14 -75
14 -78
14 -77
14 -76
14 -76
14 -76
14 -75
14 -76
14 -76
14 -76
14 -75
14 -76
14 -76
14 -76
14 -76
14 -77
14 -76
14 -78
14 -77
14 -60
14 -78
14 -77
14 -76
14 -76
14 -77
14 -76
14 -78
14 -77
14 -76
14 -76
14 -76
14 -78
14 -78
14 -78
14 -79
14 -78
14 -78
14 -80
14 -80
14 -80
14 -78
14 -79
14 -78
14 -78
14 -79
14 -81
14 -81
14 -75
14 -78
14 -78
14 -78
14 -78
14 -78
14 -78
14 -78
14 -78
14 -78
14 -77
14 -77
14 -76
14 -76
14 -76
14 -76
14 -76
14 -76
14 -76
14 -76
14 -76
14 -76
14 -76
14 -76
14 -77
14 -76
14 -77
14 -77
14 -77
14 -77
14 -76
14 -77
14 -78
14 -78
14 -77
14 -77
14 -78
14 -77
14 -76
14 -77
14 -78
14 -78
14 -77
14 -79
14 -79
14 -79
14 -79
14 -78
14 -78
14 -78
14 -79
14 -83
14 -80
14 -80
14 -83
14 -82
14 -81
14 -81
14 -79
14 -79
14 -66
14 -80
14 -81
14 -81
14 -81
14 -79
14 -80
14 -79
14 -82
14 -84
14 -80
14 -81
14 -80
14 -80
14 -80
14 -81
14 -74
14 -81
14 -80
14 -82
14 -81
14 -80
14 -81
14 -81
14 -82
14 -81
14 -81
14 -81
14 -80
14 -80
14 -81
14 -79
14 -79
14 -80
14 -70
14 -80
15 -83
15 -82
15 -81
15 -81
15 -74
15 -80
15 -80
15 -78
15 -74
15 -76
15 -77
15 -76
15 -77
15 -77
15 -78
15 -78
15 -78
15 -78
15 -78
15 -78
15 -77
15 -77
15 -64
15 -78
15 -78
15 -77
15 -77
15 -77
15 -76
15 -77
15 -77
15 -77
15 -77
15 -77
15 -77
15 -77
15 -77
15 -77
15 -77
15 -77
15 -77
15 -76
15 -76
15 -76
15 -76
15 -76
15 -76
15 -76
15 -76
15 -77
15 -77
15 -77
15 -78
15 -77
15 -78
15 -73
15 -77
15 -74
15 -75
15 -78
15 -78
15 -77
15 -77
15 -77
15 -77
15 -76
15 -76
15 -76
15 -76
15 -76
15 -76
15 -76
15 -76
15 -76
15 -76
15 -76
15 -76
15 -76
15 -76
15 -76
15 -76
15 -76
15 -76
15 -76
15 -76
15 -76
15 -76
15 -77
15 -76
15 -77
15 -76
15 -77
15 -76
15 -77
15 -77
15 -76
15 -77
15 -76
15 -77
15 -75
15 -77
15 -76
15 -76
15 -76
15 -76
15 -77
15 -76
15 -76
15 -76
15 -60
15 -77
15 -77
15 -76
15 -76
15 -76
15 -74
15 -76
15 -75
15 -75
15 -56
15 -75
15 -76
15 -76
15 -76
15 -74
15 -76
15 -76
15 -76
15 -76
15 -76
15 -75
15 -76
15 -76
15 -76
15 -76
15 -76
15 -76
15 -76
15 -76
15 -76
15 -76
15 -75
15 -76
15 -75
15 -75
15 -75
15 -75
15 -75
15 -75
15 -75
15 -75
15 -75
15 -76
15 -76
15 -75
15 -76
15 -76
15 -76
15 -76
15 -71
15 -76
15 -76
15 -76
15 -74
15 -76
15 -75
15 -75
15 -76
15 -75
15 -75
15 -75
15 -75
15 -75
15 -76
15 -75
15 -75
15 -75
15 -76
15 -76
15 -74
15 -75
15 -72
15 -75
15 -76
15 -76
15 -74
15 -76
15 -76
15 -76
15 -76
15 -76
15 -76
15 -76
15 -76
15 -76
15 -76
15 -76
15 -76
15 -76
15 -76
15 -76
15 -76
15 -76
15 -76
15 -77
15 -76
15 -77
15 -76
15 -76
15 -77
15 -77
15 -77
15 -77
15 -78
15 -78
15 -77
15 -77
15 -78
15 -77
15 -77
15 -78
15 -81
15 -78
15 -79
15 -76
15 -77
15 -78
15 -84
15 -84
15 -83
15 -82
15 -82
15 -80
15 -78
15 -80
15 -78
15 -76
15 -80
15 -78
15 -81
15 -80
15 -82
15 -81
15 -82
15 -84
15 -84
15 -84
15 -83
15 -83
15 -81
15 -80
15 -81
15 -80
15 -80
15 -81
15 -77
15 -78
15 -81
15 -81
15 -83
15 -83
15 -80
15 -79
15 -79
15 -77
15 -76
15 -77
15 -70
15 -76
15 -75
15 -77
15 -72
15 -81
15 -85
15 -84
15 -81
15 -74
15 -80
15 -79
15 -79
15 -78
15 -78
15 -77
15 -76
15 -77
15 -76
15 -77
15 -76
15 -76
15 -76
15 -76
15 -76
15 -76
15 -76
15 -61
15 -76
15 -72
15 -70
15 -75
15 -76
15 -76
15 -76
15 -77
15 -77
15 -77
15 -76
15 -70
15 -77
15 -78
15 -78
15 -78
15 -78
15 -76
15 -76
15 -71
15 -75
15 -76
15 -76
15 -75
15 -72
15 -76
15 -72
16 -76
16 -69
16 -67
16 -84
16 -77
16 -78
16 -77
16 -76
16 -76
16 -76
16 -78
16 -78
16 -70
16 -78
16 -76
16 -76
16 -75
16 -75
16 -74
16 -75
16 -72
16 -74
16 -73
16 -73
16 -73
16 -73
16 -74
16 -74
16 -74
16 -72
16 -70
16 -73
16 -68
16 -73
16 -73
16 -73
16 -73
16 -71
16 -73
16 -72
16 -72
16 -72
16 -72
16 -72
16 -70
16 -72
16 -72
16 -72
16 -72
16 -72
16 -72
16 -72
16 -72
16 -72
16 -72
16 -73
16 -72
16 -72
16 -72
16 -72
16 -72
16 -72
16 -73
16 -72
16 -72
16 -72
16 -72
16 -72
16 -72
16 -72
16 -58
16 -71
16 -72
16 -72
16 -72
16 -73
16 -72
16 -72
16 -72
16 -72
16 -72
16 -72
16 -72
16 -73
16 -72
16 -72
16 -72
16 -73
16 -73
16 -71
16 -72
16 -71
16 -73
16 -74
16 -73
16 -73
16 -73
16 -73
16 -73
16 -73
16 -73
16 -72
16 -73
16 -72
16 -72
16 -73
16 -74
16 -72
16 -73
16 -72
16 -73
16 -73
16 -72
16 -72
16 -73
16 -72
16 -72
16 -72
16 -72
16 -72
16 -72
16 -72
16 -72
16 -71
16 -73
16 -72
16 -72
16 -72
16 -72
16 -72
16 -72
16 -72
16 -73
16 -73
16 -73
16 -74
16 -73
16 -73
16 -73
16 -73
16 -73
16 -73
16 -73
16 -73
16 -73
16 -73
16 -73
16 -73
16 -73
16 -73
16 -73
16 -73
16 -73
16 -73
16 -74
16 -74
16 -73
16 -73
16 -73
16 -73
16 -74
16 -73
16 -74
16 -74
16 -73
16 -74
16 -74
16 -74
16 -74
16 -74
16 -74
16 -75
16 -75
16 -75
16 -75
16 -75
16 -75
16 -75
16 -73
16 -75
16 -74
16 -74
16 -75
16 -75
16 -74
16 -75
16 -64
16 -75
16 -56
16 -74
16 -74
16 -75
16 -75
16 -74
16 -74
16 -75
16 -74
16 -74
16 -74
16 -73
16 -73
16 -73
16 -73
16 -73
16 -74
16 -74
16 -74
16 -73
16 -73
16 -74
16 -59
16 -73
16 -64
16 -74
16 -74
16 -74
16 -67
16 -73
16 -73
16 -73
16 -72
16 -73
16 -73
16 -72
16 -74
16 -74
16 -75
16 -74
16 -74
16 -75
16 -75
16 -74
16 -76
16 -73
16 -73
16 -73
16 -74
16 -76
16 -76
16 -72
16 -75
16 -78
16 -84
16 -78
16 -77
16 -77
16 -76
16 -77
16 -76
16 -75
16 -76
16 -77
16 -77
16 -77
16 -66
16 -70
16 -76
16 -76
16 -74
16 -63
16 -77
16 -78
16 -78
16 -77
16 -66
16 -78
16 -78
16 -78
16 -78
16 -77
16 -77
16 -76
16 -78
16 -76
16 -77
16 -77
16 -77
16 -77
16 -77
16 -78
16 -76
16 -78
16 -78
16 -80
16 -76
16 -77
16 -78
16 -76
16 -79
16 -76
16 -76
16 -79
16 -76
16 -76
16 -76
16 -80
16 -75
16 -76
16 -78
16 -76
16 -68
16 -76
16 -77
16 -78
16 -77
16 -76
16 -76
16 -77
16 -76
16 -76
16 -76
16 -78
16 -77
16 -77
16 -78
16 -77
16 -78
16 -77
16 -76
16 -75
16 -76
16 -76
16 -76
16 -77
16 -77
16 -76
16 -77
16 -76
16 -83
16 -76
16 -76
16 -75
16 -76
16 -76
16 -76
16 -76
16 -76
16 -76
16 -77
16 -77
16 -77
16 -78
16 -77
16 -77
16 -77
16 -77
16 -77
16 -77
16 -76
16 -76
16 -76
16 -76
16 -76
16 -64
16 -75
16 -74
16 -74
16 -73
16 -72
16 -70
16 -72
16 -72
16 -72
16 -72
16 -72
16 -72
16 -54
16 -73
16 -75
16 -75
16 -76
16 -76
16 -76
16 -75
16 -76
16 -76
16 -76
16 -76
16 -77
16 -78
16 -76
16 -76
16 -76
16 -76
16 -69
16 -76
16 -76
16 -76
16 -76
16 -76
16 -76
16 -76
16 -76
16 -76
16 -76
16 -76
16 -76
16 -75
16 -75
16 -75
16 -75
16 -75
16 -74
16 -74
16 -74
16 -74
16 -74
16 -74
16 -74
16 -75
16 -75
16 -75
16 -75
16 -75
16 -74
16 -75
16 -75
16 -76
16 -76
16 -76
16 -76
16 -75
16 -76
16 -73
16 -73
16 -73
16 -73
16 -73
16 -73
16 -73
16 -73
16 -73
17 -88
17 -84
17 -84
17 -84
17 -85
17 -82
17 -84
17 -84
17 -83
17 -84
17 -83
17 -84
17 -83
17 -83
17 -85
17 -84
17 -83
17 -83
18 -81
18 -82
18 -81
18 -82
18 -52
18 -83
18 -79
18 -78
18 -75
18 -81
18 -83
18 -85
18 -84
18 -83
18 -81
18 -82
18 -81
18 -81
18 -82
18 -80
18 -80
18 -79
18 -78
18 -78
18 -78
18 -78
18 -78
18 -78
18 -78
18 -78
18 -78
18 -78
18 -78
18 -78
18 -77
18 -78
18 -78
18 -78
18 -78
18 -78
18 -78
18 -77
18 -76
18 -76
18 -76
18 -77
18 -77
18 -76
18 -76
18 -76
18 -76
18 -77
18 -76
18 -76
18 -76
18 -77
18 -77
18 -77
18 -77
18 -77
18 -77
18 -76
18 -76
18 -76
18 -77
18 -77
18 -78
18 -77
18 -78
18 -78
18 -70
18 -77
18 -77
18 -78
18 -77
18 -78
18 -76
18 -76
18 -77
18 -77
18 -77
18 -76
18 -77
18 -73
18 -76
18 -77
18 -78
18 -78
18 -78
18 -77
18 -77
18 -74
18 -77
18 -78
18 -78
18 -78
18 -77
18 -77
18 -77
18 -76
18 -77
18 -76
18 -76
18 -77
18 -77
18 -77
18 -77
18 -77
18 -76
18 -77
18 -74
18 -78
18 -78
18 -78
18 -78
18 -77
18 -77
18 -77
18 -78
18 -73
18 -77
18 -78
18 -78
18 -78
18 -78
18 -78
18 -79
18 -78
18 -78
18 -78
18 -78
18 -78
18 -78
18 -78
18 -78
18 -78
18 -77
18 -77
18 -77
18 -76
18 -77
18 -77
18 -78
18 -77
18 -77
18 -77
18 -78
18 -76
18 -78
18 -68
18 -76
18 -76
18 -76
18 -77
18 -76
18 -76
18 -76
18 -76
18 -77
18 -73
18 -75
18 -76
18 -76
18 -76
18 -76
18 -76
18 -76
18 -76
18 -76
18 -76
18 -76
18 -76
18 -76
18 -76
18 -76
18 -73
18 -76
18 -76
18 -76
18 -76
18 -76
18 -72
18 -76
18 -76
18 -71
18 -76
18 -76
18 -52
18 -76
18 -76
18 -76
18 -77
18 -76
18 -76
18 -77
18 -76
18 -76
18 -76
18 -77
18 -74
18 -76
18 -76
18 -76
18 -76
18 -76
18 -76
18 -76
18 -76
18 -76
18 -75
18 -74
18 -74
18 -75
18 -77
18 -78
18 -66
18 -76
18 -77
18 -78
18 -75
18 -75
18 -75
18 -77
18 -78
18 -79
18 -79
18 -78
18 -80
18 -78
18 -78
18 -79
18 -78
18 -82
18 -84
18 -80
18 -81
18 -80
18 -79
18 -79
18 -82
18 -83
18 -82
18 -80
18 -79
18 -79
18 -76
18 -78
18 -80
18 -82
18 -85
18 -81
18 -80
18 -78
18 -77
18 -78
18 -78
18 -77
18 -76
18 -78
18 -79
18 -79
18 -78
18 -81
18 -81
18 -82
18 -82
18 -84
18 -84
18 -84
18 -83
18 -84
18 -62
18 -78
18 -81
18 -84
18 -84
18 -83
18 -81
18 -80
18 -83
18 -83
18 -82
18 -80
18 -83
18 -82
18 -82
18 -82
19 -84
19 -81
19 -80
19 -78
19 -80
19 -79
19 -78
19 -73
19 -81
19 -80
19 -82
19 -83
19 -82
19 -82
19 -81
19 -80
19 -80
19 -79
19 -79
19 -80
19 -79
19 -78
19 -78
19 -79
19 -78
19 -69
19 -78
19 -79
19 -78
19 -79
19 -79
19 -79
19 -78
19 -79
19 -79
19 -79
19 -79
19 -79
19 -79
19 -80
19 -79
19 -78
19 -80
19 -80
19 -80
19 -79
19 -80
19 -80
19 -80
19 -80
19 -75
19 -79
19 -79
19 -79
19 -79
19 -80
19 -79
19 -79
19 -79
19 -79
19 -80
19 -79
19 -79
19 -79
19 -79
19 -76
19 -79
19 -80
19 -79
19 -79
19 -79
19 -79
19 -78
19 -78
19 -78
19 -78
19 -79
19 -79
19 -79
19 -79
19 -79
19 -79
19 -79
19 -79
19 -78
19 -80
19 -79
19 -79
19 -75
19 -79
19 -79
19 -79
19 -78
19 -78
19 -79
19 -78
19 -78
19 -77
19 -78
19 -78
19 -78
19 -78
19 -78
19 -78
19 -78
19 -78
19 -78
19 -78
19 -78
19 -78
19 -78
19 -78
19 -78
19 -79
19 -78
19 -79
19 -79
19 -79
19 -78
19 -80
19 -79
19 -80
19 -80
19 -79
19 -64
19 -80
19 -80
19 -79
19 -80
19 -78
19 -80
19 -80
19 -81
19 -80
19 -64
19 -80
19 -80
19 -79
19 -79
19 -80
19 -80
19 -80
19 -80
19 -79
19 -80
19 -79
19 -80
19 -81
19 -80
19 -69
19 -80
19 -80
19 -80
19 -80
19 -78
19 -80
19 -75
19 -79
19 -80
19 -80
19 -80
19 -80
19 -79
19 -80
19 -80
19 -81
19 -81
19 -81
19 -68
19 -67
19 -76
19 -76
19 -78
19 -77
19 -85
19 -82
19 -81
19 -82
19 -82
19 -82
19 -82
19 -57
19 -80
19 -80
19 -83
19 -81
19 -82
19 -81
19 -64
19 -84
19 -82
19 -82
19 -72
19 -82
19 -81
19 -80
19 -82
19 -81
19 -82
19 -83
19 -83
19 -65
19 -81
19 -81
19 -81
19 -81
19 -81
19 -80
19 -81
19 -81
19 -82
19 -82
19 -81
19 -82
19 -81
19 -81
19 -81
19 -81
19 -81
19 -82
19 -81
19 -81
19 -82
19 -81
19 -81
19 -81
19 -81
19 -81
19 -80
19 -81
19 -80
19 -81
19 -80
19 -80
19 -79
19 -82
19 -80
19 -78
19 -79
19 -80
19 -82
19 -82
19 -81
19 -81
19 -79
19 -81
19 -81
19 -81
19 -81
19 -81
19 -80
19 -81
19 -81
19 -81
19 -79
19 -80
19 -81
19 -81
19 -81
19 -80
19 -80
19 -80
19 -82
19 -81
19 -81
19 -80
19 -81
19 -81
19 -81
19 -80
19 -81
19 -81
19 -80
20 -82
20 -79
20 -83
20 -83
20 -85
20 -81
20 -84
20 -84
20 -81
20 -82
20 -82
20 -85
20 -80
20 -78
20 -80
20 -79
20 -79
20 -79
20 -70
20 -80
20 -69
20 -79
20 -81
20 -80
20 -80
20 -79
20 -79
20 -79
20 -80
20 -79
20 -80
20 -79
20 -80
20 -79
20 -80
20 -80
20 -80
20 -66
20 -80
20 -80
20 -80
20 -80
20 -79
20 -80
20 -79
20 -80
20 -80
20 -80
20 -78
20 -78
20 -79
20 -79
20 -79
20 -79
20 -78
20 -79
20 -79
20 -79
20 -79
20 -79
20 -79
20 -78
20 -75
20 -78
20 -78
20 -78
20 -78
20 -78
20 -79
20 -78
20 -78
20 -78
20 -78
20 -79
20 -76
20 -30
20 -78
20 -78
20 -78
20 -78
20 -78
20 -78
20 -78
20 -78
20 -77
20 -78
20 -78
20 -77
20 -77
20 -77
20 -76
20 -76
20 -76
20 -76
20 -76
20 -76
20 -77
20 -76
20 -76
20 -76
20 -76
20 -76
20 -76
20 -77
20 -76
20 -76
20 -76
20 -76
20 -76
20 -77
20 -77
20 -78
20 -76
20 -77
20 -77
20 -77
20 -67
20 -77
20 -77
20 -78
20 -78
20 -78
20 -78
20 -78
20 -79
20 -77
20 -79
20 -78
20 -78
20 -78
20 -79
20 -78
20 -74
20 -78
20 -79
20 -78
20 -78
20 -78
20 -78
20 -78
20 -79
20 -78
20 -78
20 -78
20 -78
20 -78
20 -78
20 -77
20 -72
20 -78
20 -78
20 -74
20 -78
20 -79
20 -78
20 -78
20 -78
20 -78
20 -78
20 -78
20 -78
20 -79
20 -80
20 -82
20 -82
20 -82
20 -80
20 -77
20 -76
20 -75
20 -75
20 -75
20 -75
20 -74
20 -76
20 -78
20 -77
20 -77
20 -76
20 -76
20 -75
20 -76
20 -76
20 -76
20 -76
20 -76
20 -76
20 -76
20 -76
20 -76
20 -76
20 -77
20 -76
20 -76
20 -76
20 -77
20 -30
20 -77
20 -77
20 -78
20 -78
20 -77
20 -77
20 -76
20 -77
20 -77
20 -77
20 -79
20 -79
20 -78
20 -82
20 -81
20 -79
20 -78
20 -83
20 -79
20 -78
20 -79
20 -82
20 -82
20 -84
20 -81
20 -81
20 -80
20 -82
20 -81
20 -81
20 -78
20 -77
20 -77
20 -76
20 -70
20 -77
20 -76
20 -78
20 -78
20 -78
20 -78
20 -79
20 -80
20 -80
20 -82
20 -83
20 -84
20 -84
20 -84
20 -65
20 -83
20 -81
20 -80
20 -79
20 -80
20 -80
20 -79
20 -80
20 -80
20 -80
20 -81
20 -82
20 -82
20 -79
20 -80
20 -81
20 -84
20 -81
20 -53
20 -80
20 -79
20 -77
20 -76
20 -76
20 -76
20 -78
20 -78
20 -78
20 -77
20 -78
20 -78
20 -79
20 -78
20 -80
20 -80
20 -79
20 -79
20 -81
20 -81
20 -81
20 -70
20 -83
20 -82
20 -82
20 -81
20 -81
20 -79
20 -77
21 -82
21 -78
21 -81
21 -73
21 -72
21 -71
21 -76
21 -76
21 -77
21 -80
21 -78
21 -72
21 -74
21 -84
21 -82
21 -81
21 -79
21 -79
21 -72
21 -77
21 -78
21 -74
21 -78
21 -77
21 -76
21 -76
21 -74
21 -75
21 -75
21 -75
21 -74
21 -74
21 -74
21 -74
21 -75
21 -74
21 -73
21 -74
21 -75
21 -74
21 -74
21 -74
21 -75
21 -75
21 -74
21 -74
21 -75
21 -74
21 -74
21 -74
21 -72
21 -62
21 -74
21 -74
21 -74
21 -74
21 -64
21 -74
21 -74
21 -74
21 -74
21 -73
21 -74
21 -73
21 -73
21 -65
21 -73
21 -73
21 -74
21 -72
21 -73
21 -72
21 -72
21 -73
21 -72
21 -69
21 -73
21 -74
21 -74
21 -74
21 -73
21 -74
21 -74
21 -74
21 -74
21 -75
21 -76
21 -76
21 -62
21 -64
21 -76
21 -76
21 -75
21 -75
21 -75
21 -74
21 -74
21 -74
21 -74
21 -74
21 -74
21 -73
21 -73
21 -74
21 -74
21 -73
21 -73
21 -64
21 -74
21 -74
21 -73
21 -74
21 -73
21 -73
21 -73
21 -73
21 -73
21 -69
21 -72
21 -72
21 -73
21 -73
21 -72
21 -71
21 -73
21 -72
21 -73
21 -73
21 -73
21 -74
21 -75
21 -74
21 -75
21 -76
21 -76
21 -76
21 -76
21 -76
21 -76
21 -75
21 -76
21 -76
21 -76
21 -70
21 -76
21 -76
21 -72
21 -76
21 -76
21 -76
21 -76
21 -76
21 -76
21 -76
21 -76
21 -70
21 -75
21 -76
21 -76
21 -76
21 -76
21 -77
21 -78
21 -78
21 -78
21 -79
21 -78
21 -78
21 -79
21 -78
21 -79
21 -78
21 -79
21 -78
21 -78
21 -79
21 -79
21 -78
21 -72
21 -78
21 -78
21 -77
21 -78
21 -78
21 -78
21 -78
21 -78
21 -77
21 -78
21 -78
21 -77
21 -76
21 -76
21 -75
21 -74
21 -73
21 -73
21 -74
21 -73
21 -74
21 -74
21 -71
21 -69
21 -75
21 -75
21 -76
21 -75
21 -75
21 -75
21 -74
21 -75
21 -74
21 -73
21 -73
21 -73
21 -74
21 -74
21 -74
21 -74
21 -73
21 -75
21 -77
21 -76
21 -76
21 -76
21 -77
21 -72
21 -70
21 -70
21 -70
21 -70
21 -71
21 -71
21 -71
21 -72
21 -72
21 -71
21 -70
21 -69
21 -69
21 -70
21 -70
21 -69
21 -70
21 -69
21 -70
21 -70
21 -70
21 -70
21 -71
21 -72
21 -74
21 -73
21 -73
21 -74
21 -73
21 -73
21 -75
21 -75
21 -76
21 -70
21 -78
21 -76
21 -77
21 -68
21 -74
21 -73
21 -72
21 -72
21 -62
21 -74
21 -74
21 -76
21 -77
21 -75
21 -76
21 -73
21 -72
21 -72
21 -74
21 -70
21 -75
21 -74
21 -75
21 -73
21 -73
21 -78
21 -84
21 -78
21 -74
21 -72
21 -76
21 -81
21 -80
21 -79
21 -77
21 -76
21 -74
21 -72
21 -71
21 -70
21 -70
21 -70
21 -71
21 -71
21 -72
21 -60
21 -74
21 -76
21 -76
21 -78
21 -79
21 -81
21 -79
21 -78
21 -78
21 -79
21 -77
21 -76
21 -77
21 -76
21 -74
21 -75
21 -75
21 -74
21 -73
21 -75
21 -76
21 -76
21 -78
21 -77
21 -51
21 -76
21 -77
21 -78
21 -78
21 -76
21 -76
21 -75
21 -70
21 -75
21 -76
21 -76
21 -75
21 -75
21 -74
21 -74
21 -73
21 -72
21 -72
21 -70
21 -72
21 -72
21 -73
21 -74
21 -74
21 -74
21 -74
21 -74
21 -75
21 -76
21 -52
21 -75
21 -75
21 -76
21 -70
21 -77
21 -77
21 -76
21 -74
21 -74
21 -73
21 -74
21 -65
21 -73
21 -73
22 -74
22 -76
22 -76
22 -76
22 -76
22 -76
22 -76
22 -76
22 -76
22 -76
22 -76
22 -76
22 -77
22 -78
22 -78
22 -78
22 -78
22 -81
22 -80
22 -86
22 -86
22 -86
22 -84
22 -85
22 -85
22 -84
22 -83
22 -83
22 -83
22 -83
22 -74
22 -84
22 -84
22 -84
22 -84
22 -84
22 -85
22 -78
22 -83
22 -82
22 -82
22 -80
22 -75
22 -82
22 -83
22 -83
22 -83
22 -83
22 -83
22 -82
22 -82
22 -82
22 -83
22 -84
22 -83
22 -84
22 -85
22 -85
22 -84
22 -84
22 -84
22 -79
22 -76
22 -76
22 -78
22 -78
22 -77
22 -76
22 -75
22 -75
22 -75
22 -73
22 -74
22 -74
22 -74
22 -74
22 -74
22 -74
22 -75
22 -73
22 -73
22 -71
22 -74
22 -74
22 -74
22 -74
22 -74
22 -75
22 -70
22 -74
22 -71
22 -74
22 -72
22 -75
22 -75
22 -80
22 -75
22 -75
22 -75
22 -74
22 -75
22 -73
22 -75
22 -73
22 -74
22 -74
22 -75
22 -74
22 -74
22 -73
22 -72
22 -76
22 -74
22 -73
22 -76
22 -75
22 -74
22 -78
22 -83
22 -78
22 -76
22 -74
22 -73
22 -74
22 -75
22 -75
22 -74
22 -75
22 -69
22 -74
22 -75
22 -74
22 -75
22 -74
22 -75
22 -75
22 -74
22 -74
22 -73
22 -75
22 -76
22 -76
22 -76
22 -76
22 -77
22 -76
22 -76
22 -76
22 -76
22 -76
22 -76
22 -77
22 -77
22 -77
22 -76
22 -76
22 -76
22 -76
22 -75
22 -76
22 -75
22 -74
22 -75
22 -75
22 -62
22 -74
22 -74
22 -74
22 -74
22 -73
22 -75
22 -77
22 -76
22 -80
22 -78
22 -80
22 -80
22 -81
22 -58
22 -82
22 -81
22 -79
22 -78
22 -77
22 -74
22 -76
22 -75
22 -76
22 -76
22 -76
22 -74
22 -76
22 -76
22 -76
22 -76
22 -78
22 -77
22 -77
22 -77
22 -76
22 -76
22 -77
22 -77
22 -77
22 -76
22 -77
22 -78
22 -80
22 -82
22 -70
22 -79
22 -79
22 -79
22 -78
22 -78
22 -77
22 -78
22 -78
22 -77
22 -76
22 -76
22 -76
22 -76
22 -76
22 -76
22 -76
22 -83
23 -82
23 -82
23 -84
23 -56
23 -84
23 -84
23 -84
23 -84
23 -84
23 -84
23 -84
23 -84
23 -84
23 -84
23 -83
23 -82
23 -84
23 -85
23 -84
23 -84
23 -84
23 -65
23 -83
23 -84
23 -87
23 -83
23 -83
23 -83
23 -84
23 -84
23 -83
23 -82
23 -84
23 -83
23 -83
23 -84
23 -83
23 -83
23 -83
23 -81
23 -81
23 -51
23 -82
23 -81
23 -84
23 -83
23 -85
23 -83
23 -82
23 -80
23 -82
23 -82
23 -82
23 -82
23 -81
23 -82
23 -72
23 -81
23 -76
23 -81
23 -80
23 -79
23 -78
23 -81
23 -80
23 -83
23 -83
23 -84
23 -81
23 -82
23 -80
23 -81
23 -80
23 -80
23 -83
23 -81
23 -81
23 -82
23 -83
23 -83
23 -82
23 -83
23 -82
23 -82
23 -81
23 -81
23 -81
23 -81
23 -81
23 -79
23 -81
23 -45
23 -80
23 -81
23 -66
23 -82
23 -83
23 -82
23 -82
23 -82
23 -82
23 -82
23 -82
23 -82
23 -82
23 -71
23 -81
23 -86
24 -77
24 -77
24 -77
24 -77
24 -77
24 -78
24 -79
24 -78
24 -80
24 -77
24 -76
24 -76
24 -78
24 -76
24 -72
24 -76
24 -76
24 -76
24 -76
24 -76
24 -75
24 -76
24 -76
24 -76
24 -76
24 -76
24 -76
24 -76
24 -76
24 -76
24 -76
24 -76
24 -76
24 -77
24 -75
24 -78
24 -78
24 -78
24 -78
24 -78
24 -78
24 -79
24 -79
24 -78
24 -77
24 -79
24 -78
24 -78
24 -78
24 -78
24 -73
24 -79
24 -79
24 -80
24 -79
24 -80
24 -79
24 -80
24 -80
24 -70
24 -79
24 -80
24 -81
24 -80
24 -80
24 -63
24 -78
24 -79
24 -76
24 -79
24 -79
24 -79
24 -79
24 -70
24 -78
24 -80
24 -80
24 -79
24 -80
24 -79
24 -79
24 -79
24 -79
24 -79
24 -79
24 -80
24 -80
24 -80
24 -80
24 -80
24 -80
24 -80
24 -76
24 -80
24 -80
24 -80
24 -80
24 -79
24 -79
24 -80
24 -79
24 -79
24 -79
24 -78
24 -78
24 -78
24 -78
24 -78
24 -78
24 -78
24 -78
24 -78
24 -78
24 -78
24 -78
24 -78
24 -78
24 -78
24 -78
24 -78
24 -78
24 -78
24 -79
24 -79
24 -79
24 -80
24 -79
24 -79
24 -78
24 -79
24 -79
24 -79
24 -79
24 -80
24 -80
24 -80
24 -80
24 -81
24 -80
24 -81
24 -81
24 -80
24 -80
24 -81
24 -81
24 -80
24 -80
24 -82
24 -81
24 -80
24 -80
24 -81
24 -80
24 -80
24 -80
24 -80
24 -80
24 -81
24 -81
24 -81
24 -81
24 -58
24 -82
24 -82
24 -81
24 -79
24 -80
24 -83
24 -82
24 -84
24 -84
24 -84
24 -83
24 -82
24 -82
24 -83
24 -82
24 -83
24 -81
24 -83
24 -83
24 -79
24 -81
24 -81
24 -82
24 -82
24 -80
24 -80
24 -78
24 -79
24 -81
24 -81
24 -82
24 -82
24 -83
24 -80
24 -78
24 -80
24 -82
24 -80
24 -80
24 -78
24 -72
24 -78
24 -79
24 -79
24 -81
24 -81
24 -78
24 -82
24 -81
24 -80
24 -82
24 -83
24 -81
24 -81
24 -81
24 -80
24 -78
24 -78
24 -79
24 -79
24 -83
24 -78
24 -77
24 -78
24 -79
24 -75
24 -78
24 -81
24 -82
24 -78
24 -82
24 -83
24 -63
24 -83
24 -82
24 -80
24 -82
24 -81
24 -56
24 -80
24 -79
24 -80
24 -80
24 -80
24 -80
24 -72
24 -81
24 -81
24 -81
24 -52
24 -78
24 -78
24 -78
24 -78
24 -78
24 -78
24 -78
24 -70
24 -78
24 -78
25 -83
25 -82
25 -70
25 -85
25 -82
25 -83
25 -83
25 -83
25 -84
25 -84
25 -55
25 -83
25 -83
25 -83
25 -82
25 -82
25 -81
25 -83
25 -85
25 -83
25 -84
25 -76
25 -84
25 -84
25 -82
25 -81
25 -80
25 -81
25 -81
25 -80
25 -52
25 -81
25 -82
25 -81
25 -84
25 -82
25 -84
25 -81
25 -82
25 -81
25 -80
25 -81
25 -58
25 -81
25 -82
25 -80
25 -80
25 -81
25 -80
25 -81
25 -81
26 -78
26 -78
26 -76
26 -77
26 -79
26 -80
26 -78
26 -79
26 -79
26 -77
26 -65
26 -77
26 -78
26 -76
26 -77
26 -76
26 -78
26 -78
26 -79
26 -80
26 -80
26 -81
26 -81
26 -79
26 -80
26 -76
26 -76
26 -76
26 -76
26 -80
26 -81
26 -82
26 -80
26 -77
26 -78
26 -78
26 -78
26 -79
26 -79
26 -78
26 -68
26 -76
26 -74
26 -76
26 -76
26 -80
26 -78
26 -80
26 -82
26 -84
26 -78
26 -82
26 -78
26 -77
26 -78
26 -78
26 -80
26 -78
26 -78
26 -77
26 -83
26 -83
26 -77
26 -77
26 -78
26 -77
26 -78
26 -79
26 -78
26 -82
26 -82
26 -77
26 -76
26 -80
26 -81
26 -79
26 -71
26 -80
26 -82
26 -77
26 -82
26 -81
26 -82
26 -81
26 -83
26 -82
26 -84
26 -79
26 -80
26 -73
26 -78
26 -78
26 -80
26 -72
26 -80
26 -82
26 -82
26 -79
26 -75
26 -80
26 -83
26 -82
26 -82
26 -81
26 -82
26 -84
26 -80
26 -84
26 -82
26 -83
26 -84
26 -81
26 -81
26 -83
26 -84
26 -83
26 -60
26 -82
26 -59
26 -80
26 -83
26 -82
26 -83
26 -76
26 -80
26 -75
26 -80
26 -80
26 -77
26 -80
26 -79
26 -78
26 -73
26 -75
26 -80
26 -80
26 -79
26 -82
26 -82
26 -79
26 -76
26 -83
26 -82
26 -84
26 -83
26 -81
26 -79
26 -80
26 -82
26 -83
26 -84
26 -82
26 -79
26 -79
26 -79
26 -79
26 -63
26 -80
26 -79
26 -79
26 -80
26 -80
26 -79
26 -82
26 -82
26 -85
26 -82
26 -81
26 -80
26 -80
26 -81
26 -81
26 -79
26 -79
26 -79
26 -80
26 -79
26 -78
26 -80
26 -79
26 -79
26 -79
26 -79
26 -78
26 -78
26 -78
26 -78
26 -78
26 -78
26 -78
26 -80
26 -81
26 -82
26 -79
26 -80
26 -79
26 -80
26 -80
26 -79
26 -70
26 -80
26 -75
26 -79
26 -77
26 -78
26 -60
26 -78
26 -80
26 -82
26 -82
26 -83
26 -82
26 -65
26 -80
26 -79
26 -80
26 -80
26 -80
26 -80
26 -80
26 -80
26 -79
26 -78
26 -78
26 -78
26 -78
26 -79
26 -80
26 -79
26 -79
26 -78
26 -78
26 -78
26 -62
26 -66
26 -80
26 -79
26 -80
26 -80
26 -78
26 -79
26 -80
26 -79
26 -79
26 -78
26 -78
27 -72
27 -70
27 -70
27 -70
27 -70
27 -70
27 -70
27 -69
27 -68
27 -70
27 -70
27 -69
27 -69
27 -68
27 -70
27 -70
27 -71
27 -71
27 -71
27 -71
27 -72
27 -71
27 -70
27 -66
27 -73
27 -72
27 -76
27 -70
27 -72
27 -74
27 -72
27 -45
27 -73
27 -75
27 -74
27 -75
27 -74
27 -75
27 -74
27 -74
27 -74
27 -73
27 -72
27 -72
27 -74
27 -73
27 -73
27 -73
27 -72
27 -69
27 -74
27 -72
27 -61
27 -74
27 -72
27 -72
27 -74
27 -73
27 -70
27 -74
27 -74
27 -74
27 -72
27 -73
27 -74
27 -75
27 -75
27 -74
27 -75
27 -75
27 -76
27 -76
27 -30
27 -75
27 -75
27 -75
27 -76
27 -76
27 -71
27 -76
27 -75
27 -75
27 -75
27 -75
27 -76
27 -74
27 -76
27 -75
27 -76
27 -75
27 -77
27 -76
27 -77
27 -77
27 -75
27 -75
27 -75
27 -73
27 -75
27 -73
27 -72
27 -74
27 -72
27 -74
27 -75
27 -74
27 -72
27 -73
27 -74
27 -75
27 -75
27 -75
27 -74
27 -75
27 -75
27 -75
27 -76
27 -75
27 -74
27 -74
27 -75
27 -74
27 -75
27 -72
27 -73
27 -76
27 -74
27 -74
27 -74
27 -74
27 -72
27 -76
27 -74
27 -72
27 -77
27 -75
27 -79
27 -75
27 -73
27 -78
27 -75
27 -71
27 -73
27 -72
27 -65
27 -64
27 -73
27 -73
27 -72
27 -72
27 -74
27 -72
27 -72
27 -76
27 -75
27 -73
27 -77
27 -75
27 -75
27 -76
27 -74
27 -76
27 -76
27 -76
27 -77
27 -78
27 -78
27 -77
27 -78
27 -77
27 -80
27 -77
27 -78
27 -79
27 -79
27 -79
27 -79
27 -78
27 -76
27 -79
27 -72
27 -77
27 -76
27 -75
27 -76
27 -74
27 -74
27 -75
27 -75
27 -75
27 -66
27 -75
27 -76
27 -75
27 -75
27 -75
27 -75
27 -75
27 -75
27 -75
27 -75
27 -75
27 -75
27 -75
27 -76
27 -73
27 -76
27 -76
27 -76
27 -76
27 -76
27 -76
27 -76
27 -76
27 -76
27 -76
27 -76
27 -76
27 -77
27 -76
27 -76
27 -75
27 -72
27 -72
27 -72
27 -74
27 -80
27 -80
27 -79
27 -78
27 -76
27 -76
27 -75
27 -75
27 -75
27 -76
27 -76
27 -76
27 -76
27 -76
27 -76
27 -77
27 -78
27 -78
27 -78
27 -77
27 -78
27 -79
27 -80
27 -80
27 -81
27 -80
27 -78
27 -77
27 -78
27 -78
27 -78
27 -82
27 -83
27 -79
27 -79
27 -78
27 -84
27 -83
27 -82
27 -82
27 -83
27 -82
27 -82
27 -82
27 -82
27 -81
27 -77
27 -76
27 -77
27 -76
27 -76
27 -78
27 -78
27 -78
27 -79
27 -78
27 -80
27 -82
27 -83
27 -83
27 -84
27 -84
27 -83
27 -83
27 -82
27 -82
27 -81
27 -83
27 -83
27 -78
27 -78
27 -79
27 -79
27 -80
27 -79
27 -61
27 -82
27 -81
27 -76
27 -76
27 -76
27 -77
27 -76
27 -73
27 -78
27 -78
27 -79
27 -80
27 -82
27 -82
27 -83
27 -80
27 -82
27 -82
27 -81
27 -82
27 -82
27 -82
27 -83
27 -82
27 -82
27 -76
27 -76
27 -76
27 -76
27 -77
27 -77
27 -77
27 -78
28 -80
28 -83
28 -81
28 -85
28 -86
28 -84
28 -85
28 -81
28 -82
28 -80
28 -75
28 -83
28 -82
28 -82
28 -72
28 -82
28 -82
28 -82
28 -81
28 -82
28 -82
28 -80
28 -82
28 -81
28 -82
28 -83
28 -79
28 -72
28 -81
28 -81
28 -82
28 -81
28 -81
28 -81
28 -82
28 -82
28 -82
28 -82
28 -82
28 -81
28 -82
28 -80
28 -82
28 -82
28 -82
28 -82
28 -81
28 -82
28 -64
28 -82
28 -82
28 -83
28 -83
28 -83
28 -82
28 -82
28 -81
28 -82
28 -82
28 -78
28 -81
28 -82
28 -81
28 -64
28 -81
28 -82
28 -81
28 -82
28 -83
28 -81
28 -79
28 -71
28 -80
28 -76
28 -76
28 -82
28 -83
28 -81
28 -82
28 -80
28 -81
28 -81
28 -81
28 -80
28 -80
28 -80
28 -78
28 -82
28 -82
28 -81
28 -81
28 -81
28 -80
28 -81
28 -80
28 -81
28 -80
28 -82
29 -72
29 -71
29 -72
29 -71
29 -69
29 -72
29 -72
29 -71
29 -72
29 -71
29 -71
29 -70
29 -71
29 -70
29 -70
29 -70
29 -70
29 -71
29 -71
29 -67
29 -72
29 -71
29 -72
29 -72
29 -72
29 -72
29 -70
29 -73
29 -72
29 -72
29 -72
29 -72
29 -71
29 -72
29 -72
29 -72
29 -72
29 -72
29 -73
29 -73
29 -73
29 -68
29 -73
29 -74
29 -74
29 -75
29 -74
29 -74
29 -75
29 -74
29 -74
29 -74
29 -75
29 -75
29 -62
29 -73
29 -74
29 -74
29 -74
29 -74
29 -73
29 -74
29 -73
29 -73
29 -74
29 -56
29 -73
29 -74
29 -74
29 -75
29 -74
29 -75
29 -74
29 -74
29 -74
29 -75
29 -75
29 -75
29 -74
29 -75
29 -75
29 -74
29 -74
29 -75
29 -75
29 -75
29 -75
29 -74
29 -73
29 -74
29 -73
29 -74
29 -74
29 -74
29 -73
29 -74
29 -73
29 -74
29 -73
29 -72
29 -73
29 -74
29 -75
29 -74
29 -75
29 -76
29 -75
29 -74
29 -76
29 -77
29 -77
29 -75
29 -73
29 -73
29 -76
29 -76
29 -78
29 -75
29 -78
29 -75
29 -76
29 -73
29 -76
29 -75
29 -75
29 -75
29 -76
29 -76
29 -75
29 -76
29 -73
29 -72
29 -72
29 -72
29 -76
29 -78
29 -75
29 -74
29 -74
29 -76
29 -76
29 -73
29 -73
29 -73
29 -74
29 -55
29 -73
29 -73
29 -76
29 -76
29 -78
29 -75
29 -76
29 -75
29 -76
29 -75
29 -76
29 -76
29 -75
29 -75
29 -75
29 -75
29 -75
29 -74
29 -75
29 -74
29 -74
29 -74
29 -75
29 -75
29 -74
29 -75
29 -75
29 -63
29 -30
29 -74
29 -74
29 -74
29 -74
29 -74
29 -75
29 -73
29 -75
29 -74
29 -75
29 -74
29 -74
29 -75
29 -75
29 -75
29 -75
29 -75
29 -75
29 -75
29 -72
29 -75
29 -73
29 -74
29 -74
29 -63
29 -74
29 -75
29 -75
29 -76
29 -75
29 -75
29 -75
29 -75
29 -76
29 -75
29 -74
29 -75
29 -74
29 -74
29 -71
29 -74
29 -74
29 -75
29 -75
29 -30
29 -75
29 -75
29 -75
29 -75
29 -75
29 -73
29 -75
29 -75
29 -75
29 -74
29 -65
29 -80
29 -77
29 -78
29 -79
29 -76
29 -75
29 -74
29 -75
29 -75
29 -76
29 -76
29 -75
29 -74
29 -74
29 -74
29 -74
29 -74
29 -73
29 -73
29 -73
29 -72
29 -72
29 -70
29 -72
29 -73
29 -70
29 -73
29 -72
29 -72
29 -72
29 -72
29 -72
29 -72
29 -72
29 -72
29 -73
29 -73
29 -73
29 -73
29 -73
29 -73
29 -73
29 -73
29 -72
29 -71
29 -72
29 -76
29 -30
29 -72
29 -72
29 -72
29 -73
29 -73
29 -74
29 -71
29 -74
29 -73
29 -72
29 -72
29 -72
29 -72
29 -73
29 -72
29 -71
29 -72
29 -72
29 -71
29 -71
29 -71
29 -70
29 -70
29 -71
29 -70
29 -71
29 -70
29 -71
29 -70
29 -70
29 -71
29 -71
29 -71
29 -72
29 -71
29 -72
29 -71
29 -72
29 -72
29 -72
29 -72
29 -72
29 -73
29 -71
29 -73
29 -73
29 -73
29 -73
29 -73
29 -73
29 -73
29 -73
29 -73
29 -72
29 -72
29 -72
29 -72
29 -72
29 -72
29 -72
29 -72
29 -71
29 -71
29 -56
29 -72
29 -72
29 -72
29 -72
29 -72
29 -72
29 -71
29 -71
29 -71
29 -72
29 -72
29 -72
29 -72
29 -72
29 -71
29 -61
29 -72
29 -71
29 -71
29 -71
29 -71
29 -72
29 -72
29 -72
29 -72
29 -72
29 -72
29 -71
29 -72
29 -71
29 -72
29 -72
29 -71
29 -71
29 -71
29 -66
29 -70
29 -70
29 -70
29 -70
29 -70
29 -70
29 -69
29 -69
29 -69
29 -69
29 -69
29 -69
29 -70
29 -70
29 -70
29 -70
29 -70
29 -70
29 -70
29 -70
29 -71
29 -72
29 -72
29 -71
29 -71
29 -70
29 -72
29 -71
29 -72
29 -72
29 -72
29 -71
29 -71
29 -71
29 -70
29 -70
29 -70
29 -70
29 -70
29 -71
29 -67
29 -70
29 -70
29 -70
29 -70
29 -70
29 -70
29 -70
29 -70
29 -70
29 -70
29 -70
29 -70
29 -70
29 -70
29 -70
29 -70
29 -69
29 -70
29 -70
29 -70
29 -70
29 -70
29 -70
29 -69
29 -70
29 -70
29 -69
29 -70
29 -70
29 -70
29 -70
29 -70
29 -70
29 -70
29 -70
29 -70
29 -69
29 -69
29 -78
29 -70
29 -69
29 -69
29 -70
29 -70
29 -70
30 -84
30 -84
30 -84
30 -83
30 -72
30 -84
30 -73
30 -84
30 -86
30 -86
30 -82
30 -83
30 -82
30 -83
30 -84
30 -85
30 -86
30 -83
30 -82
30 -83
30 -83
30 -86
30 -84
30 -85
30 -84
30 -85
30 -84
30 -81
30 -81
30 -80
30 -79
30 -76
30 -80
30 -80
30 -68
30 -82
30 -75
30 -81
30 -82
30 -80
30 -81
30 -81
30 -81
30 -80
30 -80
30 -81
30 -80
30 -81
30 -79
30 -81
30 -80
30 -80
30 -80
30 -80
30 -81
30 -79
30 -80
30 -81
30 -82
30 -83
30 -82
31 -83
31 -85
31 -83
31 -82
31 -82
31 -72
31 -83
31 -84
32 -77
32 -79
32 -79
32 -79
32 -79
32 -77
32 -79
32 -76
32 -77
32 -78
32 -80
32 -79
32 -78
32 -78
32 -78
32 -79
32 -81
32 -82
32 -84
32 -87
32 -84
32 -81
32 -81
32 -82
32 -83
32 -85
32 -71
32 -85
32 -81
32 -84
32 -82
32 -82
32 -82
32 -82
32 -82
32 -84
32 -84
32 -83
32 -79
32 -80
32 -78
32 -78
32 -82
32 -80
32 -76
32 -80
32 -79
32 -78
32 -78
32 -78
32 -79
32 -79
32 -78
32 -82
32 -82
32 -82
32 -82
32 -83
32 -83
32 -81
32 -79
32 -79
32 -80
32 -81
32 -81
32 -82
32 -82
32 -81
33 -82
33 -83
33 -84
33 -83
33 -85
33 -83
33 -83
33 -81
33 -83
33 -82
33 -82
33 -83
33 -54
33 -81
33 -82
33 -81
33 -82
33 -79
33 -83
33 -80
33 -82
33 -81
33 -81
33 -72
33 -82
33 -81
33 -81
33 -82
33 -81
33 -81
33 -82
33 -78
33 -82
33 -82
33 -78
33 -84
33 -83
33 -83
33 -82
33 -82
33 -81
33 -82
33 -82
33 -82
33 -81
33 -84
33 -83
33 -82
33 -83
33 -82
33 -83
33 -84
33 -84
33 -82
33 -83
34 -82
34 -83
34 -82
34 -82
34 -82
34 -80
34 -78
34 -77
34 -78
34 -73
34 -79
34 -79
34 -79
34 -79
34 -80
34 -81
34 -82
34 -81
34 -78
34 -81
34 -80
34 -78
34 -80
34 -80
34 -80
34 -80
34 -80
34 -80
34 -81
34 -75
34 -81
34 -80
34 -80
34 -59
34 -80
34 -80
34 -80
34 -81
34 -80
34 -81
34 -80
34 -80
34 -80
34 -80
34 -80
34 -81
34 -80
34 -80
34 -80
34 -57
34 -80
34 -80
34 -80
34 -80
34 -80
34 -80
34 -79
34 -80
34 -81
34 -79
34 -80
34 -81
34 -80
34 -80
34 -79
34 -80
34 -80
34 -80
34 -79
34 -79
34 -80
34 -80
34 -80
34 -80
34 -80
34 -81
34 -81
34 -69
34 -80
34 -80
34 -80
34 -79
34 -80
34 -80
34 -80
34 -80
34 -73
34 -80
34 -56
34 -80
34 -57
34 -80
34 -80
34 -80
34 -77
34 -78
34 -80
34 -80
34 -78
34 -78
34 -56
34 -78
34 -78
34 -78
34 -78
34 -76
34 -79
34 -82
34 -81
34 -78
34 -80
34 -80
34 -80
34 -79
34 -79
34 -80
34 -80
34 -80
34 -80
34 -80
34 -74
34 -80
34 -80
34 -80
34 -80
34 -80
34 -75
34 -80
34 -79
34 -80
34 -79
34 -80
34 -80
34 -80
34 -79
34 -80
34 -80
34 -79
34 -80
34 -81
34 -80
34 -80
34 -80
34 -79
34 -81
34 -81
34 -80
34 -80
34 -79
34 -80
34 -79
34 -81
34 -81
34 -80
34 -80
34 -81
34 -81
34 -81
34 -81
34 -81
34 -80
34 -74
34 -82
34 -81
34 -81
34 -81
34 -82
34 -80
34 -77
34 -76
34 -80
34 -82
34 -83
34 -82
34 -83
34 -83
34 -83
34 -83
34 -83
34 -83
34 -83
34 -84
34 -83
34 -85
34 -85
34 -83
34 -82
34 -81
34 -82
34 -82
34 -82
34 -82
34 -83
34 -83
34 -82
34 -84
34 -83
34 -83
34 -83
34 -83
34 -82
34 -83
34 -81
34 -82
34 -83
34 -84
34 -60
34 -83
34 -83
34 -82
34 -83
34 -80
34 -80
34 -81
34 -81
34 -81
35 -77
35 -77
35 -77
35 -77
35 -77
35 -77
35 -77
35 -77
35 -76
35 -76
35 -72
35 -76
35 -75
35 -76
35 -78
35 -78
35 -78
35 -77
35 -76
35 -76
35 -76
35 -76
35 -76
35 -76
35 -77
35 -76
35 -73
35 -76
35 -75
35 -75
35 -58
35 -75
35 -75
35 -75
35 -75
35 -73
35 -75
35 -76
35 -76
35 -76
35 -76
35 -76
35 -76
35 -76
35 -76
35 -76
35 -76
35 -75
35 -75
35 -75
35 -75
35 -75
35 -75
35 -76
35 -75
35 -75
35 -75
35 -75
35 -75
35 -75
35 -75
35 -76
35 -75
35 -75
35 -74
35 -76
35 -75
35 -76
35 -75
35 -75
35 -75
35 -74
35 -75
35 -76
35 -72
35 -75
35 -72
35 -75
35 -75
35 -75
35 -75
35 -75
35 -74
35 -75
35 -75
35 -69
35 -76
35 -76
35 -76
35 -76
35 -75
35 -76
35 -76
35 -76
35 -76
35 -75
35 -75
35 -75
35 -75
35 -75
35 -76
35 -76
35 -75
35 -75
35 -75
35 -75
35 -75
35 -75
35 -75
35 -75
35 -75
35 -75
35 -76
35 -76
35 -75
35 -76
35 -76
35 -76
35 -75
35 -76
35 -75
35 -74
35 -75
35 -75
35 -75
35 -76
35 -76
35 -75
35 -75
35 -75
35 -74
35 -76
35 -74
35 -77
35 -76
35 -78
35 -75
35 -74
35 -73
35 -72
35 -76
35 -76
35 -78
35 -76
35 -76
35 -76
35 -76
35 -76
35 -76
35 -76
35 -76
35 -75
35 -76
35 -71
35 -75
35 -76
35 -75
35 -76
35 -76
35 -75
35 -76
35 -75
35 -76
35 -76
35 -76
35 -76
35 -76
35 -76
35 -76
35 -76
35 -76
35 -76
35 -76
35 -67
35 -76
35 -76
35 -76
35 -76
35 -76
35 -76
35 -76
35 -76
35 -76
35 -76
35 -76
35 -76
35 -76
35 -76
35 -76
35 -76
35 -76
35 -76
35 -76
35 -76
35 -77
35 -76
35 -76
35 -76
35 -76
35 -76
35 -76
35 -76
35 -76
35 -76
35 -73
35 -76
35 -76
35 -76
35 -76
35 -76
35 -76
35 -76
35 -76
35 -76
35 -76
35 -76
35 -76
35 -76
35 -76
35 -69
35 -76
35 -76
35 -76
35 -76
35 -76
35 -76
35 -76
35 -77
35 -77
35 -77
35 -76
35 -76
35 -63
35 -76
35 -78
35 -77
35 -76
35 -76
35 -75
35 -75
35 -75
35 -73
35 -76
35 -69
35 -75
35 -76
35 -75
35 -74
35 -73
35 -74
35 -74
35 -74
35 -75
35 -76
35 -76
35 -77
35 -78
35 -78
35 -77
35 -77
35 -77
35 -77
35 -77
35 -77
35 -78
35 -77
35 -78
35 -75
35 -76
35 -76
35 -76
35 -76
35 -76
35 -76
35 -76
35 -76
35 -77
35 -78
35 -78
35 -78
35 -78
35 -76
35 -76
35 -76
35 -76
35 -76
35 -74
35 -77
35 -77
35 -59
35 -78
35 -77
35 -79
35 -78
35 -78
35 -78
35 -78
35 -78
35 -77
35 -77
35 -76
35 -76
35 -76
35 -70
35 -76
35 -65
35 -75
35 -75
35 -75
35 -75
35 -76
35 -76
35 -76
35 -77
35 -78
35 -79
35 -79
35 -80
35 -80
35 -80
35 -80
35 -80
35 -79
35 -79
35 -64
35 -80
35 -79
35 -79
35 -78
35 -79
35 -79
35 -78
35 -78
35 -78
35 -78
35 -79
35 -78
35 -80
35 -79
35 -80
35 -80
35 -78
35 -76
35 -75
35 -76
35 -76
35 -76
35 -77
35 -77
35 -76
35 -76
35 -76
35 -77
35 -77
35 -76
35 -75
35 -76
35 -75
35 -75
35 -75
35 -74
35 -75
35 -75
35 -74
35 -74
35 -75
35 -75
35 -76
35 -76
35 -76
35 -76
35 -76
35 -76
35 -76
35 -77
35 -76
35 -78
35 -77
35 -78
35 -78
35 -77
35 -78
35 -76
35 -78
35 -78
35 -77
35 -78
35 -77
35 -78
35 -78
35 -78
35 -78
35 -78
35 -78
35 -76
35 -77
35 -78
35 -76
35 -77
35 -78
35 -76
35 -66
35 -78
36 -72
36 -72
36 -73
36 -72
36 -72
36 -73
36 -73
36 -72
36 -66
36 -72
36 -71
36 -73
36 -75
36 -73
36 -72
36 -73
36 -74
36 -74
36 -75
36 -75
36 -75
36 -73
36 -72
36 -72
36 -72
36 -73
36 -74
36 -74
36 -74
36 -75
36 -74
36 -75
36 -76
36 -75
36 -76
36 -76
36 -74
36 -74
36 -76
36 -72
36 -76
36 -75
36 -76
36 -75
36 -74
36 -73
36 -74
36 -73
36 -73
36 -73
36 -73
36 -72
36 -73
36 -73
36 -74
36 -73
36 -74
36 -73
36 -74
36 -74
36 -73
36 -73
36 -73
36 -73
36 -73
36 -73
36 -73
36 -73
36 -74
36 -32
36 -74
36 -73
36 -73
36 -73
36 -73
36 -74
36 -73
36 -74
36 -30
36 -74
36 -74
36 -73
36 -73
36 -73
36 -73
36 -74
36 -73
36 -73
36 -74
36 -73
36 -74
36 -71
36 -74
36 -70
36 -73
36 -73
36 -74
36 -73
36 -73
36 -72
36 -73
36 -73
36 -66
36 -73
36 -73
36 -73
36 -73
36 -73
36 -60
36 -73
36 -73
36 -73
36 -73
36 -72
36 -73
36 -72
36 -72
36 -73
36 -73
36 -32
36 -72
36 -73
36 -72
36 -73
36 -72
36 -72
36 -72
36 -70
36 -71
36 -72
36 -75
36 -76
36 -73
36 -75
36 -74
36 -72
36 -74
36 -74
36 -73
36 -74
36 -73
36 -73
36 -74
36 -72
36 -74
36 -73
36 -75
36 -74
36 -74
36 -74
36 -73
36 -73
36 -74
36 -74
36 -74
36 -74
36 -74
36 -74
36 -73
36 -73
36 -73
36 -73
36 -73
36 -73
36 -73
36 -72
36 -74
36 -73
36 -74
36 -74
36 -73
36 -74
36 -73
36 -74
36 -74
36 -73
36 -73
36 -73
36 -73
36 -72
36 -72
36 -72
36 -72
36 -72
36 -73
36 -72
36 -73
36 -72
36 -72
36 -73
36 -72
36 -58
36 -73
36 -73
36 -73
36 -73
36 -73
36 -70
36 -73
36 -73
36 -72
36 -73
36 -72
36 -72
36 -73
36 -71
36 -72
36 -72
36 -72
36 -72
36 -72
36 -72
36 -73
36 -72
36 -72
36 -72
36 -73
36 -72
36 -72
36 -73
36 -72
36 -72
36 -72
36 -72
36 -72
36 -72
36 -72
36 -72
36 -72
36 -72
36 -72
36 -72
36 -72
36 -72
36 -72
36 -72
36 -72
36 -72
36 -72
36 -72
36 -73
36 -73
36 -74
36 -75
36 -75
36 -75
36 -75
36 -75
36 -75
36 -74
36 -73
36 -72
36 -73
36 -74
36 -75
36 -75
36 -75
36 -75
36 -75
36 -74
36 -75
36 -74
36 -75
36 -73
36 -74
36 -73
36 -73
36 -73
36 -73
36 -73
36 -74
36 -74
36 -73
36 -73
36 -73
36 -73
36 -73
36 -72
36 -70
36 -73
36 -74
36 -73
36 -72
36 -74
36 -74
36 -74
36 -73
36 -73
36 -72
36 -73
36 -72
36 -72
36 -72
36 -72
36 -72
36 -73
36 -64
36 -73
36 -70
36 -71
36 -72
36 -72
36 -72
36 -71
36 -71
36 -71
36 -71
36 -71
36 -70
36 -71
36 -71
36 -71
36 -72
36 -71
36 -71
36 -70
36 -71
36 -71
36 -72
36 -72
36 -72
36 -72
36 -72
36 -72
36 -72
36 -72
36 -72
36 -72
36 -72
36 -72
36 -74
36 -74
36 -74
36 -74
36 -74
36 -74
36 -74
36 -73
36 -60
36 -73
36 -73
36 -72
36 -72
36 -72
36 -72
36 -72
36 -72
36 -72
36 -72
36 -72
36 -72
36 -72
36 -72
36 -72
36 -72
36 -71
36 -71
36 -71
36 -71
36 -71
36 -71
36 -71
36 -71
36 -71
36 -72
36 -72
36 -72
36 -72
36 -70
36 -72
36 -72
36 -72
36 -72
36 -72
36 -72
36 -72
36 -71
36 -72
36 -72
36 -72
36 -72
36 -71
36 -72
36 -72
36 -72
36 -70
36 -40
36 -73
36 -72
36 -70
36 -70
36 -70
36 -70
36 -70
36 -70
36 -70
36 -70
36 -70
36 -71
36 -71
36 -70
36 -72
36 -72
36 -72
36 -72
36 -73
36 -72
36 -72
36 -72
36 -72
36 -72
36 -73
36 -74
36 -73
36 -74
36 -73
36 -72
36 -72
36 -72
36 -72
36 -72
36 -72
36 -72
36 -72
36 -72
36 -70
36 -72
36 -72
36 -72
36 -72
36 -72
36 -72
36 -72
36 -72
36 -73
36 -72
36 -73
36 -72
36 -72
36 -72
36 -72
36 -72
36 -71
36 -72
36 -72
36 -72
36 -72
36 -72
36 -72
36 -72
36 -72
36 -65
36 -72
36 -72
36 -72
36 -72
36 -73
36 -73
36 -73
36 -73
36 -73
36 -73
36 -73
36 -71
36 -71
36 -72
36 -71
36 -70
36 -72
36 -71
37 -82
37 -81
37 -82
37 -81
37 -81
37 -80
37 -79
37 -80
37 -81
37 -81
37 -82
37 -78
37 -79
37 -80
37 -72
37 -79
37 -78
37 -78
37 -78
37 -78
37 -78
37 -72
37 -77
37 -78
37 -78
37 -78
37 -78
37 -78
37 -78
37 -77
37 -78
37 -79
37 -78
37 -78
37 -78
37 -78
37 -78
37 -78
37 -78
37 -78
37 -78
37 -78
37 -78
37 -78
37 -78
37 -78
37 -78
37 -78
37 -79
37 -78
37 -78
37 -72
37 -78
37 -77
37 -78
37 -79
37 -77
37 -79
37 -56
37 -79
37 -77
37 -75
37 -76
37 -77
37 -79
37 -82
37 -81
37 -80
37 -79
37 -80
37 -76
37 -46
37 -78
37 -78
37 -78
37 -79
37 -77
37 -77
37 -76
37 -79
37 -78
37 -79
37 -77
37 -71
37 -76
37 -77
37 -69
37 -78
37 -78
37 -78
37 -78
37 -78
37 -78
37 -78
37 -78
37 -78
37 -78
37 -78
37 -78
37 -78
37 -78
37 -78
37 -78
37 -78
37 -78
37 -78
37 -74
37 -78
37 -78
37 -78
37 -77
37 -78
37 -77
37 -78
37 -77
37 -77
37 -77
37 -76
37 -78
37 -76
37 -77
37 -77
37 -77
37 -77
37 -77
37 -77
37 -78
37 -77
37 -78
37 -78
37 -77
37 -77
37 -77
37 -76
37 -77
37 -76
37 -77
37 -69
37 -77
37 -76
37 -77
37 -73
37 -78
37 -77
37 -67
37 -77
37 -77
37 -77
37 -77
37 -77
37 -77
37 -77
37 -76
37 -77
37 -77
37 -77
37 -77
37 -77
37 -78
37 -77
37 -77
37 -77
37 -76
37 -78
37 -78
37 -78
37 -78
37 -78
37 -78
37 -78
37 -78
37 -78
37 -74
37 -78
37 -78
37 -78
37 -78
37 -78
37 -78
37 -77
37 -76
37 -77
37 -76
37 -78
37 -78
37 -78
37 -80
37 -78
37 -79
37 -81
37 -82
37 -82
37 -80
37 -80
37 -76
37 -79
37 -79
37 -80
37 -79
37 -80
37 -79
37 -79
37 -78
37 -79
37 -79
37 -76
37 -79
37 -79
37 -80
37 -80
37 -79
37 -79
37 -75
37 -78
37 -80
37 -79
37 -80
37 -80
37 -80
37 -80
37 -80
37 -79
37 -79
37 -80
37 -80
37 -79
37 -79
37 -79
37 -79
37 -80
37 -80
37 -80
37 -80
37 -79
37 -82
37 -82
37 -79
37 -79
37 -81
37 -80
37 -79
37 -72
37 -80
37 -80
37 -79
37 -78
37 -80
37 -81
37 -79
37 -79
37 -79
37 -79
37 -79
37 -80
37 -80
37 -76
37 -79
37 -80
37 -80
37 -80
37 -80
37 -81
37 -81
37 -81
37 -80
37 -80
37 -79
37 -80
37 -79
37 -79
37 -78
37 -56
37 -78
37 -80
37 -81
37 -80
37 -81
37 -81
37 -83
37 -81
37 -82
37 -83
37 -82
37 -81
37 -80
37 -80
37 -80
37 -80
37 -80
37 -80
37 -80
37 -80
37 -81
37 -81
37 -81
37 -84
37 -83
37 -83
37 -82
37 -82
37 -82
37 -83
37 -82
37 -83
37 -82
37 -81
37 -82
37 -81
37 -82
38 -71
38 -72
38 -72
38 -71
38 -71
38 -71
38 -72
38 -72
38 -72
38 -70
38 -72
38 -72
38 -72
38 -72
38 -74
38 -75
38 -74
38 -74
38 -72
38 -72
38 -74
38 -73
38 -70
38 -71
38 -71
38 -71
38 -70
38 -70
38 -70
38 -70
38 -70
38 -71
38 -70
38 -71
38 -72
38 -72
38 -72
38 -72
38 -72
38 -72
38 -72
38 -70
38 -72
38 -72
38 -72
38 -72
38 -73
38 -73
38 -73
38 -73
38 -73
38 -74
38 -73
38 -73
38 -73
38 -71
38 -73
38 -73
38 -73
38 -73
38 -73
38 -73
38 -73
38 -73
38 -72
38 -73
38 -73
38 -73
38 -73
38 -73
38 -73
38 -73
38 -74
38 -74
38 -73
38 -73
38 -73
38 -73
38 -73
38 -73
38 -69
38 -73
38 -73
38 -73
38 -74
38 -74
38 -74
38 -74
38 -74
38 -73
38 -73
38 -73
38 -73
38 -73
38 -73
38 -73
38 -73
38 -74
38 -72
38 -76
38 -76
38 -77
38 -76
38 -74
38 -73
38 -75
38 -75
38 -76
38 -72
38 -74
38 -73
38 -74
38 -74
38 -73
38 -74
38 -75
38 -75
38 -73
38 -72
38 -75
38 -74
38 -74
38 -74
38 -73
38 -73
38 -74
38 -74
38 -71
38 -74
38 -74
38 -74
38 -73
38 -73
38 -73
38 -73
38 -73
38 -73
38 -74
38 -71
38 -73
38 -73
38 -73
38 -73
38 -73
38 -73
38 -73
38 -73
38 -73
38 -72
38 -73
38 -72
38 -71
38 -73
38 -73
38 -73
38 -73
38 -73
38 -78
38 -74
38 -73
38 -73
38 -74
38 -74
38 -74
38 -74
38 -74
38 -74
38 -74
38 -74
38 -74
38 -74
38 -74
38 -74
38 -74
38 -74
38 -74
38 -74
38 -68
38 -73
38 -74
38 -74
38 -74
38 -75
38 -74
38 -74
38 -75
38 -75
38 -74
38 -74
38 -74
38 -75
38 -74
38 -62
38 -74
38 -74
38 -75
38 -74
38 -74
38 -74
38 -75
38 -74
38 -74
38 -74
38 -74
38 -74
38 -74
38 -74
38 -74
38 -74
38 -74
38 -64
38 -74
38 -74
38 -74
38 -74
38 -73
38 -74
38 -74
38 -74
38 -74
38 -74
38 -74
38 -74
38 -74
38 -74
38 -74
38 -74
38 -74
38 -74
38 -74
38 -74
38 -75
38 -75
38 -75
38 -75
38 -75
38 -75
38 -75
38 -74
38 -75
38 -64
38 -76
38 -74
38 -71
38 -74
38 -75
38 -76
38 -71
38 -76
38 -76
38 -76
38 -76
38 -77
38 -78
38 -78
38 -77
38 -77
38 -78
38 -78
38 -78
38 -78
38 -78
38 -78
38 -78
38 -78
38 -78
38 -78
38 -78
38 -78
38 -78
38 -78
38 -77
38 -78
38 -78
38 -78
38 -79
38 -78
38 -78
38 -78
38 -77
38 -77
38 -77
38 -78
38 -78
38 -79
38 -79
38 -79
38 -79
38 -79
38 -64
38 -77
38 -77
38 -78
38 -71
38 -65
38 -76
38 -74
38 -77
38 -78
38 -76
38 -76
38 -77
38 -77
38 -78
38 -78
38 -78
38 -78
38 -61
38 -80
38 -80
38 -80
38 -79
38 -79
38 -80
38 -78
38 -79
38 -78
38 -79
38 -60
38 -77
38 -77
38 -73
38 -76
38 -76
38 -75
38 -76
38 -75
38 -75
38 -76
38 -75
38 -76
38 -76
38 -76
38 -76
38 -76
38 -75
38 -75
38 -75
38 -75
38 -75
38 -76
38 -76
38 -75
38 -76
38 -77
38 -77
38 -77
38 -78
38 -78
38 -78
38 -77
38 -76
38 -76
38 -75
38 -76
38 -76
38 -76
38 -76
38 -76
38 -76
38 -78
38 -79
38 -82
38 -78
38 -79
38 -78
38 -79
38 -78
38 -78
38 -77
38 -79
38 -81
38 -81
38 -82
38 -79
38 -78
38 -78
38 -78
38 -78
38 -78
38 -77
38 -76
38 -76
38 -76
38 -76
38 -76
38 -76
38 -76
38 -76
38 -76
38 -75
38 -75
38 -76
38 -76
38 -76
38 -68
38 -76
38 -59
38 -76
38 -76
38 -76
38 -76
38 -75
38 -75
38 -75
38 -75
38 -76
38 -77
38 -75
38 -73
38 -76
38 -76
38 -76
38 -76
38 -75
38 -76
38 -75
38 -74
38 -76
38 -74
38 -75
38 -74
38 -75
38 -75
