Beacon Rssi
1 -85
1 -83
1 -82
1 -84
1 -82
1 -82
1 -79
1 -70
1 -78
1 -77
1 -79
1 -84
1 -82
1 -82
1 -82
2 -78
2 -77
2 -80
2 -80
2 -82
2 -80
2 -79
2 -80
2 -79
2 -80
2 -80
2 -80
2 -79
2 -82
2 -83
2 -83
2 -81
2 -84
2 -82
2 -80
2 -77
2 -76
2 -76
2 -78
2 -79
2 -80
2 -79
2 -79
2 -79
2 -78
2 -78
2 -77
2 -77
2 -77
2 -79
2 -79
2 -78
2 -77
2 -77
2 -79
2 -79
2 -79
2 -78
2 -78
2 -78
2 -78
2 -79
2 -79
2 -78
2 -78
2 -77
2 -78
2 -78
2 -78
2 -78
2 -76
2 -78
2 -78
2 -79
2 -81
2 -79
2 -79
2 -78
3 -70
3 -70
3 -70
3 -70
3 -70
3 -70
3 -70
3 -71
3 -70
3 -69
3 -69
3 -69
3 -69
3 -68
3 -69
3 -67
3 -67
3 -67
3 -67
3 -67
3 -67
3 -67
3 -68
3 -68
3 -69
3 -69
3 -68
3 -69
3 -68
3 -69
3 -69
3 -69
3 -69
3 -71
3 -72
3 -72
3 -70
3 -70
3 -70
3 -70
3 -69
3 -69
3 -69
3 -70
3 -70
3 -70
3 -70
3 -70
3 -67
3 -69
3 -70
3 -70
3 -70
3 -69
3 -68
3 -68
3 -67
3 -68
3 -68
3 -67
3 -67
3 -68
3 -67
3 -69
3 -69
3 -69
3 -70
3 -70
3 -70
3 -70
3 -70
3 -71
3 -71
3 -72
3 -70
3 -69
3 -68
3 -68
3 -69
3 -69
3 -69
3 -68
3 -70
3 -70
3 -69
3 -69
3 -64
3 -71
3 -73
3 -72
3 -71
3 -69
3 -69
3 -69
3 -69
3 -68
3 -59
3 -68
3 -68
3 -68
3 -68
3 -68
3 -68
3 -68
3 -69
3 -69
3 -73
3 -72
3 -72
3 -72
3 -72
4 -79
4 -80
4 -80
4 -83
4 -87
4 -80
4 -77
4 -76
4 -77
4 -82
4 -80
4 -81
4 -81
4 -83
4 -79
4 -77
4 -82
4 -80
4 -79
4 -79
4 -78
4 -81
4 -77
4 -80
4 -77
4 -83
4 -79
4 -79
4 -79
5 -83
5 -84
5 -82
5 -83
5 -83
5 -83
5 -83
5 -84
5 -81
5 -82
5 -81
5 -81
5 -83
5 -83
5 -82
5 -82
5 -84
5 -84
5 -84
5 -83
5 -84
5 -84
5 -82
6 -83
6 -82
6 -84
6 -84
6 -83
6 -82
6 -81
6 -78
7 -83
7 -83
7 -85
7 -83
7 -84
7 -80
7 -82
7 -80
7 -80
7 -81
7 -79
7 -66
7 -82
7 -82
7 -79
7 -78
7 -75
7 -80
7 -80
7 -78
7 -84
7 -82
7 -78
7 -79
7 -80
7 -82
7 -81
7 -81
7 -81
7 -83
7 -82
7 -78
7 -77
7 -78
8 -80
8 -81
8 -77
8 -72
8 -83
8 -82
9 -84
10 -85
11 -84
11 -84
11 -83
11 -83
11 -81
11 -82
11 -79
11 -82
11 -81
11 -82
11 -82
11 -83
11 -83
11 -84
11 -82
11 -79
11 -79
11 -78
11 -79
11 -81
11 -79
11 -83
11 -80
11 -80
11 -80
11 -79
11 -80
12 -76
12 -75
12 -78
12 -78
12 -76
12 -77
12 -76
12 -76
12 -75
12 -76
12 -76
12 -76
12 -76
12 -76
12 -76
12 -64
12 -75
12 -75
12 -76
12 -76
12 -75
12 -75
12 -75
12 -76
12 -75
12 -76
12 -75
12 -75
12 -76
12 -76
12 -77
12 -77
12 -76
12 -76
12 -76
12 -76
12 -76
12 -78
12 -78
12 -66
12 -79
12 -76
12 -75
12 -76
12 -76
12 -76
12 -66
12 -76
12 -75
12 -76
12 -76
12 -76
12 -76
12 -75
12 -75
12 -74
12 -76
12 -76
12 -78
12 -78
12 -77
12 -78
12 -78
12 -79
12 -79
12 -77
12 -76
12 -75
12 -75
12 -75
12 -75
12 -76
12 -76
12 -78
12 -76
12 -76
12 -75
12 -75
12 -76
12 -82
12 -79
12 -76
12 -76
12 -76
12 -76
12 -76
12 -76
12 -76
12 -75
12 -76
12 -76
12 -76
12 -76
12 -76
12 -76
12 -76
12 -78
12 -80
12 -77
12 -78
12 -78
12 -79
13 -82
13 -83
13 -82
13 -82
13 -81
13 -80
13 -78
13 -79
13 -80
13 -80
13 -79
13 -80
13 -82
13 -80
13 -81
13 -81
13 -83
13 -83
13 -84
13 -84
13 -85
13 -86
13 -84
13 -84
13 -84
13 -85
13 -78
13 -83
13 -83
13 -80
13 -83
13 -82
14 -80
14 -82
14 -83
14 -83
14 -80
14 -81
14 -78
14 -80
14 -81
14 -79
14 -72
14 -81
14 -80
14 -79
14 -82
14 -78
14 -77
14 -78
14 -80
14 -81
14 -82
14 -83
14 -82
14 -81
14 -82
14 -83
14 -83
15 -73
15 -74
15 -73
15 -73
15 -74
15 -74
15 -74
15 -73
15 -73
15 -73
15 -76
15 -76
15 -75
15 -75
15 -76
15 -79
15 -80
15 -79
15 -76
15 -76
15 -79
15 -76
15 -76
15 -82
15 -81
15 -81
15 -85
15 -76
15 -75
15 -75
15 -75
15 -73
15 -72
15 -76
15 -78
15 -79
15 -81
15 -78
15 -76
15 -75
15 -69
15 -73
15 -72
15 -72
15 -73
15 -72
15 -72
15 -72
15 -72
15 -73
15 -73
15 -74
15 -75
15 -75
15 -76
15 -77
15 -74
15 -73
15 -73
15 -72
15 -75
15 -75
15 -75
15 -74
15 -73
15 -72
15 -72
15 -72
15 -72
15 -72
15 -72
15 -73
15 -73
15 -73
15 -73
15 -73
15 -73
15 -67
15 -73
15 -73
15 -74
15 -75
15 -74
15 -72
15 -72
15 -71
15 -70
15 -72
15 -72
15 -72
16 -76
16 -76
16 -74
16 -76
16 -75
16 -74
16 -75
16 -70
16 -70
16 -72
16 -72
16 -69
16 -69
16 -70
16 -70
16 -70
16 -69
16 -69
16 -69
16 -68
16 -68
16 -67
16 -68
16 -68
16 -69
16 -69
16 -69
16 -70
16 -69
16 -69
16 -67
16 -69
16 -75
16 -77
16 -70
16 -70
16 -70
16 -70
16 -69
16 -69
16 -68
16 -67
16 -67
16 -67
16 -66
16 -65
16 -66
16 -69
16 -71
16 -72
16 -70
16 -70
16 -70
16 -72
16 -72
16 -72
16 -72
16 -72
16 -70
16 -71
16 -72
16 -73
16 -77
16 -71
16 -67
16 -75
16 -75
16 -76
16 -75
16 -72
16 -71
16 -71
16 -72
16 -76
16 -72
16 -70
16 -70
16 -73
16 -78
16 -76
16 -73
16 -72
16 -76
16 -72
16 -75
16 -78
16 -74
16 -71
16 -70
16 -72
16 -76
16 -78
16 -80
16 -74
16 -78
16 -74
16 -74
16 -75
16 -75
16 -74
16 -71
16 -72
16 -76
16 -75
16 -72
16 -74
16 -75
16 -72
17 -76
17 -75
17 -76
17 -70
17 -70
17 -65
17 -64
17 -63
17 -64
17 -65
17 -63
17 -63
17 -63
17 -63
17 -63
17 -63
17 -63
17 -63
17 -63
17 -63
17 -63
17 -63
17 -63
17 -63
17 -63
17 -64
17 -64
17 -63
17 -63
17 -63
17 -63
17 -63
17 -63
17 -65
17 -65
17 -64
17 -65
17 -65
17 -66
17 -65
17 -66
17 -66
17 -66
17 -65
17 -65
17 -64
17 -64
17 -64
17 -63
17 -63
17 -62
17 -63
17 -64
17 -64
17 -64
17 -64
17 -64
17 -64
17 -64
17 -64
17 -65
17 -65
17 -65
17 -65
17 -66
17 -63
17 -63
17 -64
17 -64
17 -64
17 -64
17 -64
17 -64
17 -65
17 -65
17 -66
17 -65
17 -65
17 -64
17 -63
17 -62
17 -62
17 -62
17 -63
17 -64
17 -64
17 -64
17 -65
17 -65
17 -63
17 -63
17 -64
17 -65
17 -66
17 -65
17 -64
17 -65
17 -66
17 -64
17 -64
17 -65
17 -64
17 -64
17 -65
17 -64
17 -64
17 -64
17 -63
17 -63
17 -64
17 -64
17 -63
17 -63
17 -63
17 -64
17 -71
17 -71
17 -76
17 -76
17 -72
17 -71
17 -72
18 -77
18 -79
18 -78
18 -78
18 -78
18 -79
18 -79
18 -79
18 -78
18 -78
18 -79
18 -81
18 -80
18 -79
18 -76
18 -77
18 -76
18 -77
18 -78
18 -78
18 -78
18 -77
18 -77
18 -77
18 -77
18 -67
18 -77
18 -77
18 -75
18 -78
18 -77
18 -78
18 -77
18 -75
18 -76
18 -77
18 -78
18 -78
18 -77
18 -78
18 -77
18 -76
18 -76
18 -76
18 -77
18 -78
18 -73
18 -78
18 -79
18 -78
18 -78
18 -79
18 -79
18 -77
18 -80
19 -85
19 -88
19 -82
19 -83
19 -83
19 -82
19 -84
19 -84
19 -83
19 -88
19 -86
19 -84
19 -84
20 -79
20 -81
20 -82
20 -82
20 -78
20 -80
20 -80
20 -81
20 -78
20 -78
20 -82
20 -79
20 -78
20 -76
20 -79
20 -81
20 -77
20 -77
20 -81
20 -80
20 -79
20 -80
20 -81
20 -79
20 -81
20 -80
20 -80
20 -81
20 -80
20 -81
20 -78
20 -79
21 -74
21 -77
21 -74
21 -72
21 -73
21 -74
21 -78
21 -76
21 -83
21 -85
21 -78
21 -75
21 -76
21 -74
21 -74
21 -75
21 -75
21 -77
21 -76
21 -74
21 -72
21 -72
21 -70
21 -72
21 -74
21 -74
21 -72
21 -72
21 -75
21 -73
21 -73
21 -76
21 -77
21 -80
21 -76
21 -76
21 -76
21 -81
21 -79
21 -77
21 -82
21 -82
21 -76
21 -76
21 -75
21 -77
21 -76
21 -76
21 -78
21 -77
21 -50
21 -78
21 -78
21 -76
21 -74
21 -75
21 -78
21 -77
21 -78
21 -77
21 -78
21 -76
21 -76
21 -73
21 -75
21 -76
21 -74
22 -76
22 -77
22 -80
22 -78
22 -73
22 -70
22 -69
22 -75
22 -70
22 -71
22 -69
22 -68
22 -67
22 -67
22 -67
22 -66
22 -66
22 -66
22 -67
22 -66
22 -66
22 -67
22 -69
22 -67
22 -69
22 -70
22 -68
22 -67
22 -68
22 -70
22 -70
22 -70
22 -70
22 -72
22 -70
22 -72
22 -72
22 -72
22 -73
22 -74
22 -72
22 -74
22 -73
22 -73
22 -73
22 -72
22 -67
22 -72
22 -76
22 -76
22 -76
22 -76
22 -79
22 -74
22 -71
22 -71
22 -73
22 -74
22 -71
22 -72
22 -67
22 -68
22 -71
22 -74
22 -76
22 -75
22 -74
22 -76
22 -75
22 -75
22 -74
22 -72
22 -73
22 -68
22 -66
22 -67
22 -68
22 -68
22 -67
22 -70
22 -71
22 -72
22 -74
22 -70
22 -68
22 -68
22 -69
22 -70
22 -72
22 -74
22 -76
22 -76
22 -72
22 -73
22 -73
22 -72
22 -72
22 -70
22 -70
22 -70
22 -69
22 -69
22 -69
22 -70
22 -70
22 -68
22 -70
22 -73
22 -79
22 -78
23 -64
23 -64
23 -67
23 -72
23 -76
23 -80
23 -66
23 -64
23 -66
23 -66
23 -65
23 -66
23 -66
23 -67
23 -67
23 -68
23 -69
23 -69
23 -70
23 -70
23 -70
23 -71
23 -68
23 -70
23 -70
23 -70
23 -72
23 -73
23 -77
23 -76
23 -75
23 -72
23 -72
23 -74
23 -76
23 -77
23 -81
23 -82
23 -72
23 -70
23 -70
23 -70
23 -67
23 -69
23 -73
23 -69
23 -68
23 -70
23 -68
23 -70
23 -71
23 -72
23 -71
23 -72
23 -70
23 -67
23 -69
23 -73
23 -74
23 -73
23 -71
23 -69
23 -69
23 -73
23 -72
23 -69
23 -68
23 -67
23 -69
23 -67
23 -72
23 -76
23 -79
23 -77
23 -81
23 -76
23 -75
23 -73
23 -71
23 -70
23 -78
23 -72
23 -70
23 -66
23 -66
23 -67
23 -70
23 -70
23 -69
23 -70
23 -70
23 -70
23 -70
23 -71
23 -72
23 -73
23 -72
23 -71
23 -71
23 -72
23 -72
23 -69
23 -67
23 -64
23 -64
23 -63
23 -63
24 -62
24 -61
24 -62
24 -66
24 -64
24 -64
24 -64
24 -64
24 -66
24 -65
24 -64
24 -65
24 -66
24 -65
24 -65
24 -64
24 -64
24 -64
24 -64
24 -64
24 -64
24 -64
24 -65
24 -66
24 -66
24 -64
24 -65
24 -66
24 -64
24 -64
24 -64
24 -64
24 -65
24 -66
24 -67
24 -77
24 -72
24 -71
24 -70
24 -69
24 -68
24 -67
24 -68
24 -67
24 -67
24 -66
24 -67
24 -68
24 -66
24 -67
24 -66
24 -66
24 -66
24 -65
24 -65
24 -65
24 -65
24 -64
24 -66
24 -64
24 -65
24 -63
24 -61
24 -63
24 -64
24 -64
24 -65
24 -64
24 -64
24 -64
24 -65
24 -65
24 -65
24 -66
24 -64
24 -63
24 -64
24 -63
24 -62
24 -61
24 -62
24 -63
24 -64
24 -64
24 -63
24 -64
24 -63
24 -63
24 -64
24 -65
24 -65
24 -64
24 -64
24 -64
24 -64
24 -64
24 -64
24 -64
24 -64
24 -64
24 -64
24 -63
24 -64
24 -64
24 -64
24 -64
24 -64
24 -64
24 -66
24 -63
24 -63
24 -62
24 -62
24 -62
25 -84
25 -83
25 -83
25 -84
25 -88
25 -82
25 -84
25 -76
25 -83
26 -72
26 -72
26 -71
26 -72
26 -76
26 -74
26 -73
26 -74
26 -76
26 -75
26 -73
26 -72
26 -72
26 -72
26 -71
26 -72
26 -71
26 -72
26 -68
26 -71
26 -71
26 -70
26 -70
26 -71
26 -72
26 -72
26 -72
26 -72
26 -72
26 -72
26 -72
26 -70
26 -70
26 -70
26 -73
26 -73
26 -76
26 -74
26 -72
26 -72
26 -72
26 -73
26 -73
26 -72
26 -72
26 -71
26 -72
26 -72
26 -74
26 -75
26 -74
26 -74
26 -74
26 -73
26 -73
26 -72
26 -72
26 -73
26 -72
26 -70
26 -72
26 -73
26 -75
26 -75
26 -76
26 -76
26 -76
26 -76
26 -76
26 -77
26 -76
26 -76
26 -73
26 -74
26 -73
26 -72
26 -72
26 -72
26 -72
26 -72
26 -73
26 -75
26 -76
26 -75
26 -74
26 -72
26 -76
26 -80
26 -78
26 -75
26 -73
26 -74
26 -75
26 -74
26 -74
26 -73
26 -73
26 -74
26 -74
26 -74
26 -74
26 -74
26 -73
26 -74
26 -75
26 -75
26 -74
26 -73
26 -74
26 -75
26 -73
26 -72
26 -72
26 -73
27 -83
27 -80
27 -82
27 -79
27 -78
27 -80
27 -81
27 -80
27 -80
27 -82
27 -82
27 -80
27 -78
27 -81
27 -81
27 -79
27 -77
27 -78
27 -78
27 -78
27 -78
27 -82
27 -82
27 -81
27 -78
27 -79
27 -81
27 -82
27 -82
27 -79
27 -79
27 -80
27 -85
27 -79
27 -81
27 -82
27 -81
27 -80
27 -87
27 -84
28 -77
28 -78
28 -78
28 -77
28 -78
28 -78
28 -78
28 -78
28 -78
28 -75
28 -75
28 -78
28 -83
28 -81
28 -81
28 -76
28 -76
28 -77
28 -76
28 -78
28 -81
28 -79
28 -81
28 -76
28 -76
28 -75
28 -78
28 -78
28 -78
28 -80
28 -79
28 -81
28 -80
28 -80
28 -78
28 -76
28 -76
28 -76
28 -76
28 -76
28 -74
29 -80
29 -85
29 -84
29 -81
29 -82
29 -77
29 -76
29 -76
29 -81
29 -78
29 -79
29 -79
29 -81
29 -80
29 -82
29 -83
29 -80
29 -84
29 -81
29 -84
29 -81
29 -78
30 -81
30 -82
30 -83
30 -82
30 -79
30 -83
31 -72
31 -75
31 -73
31 -74
31 -75
31 -73
31 -74
31 -75
31 -74
31 -79
31 -76
31 -81
31 -80
31 -80
31 -76
31 -76
31 -76
31 -77
31 -79
31 -82
31 -80
31 -78
31 -73
31 -72
31 -71
31 -72
31 -72
31 -72
31 -72
31 -74
31 -74
31 -73
31 -75
31 -76
31 -80
31 -78
31 -76
31 -75
31 -74
31 -74
31 -74
31 -74
31 -73
31 -72
31 -73
31 -74
31 -78
31 -79
31 -84
31 -83
31 -81
31 -76
31 -75
31 -74
31 -73
31 -73
31 -80
31 -76
31 -75
31 -73
31 -72
31 -73
31 -73
31 -75
31 -75
31 -75
31 -76
31 -76
31 -78
31 -78
31 -76
31 -78
31 -76
31 -75
31 -76
31 -76
31 -76
32 -76
32 -76
32 -75
32 -76
32 -76
32 -76
32 -76
32 -76
32 -76
32 -76
32 -76
32 -77
32 -66
32 -77
32 -77
32 -77
32 -77
32 -76
32 -76
32 -79
32 -78
32 -78
32 -76
32 -76
32 -76
32 -78
32 -78
32 -77
32 -78
32 -78
32 -79
32 -74
32 -81
32 -81
32 -81
32 -81
32 -77
32 -83
32 -76
32 -75
32 -74
32 -76
32 -76
32 -75
32 -76
32 -77
32 -78
32 -78
32 -78
32 -79
32 -82
32 -78
32 -77
32 -78
32 -76
32 -77
32 -78
32 -78
32 -67
32 -76
32 -76
32 -77
32 -77
32 -76
32 -78
32 -79
32 -78
32 -77
32 -77
32 -78
32 -77
32 -77
32 -76
32 -76
32 -76
32 -77
32 -83
33 -83
33 -82
33 -80
33 -79
33 -77
33 -78
33 -77
33 -79
33 -69
33 -79
33 -78
33 -78
33 -76
33 -80
33 -79
33 -79
33 -78
33 -79
33 -80
33 -80
33 -82
33 -75
33 -81
33 -82
33 -80
33 -79
33 -81
33 -84
33 -78
33 -77
33 -77
33 -82
33 -80
33 -78
33 -80
33 -81
33 -79
33 -79
33 -79
33 -84
33 -82
34 -80
34 -80
34 -78
34 -78
34 -77
34 -77
34 -76
34 -78
34 -76
34 -75
34 -76
34 -76
34 -76
34 -76
34 -75
34 -75
34 -75
34 -75
34 -75
34 -75
34 -76
34 -76
34 -77
34 -77
34 -76
34 -77
34 -78
34 -77
34 -82
34 -80
34 -78
34 -78
34 -67
34 -78
34 -78
34 -79
34 -80
34 -78
34 -79
34 -77
34 -77
34 -76
34 -76
34 -78
34 -77
34 -75
34 -76
34 -76
34 -78
34 -76
34 -76
34 -78
34 -75
34 -77
34 -76
34 -76
34 -75
34 -72
34 -76
34 -74
34 -76
34 -76
34 -76
34 -76
34 -76
34 -78
34 -75
34 -75
34 -75
34 -76
34 -77
34 -78
34 -78
34 -77
34 -76
34 -77
34 -77
34 -76
34 -76
34 -76
34 -75
34 -75
34 -75
34 -75
34 -75
34 -76
34 -75
34 -76
34 -79
34 -79
34 -78
35 -60
35 -60
35 -60
35 -75
35 -81
35 -76
35 -76
35 -76
35 -76
35 -77
35 -78
35 -80
35 -64
35 -64
35 -63
35 -63
35 -63
35 -76
35 -66
35 -66
35 -80
35 -78
35 -78
35 -83
35 -83
35 -83
35 -85
35 -72
35 -67
35 -80
35 -76
35 -78
35 -76
35 -78
35 -78
35 -77
35 -78
35 -77
35 -77
35 -77
35 -78
35 -76
35 -76
35 -76
35 -61
35 -61
35 -61
35 -62
35 -62
35 -78
35 -79
35 -78
35 -76
35 -77
35 -80
35 -76
35 -76
35 -78
35 -79
35 -78
35 -80
35 -83
35 -78
35 -76
35 -78
35 -79
35 -79
36 -74
36 -74
36 -75
36 -73
36 -75
36 -75
36 -75
36 -76
36 -74
36 -74
36 -73
36 -73
36 -73
36 -73
36 -73
36 -74
36 -74
36 -74
36 -73
36 -74
36 -74
36 -54
36 -74
36 -73
36 -73
36 -74
36 -73
36 -74
36 -74
36 -75
36 -75
36 -75
36 -75
36 -73
36 -73
36 -77
36 -75
36 -75
36 -76
36 -76
36 -76
36 -75
36 -75
36 -75
36 -76
36 -76
36 -76
36 -77
36 -76
36 -76
36 -76
36 -76
36 -69
36 -73
36 -75
36 -75
36 -75
36 -75
36 -74
36 -73
36 -73
36 -74
36 -75
36 -75
36 -75
36 -75
36 -76
36 -75
36 -75
36 -76
36 -76
36 -76
36 -76
36 -74
36 -74
36 -74
36 -72
36 -74
36 -74
36 -75
36 -73
36 -73
36 -73
36 -75
36 -75
36 -76
36 -74
36 -74
36 -74
36 -74
36 -75
36 -75
36 -75
36 -75
36 -75
36 -74
36 -74
36 -73
36 -74
36 -63
36 -74
36 -72
36 -74
36 -74
36 -74
36 -75
36 -75
36 -74
36 -74
36 -76
36 -75
36 -75
36 -76
36 -76
37 -74
37 -73
37 -73
37 -74
37 -75
37 -74
37 -76
37 -76
37 -73
37 -74
37 -74
37 -74
37 -73
37 -73
37 -73
37 -74
37 -73
37 -72
37 -73
37 -73
37 -73
37 -74
37 -74
37 -75
37 -75
37 -74
37 -75
37 -73
37 -73
37 -72
37 -75
37 -84
37 -80
37 -82
37 -80
37 -76
37 -76
37 -74
37 -73
37 -74
37 -74
37 -74
37 -75
37 -75
37 -72
37 -75
37 -75
37 -75
37 -75
37 -75
37 -74
37 -73
37 -73
37 -74
37 -74
37 -74
37 -75
37 -73
37 -72
37 -72
37 -74
37 -74
37 -75
37 -74
37 -75
37 -76
37 -76
37 -76
37 -75
37 -72
37 -72
37 -72
37 -71
37 -72
37 -74
37 -75
37 -75
37 -75
37 -76
37 -64
37 -72
37 -72
37 -75
37 -76
37 -77
37 -78
37 -75
37 -74
37 -74
37 -74
37 -74
37 -74
37 -74
37 -74
37 -72
37 -73
37 -72
37 -73
37 -72
37 -72
37 -74
37 -75
38 -73
38 -73
38 -73
38 -72
38 -75
38 -75
38 -72
38 -77
38 -78
38 -77
38 -76
38 -76
38 -77
38 -76
38 -76
38 -75
38 -76
38 -76
38 -76
38 -75
38 -76
38 -76
38 -77
38 -77
38 -76
38 -76
38 -77
38 -76
38 -72
38 -70
38 -69
38 -68
38 -69
38 -70
38 -70
38 -72
38 -73
38 -73
38 -75
38 -76
38 -76
38 -76
38 -76
38 -75
38 -76
38 -74
38 -75
38 -76
38 -75
38 -75
38 -75
38 -76
38 -76
38 -75
38 -76
38 -76
38 -77
38 -77
38 -76
38 -74
38 -72
38 -74
38 -76
38 -76
38 -76
38 -76
38 -76
38 -76
38 -78
38 -76
38 -75
38 -75
38 -73
38 -72
38 -71
38 -74
38 -76
38 -76
38 -74
38 -73
38 -75
38 -75
38 -76
38 -76
38 -78
38 -79
38 -76
38 -76
38 -77
38 -76
38 -76
38 -75
38 -76
38 -75
38 -76
38 -75
38 -75
38 -74
38 -75
38 -75
38 -74
38 -76
38 -73
38 -72
38 -74
38 -73
38 -74
38 -74
38 -75
