Beacon Rssi
1 -78
1 -77
1 -77
1 -77
1 -78
1 -78
1 -80
1 -78
1 -49
1 -76
1 -77
1 -76
1 -75
1 -75
1 -75
1 -76
1 -77
1 -77
1 -77
1 -78
1 -78
1 -79
1 -79
1 -79
1 -78
1 -78
1 -79
1 -79
1 -78
1 -78
1 -78
1 -79
1 -78
1 -78
1 -78
1 -76
1 -77
1 -74
1 -78
1 -78
1 -77
1 -78
1 -77
1 -76
1 -74
1 -74
1 -74
1 -76
1 -76
1 -77
1 -77
1 -77
1 -79
1 -79
1 -78
1 -81
1 -82
1 -83
1 -81
1 -81
1 -82
1 -77
1 -78
1 -76
1 -64
1 -79
1 -74
1 -74
1 -64
1 -72
1 -74
1 -73
1 -74
1 -73
1 -72
1 -72
1 -72
1 -72
1 -73
1 -76
1 -76
1 -76
1 -77
1 -78
1 -77
1 -75
1 -48
1 -76
1 -80
1 -79
1 -83
1 -81
1 -78
1 -74
1 -74
1 -76
1 -76
1 -76
1 -78
1 -79
1 -83
1 -82
1 -81
1 -82
1 -81
1 -81
1 -78
1 -79
1 -76
1 -76
1 -82
1 -80
1 -78
1 -76
1 -75
1 -74
1 -73
1 -73
1 -73
1 -73
1 -73
1 -73
1 -73
1 -73
1 -74
1 -74
1 -74
1 -73
1 -74
1 -75
1 -74
1 -76
1 -77
1 -78
1 -80
1 -80
1 -79
1 -79
1 -79
1 -79
1 -80
1 -82
1 -78
1 -81
1 -79
1 -80
1 -76
1 -76
1 -77
1 -77
1 -77
1 -77
1 -77
1 -78
1 -77
1 -76
1 -77
1 -76
1 -70
1 -79
1 -79
1 -82
1 -67
1 -79
1 -79
1 -80
1 -80
1 -57
1 -80
1 -79
1 -71
1 -78
1 -78
1 -30
1 -73
1 -76
1 -79
1 -79
1 -80
1 -72
1 -81
1 -83
1 -83
1 -82
1 -81
1 -80
1 -80
1 -79
1 -79
1 -70
1 -79
1 -85
1 -86
1 -30
1 -83
1 -80
1 -80
1 -79
1 -80
1 -78
1 -79
1 -81
1 -80
1 -78
1 -78
1 -76
1 -75
1 -76
1 -76
1 -76
1 -74
1 -58
1 -75
1 -76
1 -73
1 -73
1 -78
1 -76
1 -75
1 -75
1 -76
1 -76
1 -76
1 -76
1 -75
1 -75
1 -74
1 -74
1 -75
1 -76
1 -76
1 -76
1 -77
1 -76
1 -77
1 -77
1 -77
1 -76
1 -76
1 -76
1 -75
1 -75
1 -74
1 -74
1 -75
1 -75
1 -75
1 -72
1 -74
1 -74
1 -75
1 -73
1 -74
1 -75
1 -75
1 -74
1 -76
1 -75
1 -76
1 -76
1 -76
1 -76
1 -76
1 -77
1 -77
1 -78
1 -78
1 -78
1 -78
1 -75
1 -76
1 -77
1 -76
1 -69
1 -77
1 -76
1 -72
1 -76
1 -71
1 -76
1 -76
1 -77
1 -76
1 -77
1 -77
1 -77
1 -77
1 -83
1 -78
1 -78
1 -78
1 -78
1 -78
1 -79
1 -80
1 -80
1 -78
1 -80
1 -79
1 -81
1 -82
1 -81
1 -81
1 -80
1 -79
1 -79
1 -78
1 -78
1 -57
1 -75
1 -76
1 -77
1 -77
1 -77
1 -77
1 -79
1 -78
1 -80
1 -81
1 -82
1 -82
1 -82
1 -82
1 -82
2 -83
2 -81
2 -82
2 -82
2 -81
2 -80
2 -81
2 -79
2 -80
2 -82
2 -85
2 -76
2 -84
2 -86
2 -85
2 -83
2 -84
2 -84
2 -83
2 -83
2 -84
2 -82
2 -81
2 -83
2 -82
2 -81
2 -77
2 -79
2 -61
2 -83
2 -85
2 -78
2 -79
2 -78
2 -78
2 -82
2 -76
2 -76
2 -76
2 -76
2 -77
2 -76
2 -76
2 -77
2 -76
2 -72
2 -72
2 -72
2 -72
2 -72
2 -72
2 -72
2 -72
2 -72
2 -72
2 -69
2 -72
2 -72
2 -72
2 -72
2 -72
2 -72
2 -72
2 -72
2 -72
2 -72
2 -72
2 -72
2 -72
2 -72
2 -71
2 -72
2 -72
2 -72
2 -72
2 -63
2 -73
2 -73
2 -72
2 -73
2 -72
2 -72
2 -73
2 -72
2 -72
2 -72
2 -73
2 -73
2 -73
2 -73
2 -75
2 -75
2 -74
2 -74
2 -75
2 -76
2 -74
2 -74
2 -73
2 -72
2 -72
2 -72
2 -72
2 -73
2 -74
2 -70
2 -74
2 -74
2 -73
2 -74
2 -74
2 -73
2 -73
2 -73
2 -72
2 -72
2 -72
2 -72
2 -72
2 -72
2 -72
2 -72
2 -72
2 -72
2 -73
2 -72
2 -73
2 -73
2 -73
2 -77
2 -76
2 -57
2 -72
2 -72
2 -72
2 -72
2 -72
2 -72
2 -72
2 -72
2 -72
2 -72
2 -72
2 -72
2 -72
2 -72
2 -72
2 -72
2 -72
2 -72
2 -72
2 -72
2 -72
2 -72
2 -72
2 -72
2 -72
2 -72
2 -73
2 -72
2 -73
2 -72
2 -72
2 -73
2 -73
2 -73
2 -73
2 -73
2 -73
2 -73
2 -73
2 -73
2 -72
2 -73
2 -73
2 -72
2 -72
2 -72
2 -72
2 -72
2 -72
2 -72
2 -72
2 -71
2 -71
2 -71
2 -71
2 -70
2 -70
2 -71
2 -70
2 -71
2 -70
2 -71
2 -70
2 -70
2 -70
2 -70
2 -70
2 -70
2 -70
2 -70
2 -71
2 -70
2 -71
2 -71
2 -71
2 -70
2 -71
2 -61
2 -70
2 -70
2 -70
2 -70
2 -70
2 -71
2 -71
2 -71
2 -70
2 -58
2 -70
2 -72
2 -72
2 -70
2 -70
2 -70
2 -70
2 -70
2 -70
2 -71
2 -71
2 -59
2 -72
2 -72
2 -72
2 -60
2 -60
2 -70
2 -70
2 -70
2 -69
2 -69
2 -69
2 -69
2 -69
2 -69
2 -69
2 -69
2 -65
2 -69
2 -69
2 -65
2 -69
2 -69
2 -69
2 -69
2 -69
2 -70
2 -69
2 -70
2 -70
2 -69
2 -70
2 -70
2 -70
2 -70
2 -69
2 -69
2 -69
2 -69
2 -69
2 -69
2 -70
2 -69
2 -70
2 -69
2 -69
2 -69
2 -69
2 -69
2 -69
2 -70
2 -70
2 -70
2 -70
2 -70
2 -70
2 -70
2 -70
2 -70
2 -69
2 -69
2 -70
2 -69
2 -69
2 -69
2 -70
2 -70
2 -70
2 -69
2 -69
2 -69
2 -69
2 -69
2 -69
2 -69
2 -69
2 -69
2 -69
2 -69
2 -69
2 -70
2 -71
2 -73
2 -72
2 -71
2 -70
2 -70
2 -70
2 -70
2 -70
2 -30
2 -72
2 -71
2 -71
2 -71
2 -72
2 -72
2 -72
2 -72
2 -72
2 -72
2 -72
2 -73
2 -73
2 -73
2 -72
2 -73
2 -72
3 -72
3 -72
3 -72
3 -72
3 -72
3 -72
3 -72
3 -72
3 -72
3 -72
3 -47
3 -71
3 -72
3 -72
3 -70
3 -71
3 -70
3 -70
3 -70
3 -69
3 -69
3 -69
3 -69
3 -69
3 -69
3 -68
3 -68
3 -68
3 -67
3 -68
3 -68
3 -69
3 -69
3 -70
3 -70
3 -70
3 -70
3 -69
3 -69
3 -68
3 -69
3 -69
3 -69
3 -69
3 -69
3 -70
3 -69
3 -69
3 -69
3 -69
3 -70
3 -70
3 -70
3 -70
3 -58
3 -70
3 -70
3 -69
3 -70
3 -70
3 -69
3 -70
3 -69
3 -70
3 -69
3 -65
3 -66
3 -69
3 -69
3 -69
3 -32
3 -69
3 -69
3 -69
3 -69
3 -70
3 -69
3 -69
3 -68
3 -68
3 -69
3 -68
3 -68
3 -68
3 -69
3 -68
3 -68
3 -70
3 -70
3 -70
3 -69
3 -70
3 -70
3 -70
3 -70
3 -69
3 -70
3 -70
3 -70
3 -70
3 -70
3 -70
3 -70
3 -70
3 -70
3 -70
3 -70
3 -68
3 -70
3 -72
3 -72
3 -71
3 -71
3 -72
3 -71
3 -70
3 -69
3 -69
3 -70
3 -70
3 -70
3 -70
3 -70
3 -70
3 -69
3 -70
3 -70
3 -71
3 -70
3 -75
3 -74
3 -73
3 -71
3 -71
3 -74
3 -77
3 -76
3 -78
3 -76
3 -76
3 -79
3 -81
3 -82
3 -82
3 -81
3 -80
3 -76
3 -76
3 -76
3 -76
3 -78
3 -77
3 -76
3 -76
3 -76
3 -76
3 -62
3 -75
3 -75
3 -48
3 -76
3 -75
3 -75
3 -74
3 -75
3 -75
3 -76
3 -74
3 -74
3 -75
3 -77
3 -75
3 -76
3 -75
3 -84
3 -75
3 -82
3 -77
3 -78
3 -78
3 -60
3 -76
3 -74
3 -73
3 -76
3 -76
3 -77
3 -76
3 -76
3 -76
3 -75
3 -74
3 -73
3 -73
3 -72
3 -72
3 -72
3 -71
3 -70
3 -70
3 -70
3 -70
3 -70
3 -70
3 -70
3 -70
3 -70
3 -70
3 -71
3 -70
3 -70
3 -71
3 -71
3 -71
3 -71
3 -70
3 -71
3 -71
3 -72
3 -72
3 -72
3 -72
3 -70
3 -70
3 -70
3 -70
3 -70
3 -70
3 -70
3 -70
3 -70
3 -70
3 -70
3 -70
3 -70
3 -70
3 -70
3 -70
3 -70
3 -70
3 -70
3 -70
3 -70
3 -71
3 -69
3 -69
3 -69
3 -69
3 -69
3 -69
3 -69
3 -69
3 -69
3 -69
3 -69
3 -69
3 -70
3 -70
3 -70
3 -70
3 -76
3 -78
3 -77
3 -78
3 -78
3 -78
3 -78
3 -77
3 -76
3 -76
3 -76
3 -76
3 -76
3 -76
3 -75
3 -75
3 -75
3 -73
3 -72
3 -59
3 -69
3 -68
3 -68
3 -61
3 -68
3 -69
3 -69
3 -69
3 -68
3 -68
3 -68
3 -68
3 -68
3 -68
3 -68
3 -68
3 -69
3 -68
3 -68
3 -68
3 -68
3 -68
3 -67
3 -68
3 -67
3 -68
3 -69
3 -68
3 -69
3 -69
3 -54
3 -70
3 -70
3 -72
3 -73
3 -73
3 -75
3 -75
3 -78
3 -79
3 -76
3 -78
3 -74
3 -72
3 -73
3 -72
3 -72
3 -72
3 -71
3 -70
3 -70
3 -71
3 -71
3 -72
3 -72
3 -70
3 -74
3 -66
3 -74
3 -73
3 -73
3 -74
3 -73
3 -73
3 -74
3 -74
3 -75
3 -76
3 -76
3 -76
3 -76
3 -76
3 -77
3 -78
3 -78
3 -80
3 -77
3 -79
3 -78
3 -79
3 -78
3 -79
3 -79
3 -78
3 -78
3 -78
3 -78
3 -78
3 -78
3 -78
3 -77
3 -58
3 -80
3 -81
3 -81
3 -81
3 -79
3 -78
3 -78
3 -78
3 -78
3 -78
3 -78
3 -78
3 -78
3 -78
3 -76
3 -75
3 -74
3 -74
3 -74
3 -74
3 -74
3 -74
3 -62
3 -74
3 -75
3 -76
3 -77
3 -78
3 -82
3 -80
3 -81
3 -82
3 -75
3 -81
3 -81
3 -81
3 -79
3 -70
3 -81
3 -79
3 -73
3 -78
3 -77
3 -77
3 -78
4 -84
4 -86
4 -86
4 -86
4 -85
4 -84
4 -44
4 -49
4 -84
4 -86
4 -87
4 -70
4 -79
4 -78
4 -78
4 -78
4 -82
4 -76
4 -30
4 -82
4 -83
4 -84
4 -83
4 -83
4 -83
4 -83
4 -82
4 -82
4 -83
4 -83
4 -83
4 -82
4 -82
4 -84
4 -84
4 -86
4 -85
4 -84
4 -81
4 -83
4 -88
4 -84
4 -84
4 -84
4 -83
4 -84
4 -81
4 -84
4 -83
4 -83
4 -83
4 -82
4 -83
4 -69
4 -84
4 -82
4 -84
4 -84
4 -84
4 -83
4 -82
4 -83
4 -83
4 -84
4 -76
4 -83
4 -84
4 -84
4 -85
4 -83
4 -83
4 -83
4 -80
4 -78
4 -80
4 -79
4 -78
4 -78
4 -78
4 -78
4 -79
4 -78
4 -78
4 -78
4 -78
4 -79
4 -79
4 -80
4 -65
4 -80
4 -81
4 -81
4 -81
4 -82
4 -82
4 -82
4 -82
4 -83
4 -81
4 -82
4 -82
4 -83
4 -78
4 -81
4 -72
4 -81
4 -80
4 -79
4 -79
4 -79
4 -81
4 -81
4 -76
4 -81
4 -81
4 -80
4 -81
4 -80
4 -80
4 -81
4 -80
4 -80
4 -81
4 -81
4 -81
4 -81
4 -80
4 -80
4 -81
4 -80
4 -80
4 -80
4 -81
4 -81
4 -81
4 -81
4 -80
4 -80
4 -80
4 -78
4 -80
4 -79
4 -80
4 -80
4 -79
4 -80
4 -79
4 -72
4 -78
4 -78
4 -78
4 -78
4 -78
4 -78
4 -79
4 -79
4 -79
4 -79
4 -79
4 -78
4 -78
4 -79
4 -77
4 -76
4 -76
4 -69
4 -76
4 -76
4 -76
4 -76
4 -76
4 -76
4 -76
4 -76
4 -76
4 -76
4 -76
4 -76
4 -77
4 -77
4 -77
4 -69
5 -84
5 -85
5 -84
5 -85
5 -86
5 -86
5 -85
5 -84
5 -84
5 -84
5 -74
5 -86
5 -86
5 -83
5 -86
5 -82
5 -83
5 -85
5 -86
5 -85
5 -83
5 -84
5 -82
5 -83
5 -64
5 -82
5 -87
5 -84
5 -86
5 -86
5 -84
5 -87
5 -86
5 -83
5 -84
5 -83
5 -86
6 -83
6 -83
6 -82
6 -83
6 -83
6 -84
6 -83
6 -83
6 -84
6 -83
6 -82
6 -81
6 -82
6 -82
6 -77
6 -82
6 -83
6 -83
6 -83
6 -82
6 -80
6 -81
6 -81
6 -70
6 -81
6 -81
6 -81
6 -80
6 -80
6 -82
6 -81
6 -82
6 -82
6 -81
6 -81
6 -82
6 -81
6 -81
6 -81
6 -78
6 -81
6 -81
6 -81
6 -82
6 -82
6 -85
6 -84
6 -82
6 -71
6 -46
6 -83
6 -82
6 -81
6 -81
6 -80
6 -81
6 -81
6 -81
6 -79
6 -78
6 -82
6 -85
6 -86
6 -86
6 -83
6 -85
6 -84
6 -84
6 -84
6 -84
6 -86
6 -86
6 -84
6 -85
6 -82
6 -83
6 -71
6 -83
6 -83
6 -83
6 -80
6 -84
6 -85
6 -84
6 -84
6 -84
6 -84
6 -78
6 -83
6 -84
6 -84
6 -83
6 -83
6 -84
6 -83
6 -84
6 -85
6 -83
6 -83
6 -84
6 -86
7 -84
7 -84
7 -85
7 -85
7 -83
7 -84
7 -85
7 -86
7 -86
7 -85
7 -85
7 -84
7 -84
7 -83
7 -82
7 -84
7 -86
7 -85
7 -84
7 -86
7 -86
7 -84
7 -84
7 -86
7 -72
7 -87
7 -86
7 -88
7 -87
8 -81
8 -78
8 -82
8 -84
8 -84
8 -84
8 -83
8 -83
8 -85
8 -84
8 -83
8 -83
8 -83
8 -83
8 -85
8 -81
8 -80
8 -84
8 -87
8 -83
8 -84
8 -80
8 -81
8 -81
8 -84
8 -83
8 -83
8 -83
8 -84
8 -85
8 -86
8 -86
9 -81
9 -83
9 -82
9 -82
9 -82
9 -83
9 -83
9 -83
9 -83
9 -84
9 -85
9 -84
9 -85
9 -87
9 -85
9 -82
9 -86
9 -79
9 -78
9 -83
9 -84
9 -82
9 -82
9 -86
9 -85
9 -86
9 -84
9 -85
9 -82
9 -84
9 -87
9 -87
9 -78
9 -85
9 -87
9 -86
9 -87
9 -85
9 -85
9 -82
9 -84
9 -84
9 -84
9 -76
9 -84
9 -81
9 -84
9 -83
9 -84
9 -84
9 -84
9 -85
9 -85
9 -85
9 -85
9 -84
9 -84
9 -84
9 -83
9 -83
9 -84
9 -84
9 -83
9 -84
9 -84
9 -79
10 -87
10 -86
10 -60
10 -84
10 -84
10 -86
10 -86
10 -87
10 -86
10 -87
10 -88
11 -86
11 -86
11 -86
11 -84
11 -85
11 -86
11 -49
11 -87
11 -84
11 -83
11 -85
11 -84
11 -85
11 -84
11 -86
11 -85
11 -83
11 -82
11 -84
11 -82
11 -84
11 -86
11 -84
11 -83
11 -86
11 -66
11 -85
11 -85
11 -86
11 -86
11 -84
11 -85
11 -84
11 -83
11 -82
11 -82
11 -83
11 -83
11 -83
11 -84
11 -84
11 -84
11 -83
11 -83
11 -83
11 -84
11 -83
11 -83
11 -82
11 -82
11 -83
11 -83
11 -83
11 -84
11 -86
11 -86
11 -83
11 -81
11 -82
11 -81
11 -80
11 -82
11 -82
11 -82
11 -82
11 -82
11 -81
11 -82
11 -83
11 -82
11 -82
11 -82
11 -82
11 -82
11 -80
11 -83
11 -83
11 -87
11 -86
11 -85
11 -83
11 -82
11 -83
11 -84
11 -82
11 -82
11 -81
11 -81
11 -82
11 -81
11 -81
11 -82
12 -84
12 -86
12 -84
12 -83
12 -84
12 -84
12 -83
12 -85
12 -83
12 -73
12 -70
12 -84
12 -84
12 -77
12 -83
12 -83
12 -83
12 -84
12 -83
12 -66
12 -83
12 -82
12 -83
12 -83
12 -83
12 -83
12 -83
12 -82
12 -86
12 -84
12 -83
12 -82
12 -82
12 -84
12 -85
12 -78
12 -85
12 -83
12 -83
12 -84
12 -84
12 -83
12 -82
12 -83
12 -84
12 -83
12 -84
12 -84
12 -85
12 -84
12 -87
12 -85
12 -85
12 -85
12 -85
12 -84
12 -85
12 -84
12 -84
12 -84
12 -84
12 -84
12 -84
12 -84
12 -84
12 -84
12 -84
12 -85
12 -86
12 -85
12 -84
12 -84
12 -83
12 -84
12 -83
12 -83
12 -80
12 -83
12 -83
12 -83
12 -81
12 -83
12 -82
12 -54
12 -82
12 -82
12 -83
12 -61
12 -83
12 -83
12 -83
12 -83
12 -83
12 -83
12 -83
12 -81
12 -82
12 -82
12 -82
12 -70
12 -84
12 -82
12 -82
12 -78
12 -83
12 -82
13 -78
13 -79
13 -80
13 -80
13 -80
13 -81
13 -81
13 -81
13 -83
13 -79
13 -84
13 -84
13 -81
13 -81
13 -80
13 -81
13 -81
13 -80
13 -78
13 -80
13 -80
13 -79
13 -80
13 -30
13 -80
13 -80
13 -80
13 -79
13 -79
13 -78
13 -78
13 -78
13 -80
13 -79
13 -81
13 -81
13 -82
13 -82
13 -77
13 -80
13 -79
13 -79
13 -82
13 -82
13 -85
13 -79
13 -83
13 -85
13 -78
13 -80
13 -80
13 -85
13 -86
13 -85
13 -86
13 -85
13 -86
13 -85
13 -83
13 -82
13 -82
13 -81
13 -81
13 -83
13 -85
13 -88
13 -77
13 -85
13 -84
13 -84
13 -84
13 -83
13 -83
13 -78
13 -81
13 -85
13 -84
13 -84
13 -83
13 -80
13 -81
13 -81
13 -80
13 -79
13 -79
13 -79
13 -79
13 -78
13 -78
13 -78
13 -78
13 -78
13 -78
13 -78
13 -78
13 -78
13 -78
13 -78
13 -79
13 -79
13 -78
13 -79
13 -63
13 -79
13 -80
13 -81
13 -81
13 -82
13 -82
13 -83
13 -83
13 -82
13 -83
13 -83
13 -81
13 -80
13 -70
13 -78
13 -78
13 -78
13 -77
13 -78
13 -78
13 -77
13 -76
13 -77
13 -76
13 -76
13 -76
13 -77
13 -30
13 -77
13 -76
13 -76
13 -76
13 -78
13 -69
13 -78
13 -78
13 -78
13 -77
13 -77
13 -76
13 -77
13 -77
13 -72
13 -70
13 -77
13 -77
13 -76
13 -76
13 -76
13 -76
13 -77
13 -78
13 -62
13 -77
13 -77
13 -77
13 -73
13 -76
13 -62
13 -77
13 -76
13 -76
13 -76
13 -76
13 -76
13 -76
13 -76
13 -76
13 -76
13 -77
13 -76
13 -76
13 -76
13 -77
13 -76
13 -76
13 -76
13 -77
13 -76
13 -76
13 -76
13 -76
13 -76
13 -76
13 -76
13 -76
13 -76
13 -76
13 -76
13 -76
13 -76
13 -76
13 -76
13 -75
13 -73
13 -73
13 -73
13 -75
13 -76
13 -77
13 -77
13 -76
13 -76
13 -76
13 -76
13 -77
13 -76
13 -77
13 -76
13 -77
13 -77
13 -77
13 -77
13 -77
13 -76
13 -76
13 -76
13 -76
13 -76
14 -84
14 -85
14 -85
14 -83
14 -81
14 -81
14 -79
14 -77
14 -79
14 -79
14 -78
14 -76
14 -68
14 -76
14 -76
14 -76
14 -76
14 -77
14 -72
14 -76
14 -76
14 -76
14 -76
14 -77
14 -78
14 -78
14 -79
14 -79
14 -79
14 -75
14 -68
14 -80
14 -81
14 -80
14 -76
14 -81
14 -81
14 -81
14 -76
14 -82
14 -80
14 -83
14 -81
14 -79
14 -79
14 -80
14 -80
14 -77
14 -78
14 -78
14 -79
14 -79
14 -81
14 -81
14 -79
14 -81
14 -80
14 -79
14 -81
14 -79
14 -76
14 -76
14 -76
14 -78
14 -76
14 -76
14 -76
14 -76
14 -77
14 -78
14 -79
14 -81
14 -80
14 -80
14 -79
14 -79
14 -79
14 -78
14 -73
14 -74
14 -74
14 -74
14 -74
14 -75
14 -74
14 -74
14 -74
14 -75
14 -75
14 -75
14 -74
14 -74
14 -75
14 -75
14 -74
14 -72
14 -73
14 -73
14 -73
14 -72
14 -73
14 -72
14 -67
14 -72
14 -72
14 -72
14 -72
14 -72
14 -72
14 -60
14 -75
14 -74
14 -73
14 -74
14 -76
14 -76
14 -77
14 -77
14 -76
14 -78
14 -78
14 -57
14 -83
14 -81
14 -82
14 -82
14 -80
14 -81
14 -79
14 -78
14 -78
14 -80
14 -81
14 -81
14 -80
14 -79
14 -78
14 -78
14 -77
14 -77
14 -76
14 -76
14 -76
14 -78
14 -77
14 -77
14 -77
14 -76
14 -77
14 -77
14 -76
14 -76
14 -77
14 -77
14 -77
14 -76
14 -77
14 -77
14 -77
14 -77
14 -77
14 -77
14 -77
14 -77
14 -77
14 -77
14 -77
14 -76
14 -76
14 -76
14 -76
14 -76
14 -76
14 -76
14 -76
14 -76
14 -76
14 -76
14 -76
14 -76
14 -76
14 -76
14 -76
14 -76
14 -76
14 -76
14 -76
14 -76
14 -76
14 -76
14 -76
14 -76
14 -76
14 -77
14 -75
14 -55
14 -79
14 -79
14 -79
14 -79
14 -79
14 -78
14 -78
14 -78
14 -78
14 -78
14 -77
14 -76
14 -76
14 -76
14 -76
14 -76
14 -75
14 -75
14 -75
14 -75
14 -75
14 -75
14 -76
14 -75
14 -76
14 -76
14 -75
14 -76
14 -76
14 -76
14 -75
14 -76
14 -76
14 -76
14 -75
14 -75
14 -75
14 -75
14 -76
14 -75
14 -75
14 -74
14 -74
14 -74
14 -76
14 -74
14 -74
14 -73
14 -74
14 -74
14 -76
14 -75
14 -75
14 -74
14 -73
14 -73
14 -72
14 -73
14 -73
14 -74
14 -74
14 -73
14 -73
14 -73
14 -72
14 -72
14 -72
14 -73
14 -73
14 -73
14 -74
14 -73
14 -74
14 -74
14 -74
14 -73
14 -66
14 -74
14 -75
14 -75
14 -72
14 -76
14 -76
14 -76
14 -76
14 -76
14 -76
14 -75
14 -75
14 -76
14 -76
14 -76
14 -76
14 -76
14 -76
14 -76
14 -69
14 -76
14 -75
14 -75
14 -75
14 -75
14 -76
14 -76
14 -76
14 -76
14 -76
14 -76
14 -76
14 -76
14 -76
14 -76
14 -76
14 -76
14 -76
14 -76
14 -76
14 -76
14 -76
14 -74
14 -76
14 -76
14 -73
14 -75
14 -75
14 -75
14 -75
14 -75
14 -74
14 -75
14 -75
14 -75
14 -76
14 -76
14 -75
14 -76
14 -75
14 -74
14 -75
14 -75
14 -75
14 -75
14 -75
14 -63
14 -76
14 -76
14 -76
14 -76
14 -76
14 -76
14 -76
14 -76
14 -76
14 -76
14 -76
14 -76
14 -76
15 -78
15 -77
15 -78
15 -78
15 -78
15 -79
15 -81
15 -82
15 -77
15 -76
15 -76
15 -76
15 -77
15 -78
15 -77
15 -78
15 -77
15 -76
15 -75
15 -73
15 -74
15 -65
15 -76
15 -76
15 -77
15 -78
15 -78
15 -78
15 -78
15 -77
15 -78
15 -78
15 -78
15 -78
15 -78
15 -77
15 -76
15 -76
15 -76
15 -76
15 -77
15 -76
15 -76
15 -75
15 -77
15 -76
15 -76
15 -76
15 -76
15 -76
15 -76
15 -76
15 -30
15 -76
15 -75
15 -75
15 -75
15 -75
15 -73
15 -74
15 -76
15 -76
15 -76
15 -74
15 -74
15 -76
15 -76
15 -76
15 -77
15 -77
15 -77
15 -76
15 -76
15 -76
15 -76
15 -76
15 -77
15 -76
15 -76
15 -78
15 -81
15 -79
15 -79
15 -76
15 -78
15 -44
15 -66
15 -67
15 -79
15 -81
15 -80
15 -78
15 -76
15 -75
15 -76
15 -78
15 -80
15 -83
15 -81
15 -81
15 -83
15 -84
15 -83
15 -84
15 -84
15 -84
15 -83
15 -83
15 -83
15 -84
15 -83
15 -83
15 -84
15 -83
15 -83
15 -82
15 -71
15 -80
15 -81
15 -81
15 -76
15 -84
15 -84
15 -84
15 -84
15 -85
15 -84
15 -85
15 -84
15 -83
15 -86
15 -84
15 -85
15 -84
15 -82
15 -83
15 -83
15 -83
15 -82
15 -82
15 -58
15 -81
15 -58
15 -82
15 -82
15 -83
15 -80
15 -83
15 -82
15 -82
15 -80
15 -82
15 -82
15 -82
15 -81
15 -82
15 -82
15 -83
15 -84
15 -83
15 -83
15 -84
15 -84
15 -84
15 -83
15 -84
15 -82
15 -81
15 -82
15 -82
15 -78
15 -78
15 -78
15 -78
15 -70
15 -79
15 -78
15 -77
15 -75
15 -75
15 -75
15 -76
15 -76
15 -76
15 -77
15 -78
15 -78
15 -71
15 -78
15 -30
15 -78
15 -30
15 -78
15 -78
15 -77
15 -78
15 -78
15 -76
15 -78
15 -77
15 -76
15 -78
15 -77
15 -76
15 -77
15 -77
15 -77
15 -77
15 -77
15 -76
15 -76
15 -77
15 -77
15 -76
15 -76
15 -76
15 -77
15 -76
15 -76
15 -76
15 -74
15 -77
15 -76
15 -76
15 -76
15 -76
15 -76
15 -76
15 -77
15 -76
15 -76
15 -76
15 -76
15 -76
15 -76
15 -75
15 -75
15 -64
15 -75
15 -76
15 -64
15 -76
15 -76
15 -76
15 -76
15 -75
15 -72
15 -76
15 -72
15 -65
15 -74
15 -71
15 -76
15 -76
15 -76
15 -76
15 -76
15 -76
15 -76
15 -76
15 -77
15 -78
15 -78
15 -76
15 -78
15 -78
15 -79
15 -78
15 -78
16 -79
16 -78
16 -79
16 -78
16 -79
16 -78
16 -78
16 -79
16 -78
16 -80
16 -77
16 -78
16 -80
16 -81
16 -78
16 -78
16 -77
16 -78
16 -77
16 -77
16 -77
16 -77
16 -49
16 -76
16 -76
16 -70
16 -76
16 -76
16 -76
16 -76
16 -77
16 -77
16 -68
16 -76
16 -77
16 -77
16 -77
16 -78
16 -77
16 -77
16 -77
16 -72
16 -68
16 -76
16 -76
16 -76
16 -76
16 -76
16 -76
16 -76
16 -76
16 -76
16 -76
16 -77
16 -77
16 -76
16 -76
16 -76
16 -76
16 -76
16 -76
16 -76
16 -76
16 -77
16 -75
16 -78
16 -78
16 -77
16 -77
16 -77
16 -77
16 -76
16 -76
16 -78
16 -76
16 -72
16 -77
16 -76
16 -77
16 -76
16 -76
16 -76
16 -76
16 -76
16 -76
16 -77
16 -77
16 -78
16 -79
16 -76
16 -30
16 -78
16 -78
16 -79
16 -78
16 -78
16 -78
16 -83
16 -80
16 -78
16 -77
16 -77
16 -76
16 -75
16 -75
16 -74
16 -73
16 -74
16 -75
16 -76
16 -77
16 -79
16 -82
16 -82
16 -82
16 -80
16 -80
16 -80
16 -81
16 -81
16 -79
16 -82
16 -81
16 -81
16 -81
16 -82
16 -81
16 -81
16 -82
16 -82
16 -81
16 -73
16 -81
16 -81
16 -80
16 -82
16 -85
16 -86
16 -86
16 -86
16 -86
16 -84
16 -84
16 -82
16 -83
16 -82
16 -83
16 -82
16 -83
16 -84
16 -84
16 -86
16 -85
16 -86
16 -85
16 -84
16 -84
16 -83
16 -84
16 -83
16 -84
16 -82
16 -83
16 -84
16 -82
16 -82
16 -81
16 -82
16 -81
16 -81
16 -80
16 -80
16 -79
16 -80
16 -79
16 -79
16 -80
16 -80
16 -80
16 -80
16 -81
16 -81
16 -81
16 -82
16 -58
16 -80
16 -80
16 -80
16 -79
16 -80
16 -80
16 -79
16 -80
16 -79
16 -70
16 -79
16 -78
16 -52
16 -78
16 -78
16 -78
16 -79
16 -79
16 -78
16 -79
16 -79
16 -79
16 -79
16 -79
16 -79
16 -78
16 -76
16 -75
16 -73
16 -74
16 -78
16 -78
16 -78
16 -76
16 -76
16 -76
16 -76
16 -76
16 -76
16 -76
16 -76
16 -76
16 -76
16 -76
16 -76
16 -76
16 -77
16 -76
17 -85
17 -84
17 -84
17 -85
17 -84
17 -81
17 -84
17 -83
17 -81
17 -80
17 -80
17 -80
17 -80
17 -81
17 -82
17 -81
17 -84
17 -81
17 -82
17 -83
17 -82
17 -83
17 -83
17 -81
17 -83
17 -82
17 -82
17 -82
17 -80
17 -81
17 -80
17 -80
17 -80
17 -81
17 -80
17 -74
17 -80
17 -81
17 -80
17 -74
17 -80
17 -80
17 -80
17 -80
17 -80
17 -81
17 -81
17 -82
17 -81
17 -83
17 -82
17 -81
17 -82
17 -81
17 -83
17 -83
17 -80
17 -84
17 -30
17 -84
17 -85
17 -84
17 -86
17 -84
17 -85
17 -84
17 -84
17 -85
17 -84
17 -84
17 -84
17 -84
17 -85
17 -85
17 -85
17 -85
17 -86
17 -86
17 -86
17 -84
17 -83
17 -83
17 -82
17 -83
17 -83
17 -83
17 -84
17 -84
17 -84
17 -86
17 -85
17 -84
17 -84
17 -83
17 -82
17 -81
17 -82
17 -82
17 -81
17 -82
17 -82
17 -82
17 -82
17 -81
17 -81
17 -80
17 -81
17 -83
17 -83
17 -82
17 -83
17 -83
17 -83
17 -82
17 -81
17 -82
17 -71
18 -80
18 -82
18 -83
18 -83
18 -66
18 -83
18 -82
18 -83
18 -82
18 -79
18 -81
18 -81
18 -80
18 -81
18 -80
18 -80
18 -80
18 -75
18 -79
18 -80
18 -80
18 -81
18 -77
18 -79
18 -80
18 -79
18 -80
18 -79
18 -79
18 -79
18 -78
18 -79
18 -79
18 -79
18 -79
18 -78
18 -79
18 -79
18 -80
18 -79
18 -80
18 -80
18 -80
18 -64
18 -80
18 -80
18 -80
18 -80
18 -82
18 -84
18 -84
18 -84
18 -82
18 -83
18 -84
18 -84
18 -83
18 -83
18 -83
18 -75
18 -82
18 -85
18 -87
18 -82
18 -82
18 -84
18 -85
18 -85
18 -85
18 -84
18 -82
18 -81
18 -81
18 -82
18 -82
18 -81
18 -82
18 -82
18 -82
18 -83
18 -83
18 -81
18 -83
18 -68
18 -83
18 -81
18 -83
18 -80
18 -82
18 -81
18 -81
18 -81
18 -79
18 -79
18 -79
18 -78
18 -69
18 -78
18 -78
18 -79
18 -79
18 -79
18 -79
18 -80
18 -81
18 -81
18 -82
18 -82
18 -82
18 -84
18 -84
18 -83
18 -83
18 -85
18 -84
18 -85
18 -84
18 -83
18 -82
18 -81
18 -70
18 -80
18 -80
18 -79
18 -79
18 -80
18 -79
18 -81
18 -80
18 -82
18 -81
18 -81
18 -81
18 -82
18 -81
18 -81
18 -81
18 -58
18 -80
18 -82
18 -82
18 -82
18 -83
18 -83
18 -85
18 -85
18 -81
18 -82
18 -71
18 -82
18 -81
18 -81
18 -82
18 -81
18 -82
18 -82
18 -83
19 -85
19 -85
20 -83
20 -30
20 -83
20 -82
20 -83
20 -82
20 -83
20 -83
20 -83
20 -83
20 -84
20 -83
20 -82
20 -84
20 -84
20 -85
20 -85
20 -85
20 -73
20 -85
20 -84
20 -83
20 -84
20 -85
20 -87
20 -85
20 -85
21 -82
21 -81
21 -80
21 -82
21 -82
21 -81
21 -81
21 -80
21 -76
21 -82
21 -81
21 -70
21 -81
21 -75
21 -83
21 -83
21 -66
21 -83
21 -86
21 -87
21 -86
21 -81
21 -79
21 -81
21 -79
21 -81
21 -80
21 -81
21 -81
21 -80
21 -80
21 -79
21 -79
21 -80
21 -80
21 -79
21 -82
21 -83
21 -83
21 -83
21 -81
21 -82
21 -82
21 -81
21 -82
21 -84
21 -83
21 -84
21 -83
21 -84
21 -83
21 -82
21 -83
21 -82
21 -82
21 -83
21 -83
21 -83
21 -80
21 -82
21 -83
21 -83
21 -83
21 -83
21 -83
21 -83
21 -83
21 -83
21 -83
21 -86
21 -71
21 -84
21 -82
21 -83
21 -83
21 -84
21 -84
21 -83
21 -84
21 -85
21 -84
21 -84
21 -84
21 -84
21 -85
21 -84
21 -84
21 -84
21 -84
21 -85
21 -86
21 -86
21 -57
21 -86
21 -84
21 -86
21 -85
21 -84
21 -84
21 -83
21 -84
21 -85
21 -84
21 -87
21 -85
21 -83
21 -84
21 -84
21 -83
21 -83
21 -84
21 -84
21 -81
21 -82
21 -82
21 -82
21 -81
21 -82
21 -82
21 -81
21 -81
21 -81
21 -31
21 -76
21 -78
21 -80
21 -72
21 -83
21 -83
21 -83
21 -83
21 -83
21 -82
21 -82
21 -76
21 -79
21 -82
21 -82
21 -82
21 -81
21 -81
21 -82
21 -82
21 -82
21 -82
21 -82
21 -83
21 -83
22 -84
22 -84
22 -85
22 -74
22 -84
22 -84
22 -84
22 -84
22 -84
22 -84
22 -84
22 -82
22 -83
22 -85
22 -85
22 -70
22 -84
22 -82
22 -80
22 -80
22 -79
22 -79
22 -84
22 -84
22 -84
22 -83
22 -82
22 -83
22 -83
22 -83
22 -84
22 -84
22 -84
22 -84
22 -84
22 -83
22 -84
22 -83
22 -84
22 -85
22 -83
22 -81
22 -80
22 -83
22 -83
22 -83
22 -83
22 -83
22 -85
22 -84
22 -83
22 -83
22 -83
22 -84
22 -84
22 -84
22 -85
22 -83
22 -85
22 -84
22 -85
22 -85
22 -85
22 -87
22 -88
22 -85
22 -85
22 -84
22 -83
22 -83
22 -84
22 -83
22 -84
22 -84
22 -84
22 -84
22 -84
22 -84
22 -85
22 -86
22 -86
22 -86
22 -85
22 -82
22 -87
22 -84
22 -84
22 -82
22 -83
22 -84
22 -86
22 -85
22 -85
22 -86
22 -84
22 -84
22 -83
22 -84
22 -83
22 -84
22 -84
22 -82
22 -84
22 -84
22 -85
22 -86
22 -84
22 -67
22 -83
22 -84
22 -84
22 -84
22 -83
23 -82
23 -83
23 -82
23 -84
23 -82
23 -31
23 -85
23 -84
23 -84
23 -83
23 -83
23 -83
23 -85
23 -82
23 -84
23 -74
23 -84
23 -85
23 -71
23 -87
23 -85
23 -84
23 -86
23 -85
23 -84
23 -84
23 -84
23 -58
23 -83
23 -84
23 -83
23 -83
23 -84
23 -84
23 -86
24 -85
24 -85
24 -85
24 -85
24 -81
24 -83
24 -83
24 -84
24 -76
24 -84
24 -84
24 -85
24 -85
24 -85
24 -87
24 -85
24 -84
24 -84
24 -85
24 -85
24 -85
24 -84
25 -66
25 -66
25 -66
25 -66
25 -66
25 -66
25 -66
25 -66
25 -65
25 -66
25 -65
25 -66
25 -64
25 -63
25 -64
25 -64
25 -64
25 -64
25 -64
25 -64
25 -64
25 -64
25 -67
25 -64
25 -64
25 -65
25 -64
25 -64
25 -65
25 -64
25 -64
25 -60
25 -64
25 -64
25 -64
25 -64
25 -63
25 -64
25 -67
25 -64
25 -64
25 -64
25 -64
25 -64
25 -64
25 -64
25 -64
25 -64
25 -64
25 -64
25 -64
25 -64
25 -65
25 -64
25 -64
25 -64
25 -64
25 -64
25 -64
25 -64
25 -64
25 -64
25 -64
25 -64
25 -64
25 -64
25 -64
25 -64
25 -64
25 -64
25 -64
25 -64
25 -64
25 -64
25 -64
25 -58
25 -64
25 -64
25 -64
25 -64
25 -64
25 -64
25 -64
25 -64
25 -64
25 -64
25 -65
25 -66
25 -65
25 -65
25 -65
25 -65
25 -65
25 -66
25 -66
25 -66
25 -66
25 -66
25 -68
25 -68
25 -68
25 -68
25 -68
25 -67
25 -67
25 -67
25 -67
25 -67
25 -67
25 -67
25 -67
25 -66
25 -66
25 -64
25 -64
25 -66
25 -66
25 -66
25 -66
25 -64
25 -66
25 -68
25 -69
25 -68
25 -68
25 -70
25 -69
25 -68
25 -66
25 -65
25 -66
25 -66
25 -68
25 -70
25 -54
25 -69
25 -72
25 -76
25 -76
25 -73
25 -72
25 -67
25 -71
25 -71
25 -70
25 -76
25 -77
25 -77
25 -77
25 -78
25 -78
25 -75
25 -76
25 -76
25 -77
25 -76
25 -75
25 -75
25 -74
25 -73
25 -73
25 -73
25 -75
25 -75
25 -75
25 -75
25 -75
25 -75
25 -75
25 -75
25 -72
25 -71
25 -70
25 -76
25 -78
25 -70
25 -68
25 -69
25 -70
25 -71
25 -78
25 -76
25 -74
25 -70
25 -76
25 -76
25 -76
25 -73
25 -70
25 -70
25 -72
25 -74
25 -75
25 -74
25 -76
25 -81
25 -80
25 -78
25 -77
25 -74
25 -78
25 -76
25 -76
25 -76
25 -76
25 -76
25 -76
25 -75
25 -75
25 -73
25 -72
25 -74
25 -73
25 -74
25 -75
25 -75
25 -60
25 -75
25 -74
25 -74
25 -74
25 -74
25 -71
25 -69
25 -73
25 -72
25 -73
25 -72
25 -72
25 -72
25 -72
25 -71
25 -72
25 -72
25 -72
25 -72
25 -72
25 -73
25 -70
25 -74
25 -75
25 -73
25 -72
25 -72
25 -72
25 -72
25 -72
25 -71
25 -71
25 -71
25 -71
25 -70
25 -70
25 -70
25 -70
25 -70
25 -70
25 -70
25 -70
25 -70
25 -70
25 -70
25 -70
25 -69
25 -68
25 -69
25 -69
25 -69
25 -69
25 -69
25 -69
25 -69
25 -69
25 -69
25 -69
25 -69
25 -69
25 -69
25 -69
25 -69
25 -69
25 -69
25 -70
25 -70
25 -70
25 -70
25 -69
25 -70
25 -70
25 -70
25 -70
25 -70
25 -70
25 -71
25 -71
25 -67
25 -71
25 -70
25 -71
25 -71
25 -72
25 -71
25 -72
25 -72
25 -72
25 -72
25 -72
25 -72
25 -72
25 -72
25 -72
25 -72
25 -72
25 -72
25 -72
25 -63
25 -71
25 -70
25 -64
25 -73
25 -71
25 -70
25 -69
25 -68
25 -67
25 -67
25 -66
25 -58
25 -66
25 -66
25 -65
25 -65
25 -65
25 -53
25 -65
25 -65
25 -65
25 -65
25 -60
25 -65
25 -64
25 -65
25 -65
25 -66
25 -66
25 -66
25 -66
25 -66
25 -67
25 -67
25 -66
25 -66
25 -66
25 -66
25 -67
25 -67
25 -67
25 -67
25 -68
25 -68
25 -69
25 -69
25 -69
25 -69
25 -68
25 -69
25 -68
25 -68
25 -68
25 -68
25 -68
25 -67
25 -68
25 -68
25 -68
25 -68
25 -67
25 -67
25 -67
25 -66
25 -66
25 -66
25 -66
25 -66
25 -66
25 -66
25 -66
25 -66
25 -67
25 -68
25 -67
25 -68
25 -68
25 -67
25 -67
25 -68
25 -66
25 -66
25 -66
25 -66
25 -66
25 -66
25 -66
25 -67
25 -66
25 -67
25 -67
25 -67
25 -67
25 -67
25 -67
25 -67
25 -66
25 -66
25 -66
25 -69
25 -69
25 -68
25 -68
25 -69
25 -70
25 -69
25 -70
25 -70
25 -70
25 -70
25 -70
25 -70
25 -70
25 -70
25 -70
25 -71
25 -70
25 -70
25 -70
25 -68
25 -70
25 -69
25 -70
25 -69
26 -51
26 -51
26 -51
26 -51
26 -51
26 -51
26 -51
26 -52
26 -51
26 -51
26 -51
26 -51
26 -51
26 -53
26 -53
26 -52
26 -50
26 -50
26 -50
26 -50
26 -49
26 -49
26 -49
26 -49
26 -49
26 -49
26 -48
26 -49
26 -50
26 -50
26 -50
26 -50
26 -50
26 -51
26 -50
26 -50
26 -49
26 -49
26 -49
26 -49
26 -49
26 -49
26 -49
26 -49
26 -49
26 -49
26 -49
26 -49
26 -49
26 -49
26 -49
26 -49
26 -49
26 -49
26 -49
26 -48
26 -49
26 -49
26 -49
26 -49
26 -49
26 -49
26 -49
26 -49
26 -49
26 -49
26 -49
26 -49
26 -49
26 -49
26 -49
26 -49
26 -49
26 -49
26 -49
26 -50
26 -49
26 -49
26 -49
26 -49
26 -49
26 -49
26 -49
26 -50
26 -50
26 -51
26 -50
26 -50
26 -51
26 -51
26 -48
26 -48
26 -48
26 -48
26 -48
26 -48
26 -48
26 -48
26 -48
26 -48
26 -48
26 -48
26 -48
26 -48
26 -48
26 -48
26 -48
26 -48
26 -48
26 -48
26 -48
26 -48
26 -49
26 -50
26 -54
26 -54
26 -52
26 -53
26 -52
26 -52
26 -52
26 -51
26 -50
26 -48
26 -48
26 -49
26 -49
26 -50
26 -51
26 -52
26 -52
26 -52
26 -51
26 -49
26 -48
26 -50
26 -52
26 -55
26 -60
26 -58
26 -60
26 -60
26 -60
26 -60
26 -60
26 -60
26 -61
26 -61
26 -61
26 -62
26 -60
26 -60
26 -60
26 -60
26 -60
26 -59
26 -59
26 -60
26 -61
26 -60
26 -61
26 -66
26 -63
26 -67
26 -60
26 -60
26 -58
26 -58
26 -58
26 -57
26 -57
26 -57
26 -57
26 -58
26 -58
26 -58
26 -58
26 -58
26 -60
26 -61
26 -62
26 -57
26 -57
26 -62
26 -60
26 -60
26 -58
26 -62
26 -64
26 -61
26 -61
26 -60
26 -57
26 -59
26 -57
26 -57
26 -56
26 -56
26 -57
26 -56
26 -56
26 -56
26 -56
26 -56
26 -57
26 -57
26 -57
26 -57
26 -57
26 -57
26 -57
26 -57
26 -57
26 -57
26 -57
26 -56
26 -57
26 -57
26 -57
26 -57
26 -57
26 -57
26 -57
26 -58
26 -58
26 -58
26 -58
26 -58
26 -58
26 -58
26 -58
26 -57
26 -57
26 -57
26 -58
26 -57
26 -57
26 -57
26 -57
26 -57
26 -57
26 -57
26 -57
26 -57
26 -57
26 -57
26 -57
26 -57
26 -57
26 -57
26 -57
26 -57
26 -57
26 -57
26 -57
26 -57
26 -57
26 -57
26 -57
26 -57
26 -57
26 -57
26 -58
26 -58
26 -58
26 -58
26 -58
26 -58
26 -58
26 -58
26 -58
26 -58
26 -58
26 -57
26 -57
26 -57
26 -57
26 -57
26 -57
26 -57
26 -57
26 -58
26 -58
26 -58
26 -58
26 -58
26 -58
26 -58
26 -58
26 -58
26 -58
26 -58
26 -58
26 -58
26 -58
26 -58
26 -58
26 -58
26 -58
26 -58
26 -58
26 -58
26 -58
26 -58
26 -58
26 -58
26 -57
26 -57
26 -57
26 -57
26 -57
26 -57
26 -57
26 -57
26 -57
26 -56
26 -56
26 -56
26 -56
26 -56
26 -57
26 -57
26 -57
26 -56
26 -57
26 -57
26 -57
26 -57
26 -57
26 -57
26 -56
26 -56
26 -54
26 -54
26 -54
26 -54
26 -54
26 -55
26 -56
26 -56
26 -58
26 -59
26 -60
26 -60
26 -61
26 -63
26 -63
26 -63
26 -64
26 -64
26 -64
26 -63
26 -63
26 -63
26 -70
26 -68
26 -63
26 -64
26 -70
26 -71
26 -70
26 -66
26 -64
26 -62
26 -62
26 -62
26 -62
26 -64
26 -65
26 -66
26 -66
26 -66
26 -66
26 -67
26 -68
26 -68
26 -69
26 -70
26 -70
26 -70
26 -70
26 -72
26 -76
26 -51
26 -76
26 -74
26 -72
26 -72
26 -71
26 -70
26 -69
26 -68
26 -67
26 -67
26 -66
26 -68
26 -67
26 -66
26 -67
26 -67
26 -69
26 -68
26 -70
26 -69
26 -68
26 -66
26 -66
26 -66
26 -65
26 -65
26 -66
26 -66
26 -67
26 -65
26 -71
26 -76
26 -76
26 -75
26 -73
26 -72
26 -70
26 -69
26 -68
26 -66
26 -66
26 -66
26 -67
26 -70
26 -72
26 -76
26 -77
26 -78
26 -73
26 -63
26 -71
26 -66
26 -72
26 -62
26 -67
26 -69
26 -63
26 -62
26 -62
26 -61
26 -61
26 -61
26 -61
26 -60
26 -60
26 -63
26 -58
26 -58
26 -58
26 -58
26 -58
26 -58
26 -54
26 -58
26 -58
26 -59
26 -59
26 -58
26 -58
27 -47
27 -48
27 -55
27 -48
27 -48
27 -48
27 -48
27 -48
27 -48
27 -48
27 -47
27 -47
27 -46
27 -46
27 -47
27 -47
27 -48
27 -48
27 -49
27 -48
27 -48
27 -49
27 -49
27 -50
27 -50
27 -50
27 -49
27 -50
27 -50
27 -51
27 -50
27 -50
27 -50
27 -49
27 -48
27 -48
27 -48
27 -48
27 -48
27 -48
27 -48
27 -48
27 -48
27 -48
27 -48
27 -48
27 -48
27 -48
27 -48
27 -48
27 -48
27 -48
27 -48
27 -48
27 -48
27 -48
27 -48
27 -48
27 -48
27 -48
27 -48
27 -48
27 -48
27 -48
27 -48
27 -48
27 -48
27 -48
27 -48
27 -48
27 -47
27 -48
27 -48
27 -48
27 -48
27 -48
27 -48
27 -48
27 -48
27 -48
27 -48
27 -48
27 -48
27 -48
27 -48
27 -48
27 -48
27 -49
27 -50
27 -50
27 -49
27 -49
27 -49
27 -51
27 -51
27 -50
27 -50
27 -50
27 -51
27 -50
27 -51
27 -51
27 -51
27 -51
27 -51
27 -51
27 -51
27 -51
27 -51
27 -50
27 -51
27 -50
27 -50
27 -49
27 -48
27 -47
27 -46
27 -46
27 -48
27 -48
27 -48
27 -48
27 -48
27 -48
27 -46
27 -46
27 -45
27 -45
27 -46
27 -46
27 -46
27 -47
27 -48
27 -46
27 -46
27 -47
27 -48
27 -48
27 -46
27 -47
27 -48
27 -51
27 -51
27 -51
27 -51
27 -51
27 -51
27 -51
27 -51
27 -49
27 -49
27 -48
27 -48
27 -48
27 -48
27 -48
27 -47
27 -47
27 -47
27 -48
27 -47
27 -47
27 -47
27 -47
27 -47
27 -48
27 -47
27 -47
27 -49
27 -49
27 -49
27 -49
27 -49
27 -49
27 -49
27 -49
27 -49
27 -49
27 -49
27 -48
27 -48
27 -48
27 -48
27 -49
27 -48
27 -49
27 -47
27 -47
27 -49
27 -49
27 -49
27 -49
27 -48
27 -48
27 -49
27 -50
27 -51
27 -50
27 -50
27 -51
27 -52
27 -52
27 -53
27 -54
27 -55
27 -55
27 -53
27 -54
27 -54
27 -54
27 -54
27 -53
27 -53
27 -54
27 -53
27 -52
27 -52
27 -52
27 -52
27 -53
27 -58
27 -54
27 -55
27 -55
27 -55
27 -55
27 -56
27 -56
27 -56
27 -56
27 -56
27 -55
27 -55
27 -55
27 -55
27 -55
27 -55
27 -55
27 -54
27 -55
27 -55
27 -55
27 -55
27 -55
27 -55
27 -55
27 -55
27 -56
27 -60
27 -56
27 -57
27 -57
27 -57
27 -57
27 -57
27 -57
27 -57
27 -57
27 -56
27 -55
27 -55
27 -54
27 -54
27 -55
27 -55
27 -55
27 -55
27 -55
27 -55
27 -55
27 -55
27 -55
27 -56
27 -56
27 -57
27 -58
27 -58
27 -58
27 -58
27 -58
27 -58
27 -58
27 -57
27 -55
27 -54
27 -54
27 -54
27 -54
27 -54
27 -54
27 -54
27 -54
27 -54
27 -54
27 -54
27 -54
27 -54
27 -54
27 -54
27 -54
27 -54
27 -54
27 -54
27 -54
27 -54
27 -55
27 -55
27 -56
27 -56
27 -56
27 -57
27 -57
27 -57
27 -57
27 -57
27 -57
27 -57
27 -58
27 -58
27 -58
27 -59
27 -58
27 -58
27 -30
27 -58
27 -58
27 -58
27 -57
27 -57
27 -57
27 -57
27 -56
27 -56
27 -56
27 -56
27 -57
27 -58
27 -59
27 -60
27 -56
27 -56
27 -58
27 -59
27 -64
27 -63
27 -63
27 -63
27 -61
27 -60
27 -57
27 -55
27 -54
27 -53
27 -53
27 -54
27 -54
27 -55
27 -56
27 -56
27 -55
27 -54
27 -56
27 -55
27 -56
27 -56
27 -56
27 -56
27 -57
27 -56
27 -56
27 -55
27 -55
27 -55
27 -54
27 -54
27 -54
27 -53
27 -53
27 -52
27 -52
27 -52
27 -52
27 -52
27 -52
27 -51
27 -51
27 -51
27 -51
27 -52
27 -52
27 -52
27 -51
27 -52
27 -52
27 -51
27 -51
27 -51
27 -51
27 -51
27 -51
27 -51
27 -51
27 -52
27 -52
27 -52
27 -52
27 -52
27 -52
27 -52
27 -52
27 -52
27 -52
27 -52
27 -52
27 -52
27 -52
27 -52
27 -52
27 -52
27 -52
27 -52
27 -52
27 -52
27 -51
27 -51
27 -51
27 -51
27 -52
27 -52
27 -52
27 -52
27 -52
27 -52
27 -52
27 -52
27 -52
27 -52
27 -52
27 -52
27 -52
27 -52
27 -52
27 -52
27 -51
27 -46
27 -50
27 -48
27 -48
27 -48
27 -48
27 -48
27 -50
27 -51
27 -51
27 -51
27 -52
27 -52
27 -52
27 -52
27 -52
27 -52
27 -52
27 -53
27 -54
27 -54
27 -54
27 -54
27 -53
27 -54
27 -54
27 -54
27 -54
28 -64
28 -64
28 -64
28 -64
28 -65
28 -64
28 -65
28 -65
28 -64
28 -64
28 -63
28 -66
28 -68
28 -67
28 -66
28 -70
28 -66
28 -67
28 -68
28 -68
28 -68
28 -67
28 -66
28 -66
28 -66
28 -64
28 -65
28 -66
28 -68
28 -68
28 -68
28 -66
28 -64
28 -66
28 -66
28 -66
28 -67
28 -68
28 -67
28 -68
28 -69
28 -69
28 -68
28 -67
28 -67
28 -68
28 -68
28 -68
28 -68
28 -67
28 -68
28 -68
28 -68
28 -68
28 -67
28 -68
28 -68
28 -69
28 -69
28 -69
28 -69
28 -70
28 -70
28 -70
28 -70
28 -70
28 -70
28 -70
28 -70
28 -70
28 -70
28 -70
28 -70
28 -70
28 -70
28 -70
28 -70
28 -70
28 -70
28 -70
28 -70
28 -70
28 -70
28 -70
28 -72
28 -72
28 -68
28 -70
28 -71
28 -76
28 -70
28 -70
28 -70
28 -70
28 -70
28 -70
28 -74
28 -74
28 -74
28 -74
28 -73
28 -75
28 -73
28 -74
28 -72
28 -73
28 -72
28 -72
28 -72
28 -71
28 -70
28 -66
28 -70
28 -71
28 -69
28 -66
28 -66
28 -64
28 -70
28 -69
28 -68
28 -68
28 -70
28 -70
28 -70
28 -69
28 -69
28 -70
28 -76
28 -75
28 -78
28 -75
28 -69
28 -64
28 -67
28 -66
28 -67
28 -66
28 -66
28 -66
28 -66
28 -66
28 -68
28 -70
28 -70
28 -70
28 -70
28 -70
28 -70
28 -62
28 -62
28 -62
28 -62
28 -61
28 -62
28 -62
28 -62
28 -61
28 -62
28 -63
28 -63
28 -61
28 -61
28 -62
28 -62
28 -62
28 -62
28 -61
28 -61
28 -62
28 -63
28 -63
28 -63
28 -63
28 -62
28 -63
28 -63
28 -62
28 -63
28 -63
28 -64
28 -63
28 -66
28 -66
28 -68
28 -67
28 -62
28 -74
28 -78
28 -76
28 -76
28 -74
28 -70
28 -70
28 -79
28 -72
28 -70
28 -69
28 -69
28 -70
28 -73
28 -74
28 -73
28 -72
28 -70
28 -69
28 -70
28 -69
28 -66
28 -66
28 -66
28 -67
28 -67
28 -67
28 -67
28 -68
28 -68
28 -67
28 -68
28 -67
28 -68
28 -68
28 -68
28 -68
28 -68
28 -68
28 -67
28 -68
28 -67
28 -68
28 -68
28 -68
28 -67
28 -67
28 -61
28 -68
28 -68
28 -68
28 -68
28 -68
28 -69
28 -69
28 -69
28 -69
28 -69
28 -70
28 -70
28 -70
28 -70
28 -70
28 -70
28 -70
28 -69
28 -70
28 -70
28 -70
28 -69
28 -70
28 -70
28 -70
28 -70
28 -70
28 -70
28 -70
28 -70
28 -70
28 -70
28 -70
28 -70
28 -70
28 -70
28 -70
28 -70
28 -70
28 -70
28 -71
28 -71
28 -72
28 -72
28 -73
28 -74
28 -75
28 -77
28 -78
28 -79
28 -80
28 -80
28 -81
28 -82
28 -82
28 -81
28 -82
28 -82
28 -80
28 -79
28 -78
28 -78
28 -77
28 -76
28 -74
28 -73
28 -74
28 -74
28 -72
28 -72
28 -72
28 -72
28 -72
28 -72
28 -71
28 -72
28 -72
28 -72
28 -72
28 -74
28 -75
28 -75
28 -74
28 -75
28 -75
28 -73
28 -74
28 -74
28 -74
28 -74
28 -74
28 -74
28 -75
28 -75
28 -75
28 -72
28 -72
28 -71
28 -71
28 -70
28 -75
28 -70
28 -76
28 -71
28 -71
28 -73
28 -72
28 -76
28 -79
28 -84
28 -82
28 -83
28 -76
28 -74
28 -72
28 -70
28 -70
28 -71
28 -81
28 -74
28 -72
28 -70
28 -70
28 -69
28 -69
28 -70
28 -69
28 -70
28 -69
28 -69
28 -70
28 -70
28 -70
28 -70
28 -70
28 -70
28 -71
28 -70
28 -70
28 -70
28 -70
28 -71
28 -71
28 -72
28 -73
28 -72
28 -72
28 -72
28 -72
28 -72
28 -72
28 -73
28 -72
28 -73
28 -72
28 -73
28 -74
28 -75
28 -76
28 -75
28 -76
28 -78
28 -77
28 -74
28 -77
28 -46
28 -76
28 -75
28 -75
28 -76
28 -75
28 -73
28 -72
28 -73
28 -72
28 -71
28 -72
28 -72
28 -72
28 -71
28 -72
28 -72
28 -72
28 -72
28 -72
28 -72
28 -73
28 -78
28 -69
28 -69
28 -69
28 -65
28 -66
28 -66
28 -66
28 -67
28 -67
28 -68
28 -68
28 -69
28 -69
28 -69
28 -66
28 -70
28 -70
28 -70
28 -69
28 -70
28 -70
28 -70
28 -65
28 -70
28 -72
28 -70
28 -69
28 -69
29 -64
29 -63
29 -63
29 -64
29 -63
29 -63
29 -63
29 -63
29 -63
29 -63
29 -64
29 -64
29 -65
29 -65
29 -62
29 -63
29 -63
29 -63
29 -63
29 -63
29 -63
29 -64
29 -64
29 -64
29 -64
29 -64
29 -64
29 -65
29 -66
29 -66
29 -69
29 -68
29 -67
29 -30
29 -67
29 -68
29 -67
29 -68
29 -68
29 -68
29 -68
29 -68
29 -67
29 -67
29 -67
29 -67
29 -68
29 -68
29 -67
29 -67
29 -67
29 -67
29 -66
29 -67
29 -67
29 -67
29 -67
29 -67
29 -67
29 -67
29 -67
29 -68
29 -67
29 -67
29 -68
29 -68
29 -67
29 -67
29 -67
29 -67
29 -67
29 -68
29 -67
29 -67
29 -67
29 -66
29 -68
29 -65
29 -66
29 -66
29 -66
29 -63
29 -66
29 -64
29 -63
29 -65
29 -65
29 -64
29 -64
29 -64
29 -64
29 -72
29 -64
29 -64
29 -64
29 -64
29 -64
29 -64
29 -64
29 -65
29 -66
29 -69
29 -67
29 -66
29 -64
29 -65
29 -66
29 -66
29 -66
29 -66
29 -66
29 -66
29 -66
29 -67
29 -71
29 -72
29 -73
29 -73
29 -72
29 -69
29 -66
29 -72
29 -74
29 -70
29 -68
29 -72
29 -64
29 -63
29 -62
29 -61
29 -61
29 -60
29 -60
29 -61
29 -60
29 -60
29 -64
29 -65
29 -64
29 -65
29 -65
29 -66
29 -66
29 -66
29 -66
29 -64
29 -64
29 -65
29 -67
29 -65
29 -64
29 -64
29 -64
29 -64
29 -64
29 -64
29 -64
29 -64
29 -64
29 -64
29 -64
29 -64
29 -64
29 -64
29 -64
29 -64
29 -64
29 -63
29 -63
29 -64
29 -64
29 -63
29 -61
29 -60
29 -60
29 -60
29 -60
29 -60
29 -60
29 -60
29 -69
29 -62
29 -60
29 -62
29 -62
29 -63
29 -64
29 -66
29 -67
29 -67
29 -65
29 -64
29 -63
29 -63
29 -63
29 -64
29 -64
29 -64
29 -64
29 -65
29 -66
29 -67
29 -67
29 -67
29 -67
29 -67
29 -67
29 -67
29 -67
29 -66
29 -66
29 -66
29 -66
29 -66
29 -65
29 -66
29 -65
29 -66
29 -66
29 -66
29 -66
29 -65
29 -66
29 -66
29 -66
29 -66
29 -66
29 -69
29 -68
29 -67
29 -68
29 -68
29 -68
29 -67
29 -68
29 -67
29 -67
29 -67
29 -67
29 -67
29 -67
29 -68
29 -67
29 -68
29 -68
29 -69
29 -70
29 -70
29 -70
29 -69
29 -69
29 -69
29 -69
29 -68
29 -68
29 -68
29 -68
29 -68
29 -66
29 -67
29 -67
29 -67
29 -67
29 -66
29 -66
29 -66
29 -66
29 -66
29 -64
29 -64
29 -64
29 -64
29 -64
29 -64
29 -59
29 -64
29 -64
29 -64
29 -64
29 -64
29 -64
29 -64
29 -65
29 -65
29 -65
29 -65
29 -66
29 -66
29 -66
29 -66
29 -69
29 -71
29 -73
29 -76
29 -75
29 -75
29 -75
29 -75
29 -76
29 -75
29 -75
29 -75
29 -75
29 -74
29 -70
29 -72
29 -72
29 -72
29 -73
29 -73
29 -73
29 -74
29 -75
29 -75
29 -75
29 -73
29 -73
29 -75
29 -73
29 -71
29 -70
29 -69
29 -65
29 -66
29 -66
29 -66
29 -65
29 -64
29 -64
29 -63
29 -62
29 -61
29 -61
29 -61
29 -61
29 -67
29 -62
29 -63
29 -64
29 -64
29 -64
29 -64
29 -64
29 -64
29 -64
29 -65
29 -66
29 -60
29 -68
29 -69
29 -70
29 -70
29 -68
29 -67
29 -66
29 -66
29 -67
29 -68
29 -69
29 -70
29 -70
29 -69
29 -69
29 -69
29 -68
29 -66
29 -66
29 -65
29 -65
29 -64
29 -64
29 -72
29 -64
29 -64
29 -65
29 -65
29 -66
29 -64
29 -64
29 -64
29 -64
29 -64
29 -64
29 -64
29 -64
29 -64
29 -64
29 -64
29 -64
29 -64
29 -64
29 -64
29 -64
29 -64
29 -64
29 -64
29 -64
29 -64
29 -65
29 -66
29 -66
29 -66
29 -66
29 -66
29 -66
29 -65
29 -66
29 -67
29 -68
29 -68
29 -70
29 -70
29 -71
29 -70
29 -70
29 -69
29 -69
29 -68
29 -68
29 -68
29 -64
29 -64
29 -66
29 -64
29 -66
29 -64
29 -66
29 -67
29 -67
29 -66
29 -66
29 -66
29 -66
29 -66
29 -66
29 -66
29 -66
29 -66
29 -66
29 -65
29 -65
29 -65
29 -64
29 -65
29 -65
29 -65
29 -65
29 -65
29 -65
29 -66
29 -66
29 -66
30 -79
30 -78
30 -78
30 -78
30 -78
30 -77
30 -78
30 -78
30 -79
30 -82
30 -80
30 -74
30 -78
30 -73
30 -77
30 -78
30 -78
30 -78
30 -77
30 -78
30 -82
30 -83
30 -85
30 -83
30 -82
30 -82
30 -83
30 -83
30 -83
30 -83
30 -82
30 -82
30 -80
30 -80
30 -82
30 -72
30 -81
30 -81
30 -80
30 -80
30 -81
30 -81
30 -81
30 -79
30 -81
30 -81
30 -83
30 -80
30 -80
30 -80
30 -75
30 -75
30 -75
30 -76
30 -77
30 -76
30 -76
30 -76
30 -76
30 -76
30 -75
30 -75
30 -75
30 -76
30 -67
30 -76
30 -76
30 -77
30 -78
30 -77
30 -82
30 -83
30 -82
30 -81
30 -81
30 -83
30 -84
30 -84
30 -76
30 -74
30 -72
30 -73
30 -72
30 -74
30 -79
30 -83
30 -83
30 -78
30 -79
30 -82
30 -81
30 -86
30 -73
30 -83
30 -83
30 -81
30 -82
30 -79
30 -83
30 -82
30 -81
30 -85
30 -85
30 -84
30 -87
30 -84
30 -83
30 -88
30 -83
30 -74
30 -79
30 -79
30 -78
30 -76
30 -77
30 -76
30 -76
30 -76
30 -76
30 -76
30 -54
30 -78
30 -78
30 -78
30 -77
30 -77
30 -30
30 -75
30 -75
30 -75
30 -52
30 -76
30 -76
30 -76
30 -71
30 -76
30 -76
30 -76
30 -76
30 -75
30 -77
30 -77
30 -76
30 -76
30 -76
30 -76
30 -76
30 -76
30 -76
30 -62
30 -76
30 -75
30 -76
30 -75
30 -75
30 -76
30 -75
30 -75
30 -76
30 -76
30 -76
30 -76
30 -76
30 -76
30 -76
30 -76
30 -76
30 -76
30 -76
30 -76
30 -77
30 -77
30 -77
30 -78
30 -77
30 -77
30 -74
30 -78
30 -77
30 -77
30 -77
30 -77
30 -77
30 -77
30 -77
30 -76
30 -76
30 -77
30 -77
30 -76
30 -78
30 -78
30 -78
30 -77
30 -78
30 -78
30 -77
30 -76
30 -77
30 -77
30 -77
30 -76
30 -76
30 -76
30 -76
30 -76
30 -75
30 -75
30 -75
30 -75
30 -74
30 -74
30 -74
30 -75
30 -75
30 -75
30 -75
30 -75
30 -75
30 -75
30 -75
30 -75
30 -75
30 -76
30 -76
30 -76
30 -76
30 -76
30 -76
30 -76
30 -76
30 -76
30 -76
30 -76
30 -76
30 -76
30 -76
30 -76
30 -76
30 -76
30 -76
30 -76
30 -76
30 -77
30 -80
30 -78
30 -77
30 -79
30 -79
30 -80
30 -81
30 -81
30 -81
30 -80
30 -78
30 -78
30 -78
30 -78
30 -76
30 -72
30 -74
30 -75
30 -70
30 -77
30 -77
30 -77
30 -76
30 -76
30 -75
30 -75
30 -75
30 -75
30 -74
30 -74
30 -74
30 -73
30 -73
30 -73
30 -73
30 -73
30 -73
30 -73
30 -73
30 -69
30 -75
30 -74
30 -73
30 -74
30 -75
30 -75
30 -75
30 -75
30 -73
30 -76
30 -74
30 -76
30 -75
30 -75
30 -76
30 -76
30 -76
30 -63
30 -76
30 -76
30 -76
30 -75
30 -75
30 -74
30 -75
30 -74
30 -74
30 -74
30 -74
30 -74
30 -74
30 -74
30 -74
30 -73
30 -72
30 -72
30 -72
30 -72
30 -72
30 -72
30 -72
30 -72
30 -73
30 -73
30 -73
30 -73
30 -74
30 -74
30 -84
30 -80
30 -76
30 -74
30 -73
30 -74
30 -74
30 -73
30 -73
30 -72
30 -72
30 -72
30 -72
30 -72
30 -72
30 -72
30 -72
30 -72
30 -71
30 -72
30 -72
30 -72
30 -71
30 -72
30 -72
30 -72
31 -76
31 -76
31 -76
31 -76
31 -76
31 -76
31 -76
31 -76
31 -75
31 -76
31 -79
31 -78
31 -81
31 -68
31 -78
31 -78
31 -78
31 -78
31 -79
31 -75
31 -78
31 -74
31 -75
31 -77
31 -78
31 -77
31 -66
31 -76
31 -76
31 -76
31 -76
31 -76
31 -76
31 -76
31 -76
31 -76
31 -76
31 -75
31 -75
31 -75
31 -75
31 -75
31 -75
31 -74
31 -75
31 -74
31 -73
31 -74
31 -74
31 -74
31 -74
31 -74
31 -75
31 -74
31 -74
31 -75
31 -75
31 -75
31 -74
31 -63
31 -70
31 -74
31 -74
31 -74
31 -76
31 -75
31 -76
31 -75
31 -76
31 -76
31 -76
31 -76
31 -77
31 -77
31 -79
31 -81
31 -79
31 -79
31 -78
31 -78
31 -78
31 -78
31 -78
31 -78
31 -78
31 -77
31 -78
31 -80
31 -80
31 -82
31 -81
31 -81
31 -78
31 -77
31 -78
31 -77
31 -76
31 -76
31 -75
31 -75
31 -76
31 -76
31 -78
31 -76
31 -75
31 -76
31 -80
31 -80
31 -78
31 -80
31 -79
31 -82
31 -83
31 -81
31 -85
31 -83
31 -83
31 -85
31 -59
31 -84
31 -83
31 -82
31 -82
31 -84
31 -81
31 -77
31 -78
31 -79
31 -80
31 -80
31 -81
31 -80
31 -80
31 -78
31 -77
31 -76
31 -78
31 -76
31 -77
31 -76
31 -78
31 -79
31 -78
31 -79
31 -81
31 -80
31 -80
31 -80
31 -81
31 -78
31 -78
31 -78
31 -77
31 -77
31 -77
31 -77
31 -77
31 -78
31 -78
31 -78
31 -78
31 -78
31 -79
31 -80
31 -80
31 -81
31 -81
31 -80
31 -79
31 -79
31 -79
31 -78
31 -77
31 -79
31 -78
31 -77
31 -78
31 -81
31 -77
31 -78
31 -78
31 -77
31 -77
31 -78
31 -78
31 -78
31 -78
31 -78
31 -78
31 -78
31 -78
31 -78
31 -78
31 -78
31 -78
31 -78
31 -78
31 -78
31 -78
31 -78
31 -78
31 -78
31 -78
31 -78
31 -78
31 -78
31 -78
31 -78
31 -78
31 -78
31 -78
31 -78
31 -78
31 -79
31 -79
31 -79
31 -79
31 -78
31 -78
31 -78
31 -77
31 -78
31 -76
31 -76
31 -76
31 -76
31 -76
31 -76
31 -76
31 -76
31 -76
31 -73
31 -76
31 -76
31 -76
31 -76
31 -76
31 -76
31 -76
31 -76
31 -77
31 -76
31 -76
31 -76
31 -76
31 -76
31 -76
31 -76
31 -75
31 -76
31 -77
31 -77
31 -76
31 -78
31 -80
31 -80
31 -80
31 -83
31 -82
31 -81
31 -81
31 -80
31 -79
31 -78
31 -78
31 -79
31 -79
31 -78
31 -78
31 -78
31 -78
31 -78
31 -77
31 -78
31 -79
31 -79
31 -79
31 -78
31 -79
31 -80
31 -79
31 -80
31 -79
31 -79
31 -79
31 -78
31 -79
31 -79
31 -79
31 -78
31 -77
31 -78
31 -79
31 -79
31 -80
31 -79
31 -79
31 -81
31 -81
31 -80
31 -80
31 -79
31 -79
31 -79
31 -79
31 -79
31 -78
31 -78
31 -79
31 -79
31 -74
31 -78
31 -79
31 -78
31 -79
31 -80
31 -80
31 -80
31 -80
31 -81
31 -80
31 -81
31 -81
31 -80
31 -79
31 -78
31 -79
31 -78
31 -79
31 -78
31 -78
31 -80
31 -82
31 -78
31 -78
31 -79
31 -78
31 -78
31 -78
31 -77
31 -77
31 -76
31 -76
31 -76
31 -74
31 -52
31 -76
31 -76
31 -76
31 -76
31 -77
31 -76
31 -76
32 -66
32 -67
32 -68
32 -68
32 -68
32 -68
32 -68
32 -68
32 -68
32 -68
32 -68
32 -67
32 -71
32 -68
32 -68
32 -68
32 -51
32 -67
32 -66
32 -67
32 -67
32 -66
32 -65
32 -65
32 -66
32 -66
32 -66
32 -67
32 -70
32 -71
32 -74
32 -69
32 -73
32 -79
32 -75
32 -70
32 -69
32 -71
32 -74
32 -76
32 -75
32 -76
32 -75
32 -73
32 -73
32 -76
32 -78
32 -82
32 -82
32 -82
32 -81
32 -81
32 -76
32 -76
32 -74
32 -74
32 -73
32 -73
32 -73
32 -73
32 -71
32 -72
32 -71
32 -70
32 -69
32 -76
32 -73
32 -64
32 -66
32 -67
32 -69
32 -68
32 -67
32 -67
32 -76
32 -76
32 -76
32 -75
32 -75
32 -75
32 -73
32 -75
32 -75
32 -76
32 -76
32 -75
32 -75
32 -74
32 -73
32 -75
32 -75
32 -74
32 -73
32 -71
32 -69
32 -68
32 -69
32 -69
32 -69
32 -69
32 -68
32 -66
32 -65
32 -64
32 -64
32 -66
32 -67
32 -70
32 -76
32 -70
32 -66
32 -66
32 -67
32 -64
32 -64
32 -67
32 -68
32 -64
32 -65
32 -66
32 -64
32 -64
32 -66
32 -64
32 -64
32 -63
32 -63
32 -63
32 -62
32 -62
32 -60
32 -60
32 -60
32 -61
32 -61
32 -61
32 -61
32 -60
32 -60
32 -60
32 -60
32 -60
32 -61
32 -60
32 -60
32 -60
32 -60
32 -60
32 -60
32 -60
32 -60
32 -60
32 -60
32 -60
32 -60
32 -60
32 -60
32 -60
32 -60
32 -60
32 -59
32 -58
32 -59
32 -60
32 -60
32 -60
32 -60
32 -61
32 -62
32 -63
32 -64
32 -64
32 -64
32 -64
32 -65
32 -65
32 -67
32 -71
32 -56
32 -65
32 -64
32 -62
32 -55
32 -60
32 -60
32 -60
32 -60
32 -60
32 -61
32 -61
32 -62
32 -62
32 -63
32 -63
32 -61
32 -64
32 -64
32 -64
32 -64
32 -64
32 -64
32 -65
32 -64
32 -64
32 -64
32 -63
32 -63
32 -63
32 -62
32 -62
32 -62
32 -62
32 -61
32 -62
32 -62
32 -62
32 -57
32 -62
32 -63
32 -62
32 -63
32 -62
32 -62
32 -62
32 -62
32 -62
32 -62
32 -62
32 -62
32 -62
32 -62
32 -62
32 -61
32 -62
32 -62
32 -62
32 -62
32 -62
32 -62
32 -62
32 -62
32 -62
32 -62
32 -62
32 -62
32 -62
32 -62
32 -62
32 -62
32 -62
32 -62
32 -62
32 -62
32 -62
32 -62
32 -62
32 -62
32 -62
32 -61
32 -61
32 -61
32 -61
32 -60
32 -60
32 -60
32 -60
32 -60
32 -60
32 -60
32 -61
32 -61
32 -61
32 -61
32 -60
32 -56
32 -61
32 -60
32 -61
32 -60
32 -61
32 -61
32 -61
32 -60
32 -61
32 -62
32 -62
32 -62
32 -62
32 -63
32 -63
32 -64
32 -64
32 -64
32 -64
32 -64
32 -64
32 -63
32 -63
32 -63
32 -63
32 -63
32 -63
32 -62
32 -62
32 -62
32 -63
32 -62
32 -63
32 -63
32 -63
32 -63
32 -63
32 -63
32 -63
32 -63
32 -64
32 -63
32 -62
32 -62
32 -60
32 -60
32 -62
32 -64
32 -64
32 -64
32 -64
32 -64
32 -64
32 -64
32 -64
32 -63
32 -63
32 -63
32 -63
32 -63
32 -62
32 -63
32 -63
32 -63
32 -64
32 -66
32 -68
32 -69
32 -69
32 -70
32 -70
32 -70
32 -70
32 -68
32 -66
32 -66
32 -66
32 -66
32 -65
32 -66
32 -66
32 -66
32 -66
32 -65
32 -65
32 -65
32 -64
32 -64
32 -64
32 -64
32 -65
32 -65
32 -64
32 -65
32 -65
32 -65
32 -65
32 -64
32 -64
32 -64
32 -64
32 -64
32 -64
32 -64
32 -64
32 -64
32 -64
32 -64
32 -64
32 -64
32 -64
32 -64
32 -64
32 -63
32 -63
32 -64
32 -63
32 -64
32 -64
32 -63
32 -64
32 -63
32 -64
32 -64
32 -64
32 -64
32 -64
32 -64
32 -64
32 -64
32 -64
32 -64
32 -64
32 -64
32 -64
32 -64
32 -64
32 -64
32 -64
32 -64
32 -65
32 -64
32 -65
32 -72
32 -65
32 -65
32 -65
32 -64
32 -64
32 -71
32 -65
32 -64
32 -62
32 -62
32 -62
32 -61
32 -61
32 -61
32 -69
32 -62
32 -62
32 -62
32 -62
32 -62
32 -62
32 -62
32 -62
32 -63
32 -63
32 -64
32 -63
32 -63
32 -63
32 -63
32 -63
32 -64
32 -64
32 -64
32 -64
32 -64
32 -64
33 -76
33 -78
33 -78
33 -48
33 -77
33 -79
33 -80
33 -77
33 -79
33 -77
33 -66
33 -69
33 -70
33 -69
33 -71
33 -70
33 -69
33 -70
33 -71
33 -72
33 -73
33 -73
33 -75
33 -74
33 -72
33 -70
33 -59
33 -63
33 -60
33 -60
33 -60
33 -62
33 -61
33 -61
33 -61
33 -61
33 -60
33 -60
33 -65
33 -64
33 -60
33 -60
33 -60
33 -60
33 -60
33 -60
33 -60
33 -60
33 -60
33 -60
33 -60
33 -60
33 -60
33 -60
33 -60
33 -60
33 -60
33 -60
33 -61
33 -61
33 -61
33 -61
33 -61
33 -61
33 -61
33 -61
33 -61
33 -61
33 -60
33 -61
33 -60
33 -61
33 -61
33 -61
33 -61
33 -61
33 -65
33 -74
33 -76
33 -76
33 -75
33 -73
33 -71
33 -72
33 -72
33 -72
33 -72
33 -70
33 -70
33 -69
33 -69
33 -68
33 -69
33 -69
33 -70
33 -70
33 -70
33 -70
33 -72
33 -73
33 -73
33 -72
33 -71
33 -73
33 -76
33 -74
33 -73
33 -72
33 -72
33 -74
33 -74
33 -73
33 -72
33 -70
33 -65
33 -63
33 -64
33 -64
33 -63
33 -63
33 -62
33 -59
33 -67
33 -76
33 -70
33 -67
33 -64
33 -63
33 -63
33 -64
33 -64
33 -64
33 -63
33 -63
33 -64
33 -64
33 -62
33 -62
33 -62
33 -62
33 -69
33 -62
33 -63
33 -63
33 -63
33 -63
33 -62
33 -62
33 -62
33 -62
33 -62
33 -62
33 -62
33 -62
33 -62
33 -61
33 -61
33 -61
33 -61
33 -61
33 -60
33 -61
33 -61
33 -61
33 -60
33 -61
33 -60
33 -60
33 -60
33 -60
33 -62
33 -61
33 -60
33 -60
33 -60
33 -60
33 -62
33 -61
33 -61
33 -62
33 -63
33 -69
33 -74
33 -64
33 -60
33 -63
33 -61
33 -60
33 -61
33 -62
33 -62
33 -62
33 -63
33 -63
33 -63
33 -61
33 -60
33 -58
33 -58
33 -58
33 -58
33 -58
33 -60
33 -61
33 -61
33 -62
33 -62
33 -62
33 -61
33 -61
33 -60
33 -60
33 -60
33 -60
33 -60
33 -60
33 -60
33 -60
33 -60
33 -59
33 -59
33 -59
33 -59
33 -59
33 -60
33 -59
33 -59
33 -59
33 -59
33 -60
33 -60
33 -59
33 -59
33 -60
33 -60
33 -60
33 -60
33 -59
33 -59
33 -59
33 -59
33 -59
33 -59
33 -59
33 -59
33 -59
33 -59
33 -60
33 -60
33 -60
33 -60
33 -60
33 -60
33 -60
33 -61
33 -61
33 -62
33 -62
33 -62
33 -62
33 -62
33 -62
33 -61
33 -62
33 -61
33 -61
33 -61
33 -61
33 -61
33 -61
33 -60
33 -60
33 -60
33 -59
33 -59
33 -59
33 -58
33 -58
33 -58
33 -58
33 -57
33 -57
33 -57
33 -57
33 -57
33 -57
33 -57
33 -57
33 -58
33 -58
33 -58
33 -58
33 -57
33 -58
33 -58
33 -58
33 -58
33 -58
33 -58
33 -58
33 -60
33 -60
33 -61
33 -62
33 -63
33 -62
33 -62
33 -61
33 -63
33 -63
33 -63
33 -63
33 -63
33 -63
33 -63
33 -63
33 -63
33 -63
33 -63
33 -63
33 -62
33 -62
33 -62
33 -63
33 -63
33 -63
33 -63
33 -63
33 -63
33 -63
33 -62
33 -61
33 -61
33 -60
33 -60
33 -64
33 -60
33 -60
33 -60
33 -60
33 -60
33 -59
33 -59
33 -59
33 -61
33 -61
33 -59
33 -60
33 -61
33 -62
33 -62
33 -61
33 -61
33 -61
33 -61
33 -61
33 -61
33 -61
33 -62
33 -61
33 -61
33 -61
33 -61
33 -61
33 -61
33 -61
33 -62
33 -62
33 -62
33 -61
33 -62
33 -62
33 -62
33 -62
33 -62
33 -62
33 -62
33 -62
33 -70
33 -62
33 -62
33 -63
33 -62
33 -67
33 -61
33 -62
33 -62
33 -61
33 -61
33 -61
33 -61
33 -61
33 -61
33 -61
33 -62
33 -62
33 -62
33 -62
33 -63
33 -63
33 -63
33 -63
33 -62
33 -63
33 -62
33 -59
33 -63
33 -64
33 -63
33 -63
33 -64
33 -64
33 -63
33 -63
33 -63
33 -62
33 -63
33 -62
33 -62
33 -54
33 -62
33 -64
33 -68
33 -66
33 -67
33 -68
33 -76
33 -75
33 -75
33 -69
33 -79
33 -86
33 -80
33 -76
33 -76
33 -75
33 -76
33 -76
33 -75
33 -75
33 -76
33 -76
34 -60
34 -51
34 -60
34 -60
34 -60
34 -61
34 -61
34 -60
34 -61
34 -60
34 -60
34 -60
34 -60
34 -60
34 -60
34 -60
34 -60
34 -64
34 -66
34 -67
34 -68
34 -67
34 -68
34 -68
34 -70
34 -71
34 -71
34 -73
34 -75
34 -70
34 -67
34 -70
34 -76
34 -76
34 -73
34 -70
34 -73
34 -73
34 -73
34 -73
34 -73
34 -72
34 -72
34 -73
34 -75
34 -77
34 -77
34 -78
34 -76
34 -74
34 -72
34 -70
34 -69
34 -67
34 -66
34 -66
34 -66
34 -66
34 -66
34 -66
34 -66
34 -65
34 -64
34 -65
34 -65
34 -66
34 -65
34 -65
34 -66
34 -66
34 -66
34 -59
34 -64
34 -63
34 -64
34 -64
34 -63
34 -64
34 -64
34 -63
34 -60
34 -60
34 -60
34 -60
34 -59
34 -59
34 -59
34 -59
34 -59
34 -59
34 -59
34 -59
34 -59
34 -59
34 -58
34 -59
34 -59
34 -59
34 -59
34 -58
34 -59
34 -58
34 -59
34 -60
34 -62
34 -62
34 -61
34 -60
34 -60
34 -61
34 -64
34 -70
34 -76
34 -67
34 -64
34 -62
34 -63
34 -64
34 -68
34 -70
34 -61
34 -59
34 -58
34 -58
34 -58
34 -58
34 -58
34 -60
34 -60
34 -61
34 -61
34 -62
34 -62
34 -61
34 -62
34 -59
34 -59
34 -58
34 -58
34 -58
34 -59
34 -59
34 -59
34 -58
34 -59
34 -59
34 -60
34 -59
34 -59
34 -59
34 -59
34 -59
34 -59
34 -59
34 -59
34 -59
34 -58
34 -59
34 -59
34 -59
34 -59
34 -59
34 -60
34 -60
34 -60
34 -59
34 -59
34 -58
34 -58
34 -58
34 -59
34 -60
34 -63
34 -64
34 -64
34 -63
34 -62
34 -62
34 -62
34 -63
34 -62
34 -63
34 -62
34 -59
34 -59
34 -60
34 -60
34 -60
34 -60
34 -59
34 -60
34 -60
34 -59
34 -58
34 -58
34 -58
34 -58
34 -59
34 -60
34 -60
34 -60
34 -60
34 -60
34 -59
34 -59
34 -60
34 -60
34 -60
34 -60
34 -60
34 -60
34 -60
34 -60
34 -60
34 -60
34 -60
34 -60
34 -60
34 -60
34 -60
34 -60
34 -59
34 -59
34 -59
34 -59
34 -59
34 -60
34 -59
34 -60
34 -60
34 -60
34 -60
34 -60
34 -60
34 -60
34 -60
34 -60
34 -60
34 -60
34 -60
34 -60
34 -60
34 -60
34 -60
34 -60
34 -60
34 -61
34 -61
34 -62
34 -62
34 -63
34 -62
34 -62
34 -62
34 -62
34 -62
34 -62
34 -62
34 -62
34 -62
34 -61
34 -61
34 -61
34 -61
34 -61
34 -60
34 -60
34 -60
34 -60
34 -60
34 -59
34 -60
34 -60
34 -59
34 -60
34 -60
34 -60
34 -60
34 -60
34 -60
34 -60
34 -60
34 -60
34 -60
34 -60
34 -60
34 -60
34 -60
34 -60
34 -57
34 -60
34 -60
34 -60
34 -59
34 -60
34 -60
34 -60
34 -60
34 -60
34 -60
34 -60
34 -60
34 -60
34 -60
34 -60
34 -61
34 -61
34 -62
34 -62
34 -63
34 -57
34 -63
34 -63
34 -63
34 -63
34 -62
34 -62
34 -63
34 -63
34 -63
34 -64
34 -64
34 -64
34 -63
34 -64
34 -64
34 -63
34 -63
34 -62
34 -62
34 -62
34 -62
34 -62
34 -62
34 -63
34 -63
34 -64
34 -63
34 -63
34 -62
34 -64
34 -64
34 -64
34 -64
34 -64
34 -63
34 -63
34 -63
34 -63
34 -63
34 -63
34 -62
34 -62
34 -62
34 -62
34 -62
34 -62
34 -62
34 -62
34 -62
34 -61
34 -69
34 -61
34 -61
34 -61
34 -60
34 -60
34 -60
34 -60
34 -61
34 -62
34 -62
34 -62
34 -62
34 -62
34 -62
34 -62
34 -62
34 -62
34 -61
34 -61
34 -62
34 -62
34 -62
34 -63
34 -63
34 -63
34 -63
34 -63
34 -63
34 -63
34 -63
34 -63
34 -63
34 -63
34 -63
34 -62
34 -62
34 -61
34 -61
34 -62
34 -62
34 -61
34 -61
34 -61
34 -62
34 -61
34 -68
34 -61
34 -61
34 -61
34 -61
34 -61
34 -61
34 -61
34 -61
34 -61
34 -61
34 -62
34 -62
34 -62
34 -63
34 -62
34 -62
34 -63
34 -63
34 -63
34 -63
34 -63
34 -64
34 -64
34 -64
34 -64
34 -64
34 -64
34 -64
34 -64
34 -64
34 -64
34 -64
34 -64
34 -64
34 -64
34 -64
34 -64
34 -64
34 -64
34 -64
34 -64
34 -64
34 -64
35 -70
35 -70
35 -69
35 -69
35 -69
35 -69
35 -69
35 -69
35 -69
35 -69
35 -68
35 -69
35 -69
35 -69
35 -68
35 -69
35 -68
35 -69
35 -66
35 -66
35 -66
35 -66
35 -66
35 -66
35 -66
35 -66
35 -66
35 -66
35 -66
35 -66
35 -69
35 -71
35 -69
35 -66
35 -66
35 -66
35 -66
35 -65
35 -65
35 -64
35 -64
35 -64
35 -64
35 -64
35 -64
35 -65
35 -64
35 -64
35 -64
35 -64
35 -64
35 -64
35 -64
35 -30
35 -64
35 -64
35 -64
35 -64
35 -65
35 -65
35 -65
35 -64
35 -64
35 -64
35 -64
35 -64
35 -64
35 -64
35 -64
35 -49
35 -64
35 -64
35 -48
35 -64
35 -64
35 -64
35 -64
35 -64
35 -64
35 -64
35 -64
35 -64
35 -64
35 -64
35 -64
35 -64
35 -64
35 -64
35 -64
35 -64
35 -64
35 -64
35 -64
35 -64
35 -64
35 -64
35 -64
35 -69
35 -70
35 -69
35 -70
35 -69
35 -69
35 -69
35 -70
35 -69
35 -69
35 -69
35 -69
35 -69
35 -69
35 -69
35 -68
35 -69
35 -64
35 -64
35 -64
35 -64
35 -66
35 -65
35 -64
35 -64
35 -64
35 -64
35 -64
35 -63
35 -64
35 -64
35 -65
35 -64
35 -64
35 -64
35 -65
35 -65
35 -64
35 -64
35 -62
35 -62
35 -68
35 -70
35 -73
35 -76
35 -81
35 -80
35 -79
35 -80
35 -74
35 -74
35 -74
35 -73
35 -74
35 -74
35 -74
35 -73
35 -74
35 -75
35 -75
35 -74
35 -73
35 -73
35 -72
35 -72
35 -72
35 -72
35 -72
35 -73
35 -75
35 -75
35 -74
35 -74
35 -74
35 -75
35 -76
35 -78
35 -75
35 -78
35 -75
35 -85
35 -84
35 -83
35 -76
35 -83
35 -83
35 -83
35 -79
35 -77
35 -78
35 -62
35 -83
35 -80
35 -76
35 -76
35 -75
35 -75
35 -76
35 -76
35 -78
35 -78
35 -77
35 -78
35 -79
35 -79
35 -81
35 -82
35 -82
35 -82
35 -81
35 -81
35 -80
35 -79
35 -80
35 -78
35 -79
35 -71
35 -78
35 -70
35 -80
35 -81
35 -80
35 -76
35 -72
35 -80
35 -79
35 -78
35 -78
35 -77
35 -77
35 -78
35 -78
35 -82
35 -84
35 -84
35 -82
35 -82
35 -82
35 -83
35 -83
35 -83
35 -84
35 -82
35 -79
35 -70
35 -78
35 -76
35 -76
35 -74
35 -74
35 -73
35 -72
35 -72
35 -72
35 -72
35 -72
35 -72
35 -72
35 -72
35 -72
35 -72
35 -73
35 -73
35 -74
35 -75
35 -75
35 -75
35 -75
35 -73
35 -76
35 -76
35 -76
35 -75
35 -74
35 -74
35 -74
35 -75
35 -75
35 -76
35 -75
35 -74
35 -82
35 -80
35 -79
35 -63
35 -80
35 -80
35 -82
35 -84
35 -83
35 -76
35 -75
35 -76
35 -76
35 -60
35 -75
35 -75
35 -75
35 -74
35 -75
35 -75
35 -76
35 -77
35 -77
35 -77
35 -76
35 -75
35 -75
35 -75
35 -76
35 -76
35 -77
35 -77
35 -79
35 -78
35 -71
35 -77
35 -77
35 -77
35 -70
35 -77
35 -77
35 -78
35 -77
35 -77
35 -77
35 -78
35 -80
35 -79
35 -80
35 -76
35 -80
35 -79
35 -78
35 -78
35 -76
35 -76
35 -77
35 -78
35 -79
35 -80
35 -80
35 -78
35 -76
35 -76
35 -76
35 -76
35 -75
35 -68
35 -76
35 -77
35 -80
35 -81
35 -77
35 -78
35 -81
35 -82
35 -79
35 -78
35 -78
35 -76
35 -76
35 -76
35 -75
35 -74
35 -72
35 -73
36 -70
36 -70
36 -70
36 -69
36 -69
36 -68
36 -68
36 -68
36 -68
36 -70
36 -69
36 -70
36 -68
36 -66
36 -68
36 -70
36 -71
36 -71
36 -71
36 -72
36 -72
36 -73
36 -74
36 -74
36 -75
36 -76
36 -76
36 -74
36 -72
36 -71
36 -78
36 -80
36 -82
36 -76
36 -72
36 -72
36 -74
36 -73
36 -72
36 -71
36 -71
36 -71
36 -71
36 -70
36 -71
36 -72
36 -72
36 -71
36 -70
36 -70
36 -70
36 -70
36 -70
36 -70
36 -70
36 -70
36 -70
36 -70
36 -70
36 -70
36 -67
36 -70
36 -70
36 -70
36 -70
36 -70
36 -70
36 -70
36 -69
36 -58
36 -69
36 -70
36 -70
36 -69
36 -69
36 -70
36 -69
36 -70
36 -70
36 -68
36 -68
36 -69
36 -68
36 -70
36 -72
36 -72
36 -70
36 -67
36 -67
36 -67
36 -67
36 -68
36 -68
36 -68
36 -68
36 -68
36 -68
36 -68
36 -65
36 -68
36 -65
36 -68
36 -68
36 -69
36 -69
36 -69
36 -69
36 -70
36 -70
36 -72
36 -74
36 -72
36 -74
36 -68
36 -70
36 -71
36 -72
36 -75
36 -80
36 -84
36 -70
36 -73
36 -70
36 -70
36 -74
36 -74
36 -75
36 -72
36 -70
36 -70
36 -72
36 -72
36 -72
36 -76
36 -73
36 -70
36 -69
36 -69
36 -69
36 -68
36 -67
36 -69
36 -71
36 -78
36 -78
36 -80
36 -82
36 -77
36 -78
36 -79
36 -78
36 -76
36 -61
36 -75
36 -78
36 -76
36 -75
36 -75
36 -76
36 -80
36 -81
36 -78
36 -78
36 -78
36 -79
36 -75
36 -73
36 -74
36 -74
36 -73
36 -70
36 -69
36 -68
36 -68
36 -70
36 -66
36 -66
36 -67
36 -69
36 -69
36 -69
36 -69
36 -70
36 -70
36 -72
36 -68
36 -70
36 -70
36 -70
36 -70
36 -70
36 -70
36 -70
36 -70
36 -70
36 -70
36 -70
36 -70
36 -70
36 -69
36 -69
36 -70
36 -70
36 -69
36 -68
36 -69
36 -69
36 -70
36 -70
36 -67
36 -70
36 -71
36 -70
36 -61
36 -71
36 -70
36 -70
36 -70
36 -70
36 -70
36 -70
36 -70
36 -70
36 -70
36 -70
36 -57
36 -70
36 -70
36 -70
36 -70
36 -57
36 -71
36 -71
36 -72
36 -72
36 -72
36 -73
36 -73
36 -74
36 -76
36 -76
36 -78
36 -79
36 -78
36 -78
36 -80
36 -80
36 -82
36 -81
36 -81
36 -80
36 -80
36 -60
36 -76
36 -76
36 -75
36 -74
36 -72
36 -69
36 -71
36 -70
36 -69
36 -68
36 -68
36 -68
36 -68
36 -68
36 -68
36 -68
36 -68
36 -68
36 -68
36 -68
36 -68
36 -69
36 -69
36 -76
36 -69
36 -68
36 -62
36 -70
36 -70
36 -70
36 -64
36 -72
36 -72
36 -72
36 -72
36 -73
36 -73
36 -73
36 -73
36 -72
36 -72
36 -73
36 -73
36 -73
36 -74
36 -76
36 -76
36 -77
36 -78
36 -78
36 -79
36 -82
36 -82
36 -83
36 -84
36 -84
36 -79
36 -81
36 -82
36 -79
36 -78
36 -79
36 -78
36 -76
36 -75
36 -75
36 -73
36 -72
36 -71
36 -71
36 -71
36 -70
36 -72
36 -74
36 -75
36 -76
36 -81
36 -84
36 -81
36 -76
36 -75
36 -76
36 -76
36 -78
36 -82
36 -82
36 -81
36 -81
36 -77
36 -79
36 -79
36 -78
36 -79
36 -79
36 -78
36 -76
36 -76
36 -76
36 -76
36 -76
36 -71
36 -76
36 -76
36 -75
36 -75
36 -74
36 -75
36 -73
36 -73
36 -73
36 -74
36 -73
36 -73
36 -73
36 -73
36 -73
36 -72
36 -72
36 -73
36 -73
36 -73
36 -74
36 -74
36 -75
36 -75
36 -75
36 -75
36 -75
36 -75
36 -75
36 -76
36 -76
36 -76
36 -77
36 -78
36 -78
36 -79
36 -78
36 -77
36 -77
36 -76
36 -76
36 -70
36 -69
36 -66
36 -71
36 -70
36 -69
36 -70
36 -72
36 -70
36 -70
36 -70
36 -70
36 -70
36 -69
36 -69
36 -69
36 -69
36 -70
36 -70
36 -70
36 -70
36 -70
36 -70
36 -71
36 -70
36 -70
36 -70
37 -70
37 -70
37 -70
37 -69
37 -69
37 -69
37 -70
37 -70
37 -70
37 -70
37 -62
37 -72
37 -74
37 -75
37 -74
37 -73
37 -75
37 -75
37 -74
37 -75
37 -76
37 -75
37 -75
37 -75
37 -74
37 -73
37 -74
37 -73
37 -74
37 -76
37 -76
37 -79
37 -78
37 -80
37 -79
37 -79
37 -81
37 -82
37 -81
37 -82
37 -66
37 -81
37 -80
37 -81
37 -81
37 -80
37 -79
37 -78
37 -79
37 -78
37 -79
37 -78
37 -79
37 -78
37 -78
37 -78
37 -78
37 -70
37 -78
37 -79
37 -66
37 -78
37 -79
37 -78
37 -78
37 -78
37 -76
37 -77
37 -76
37 -76
37 -78
37 -50
37 -78
37 -76
37 -69
37 -69
37 -69
37 -69
37 -69
37 -69
37 -68
37 -68
37 -69
37 -68
37 -69
37 -69
37 -69
37 -69
37 -69
37 -69
37 -69
37 -69
37 -69
37 -69
37 -70
37 -70
37 -76
37 -74
37 -74
37 -75
37 -76
37 -76
37 -76
37 -75
37 -76
37 -79
37 -78
37 -79
37 -78
37 -76
37 -79
37 -78
37 -83
37 -76
37 -73
37 -74
37 -76
37 -77
37 -79
37 -85
37 -70
37 -70
37 -70
37 -70
37 -70
37 -70
37 -70
37 -71
37 -72
37 -72
37 -71
37 -72
37 -72
37 -72
37 -72
37 -72
37 -72
37 -72
37 -71
37 -70
37 -70
37 -70
37 -70
37 -70
37 -71
37 -70
37 -71
37 -70
37 -70
37 -70
37 -71
37 -72
37 -72
37 -72
37 -75
37 -73
37 -79
37 -79
37 -78
37 -79
37 -79
37 -76
37 -77
37 -77
37 -80
37 -81
37 -82
37 -81
37 -78
37 -78
37 -78
37 -76
37 -75
37 -75
37 -75
37 -74
37 -74
37 -74
37 -74
37 -74
37 -74
37 -74
37 -73
37 -74
37 -74
37 -74
37 -74
37 -73
37 -74
37 -74
37 -74
37 -73
37 -74
37 -74
37 -74
37 -74
37 -74
37 -74
37 -74
37 -74
37 -74
37 -74
37 -73
37 -73
37 -73
37 -73
37 -72
37 -73
37 -72
37 -72
37 -73
37 -73
37 -72
37 -72
37 -72
37 -79
37 -72
37 -72
37 -72
37 -72
37 -72
37 -72
37 -72
37 -70
37 -58
37 -72
37 -72
37 -72
37 -72
37 -58
37 -73
37 -73
37 -73
37 -73
37 -73
37 -74
37 -74
37 -74
37 -75
37 -76
37 -55
37 -76
37 -76
37 -76
37 -76
37 -76
37 -76
37 -76
37 -76
37 -76
37 -75
37 -75
37 -75
37 -75
37 -74
37 -73
37 -72
37 -72
37 -72
37 -72
37 -71
37 -71
37 -71
37 -56
37 -72
37 -71
37 -71
37 -71
37 -71
37 -71
37 -71
37 -71
37 -71
37 -72
37 -68
37 -72
37 -72
37 -72
37 -72
37 -71
37 -71
37 -71
37 -71
37 -71
37 -71
37 -72
37 -71
37 -71
37 -70
37 -70
37 -67
37 -71
37 -72
37 -68
37 -71
37 -70
37 -72
37 -72
37 -72
37 -74
37 -75
37 -76
37 -76
37 -76
37 -77
37 -76
37 -73
37 -73
37 -72
37 -72
37 -65
37 -72
37 -72
37 -72
37 -71
37 -70
37 -70
37 -70
37 -70
37 -70
37 -70
37 -70
37 -70
37 -70
37 -70
37 -71
37 -71
37 -71
37 -70
37 -70
37 -70
37 -71
37 -71
37 -71
37 -71
37 -72
37 -73
37 -72
37 -73
37 -74
37 -74
37 -74
37 -74
37 -74
37 -73
37 -72
37 -72
37 -72
37 -72
37 -72
37 -72
37 -72
37 -72
37 -72
37 -72
37 -72
37 -72
37 -72
37 -72
37 -72
37 -72
37 -72
37 -72
37 -72
37 -73
37 -73
37 -73
37 -73
37 -73
37 -72
37 -73
37 -72
37 -72
37 -72
37 -72
37 -66
37 -72
37 -73
37 -73
37 -73
37 -73
37 -72
37 -72
37 -72
37 -72
37 -72
37 -72
37 -79
37 -72
37 -71
37 -72
37 -72
37 -72
37 -72
37 -72
37 -72
37 -74
37 -74
37 -74
37 -74
37 -75
37 -70
37 -69
37 -70
37 -69
37 -69
37 -69
37 -69
37 -69
37 -68
37 -69
37 -68
37 -68
37 -68
37 -68
37 -68
37 -68
37 -68
37 -68
37 -67
37 -67
37 -67
37 -67
37 -67
37 -68
38 -72
38 -72
38 -72
38 -72
38 -72
38 -72
38 -72
38 -71
38 -71
38 -72
38 -72
38 -72
38 -72
38 -70
38 -70
38 -69
38 -70
38 -69
38 -69
38 -69
38 -69
38 -69
38 -69
38 -72
38 -72
38 -72
38 -71
38 -71
38 -72
38 -72
38 -72
38 -71
38 -68
38 -71
38 -72
38 -71
38 -71
38 -71
38 -71
38 -71
38 -71
38 -70
38 -70
38 -70
38 -70
38 -64
38 -70
38 -70
38 -70
38 -70
38 -70
38 -71
38 -70
38 -71
38 -70
38 -71
38 -71
38 -71
38 -71
38 -71
38 -71
38 -71
38 -71
38 -72
38 -71
38 -71
38 -71
38 -71
38 -71
38 -71
38 -71
38 -70
38 -71
38 -67
38 -71
38 -70
38 -71
38 -71
38 -70
38 -70
38 -70
38 -70
38 -70
38 -71
38 -70
38 -70
38 -70
38 -70
38 -70
38 -70
38 -70
38 -72
38 -72
38 -71
38 -72
38 -59
38 -72
38 -72
38 -73
38 -73
38 -72
38 -72
38 -71
38 -73
38 -72
38 -73
38 -72
38 -72
38 -72
38 -72
38 -72
38 -72
38 -72
38 -72
38 -73
38 -72
38 -72
38 -72
38 -72
38 -71
38 -72
38 -72
38 -72
38 -73
38 -73
38 -73
38 -74
38 -76
38 -73
38 -73
38 -72
38 -73
38 -74
38 -73
38 -77
38 -50
38 -72
38 -71
38 -72
38 -72
38 -72
38 -72
38 -72
38 -72
38 -72
38 -72
38 -72
38 -75
38 -74
38 -66
38 -73
38 -74
38 -74
38 -74
38 -75
38 -74
38 -71
38 -73
38 -71
38 -72
38 -72
38 -70
38 -71
38 -72
38 -71
38 -59
38 -73
38 -72
38 -72
38 -72
38 -72
38 -67
38 -72
38 -72
38 -70
38 -70
38 -70
38 -70
38 -70
38 -70
38 -71
38 -71
38 -72
38 -72
38 -70
38 -71
38 -71
38 -70
38 -70
38 -70
38 -70
38 -70
38 -70
38 -70
38 -70
38 -70
38 -70
38 -70
38 -71
38 -71
38 -71
38 -70
38 -70
38 -70
38 -70
38 -70
38 -70
38 -70
38 -70
38 -70
38 -70
38 -70
38 -70
38 -70
38 -70
38 -70
38 -70
38 -70
38 -69
38 -70
38 -70
38 -70
38 -70
38 -69
38 -70
38 -70
38 -70
38 -70
38 -70
38 -70
38 -70
38 -70
38 -69
38 -70
38 -69
38 -69
38 -69
38 -69
38 -69
38 -69
38 -69
38 -69
38 -69
38 -69
38 -69
38 -69
38 -69
38 -69
38 -69
38 -69
38 -69
38 -69
38 -69
38 -68
38 -69
38 -68
38 -69
38 -69
38 -69
38 -69
38 -69
38 -69
38 -69
38 -69
38 -69
38 -69
38 -69
38 -69
38 -69
38 -69
38 -69
38 -69
38 -69
38 -69
38 -69
38 -69
38 -69
38 -69
38 -69
38 -69
38 -69
38 -69
38 -69
38 -69
38 -69
38 -69
38 -70
38 -69
38 -70
38 -70
38 -70
38 -70
38 -70
38 -70
38 -70
38 -70
38 -70
38 -70
38 -70
38 -70
38 -70
38 -70
38 -70
38 -70
38 -70
38 -70
38 -70
38 -69
38 -70
38 -69
38 -69
38 -69
38 -69
38 -69
38 -68
38 -70
38 -69
38 -69
38 -69
38 -66
38 -68
38 -67
38 -68
38 -69
38 -69
38 -70
38 -70
38 -70
38 -63
38 -71
38 -70
38 -70
38 -69
38 -69
38 -69
38 -69
38 -70
38 -69
38 -70
38 -70
38 -70
38 -70
38 -70
38 -70
38 -70
38 -70
38 -70
38 -70
38 -70
38 -70
38 -70
38 -70
38 -70
38 -70
38 -70
38 -71
38 -70
38 -70
38 -71
38 -70
38 -70
38 -70
38 -71
38 -70
38 -70
38 -71
38 -71
38 -71
38 -72
38 -72
38 -72
38 -73
38 -71
38 -72
38 -72
38 -72
38 -71
38 -71
38 -70
38 -70
38 -70
38 -70
38 -70
38 -70
38 -70
38 -70
38 -70
38 -70
38 -70
38 -70
38 -70
38 -70
38 -70
38 -70
38 -70
38 -70
38 -70
38 -70
38 -70
38 -70
38 -70
38 -71
38 -71
38 -71
38 -70
38 -70
38 -70
38 -70
38 -70
38 -70
38 -69
38 -72
38 -73
38 -72
38 -72
38 -72
38 -72
38 -73
38 -73
38 -73
38 -73
38 -74
38 -74
38 -75
38 -75
38 -74
38 -77
38 -75
38 -77
38 -76
38 -76
38 -79
38 -79
