Beacon Rssi
1 -83
1 -83
1 -80
1 -79
1 -80
1 -67
1 -83
1 -80
1 -83
1 -83
1 -82
1 -83
1 -84
1 -82
1 -81
1 -80
1 -78
1 -79
1 -79
1 -86
1 -86
1 -84
1 -84
1 -83
1 -82
1 -79
1 -64
1 -79
1 -79
1 -78
1 -78
1 -77
1 -80
1 -79
1 -79
1 -80
1 -81
1 -82
1 -79
1 -80
1 -79
1 -78
1 -72
1 -78
1 -78
1 -76
1 -78
1 -77
1 -78
1 -78
1 -78
1 -78
1 -55
1 -77
1 -77
1 -77
1 -76
1 -77
1 -77
1 -77
1 -77
1 -76
1 -76
1 -70
1 -77
1 -76
1 -76
1 -77
1 -53
1 -76
1 -53
1 -76
1 -76
1 -76
1 -78
1 -78
1 -78
1 -78
1 -77
1 -77
1 -78
1 -78
1 -77
1 -78
1 -78
1 -78
1 -79
1 -78
1 -77
1 -78
1 -78
1 -78
1 -78
1 -78
1 -78
1 -78
1 -78
1 -78
1 -79
1 -78
1 -78
1 -79
1 -78
1 -78
1 -78
1 -78
1 -78
1 -78
1 -79
1 -82
1 -81
1 -82
1 -82
1 -82
1 -82
1 -81
1 -81
1 -83
1 -54
1 -78
1 -78
1 -78
1 -78
1 -78
1 -78
1 -79
1 -79
1 -79
1 -79
1 -79
1 -80
1 -79
1 -80
1 -80
1 -79
1 -79
1 -79
1 -79
1 -78
1 -79
1 -79
1 -79
1 -79
1 -79
1 -79
1 -79
1 -79
1 -80
1 -79
1 -80
1 -80
1 -80
1 -79
1 -80
1 -79
1 -79
1 -79
1 -79
1 -79
1 -78
1 -72
1 -78
1 -76
1 -79
1 -79
1 -78
1 -78
1 -78
1 -79
1 -79
1 -79
1 -81
1 -81
1 -81
1 -80
1 -78
1 -78
1 -78
1 -78
1 -78
1 -79
1 -78
1 -78
1 -78
1 -78
1 -78
1 -77
1 -78
1 -78
1 -78
1 -79
1 -78
1 -78
1 -78
1 -78
1 -78
1 -78
1 -78
1 -78
1 -78
1 -77
1 -77
1 -78
1 -77
1 -76
1 -77
1 -77
1 -76
1 -77
1 -77
1 -76
1 -78
1 -76
1 -76
1 -76
1 -76
1 -76
1 -76
1 -77
1 -77
1 -68
1 -76
1 -78
1 -73
1 -76
1 -77
1 -77
1 -72
1 -77
1 -72
1 -76
1 -76
1 -76
1 -77
1 -77
1 -76
1 -77
1 -76
1 -77
1 -77
1 -77
1 -77
1 -77
1 -76
1 -77
1 -77
1 -70
1 -77
1 -77
1 -77
1 -78
1 -78
1 -78
1 -77
1 -78
1 -78
1 -77
1 -76
1 -76
1 -76
1 -78
1 -78
1 -75
1 -83
1 -82
1 -81
1 -82
1 -82
1 -82
1 -82
1 -83
1 -83
1 -82
1 -81
1 -82
1 -83
1 -82
1 -82
2 -82
2 -83
2 -83
2 -85
2 -84
2 -81
2 -82
2 -80
2 -80
2 -80
2 -79
2 -78
2 -80
2 -81
2 -77
2 -77
2 -78
2 -80
2 -81
2 -78
2 -78
2 -76
2 -77
2 -77
2 -78
2 -78
2 -78
2 -78
2 -80
2 -80
2 -82
2 -84
2 -83
2 -82
2 -83
2 -82
2 -82
2 -82
2 -81
2 -82
2 -82
2 -83
2 -83
2 -82
2 -83
2 -83
2 -70
2 -84
2 -86
2 -83
2 -84
2 -83
2 -84
2 -84
2 -84
2 -82
2 -85
2 -84
2 -84
2 -83
2 -81
2 -84
2 -85
2 -85
2 -86
2 -84
2 -83
2 -84
2 -83
2 -82
2 -76
2 -76
2 -78
2 -78
2 -79
2 -82
2 -83
2 -83
2 -82
2 -82
2 -84
2 -86
2 -85
2 -84
2 -84
2 -84
2 -82
2 -82
2 -81
2 -71
2 -81
2 -82
2 -82
2 -82
2 -83
2 -82
2 -81
2 -81
2 -80
2 -81
2 -81
2 -81
2 -81
2 -80
2 -82
2 -81
2 -80
2 -80
2 -80
2 -80
2 -79
2 -80
2 -76
2 -76
2 -76
2 -76
2 -76
2 -76
2 -76
2 -76
2 -77
2 -76
2 -76
2 -77
2 -80
2 -78
2 -78
2 -77
2 -79
2 -80
2 -80
2 -79
2 -78
2 -78
2 -78
2 -78
2 -77
2 -77
2 -78
2 -77
2 -77
2 -78
2 -78
2 -79
2 -79
2 -79
2 -79
2 -79
2 -79
2 -78
2 -79
2 -79
2 -78
2 -78
2 -78
2 -78
2 -78
2 -78
2 -77
2 -78
2 -78
2 -78
2 -79
2 -78
2 -79
2 -78
2 -79
2 -78
2 -78
2 -79
2 -76
2 -78
2 -78
2 -78
2 -78
2 -78
2 -78
2 -78
2 -79
2 -80
2 -80
2 -82
2 -84
2 -84
2 -82
2 -82
2 -83
2 -83
2 -82
2 -83
2 -82
2 -83
2 -83
2 -58
2 -84
2 -84
2 -83
2 -83
2 -83
2 -84
2 -83
2 -83
2 -82
2 -82
2 -80
2 -82
2 -82
2 -82
2 -82
2 -83
2 -82
2 -82
2 -83
2 -84
2 -83
2 -82
2 -82
2 -82
2 -86
2 -85
2 -84
3 -72
3 -72
3 -72
3 -73
3 -72
3 -72
3 -73
3 -72
3 -73
3 -73
3 -73
3 -75
3 -72
3 -75
3 -75
3 -76
3 -76
3 -76
3 -77
3 -76
3 -77
3 -77
3 -79
3 -77
3 -71
3 -74
3 -74
3 -74
3 -74
3 -73
3 -73
3 -73
3 -73
3 -72
3 -72
3 -73
3 -74
3 -75
3 -74
3 -73
3 -73
3 -73
3 -73
3 -73
3 -74
3 -74
3 -74
3 -74
3 -74
3 -74
3 -74
3 -73
3 -74
3 -74
3 -73
3 -30
3 -74
3 -74
3 -73
3 -73
3 -73
3 -73
3 -74
3 -74
3 -74
3 -74
3 -75
3 -74
3 -74
3 -75
3 -75
3 -75
3 -74
3 -75
3 -75
3 -74
3 -75
3 -72
3 -74
3 -75
3 -74
3 -74
3 -75
3 -75
3 -74
3 -73
3 -74
3 -74
3 -73
3 -68
3 -75
3 -75
3 -73
3 -73
3 -73
3 -74
3 -74
3 -74
3 -73
3 -76
3 -74
3 -75
3 -74
3 -73
3 -74
3 -73
3 -73
3 -70
3 -75
3 -75
3 -76
3 -74
3 -76
3 -76
3 -77
3 -79
3 -84
3 -78
3 -77
3 -78
3 -78
3 -77
3 -73
3 -73
3 -72
3 -73
3 -72
3 -73
3 -73
3 -76
3 -83
3 -76
3 -76
3 -76
3 -76
3 -76
3 -75
3 -75
3 -75
3 -75
3 -74
3 -74
3 -74
3 -75
3 -75
3 -75
3 -74
3 -75
3 -75
3 -76
3 -76
3 -75
3 -76
3 -76
3 -76
3 -76
3 -76
3 -77
3 -76
3 -77
3 -77
3 -77
3 -78
3 -78
3 -78
3 -78
3 -78
3 -79
3 -78
3 -78
3 -75
3 -78
3 -79
3 -82
3 -79
3 -79
3 -80
3 -79
3 -79
3 -78
3 -79
3 -78
3 -78
3 -80
3 -81
3 -58
3 -80
3 -80
3 -79
3 -79
3 -80
3 -81
3 -52
3 -81
3 -78
3 -79
3 -79
3 -79
3 -80
3 -78
3 -79
3 -79
3 -81
3 -79
3 -79
3 -80
3 -79
3 -79
3 -78
3 -79
3 -79
3 -80
3 -78
3 -79
3 -80
3 -82
3 -81
3 -81
3 -79
3 -79
3 -77
3 -80
3 -80
3 -78
3 -77
3 -80
3 -80
3 -81
3 -82
3 -81
3 -81
3 -81
3 -80
3 -80
3 -79
3 -80
3 -80
3 -80
3 -80
3 -70
3 -80
3 -80
3 -79
3 -81
3 -82
3 -81
3 -82
3 -81
3 -82
3 -82
3 -80
3 -82
3 -81
3 -81
3 -80
3 -81
3 -81
3 -77
3 -81
3 -84
3 -85
3 -81
3 -79
3 -78
3 -78
3 -79
3 -79
3 -79
3 -79
3 -79
3 -79
3 -77
3 -78
3 -78
3 -78
3 -76
3 -79
3 -79
3 -79
3 -80
3 -80
3 -79
3 -80
3 -80
3 -81
3 -80
3 -80
3 -79
3 -80
3 -78
3 -79
3 -68
3 -79
3 -79
3 -79
3 -78
3 -79
3 -79
3 -78
3 -78
3 -78
3 -78
3 -78
3 -78
3 -78
3 -78
3 -80
3 -80
3 -78
3 -79
3 -78
3 -78
3 -78
3 -78
3 -78
3 -78
3 -80
3 -79
3 -78
3 -79
3 -79
3 -78
3 -70
3 -79
3 -79
3 -78
3 -78
3 -78
3 -76
3 -79
3 -76
3 -76
3 -75
3 -75
3 -76
3 -75
3 -75
3 -75
3 -65
3 -76
3 -76
3 -75
3 -76
3 -59
3 -76
3 -76
3 -69
3 -76
3 -74
3 -75
3 -74
3 -75
3 -75
3 -76
3 -76
3 -76
3 -76
3 -74
3 -76
3 -76
3 -76
4 -67
4 -80
4 -82
4 -83
4 -81
4 -82
4 -81
4 -81
4 -81
4 -79
4 -80
4 -80
4 -82
4 -82
4 -82
4 -78
4 -77
4 -83
4 -83
4 -76
4 -84
4 -74
4 -76
4 -81
4 -81
4 -83
4 -78
4 -80
4 -77
4 -79
4 -81
4 -82
4 -80
4 -81
4 -79
4 -78
4 -78
4 -79
4 -67
4 -80
4 -79
4 -80
4 -82
4 -84
4 -81
4 -76
4 -82
4 -80
4 -78
4 -79
4 -78
4 -70
4 -79
4 -76
4 -83
4 -83
4 -82
4 -84
4 -85
4 -86
4 -83
4 -83
4 -82
4 -82
4 -83
4 -83
4 -84
4 -30
4 -84
4 -84
4 -78
4 -83
4 -84
4 -83
4 -83
4 -83
4 -83
4 -83
4 -82
4 -81
4 -83
4 -82
4 -74
4 -82
4 -83
4 -85
4 -84
4 -84
4 -72
4 -83
4 -83
4 -84
4 -83
4 -84
4 -83
4 -83
4 -83
4 -57
4 -84
4 -85
4 -56
4 -83
4 -84
4 -85
4 -84
4 -84
4 -84
4 -84
4 -85
4 -83
4 -54
4 -83
4 -84
4 -84
4 -84
4 -84
4 -85
4 -84
4 -84
4 -84
4 -84
4 -84
4 -83
4 -84
4 -85
4 -84
4 -85
4 -84
4 -84
4 -85
4 -85
4 -84
4 -84
4 -84
4 -81
4 -83
4 -83
4 -83
4 -82
4 -82
4 -80
4 -83
4 -83
4 -57
4 -85
4 -84
4 -82
4 -80
4 -82
4 -81
4 -83
4 -84
4 -83
4 -83
4 -82
4 -81
4 -82
4 -82
4 -81
4 -82
4 -82
4 -82
4 -82
4 -77
4 -81
4 -82
4 -82
4 -77
4 -81
4 -81
4 -77
4 -68
5 -82
5 -80
5 -77
5 -82
5 -81
5 -79
5 -81
5 -78
5 -84
5 -84
5 -81
5 -80
5 -80
5 -81
5 -78
5 -80
5 -80
5 -80
5 -81
5 -81
5 -80
5 -80
5 -80
5 -81
5 -80
5 -80
5 -80
5 -81
5 -80
5 -81
5 -68
5 -81
5 -79
5 -81
5 -80
5 -80
5 -83
5 -87
5 -85
5 -81
5 -81
5 -80
5 -79
5 -79
5 -78
5 -78
5 -80
5 -77
5 -76
5 -78
5 -78
5 -78
5 -76
5 -77
5 -77
5 -77
5 -78
5 -78
5 -78
5 -77
5 -78
5 -78
5 -76
5 -78
5 -81
5 -82
5 -78
5 -77
5 -78
5 -78
5 -79
5 -78
5 -78
5 -80
5 -80
5 -79
5 -79
5 -71
5 -78
5 -78
5 -78
5 -80
5 -83
5 -84
5 -57
5 -81
5 -81
5 -80
5 -82
5 -82
5 -82
5 -82
5 -84
5 -85
5 -84
5 -85
5 -84
5 -89
5 -81
5 -82
5 -83
5 -82
5 -70
5 -82
5 -87
5 -84
5 -83
5 -83
5 -83
5 -83
5 -70
5 -85
5 -83
5 -83
5 -83
5 -83
5 -83
5 -83
5 -83
5 -84
5 -84
5 -84
5 -83
5 -83
5 -83
5 -84
5 -84
5 -83
5 -83
5 -84
5 -82
5 -81
5 -81
5 -79
5 -79
5 -79
5 -79
5 -79
5 -80
5 -79
5 -79
5 -79
5 -79
5 -80
5 -79
5 -79
5 -80
5 -81
5 -82
5 -81
5 -81
5 -82
5 -82
5 -82
5 -82
5 -81
5 -82
5 -83
5 -82
5 -82
5 -83
5 -83
5 -83
5 -82
5 -82
5 -83
5 -83
5 -82
5 -82
5 -83
5 -83
5 -84
5 -84
5 -83
5 -82
5 -81
5 -82
5 -83
5 -82
5 -84
5 -57
5 -82
5 -76
5 -77
5 -76
5 -76
5 -78
5 -78
5 -77
5 -78
5 -78
5 -78
5 -78
5 -76
5 -77
5 -78
5 -78
5 -78
5 -78
5 -78
5 -79
5 -79
5 -78
5 -80
5 -79
5 -79
5 -79
5 -79
5 -79
5 -79
5 -80
5 -79
5 -79
5 -80
5 -79
6 -84
6 -84
6 -87
6 -86
6 -84
6 -83
6 -85
6 -84
6 -83
6 -77
6 -85
6 -87
6 -84
6 -77
6 -88
6 -83
6 -86
7 -85
7 -84
7 -83
7 -82
7 -81
7 -84
7 -83
7 -81
7 -83
7 -83
7 -83
7 -81
7 -81
7 -69
7 -81
7 -81
7 -80
7 -82
7 -81
7 -82
7 -82
7 -81
7 -81
7 -81
7 -82
7 -80
7 -69
7 -81
7 -82
7 -81
7 -82
7 -81
7 -81
7 -83
7 -83
7 -83
7 -83
7 -84
7 -85
7 -82
7 -81
7 -80
7 -82
7 -83
7 -83
7 -82
7 -81
7 -81
7 -81
7 -82
7 -82
7 -83
7 -81
7 -84
7 -76
7 -82
7 -80
7 -82
7 -83
7 -84
7 -83
7 -84
7 -83
7 -84
7 -84
7 -86
7 -68
7 -82
7 -83
7 -84
7 -85
7 -84
7 -84
7 -84
7 -84
7 -83
7 -83
7 -81
7 -80
7 -82
7 -83
7 -83
7 -76
7 -82
7 -67
7 -81
7 -82
7 -82
7 -76
7 -82
7 -81
7 -82
7 -68
7 -83
7 -81
7 -82
7 -82
7 -83
7 -82
7 -82
7 -82
7 -82
7 -83
7 -82
7 -83
7 -79
7 -82
7 -81
7 -82
7 -83
7 -81
7 -82
7 -84
7 -83
7 -83
7 -83
7 -82
7 -82
7 -81
7 -82
7 -82
7 -81
7 -82
7 -82
7 -83
7 -83
7 -81
7 -83
7 -84
7 -84
7 -82
7 -82
7 -83
7 -82
7 -80
7 -83
7 -82
7 -78
7 -75
7 -84
7 -83
7 -79
7 -82
7 -83
7 -82
7 -83
7 -82
8 -85
8 -87
8 -87
8 -88
8 -85
8 -82
8 -83
8 -76
8 -85
8 -85
8 -85
8 -86
8 -85
8 -86
8 -87
8 -85
8 -84
8 -86
8 -85
8 -87
8 -86
8 -80
8 -85
8 -87
8 -86
8 -74
8 -86
8 -85
8 -85
8 -86
8 -84
8 -84
8 -77
8 -84
8 -83
8 -83
8 -83
8 -77
8 -81
8 -78
8 -81
8 -83
8 -82
8 -83
8 -83
8 -83
8 -84
8 -83
8 -84
8 -84
8 -84
8 -84
8 -84
8 -85
8 -84
8 -86
8 -85
8 -83
8 -84
8 -84
8 -83
8 -86
8 -87
8 -84
8 -86
8 -86
8 -84
8 -68
8 -80
9 -89
9 -85
11 -72
11 -87
11 -84
11 -84
11 -75
11 -85
11 -84
11 -83
11 -82
11 -81
11 -84
11 -82
11 -83
11 -86
11 -82
11 -82
11 -83
11 -83
11 -81
11 -82
11 -81
11 -82
11 -83
11 -56
11 -84
11 -84
11 -83
11 -84
11 -83
11 -84
11 -86
11 -83
11 -86
11 -84
11 -84
11 -83
11 -87
11 -85
11 -84
11 -84
11 -85
11 -80
11 -85
11 -86
11 -85
11 -85
11 -63
11 -84
11 -85
11 -86
11 -86
11 -84
11 -86
11 -84
11 -85
11 -83
11 -83
11 -81
11 -82
11 -83
11 -83
11 -63
11 -83
11 -83
11 -83
11 -83
11 -84
11 -83
11 -82
11 -83
11 -84
11 -83
11 -83
11 -80
12 -85
12 -84
12 -83
12 -83
12 -82
12 -84
12 -83
12 -83
12 -83
12 -87
12 -84
12 -81
12 -84
12 -83
12 -82
12 -82
12 -83
12 -83
12 -84
12 -81
12 -83
12 -84
12 -83
12 -82
12 -86
12 -84
12 -83
12 -82
12 -83
12 -83
12 -84
12 -86
12 -83
12 -84
12 -86
12 -84
12 -86
12 -85
12 -85
12 -85
12 -86
12 -83
12 -83
12 -83
12 -83
12 -83
12 -83
12 -84
12 -84
12 -81
12 -84
13 -87
13 -85
13 -86
13 -86
13 -83
13 -83
13 -84
13 -83
13 -83
13 -82
13 -82
13 -83
13 -82
13 -82
13 -82
13 -82
13 -82
13 -82
13 -82
13 -81
13 -83
13 -85
13 -84
13 -84
13 -75
14 -82
14 -83
14 -83
14 -84
14 -83
14 -84
14 -85
14 -83
14 -85
14 -86
14 -80
14 -78
14 -78
14 -77
14 -77
14 -77
14 -78
14 -76
14 -77
14 -77
14 -80
14 -81
14 -87
14 -87
14 -85
14 -86
14 -80
14 -84
14 -87
14 -85
15 -71
15 -71
15 -71
15 -71
15 -71
15 -69
15 -70
15 -71
15 -70
15 -70
15 -70
15 -70
15 -71
15 -70
15 -70
15 -69
15 -69
15 -68
15 -68
15 -64
15 -68
15 -67
15 -68
15 -67
15 -67
15 -67
15 -67
15 -67
15 -67
15 -68
15 -70
15 -70
15 -73
15 -75
15 -76
15 -78
15 -77
15 -79
15 -82
15 -76
15 -83
15 -82
15 -79
15 -78
15 -78
15 -79
15 -79
15 -78
15 -78
15 -78
15 -77
15 -76
15 -75
15 -74
15 -75
15 -74
15 -74
15 -75
15 -76
15 -75
15 -74
15 -76
15 -76
15 -77
15 -78
15 -77
15 -77
15 -77
15 -77
15 -77
15 -77
15 -76
15 -76
15 -75
15 -74
15 -75
15 -68
15 -75
15 -74
15 -75
15 -75
15 -76
15 -69
15 -76
15 -76
15 -76
15 -76
15 -75
15 -76
15 -76
15 -77
15 -77
15 -76
15 -76
15 -74
15 -76
15 -75
15 -78
15 -77
15 -76
15 -76
15 -76
15 -76
15 -76
15 -76
15 -78
15 -81
15 -78
15 -76
15 -76
15 -77
15 -70
15 -78
15 -78
15 -81
15 -83
15 -78
15 -72
15 -71
15 -72
15 -62
15 -73
15 -73
15 -74
15 -75
15 -76
15 -78
15 -76
15 -74
15 -73
15 -73
15 -73
15 -73
15 -73
15 -75
15 -72
15 -71
15 -72
15 -71
15 -65
15 -70
15 -71
15 -72
15 -74
15 -76
15 -76
15 -73
15 -72
15 -73
15 -72
15 -70
15 -72
15 -71
15 -72
15 -72
15 -72
15 -72
15 -72
15 -71
15 -71
15 -70
15 -70
15 -71
15 -71
15 -70
15 -71
15 -71
15 -70
15 -70
15 -70
15 -70
15 -70
15 -70
15 -70
15 -70
15 -70
15 -70
15 -70
15 -70
15 -70
15 -72
15 -54
15 -71
15 -70
15 -70
15 -70
15 -70
15 -70
15 -70
15 -70
15 -58
15 -70
15 -70
15 -70
15 -70
15 -70
15 -70
15 -70
15 -70
15 -70
15 -60
15 -70
15 -70
15 -70
15 -70
15 -70
15 -70
15 -70
15 -70
15 -70
15 -70
15 -70
15 -70
15 -70
15 -70
15 -70
15 -34
15 -70
15 -70
15 -70
15 -70
15 -70
15 -70
15 -70
15 -70
15 -66
15 -70
15 -70
15 -70
15 -70
15 -69
15 -68
15 -69
15 -68
15 -69
15 -69
15 -69
15 -69
15 -69
15 -69
15 -69
15 -68
15 -69
15 -69
15 -71
15 -72
15 -73
15 -74
15 -72
15 -72
15 -72
15 -72
15 -71
15 -71
15 -71
15 -71
15 -71
15 -71
15 -72
15 -71
15 -64
15 -70
15 -70
15 -70
15 -67
15 -70
15 -70
15 -70
15 -70
15 -70
15 -70
15 -70
15 -70
15 -70
15 -71
15 -70
15 -70
15 -70
15 -70
15 -70
15 -70
15 -70
15 -70
15 -70
15 -70
15 -70
15 -70
15 -70
15 -70
15 -70
15 -70
15 -70
15 -70
15 -70
15 -70
15 -70
15 -70
15 -70
15 -70
15 -70
15 -70
15 -70
15 -70
15 -70
15 -71
15 -71
15 -71
15 -71
15 -71
15 -71
15 -72
15 -71
15 -72
15 -72
15 -72
15 -72
15 -72
15 -71
15 -52
15 -71
15 -71
15 -72
15 -72
15 -72
15 -72
15 -71
15 -72
15 -72
15 -73
15 -74
15 -73
15 -75
15 -75
15 -75
15 -74
15 -75
15 -75
15 -76
15 -78
15 -78
15 -80
15 -79
15 -78
15 -78
15 -78
15 -76
15 -75
15 -76
15 -75
15 -75
15 -74
15 -74
15 -73
15 -74
15 -74
15 -60
15 -73
15 -73
15 -73
15 -72
15 -73
15 -73
15 -71
15 -72
15 -72
15 -72
15 -72
15 -72
15 -72
15 -72
15 -72
15 -72
15 -72
15 -72
15 -72
15 -72
15 -72
15 -73
15 -66
15 -73
15 -73
15 -57
15 -73
15 -73
15 -56
15 -73
15 -72
15 -72
15 -73
15 -72
15 -72
15 -72
15 -72
15 -72
15 -72
15 -73
15 -73
15 -73
15 -73
15 -72
15 -73
15 -73
15 -74
15 -73
15 -72
15 -73
15 -72
15 -72
15 -72
15 -72
15 -73
15 -72
15 -72
15 -72
15 -72
15 -72
15 -73
15 -73
15 -74
15 -74
15 -74
15 -74
15 -75
15 -75
15 -74
15 -74
15 -73
15 -73
15 -73
15 -73
15 -72
15 -72
15 -72
15 -72
15 -72
15 -72
15 -72
15 -72
15 -73
15 -74
15 -76
15 -78
15 -78
15 -79
15 -80
15 -80
15 -79
15 -78
15 -78
15 -78
15 -77
15 -76
15 -30
15 -75
15 -76
15 -76
15 -79
15 -78
15 -76
15 -74
15 -75
15 -74
15 -74
15 -74
15 -74
15 -69
15 -73
15 -73
15 -72
15 -73
15 -73
15 -73
16 -78
16 -78
16 -78
16 -79
16 -79
16 -79
16 -79
16 -76
16 -80
16 -81
16 -82
16 -84
16 -79
16 -79
16 -81
16 -83
16 -78
16 -78
16 -78
16 -79
16 -79
16 -80
16 -80
16 -80
16 -77
16 -81
16 -79
16 -77
16 -78
16 -79
16 -79
16 -80
16 -80
16 -80
16 -80
16 -78
16 -79
16 -79
16 -78
16 -79
16 -77
16 -72
16 -77
16 -78
16 -78
16 -77
16 -77
16 -77
16 -77
16 -78
16 -78
16 -78
16 -78
16 -77
16 -75
16 -78
16 -78
16 -76
16 -75
16 -74
16 -76
16 -77
16 -78
16 -75
16 -74
16 -78
16 -68
16 -80
16 -81
16 -81
16 -79
16 -78
16 -78
16 -74
16 -73
16 -75
16 -76
16 -77
16 -76
16 -76
16 -75
16 -74
16 -74
16 -76
16 -79
16 -79
16 -79
16 -79
16 -75
16 -78
16 -79
16 -80
16 -79
16 -78
16 -80
16 -82
16 -82
16 -78
16 -76
16 -77
16 -76
16 -76
16 -74
16 -74
16 -73
16 -73
16 -74
16 -75
16 -76
16 -77
16 -78
16 -77
16 -78
16 -74
16 -78
16 -73
16 -80
16 -83
16 -76
16 -76
16 -71
16 -72
16 -72
16 -72
16 -73
16 -75
16 -73
16 -73
16 -74
16 -56
16 -72
16 -72
16 -73
16 -73
16 -73
16 -73
16 -74
16 -74
16 -74
16 -76
16 -75
16 -75
16 -75
16 -76
16 -76
16 -76
16 -76
16 -76
16 -75
16 -76
16 -76
16 -76
16 -76
16 -76
16 -76
16 -76
16 -75
16 -75
16 -75
16 -75
16 -75
16 -75
16 -74
16 -74
16 -73
16 -74
16 -72
16 -75
16 -73
16 -72
16 -74
16 -74
16 -75
16 -75
16 -74
16 -74
16 -75
16 -74
16 -75
16 -74
16 -75
16 -75
16 -74
16 -75
16 -74
16 -73
16 -74
16 -74
16 -74
16 -74
16 -73
16 -74
16 -74
16 -74
16 -74
16 -74
16 -78
16 -77
16 -77
16 -76
16 -78
16 -77
16 -78
16 -76
16 -78
16 -76
16 -82
16 -78
16 -76
16 -74
16 -73
16 -74
16 -74
16 -74
16 -74
16 -74
16 -74
16 -75
16 -74
16 -74
16 -75
16 -75
16 -75
16 -75
16 -75
16 -75
16 -74
16 -75
16 -75
16 -75
16 -74
16 -75
16 -75
16 -75
16 -75
16 -75
16 -74
16 -75
16 -74
16 -74
16 -75
16 -75
16 -75
16 -75
16 -75
16 -75
16 -75
16 -74
16 -75
16 -75
16 -75
16 -74
16 -74
16 -75
16 -70
16 -75
16 -73
16 -75
16 -75
16 -74
16 -75
16 -74
16 -75
16 -64
16 -66
16 -76
16 -76
16 -76
16 -76
16 -76
16 -76
16 -76
16 -30
16 -76
16 -76
16 -76
16 -77
16 -77
16 -77
16 -77
16 -77
16 -77
16 -76
16 -76
16 -77
16 -77
16 -78
16 -77
16 -79
16 -79
16 -80
16 -79
16 -80
16 -80
16 -79
16 -78
16 -78
16 -79
16 -79
16 -69
16 -78
16 -78
16 -78
16 -77
16 -78
16 -76
16 -76
16 -55
16 -76
16 -56
16 -75
16 -75
16 -75
16 -74
16 -75
16 -74
16 -74
16 -75
16 -74
16 -75
16 -74
16 -75
16 -74
16 -74
16 -74
16 -74
16 -74
16 -69
16 -74
16 -74
16 -74
16 -74
16 -74
16 -74
16 -75
16 -74
16 -74
16 -74
16 -74
16 -74
16 -74
16 -74
16 -74
16 -74
16 -74
16 -74
16 -74
16 -74
16 -74
16 -73
16 -73
16 -73
16 -73
16 -73
16 -73
16 -73
16 -73
16 -73
16 -73
16 -73
16 -72
16 -72
16 -73
16 -72
16 -72
16 -73
16 -73
16 -73
16 -73
16 -73
16 -74
16 -74
16 -74
16 -74
16 -75
16 -74
16 -74
16 -74
16 -73
16 -73
16 -73
16 -69
16 -73
16 -73
16 -73
16 -73
16 -72
16 -74
16 -75
16 -74
16 -72
16 -72
16 -73
16 -74
16 -78
16 -77
16 -76
16 -76
16 -76
16 -76
16 -76
16 -76
16 -76
16 -76
16 -76
16 -76
16 -76
16 -76
16 -76
16 -76
16 -75
16 -75
16 -74
16 -75
16 -74
16 -74
16 -75
16 -74
16 -74
16 -74
16 -74
16 -74
16 -74
16 -74
17 -86
17 -85
17 -83
17 -81
17 -80
17 -80
17 -76
17 -84
17 -84
17 -87
17 -85
17 -86
17 -87
17 -79
17 -84
17 -73
17 -80
17 -84
17 -85
17 -86
17 -84
17 -86
17 -85
17 -85
17 -85
17 -84
17 -83
17 -82
17 -82
17 -83
17 -83
17 -76
17 -83
17 -85
17 -84
17 -84
17 -84
17 -84
17 -86
17 -89
17 -85
17 -86
17 -84
17 -84
17 -84
17 -83
17 -84
18 -84
18 -82
18 -80
18 -80
18 -85
18 -84
18 -68
18 -80
18 -80
18 -80
18 -81
18 -82
18 -81
18 -64
18 -82
18 -82
18 -81
18 -82
18 -83
18 -76
18 -84
18 -83
18 -83
18 -83
18 -79
18 -80
18 -78
18 -80
18 -81
18 -73
18 -82
18 -80
18 -76
18 -78
18 -79
18 -81
18 -82
18 -83
18 -81
18 -81
18 -81
18 -79
18 -77
18 -83
18 -85
18 -79
18 -81
18 -79
18 -78
18 -78
18 -78
18 -79
18 -81
18 -82
18 -80
18 -81
18 -80
18 -79
18 -80
18 -79
18 -77
18 -78
18 -78
18 -78
18 -79
18 -79
18 -78
18 -78
18 -78
18 -76
18 -78
18 -78
18 -78
18 -78
18 -78
18 -76
18 -78
18 -78
18 -78
18 -79
18 -78
18 -79
18 -79
18 -79
18 -79
18 -78
18 -78
18 -78
18 -78
18 -79
18 -79
18 -78
18 -79
18 -76
18 -79
18 -78
18 -79
18 -78
18 -79
18 -75
18 -79
18 -79
18 -78
18 -78
18 -78
18 -79
18 -78
18 -78
18 -77
18 -66
18 -78
18 -77
18 -78
18 -78
18 -78
18 -79
18 -76
18 -78
18 -78
18 -79
18 -79
18 -80
18 -78
18 -78
18 -79
18 -79
18 -78
18 -78
18 -78
18 -80
18 -80
18 -80
18 -80
18 -80
18 -81
18 -66
18 -80
18 -80
18 -78
18 -78
18 -75
18 -78
18 -80
18 -78
18 -79
18 -78
18 -78
18 -79
18 -79
18 -78
18 -78
18 -79
18 -78
18 -79
18 -79
18 -79
18 -79
18 -79
18 -78
18 -79
18 -79
18 -78
18 -78
18 -79
18 -79
18 -78
18 -75
18 -79
18 -79
18 -78
18 -79
18 -79
18 -79
18 -79
18 -79
18 -79
18 -79
18 -79
18 -78
18 -79
18 -78
18 -79
18 -75
18 -78
18 -79
18 -78
18 -78
18 -78
18 -78
18 -78
18 -78
18 -79
18 -79
18 -79
18 -78
18 -80
18 -72
18 -80
18 -80
18 -79
18 -80
18 -79
18 -77
18 -81
18 -82
18 -81
18 -81
18 -81
18 -81
18 -81
18 -81
18 -81
18 -80
18 -78
18 -80
18 -78
18 -80
18 -80
18 -78
18 -79
18 -78
18 -79
18 -79
18 -77
18 -79
18 -71
18 -78
18 -78
18 -78
18 -78
18 -78
18 -78
18 -78
18 -78
18 -78
18 -78
18 -79
18 -78
18 -79
18 -79
18 -79
18 -79
18 -79
18 -78
18 -79
18 -79
18 -79
18 -79
18 -72
18 -78
18 -78
18 -80
18 -79
18 -80
18 -80
18 -80
18 -70
18 -79
18 -80
18 -80
18 -81
18 -80
18 -80
18 -80
18 -79
18 -77
18 -78
18 -78
18 -78
18 -78
18 -79
18 -55
18 -81
18 -81
18 -75
18 -81
18 -81
18 -81
18 -80
18 -80
18 -79
18 -79
18 -80
18 -80
18 -80
18 -80
18 -80
18 -80
18 -79
18 -79
18 -79
18 -79
18 -80
18 -79
20 -80
20 -80
20 -79
20 -80
20 -80
20 -80
20 -74
20 -81
20 -82
20 -82
20 -82
20 -83
20 -83
20 -84
20 -82
20 -83
20 -85
20 -84
20 -85
20 -86
20 -84
20 -84
20 -85
20 -84
20 -86
20 -86
20 -84
20 -84
20 -84
20 -84
20 -81
20 -85
20 -86
20 -84
20 -88
20 -86
21 -84
21 -83
21 -84
21 -84
21 -88
21 -83
21 -83
21 -86
21 -84
21 -86
21 -83
21 -81
21 -80
21 -81
21 -80
21 -82
21 -80
21 -80
21 -81
21 -82
21 -82
21 -85
21 -82
21 -83
21 -80
21 -80
21 -80
21 -83
21 -80
21 -80
21 -80
21 -83
21 -81
21 -80
21 -80
21 -81
21 -67
21 -82
21 -81
21 -81
21 -82
21 -71
21 -77
21 -81
21 -82
21 -82
21 -83
21 -82
21 -82
21 -82
21 -81
21 -59
21 -81
21 -81
21 -80
21 -80
21 -80
21 -80
21 -81
21 -80
21 -80
21 -80
21 -81
21 -81
21 -79
21 -80
21 -80
21 -82
21 -82
21 -73
21 -81
21 -80
21 -80
21 -81
21 -79
21 -77
21 -80
21 -80
21 -80
21 -83
21 -82
21 -81
21 -81
21 -64
21 -82
21 -82
21 -82
21 -82
21 -81
21 -81
21 -82
21 -81
21 -82
21 -78
21 -82
21 -82
21 -82
21 -83
21 -83
21 -82
21 -82
21 -81
21 -76
21 -82
21 -67
21 -82
21 -83
21 -82
21 -83
21 -82
21 -83
21 -82
21 -81
21 -81
21 -78
21 -81
21 -80
21 -80
21 -80
21 -81
21 -82
21 -78
21 -84
21 -82
21 -82
21 -82
21 -82
21 -83
21 -83
21 -83
21 -82
21 -81
21 -80
21 -82
21 -72
21 -83
21 -83
21 -82
21 -83
21 -81
21 -83
21 -62
21 -82
21 -83
21 -84
21 -82
21 -58
21 -83
21 -83
21 -83
21 -83
21 -83
21 -82
21 -83
21 -83
21 -83
21 -74
21 -31
21 -55
21 -80
21 -82
21 -83
21 -83
21 -80
21 -84
21 -82
21 -80
21 -82
21 -81
21 -81
21 -78
21 -82
21 -82
21 -81
21 -82
21 -82
21 -75
21 -82
21 -82
21 -81
21 -81
21 -81
21 -80
21 -81
21 -81
22 -86
22 -84
22 -86
22 -85
22 -85
22 -84
22 -84
22 -83
22 -84
22 -84
22 -83
22 -83
22 -83
22 -82
22 -84
22 -82
22 -84
22 -82
22 -84
22 -82
22 -84
22 -84
22 -84
22 -83
22 -83
22 -85
22 -84
22 -84
22 -85
22 -84
22 -85
22 -85
22 -88
22 -88
23 -85
23 -84
23 -86
23 -83
23 -83
23 -84
23 -84
23 -82
23 -82
23 -81
23 -82
23 -82
23 -82
23 -82
23 -82
23 -82
23 -77
23 -82
23 -82
23 -82
23 -82
23 -81
23 -82
23 -82
23 -82
23 -80
23 -82
23 -82
23 -82
23 -80
23 -83
23 -82
23 -82
23 -80
23 -81
23 -83
23 -83
23 -83
23 -83
23 -82
23 -81
23 -82
23 -82
23 -81
23 -82
23 -83
23 -82
23 -84
23 -81
23 -80
23 -80
23 -82
23 -85
23 -83
23 -83
23 -83
23 -86
23 -88
23 -84
23 -83
23 -83
23 -83
23 -84
23 -85
23 -84
23 -85
23 -84
23 -86
23 -85
23 -83
23 -56
23 -83
23 -83
23 -83
23 -83
23 -84
23 -84
23 -84
23 -84
23 -85
23 -84
23 -85
23 -84
23 -84
23 -84
23 -85
23 -84
23 -84
23 -85
23 -84
23 -84
23 -85
23 -84
23 -85
23 -82
23 -82
23 -84
23 -84
23 -84
23 -87
23 -86
25 -72
25 -72
25 -71
25 -72
25 -72
25 -71
25 -71
25 -72
25 -73
25 -73
25 -74
25 -72
25 -72
25 -72
25 -73
25 -74
25 -74
25 -74
25 -75
25 -75
25 -74
25 -81
25 -34
25 -80
25 -77
25 -81
25 -78
25 -78
25 -76
25 -76
25 -74
25 -76
25 -75
25 -76
25 -76
25 -75
25 -75
25 -74
25 -74
25 -75
25 -74
25 -74
25 -74
25 -75
25 -76
25 -76
25 -76
25 -73
25 -76
25 -76
25 -76
25 -75
25 -74
25 -74
25 -76
25 -76
25 -75
25 -76
25 -76
25 -77
25 -78
25 -62
25 -77
25 -77
25 -77
25 -77
25 -76
25 -76
25 -76
25 -76
25 -76
25 -76
25 -76
25 -76
25 -76
25 -76
25 -76
25 -72
25 -72
25 -72
25 -72
25 -72
25 -72
25 -72
25 -71
25 -73
25 -66
25 -72
25 -72
25 -74
25 -73
25 -73
25 -74
25 -75
25 -76
25 -76
25 -75
25 -72
25 -72
25 -72
25 -74
25 -75
25 -72
25 -72
25 -72
25 -71
25 -72
25 -72
25 -72
25 -73
25 -75
25 -73
25 -72
25 -72
25 -72
25 -73
25 -69
25 -72
25 -73
25 -73
25 -74
25 -75
25 -72
25 -73
25 -74
25 -73
25 -72
25 -70
25 -72
25 -73
25 -74
25 -76
25 -76
25 -76
25 -76
25 -81
25 -79
25 -76
25 -53
25 -76
25 -78
25 -77
25 -76
25 -75
25 -76
25 -75
25 -75
25 -75
25 -73
25 -73
25 -73
25 -73
25 -74
25 -74
25 -74
25 -74
25 -71
25 -73
25 -81
25 -73
25 -72
25 -72
25 -73
25 -73
25 -73
25 -72
25 -72
25 -72
25 -72
25 -72
25 -72
25 -72
25 -72
25 -72
25 -72
25 -72
25 -72
25 -72
25 -72
25 -72
25 -72
25 -73
25 -72
25 -72
25 -72
25 -73
25 -73
25 -73
25 -68
25 -73
25 -74
25 -75
25 -75
25 -74
25 -76
25 -76
25 -76
25 -75
25 -75
25 -75
25 -75
25 -75
25 -76
25 -76
25 -76
25 -75
25 -76
25 -75
25 -76
25 -75
25 -75
25 -76
25 -75
25 -74
25 -75
25 -74
25 -75
25 -75
25 -75
25 -77
25 -76
25 -76
25 -76
25 -73
25 -73
25 -73
25 -73
25 -73
25 -58
25 -73
25 -74
25 -74
25 -74
25 -73
25 -74
25 -74
25 -74
25 -75
25 -74
25 -70
25 -72
25 -75
25 -76
25 -76
25 -75
25 -75
25 -75
25 -76
25 -75
25 -75
25 -75
25 -75
25 -75
25 -75
25 -75
25 -75
25 -75
25 -75
25 -75
25 -75
25 -74
25 -74
25 -74
25 -74
25 -74
25 -73
25 -75
25 -74
25 -75
25 -74
25 -74
25 -74
25 -75
25 -72
25 -73
25 -75
25 -75
25 -75
25 -75
25 -75
25 -75
25 -74
25 -74
25 -74
25 -73
25 -75
25 -74
25 -75
25 -74
25 -75
25 -75
25 -75
25 -75
25 -74
25 -76
25 -76
25 -76
25 -76
25 -75
25 -76
25 -77
25 -77
25 -76
25 -76
25 -77
25 -76
25 -76
25 -77
25 -76
25 -76
25 -75
25 -75
25 -75
25 -74
25 -73
25 -73
25 -72
25 -73
25 -30
25 -72
25 -72
25 -72
25 -72
25 -30
25 -73
25 -72
25 -72
25 -72
25 -72
25 -72
25 -72
25 -72
25 -72
25 -72
25 -72
25 -72
25 -72
25 -72
25 -72
25 -72
25 -72
25 -72
25 -72
25 -73
25 -73
25 -73
25 -73
25 -73
25 -73
25 -73
25 -73
25 -74
25 -71
25 -73
25 -74
25 -74
25 -73
25 -74
25 -74
25 -74
25 -73
25 -74
25 -73
25 -70
25 -69
25 -74
25 -74
25 -74
25 -74
25 -70
25 -74
25 -74
25 -74
25 -74
25 -75
25 -75
25 -75
25 -75
25 -75
25 -75
25 -76
25 -75
25 -76
25 -77
25 -76
25 -76
25 -75
25 -75
25 -75
25 -74
25 -75
25 -74
25 -74
25 -74
25 -74
25 -74
25 -73
25 -74
25 -65
25 -75
25 -76
25 -72
25 -75
25 -75
25 -72
25 -69
25 -69
25 -70
25 -73
25 -76
25 -75
25 -75
25 -76
25 -76
25 -74
25 -74
25 -74
25 -75
25 -74
25 -74
25 -74
25 -75
25 -75
25 -75
25 -74
25 -74
25 -74
25 -75
25 -75
25 -74
25 -74
25 -74
25 -74
25 -73
25 -73
25 -72
25 -72
25 -74
25 -73
25 -74
25 -73
25 -74
25 -73
25 -74
26 -61
26 -62
26 -62
26 -61
26 -61
26 -61
26 -61
26 -61
26 -61
26 -60
26 -59
26 -65
26 -60
26 -64
26 -67
26 -64
26 -61
26 -60
26 -59
26 -58
26 -58
26 -58
26 -58
26 -58
26 -58
26 -56
26 -54
26 -56
26 -56
26 -57
26 -58
26 -54
26 -63
26 -63
26 -64
26 -66
26 -70
26 -75
26 -72
26 -70
26 -64
26 -66
26 -62
26 -64
26 -65
26 -64
26 -64
26 -66
26 -68
26 -69
26 -70
26 -72
26 -64
26 -73
26 -76
26 -74
26 -75
26 -74
26 -73
26 -74
26 -74
26 -75
26 -64
26 -72
26 -72
26 -72
26 -72
26 -72
26 -72
26 -71
26 -71
26 -71
26 -72
26 -73
26 -74
26 -75
26 -76
26 -75
26 -75
26 -76
26 -75
26 -75
26 -75
26 -75
26 -75
26 -74
26 -73
26 -73
26 -73
26 -74
26 -66
26 -70
26 -66
26 -62
26 -63
26 -71
26 -63
26 -66
26 -69
26 -68
26 -66
26 -66
26 -66
26 -66
26 -67
26 -68
26 -69
26 -68
26 -68
26 -68
26 -69
26 -68
26 -58
26 -62
26 -62
26 -64
26 -61
26 -59
26 -57
26 -57
26 -58
26 -58
26 -58
26 -57
26 -59
26 -59
26 -60
26 -60
26 -58
26 -59
26 -61
26 -62
26 -60
26 -58
26 -58
26 -59
26 -60
26 -58
26 -57
26 -55
26 -54
26 -54
26 -54
26 -54
26 -55
26 -55
26 -56
26 -56
26 -57
26 -57
26 -57
26 -56
26 -54
26 -54
26 -54
26 -54
26 -54
26 -54
26 -54
26 -54
26 -54
26 -54
26 -53
26 -53
26 -54
26 -54
26 -54
26 -54
26 -54
26 -54
26 -54
26 -54
26 -54
26 -54
26 -54
26 -54
26 -54
26 -54
26 -54
26 -54
26 -54
26 -54
26 -54
26 -55
26 -55
26 -55
26 -55
26 -56
26 -55
26 -55
26 -54
26 -54
26 -54
26 -54
26 -54
26 -54
26 -54
26 -54
26 -54
26 -54
26 -54
26 -54
26 -54
26 -54
26 -54
26 -54
26 -54
26 -54
26 -54
26 -54
26 -54
26 -54
26 -54
26 -54
26 -54
26 -54
26 -54
26 -54
26 -54
26 -54
26 -54
26 -54
26 -54
26 -54
26 -54
26 -55
26 -55
26 -55
26 -55
26 -55
26 -55
26 -55
26 -54
26 -54
26 -54
26 -54
26 -54
26 -54
26 -55
26 -55
26 -55
26 -55
26 -61
26 -61
26 -55
26 -55
26 -55
26 -55
26 -55
26 -54
26 -54
26 -54
26 -55
26 -55
26 -55
26 -55
26 -55
26 -55
26 -55
26 -56
26 -56
26 -56
26 -56
26 -56
26 -58
26 -58
26 -58
26 -58
26 -58
26 -58
26 -58
26 -58
26 -58
26 -59
26 -59
26 -59
26 -59
26 -59
26 -58
26 -58
26 -60
26 -61
26 -61
26 -60
26 -59
26 -57
26 -57
26 -57
26 -57
26 -57
26 -57
26 -57
26 -57
26 -56
26 -57
26 -57
26 -57
26 -56
26 -57
26 -57
26 -57
26 -57
26 -57
26 -57
26 -57
26 -57
26 -57
26 -57
26 -57
26 -57
26 -57
26 -57
26 -57
26 -57
26 -57
26 -57
26 -57
26 -57
26 -57
26 -57
26 -57
26 -57
26 -57
26 -56
26 -64
26 -56
26 -56
26 -56
26 -56
26 -56
26 -56
26 -56
26 -56
26 -56
26 -56
26 -56
26 -56
26 -56
26 -56
26 -56
26 -56
26 -56
26 -56
26 -56
26 -56
26 -56
26 -55
26 -55
26 -55
26 -55
26 -55
26 -55
26 -55
26 -55
26 -55
26 -55
26 -55
26 -55
26 -55
26 -55
26 -55
26 -55
26 -56
26 -56
26 -56
26 -56
26 -57
26 -57
26 -57
26 -57
26 -57
26 -57
26 -57
26 -57
26 -57
26 -57
26 -57
26 -57
26 -57
26 -64
26 -56
26 -56
26 -56
26 -56
26 -56
26 -56
26 -56
26 -56
26 -56
26 -56
26 -56
26 -56
26 -56
26 -56
26 -56
26 -56
26 -56
26 -56
26 -55
26 -55
26 -55
26 -55
26 -56
26 -56
26 -56
26 -57
26 -57
26 -57
26 -57
26 -57
26 -57
26 -57
26 -58
26 -57
26 -58
26 -58
26 -58
26 -58
26 -58
26 -58
26 -58
26 -58
26 -58
26 -58
26 -58
26 -57
26 -65
26 -57
26 -57
26 -57
26 -57
26 -57
26 -57
26 -57
26 -57
26 -57
26 -58
26 -58
26 -58
26 -58
26 -58
26 -58
26 -58
26 -58
26 -58
26 -58
26 -58
26 -58
26 -59
26 -58
26 -58
26 -58
26 -59
26 -59
26 -60
26 -60
26 -60
26 -60
26 -60
26 -60
26 -60
26 -60
26 -58
26 -60
26 -60
26 -59
26 -58
26 -58
26 -57
26 -57
26 -57
26 -57
26 -57
26 -58
26 -58
26 -58
26 -59
26 -60
26 -60
26 -61
26 -61
26 -61
26 -60
26 -60
26 -63
26 -61
26 -62
26 -61
26 -64
26 -65
26 -64
26 -64
26 -64
26 -64
26 -64
26 -64
26 -63
26 -62
26 -64
26 -64
26 -63
26 -64
26 -64
26 -65
26 -64
26 -64
26 -64
26 -64
26 -66
26 -64
26 -65
26 -64
26 -64
26 -64
26 -64
26 -64
26 -64
26 -64
26 -64
26 -64
26 -64
26 -64
26 -64
26 -64
27 -55
27 -55
27 -55
27 -55
27 -55
27 -55
27 -55
27 -55
27 -55
27 -56
27 -60
27 -54
27 -53
27 -53
27 -58
27 -54
27 -30
27 -54
27 -54
27 -54
27 -55
27 -55
27 -56
27 -56
27 -57
27 -56
27 -54
27 -54
27 -55
27 -57
27 -56
27 -56
27 -55
27 -55
27 -55
27 -55
27 -55
27 -58
27 -56
27 -55
27 -54
27 -55
27 -54
27 -54
27 -54
27 -54
27 -54
27 -54
27 -54
27 -54
27 -54
27 -54
27 -54
27 -54
27 -55
27 -55
27 -55
27 -55
27 -54
27 -54
27 -55
27 -55
27 -55
27 -54
27 -55
27 -55
27 -55
27 -54
27 -54
27 -54
27 -54
27 -54
27 -54
27 -54
27 -54
27 -54
27 -54
27 -54
27 -54
27 -54
27 -54
27 -55
27 -54
27 -55
27 -55
27 -54
27 -55
27 -55
27 -54
27 -54
27 -54
27 -54
27 -54
27 -54
27 -54
27 -54
27 -54
27 -54
27 -54
27 -54
27 -54
27 -54
27 -55
27 -55
27 -54
27 -52
27 -54
27 -54
27 -56
27 -57
27 -57
27 -57
27 -58
27 -58
27 -58
27 -58
27 -58
27 -58
27 -58
27 -56
27 -57
27 -57
27 -60
27 -56
27 -56
27 -55
27 -55
27 -60
27 -61
27 -62
27 -63
27 -57
27 -60
27 -59
27 -59
27 -60
27 -59
27 -58
27 -57
27 -56
27 -54
27 -54
27 -55
27 -56
27 -57
27 -58
27 -62
27 -63
27 -61
27 -59
27 -58
27 -56
27 -54
27 -54
27 -55
27 -56
27 -54
27 -55
27 -56
27 -56
27 -64
27 -56
27 -55
27 -55
27 -55
27 -56
27 -55
27 -55
27 -55
27 -55
27 -56
27 -56
27 -56
27 -57
27 -57
27 -57
27 -57
27 -57
27 -57
27 -57
27 -57
27 -58
27 -58
27 -58
27 -58
27 -58
27 -58
27 -58
27 -58
27 -58
27 -58
27 -58
27 -58
27 -58
27 -58
27 -58
27 -58
27 -58
27 -58
27 -58
27 -58
27 -58
27 -58
27 -58
27 -57
27 -57
27 -57
27 -57
27 -57
27 -58
27 -58
27 -58
27 -58
27 -58
27 -58
27 -58
27 -58
27 -58
27 -58
27 -58
27 -58
27 -58
27 -58
27 -58
27 -58
27 -58
27 -58
27 -57
27 -57
27 -57
27 -57
27 -58
27 -58
27 -58
27 -58
27 -58
27 -58
27 -58
27 -58
27 -58
27 -58
27 -63
27 -58
27 -58
27 -58
27 -58
27 -58
27 -58
27 -58
27 -58
27 -58
27 -58
27 -58
27 -58
27 -59
27 -59
27 -59
27 -59
27 -58
27 -58
27 -58
27 -58
27 -58
27 -58
27 -58
27 -58
27 -58
27 -64
27 -58
27 -58
27 -58
27 -60
27 -60
27 -58
27 -62
27 -64
27 -64
27 -66
27 -64
27 -58
27 -57
27 -57
27 -57
27 -58
27 -58
27 -58
27 -58
27 -58
27 -58
27 -58
27 -58
27 -58
27 -58
27 -58
27 -58
27 -59
27 -59
27 -58
27 -58
27 -58
27 -58
27 -58
27 -58
27 -58
27 -58
27 -58
27 -58
27 -58
27 -58
27 -58
27 -58
27 -58
27 -58
27 -58
27 -58
27 -58
27 -58
27 -58
27 -58
27 -58
27 -58
27 -58
27 -58
27 -58
27 -58
27 -58
27 -58
27 -58
27 -58
27 -57
27 -57
27 -56
27 -56
27 -54
27 -54
27 -54
27 -54
27 -54
27 -54
27 -54
27 -54
27 -54
27 -55
27 -54
27 -54
27 -54
27 -54
27 -53
27 -53
27 -53
27 -52
27 -52
27 -52
27 -52
27 -52
27 -52
27 -52
27 -52
27 -52
27 -53
27 -53
27 -53
27 -53
27 -54
27 -54
27 -54
27 -54
27 -54
27 -54
27 -54
27 -54
27 -54
27 -54
27 -54
27 -54
27 -54
27 -54
27 -54
27 -54
27 -54
27 -54
27 -55
27 -55
27 -64
27 -56
27 -56
27 -56
27 -56
27 -56
27 -56
27 -56
27 -56
27 -56
27 -56
27 -56
27 -56
27 -57
27 -57
27 -57
27 -57
27 -57
27 -57
27 -57
27 -57
27 -53
27 -56
27 -56
27 -56
27 -56
27 -56
27 -56
27 -56
27 -56
27 -56
27 -56
27 -56
27 -56
27 -56
27 -56
27 -57
27 -56
27 -57
27 -57
27 -57
27 -57
27 -57
27 -57
27 -57
27 -57
27 -57
27 -57
27 -57
27 -57
27 -57
27 -57
27 -58
27 -57
27 -58
27 -58
27 -58
27 -58
27 -58
27 -58
27 -57
27 -57
27 -57
27 -56
27 -55
27 -55
27 -56
27 -55
27 -55
27 -56
27 -56
27 -56
27 -56
27 -57
27 -57
27 -58
27 -58
27 -58
27 -58
27 -58
27 -59
27 -76
27 -58
27 -61
27 -60
27 -59
27 -58
27 -58
27 -58
27 -58
27 -58
27 -58
27 -58
27 -58
27 -58
27 -58
27 -58
27 -58
27 -58
27 -58
27 -59
27 -59
27 -60
27 -60
27 -61
27 -60
27 -59
27 -60
27 -61
27 -60
27 -60
27 -60
27 -60
27 -60
27 -60
27 -60
27 -60
27 -60
27 -60
27 -60
27 -60
27 -60
28 -58
28 -58
28 -58
28 -57
28 -58
28 -58
28 -58
28 -58
28 -59
28 -60
28 -58
28 -58
28 -57
28 -58
28 -57
28 -57
28 -56
28 -56
28 -56
28 -55
28 -56
28 -56
28 -55
28 -54
28 -55
28 -55
28 -56
28 -60
28 -57
28 -57
28 -57
28 -58
28 -58
28 -57
28 -58
28 -58
28 -58
28 -58
28 -58
28 -58
28 -57
28 -56
28 -56
28 -57
28 -56
28 -57
28 -57
28 -57
28 -56
28 -57
28 -56
28 -57
28 -57
28 -57
28 -57
28 -56
28 -56
28 -54
28 -57
28 -57
28 -57
28 -57
28 -57
28 -57
28 -57
28 -57
28 -57
28 -57
28 -56
28 -56
28 -56
28 -56
28 -56
28 -56
28 -56
28 -56
28 -57
28 -57
28 -57
28 -57
28 -57
28 -57
28 -57
28 -57
28 -57
28 -57
28 -57
28 -57
28 -57
28 -57
28 -57
28 -56
28 -58
28 -59
28 -58
28 -57
28 -58
28 -58
28 -58
28 -57
28 -57
28 -56
28 -56
28 -56
28 -56
28 -55
28 -56
28 -56
28 -56
28 -56
28 -56
28 -55
28 -56
28 -56
28 -58
28 -58
28 -58
28 -56
28 -56
28 -56
28 -58
28 -60
28 -66
28 -66
28 -68
28 -61
28 -60
28 -59
28 -59
28 -59
28 -59
28 -60
28 -60
28 -64
28 -70
28 -78
28 -82
28 -79
28 -74
28 -62
28 -60
28 -58
28 -58
28 -58
28 -57
28 -56
28 -56
28 -55
28 -55
28 -54
28 -54
28 -53
28 -54
28 -54
28 -54
28 -54
28 -54
28 -54
28 -54
28 -55
28 -55
28 -55
28 -55
28 -56
28 -56
28 -56
28 -56
28 -56
28 -55
28 -55
28 -55
28 -55
28 -55
28 -55
28 -56
28 -55
28 -56
28 -56
28 -56
28 -56
28 -56
28 -56
28 -56
28 -56
28 -56
28 -57
28 -57
28 -56
28 -56
28 -56
28 -56
28 -56
28 -56
28 -56
28 -56
28 -56
28 -56
28 -56
28 -56
28 -56
28 -56
28 -56
28 -56
28 -56
28 -56
28 -56
28 -56
28 -56
28 -56
28 -56
28 -56
28 -56
28 -56
28 -56
28 -56
28 -56
28 -56
28 -56
28 -56
28 -56
28 -56
28 -56
28 -56
28 -56
28 -56
28 -56
28 -56
28 -56
28 -56
28 -56
28 -56
28 -56
28 -56
28 -56
28 -56
28 -56
28 -56
28 -64
28 -56
28 -56
28 -56
28 -55
28 -56
28 -56
28 -54
28 -56
28 -56
28 -56
28 -56
28 -56
28 -56
28 -56
28 -57
28 -57
28 -57
28 -57
28 -57
28 -57
28 -57
28 -57
28 -56
28 -56
28 -56
28 -56
28 -56
28 -56
28 -56
28 -56
28 -56
28 -56
28 -56
28 -57
28 -62
28 -58
28 -63
28 -62
28 -57
28 -57
28 -57
28 -57
28 -57
28 -54
28 -56
28 -56
28 -56
28 -56
28 -56
28 -56
28 -56
28 -56
28 -56
28 -56
28 -56
28 -56
28 -56
28 -56
28 -56
28 -56
28 -56
28 -56
28 -56
28 -56
28 -56
28 -56
28 -56
28 -56
28 -56
28 -56
28 -56
28 -56
28 -56
28 -61
28 -56
28 -56
28 -56
28 -56
28 -56
28 -56
28 -56
28 -56
28 -56
28 -56
28 -56
28 -56
28 -56
28 -56
28 -56
28 -56
28 -56
28 -54
28 -55
28 -55
28 -55
28 -55
28 -55
28 -55
28 -55
28 -54
28 -54
28 -55
28 -55
28 -55
28 -54
28 -55
28 -54
28 -55
28 -55
28 -55
28 -55
28 -55
28 -55
28 -61
28 -55
28 -56
28 -56
28 -56
28 -56
28 -57
28 -57
28 -57
28 -53
28 -56
28 -56
28 -57
28 -57
28 -57
28 -57
28 -57
28 -57
28 -57
28 -57
28 -57
28 -57
28 -57
28 -57
28 -57
28 -57
28 -57
28 -57
28 -57
28 -57
28 -57
28 -57
28 -57
28 -56
28 -56
28 -56
28 -56
28 -56
28 -56
28 -56
28 -56
28 -56
28 -56
28 -56
28 -56
28 -56
28 -56
28 -56
28 -56
28 -56
28 -56
28 -56
28 -56
28 -56
28 -56
28 -56
28 -56
28 -56
28 -56
28 -56
28 -56
28 -56
28 -56
28 -56
28 -56
28 -56
28 -56
28 -56
28 -56
28 -56
28 -56
28 -56
28 -56
28 -56
28 -56
28 -56
28 -56
28 -57
28 -57
28 -56
28 -57
28 -57
28 -57
28 -56
28 -57
28 -57
28 -57
28 -39
28 -57
28 -57
28 -57
28 -57
28 -57
28 -57
28 -57
28 -57
28 -58
28 -58
28 -57
28 -57
28 -57
28 -57
28 -57
28 -57
28 -57
28 -57
28 -56
28 -57
28 -57
28 -56
28 -57
28 -57
28 -57
28 -56
28 -56
28 -56
28 -57
28 -57
28 -57
28 -57
28 -57
28 -58
28 -57
28 -55
28 -60
28 -69
28 -61
28 -56
28 -56
28 -57
28 -57
28 -57
28 -57
28 -57
28 -57
28 -57
28 -57
28 -57
28 -57
28 -57
28 -57
28 -57
28 -57
28 -57
28 -57
28 -57
28 -57
28 -57
28 -57
28 -57
28 -58
28 -58
28 -57
28 -57
28 -58
28 -58
28 -57
28 -58
28 -58
28 -57
28 -54
28 -57
28 -58
28 -57
28 -57
29 -54
29 -54
29 -54
29 -54
29 -54
29 -54
29 -54
29 -54
29 -54
29 -54
29 -54
29 -54
29 -54
29 -54
29 -52
29 -52
29 -51
29 -52
29 -52
29 -54
29 -54
29 -54
29 -54
29 -54
29 -54
29 -54
29 -55
29 -58
29 -57
29 -57
29 -55
29 -54
29 -54
29 -54
29 -54
29 -55
29 -56
29 -56
29 -57
29 -58
29 -58
29 -57
29 -58
29 -59
29 -57
29 -58
29 -57
29 -58
29 -58
29 -58
29 -58
29 -57
29 -57
29 -56
29 -56
29 -56
29 -56
29 -56
29 -56
29 -56
29 -56
29 -56
29 -56
29 -56
29 -57
29 -57
29 -57
29 -57
29 -57
29 -57
29 -57
29 -57
29 -57
29 -58
29 -57
29 -57
29 -57
29 -57
29 -57
29 -57
29 -57
29 -57
29 -57
29 -57
29 -57
29 -57
29 -57
29 -57
29 -56
29 -57
29 -56
29 -54
29 -57
29 -57
29 -57
29 -57
29 -57
29 -57
29 -57
29 -57
29 -57
29 -60
29 -57
29 -54
29 -54
29 -54
29 -54
29 -56
29 -57
29 -57
29 -58
29 -58
29 -58
29 -57
29 -57
29 -57
29 -57
29 -58
29 -58
29 -58
29 -59
29 -60
29 -58
29 -55
29 -60
29 -55
29 -61
29 -60
29 -58
29 -59
29 -61
29 -58
29 -56
29 -57
29 -57
29 -57
29 -58
29 -58
29 -57
29 -56
29 -56
29 -56
29 -58
29 -57
29 -55
29 -54
29 -54
29 -55
29 -58
29 -61
29 -61
29 -60
29 -60
29 -60
29 -60
29 -59
29 -58
29 -56
29 -55
29 -54
29 -54
29 -54
29 -55
29 -55
29 -54
29 -54
29 -64
29 -57
29 -57
29 -58
29 -59
29 -60
29 -60
29 -60
29 -60
29 -59
29 -58
29 -42
29 -58
29 -58
29 -58
29 -58
29 -58
29 -57
29 -58
29 -58
29 -57
29 -57
29 -56
29 -57
29 -56
29 -55
29 -55
29 -54
29 -54
29 -53
29 -53
29 -53
29 -53
29 -53
29 -53
29 -54
29 -53
29 -53
29 -53
29 -53
29 -53
29 -53
29 -53
29 -53
29 -53
29 -54
29 -54
29 -53
29 -53
29 -53
29 -53
29 -53
29 -53
29 -53
29 -53
29 -53
29 -53
29 -53
29 -54
29 -53
29 -53
29 -53
29 -53
29 -53
29 -52
29 -53
29 -53
29 -53
29 -53
29 -53
29 -53
29 -53
29 -54
29 -54
29 -53
29 -53
29 -53
29 -53
29 -52
29 -52
29 -52
29 -52
29 -52
29 -59
29 -52
29 -52
29 -52
29 -52
29 -52
29 -52
29 -52
29 -52
29 -53
29 -53
29 -53
29 -52
29 -52
29 -52
29 -52
29 -52
29 -52
29 -52
29 -52
29 -52
29 -52
29 -52
29 -52
29 -52
29 -52
29 -53
29 -52
29 -54
29 -59
29 -54
29 -54
29 -54
29 -53
29 -53
29 -53
29 -53
29 -52
29 -52
29 -52
29 -52
29 -52
29 -52
29 -52
29 -52
29 -52
29 -51
29 -52
29 -52
29 -52
29 -52
29 -52
29 -52
29 -52
29 -52
29 -52
29 -52
29 -52
29 -52
29 -52
29 -52
29 -52
29 -52
29 -52
29 -52
29 -52
29 -52
29 -52
29 -52
29 -52
29 -52
29 -52
29 -52
29 -52
29 -52
29 -52
29 -52
29 -52
29 -52
29 -52
29 -52
29 -52
29 -52
29 -52
29 -52
29 -52
29 -52
29 -52
29 -52
29 -52
29 -52
29 -52
29 -52
29 -52
29 -51
29 -51
29 -52
29 -52
29 -51
29 -51
29 -52
29 -52
29 -51
29 -52
29 -52
29 -51
29 -51
29 -57
29 -59
29 -52
29 -53
29 -52
29 -52
29 -52
29 -52
29 -52
29 -52
29 -52
29 -52
29 -52
29 -53
29 -53
29 -54
29 -54
29 -55
29 -55
29 -56
29 -55
29 -55
29 -55
29 -55
29 -55
29 -55
29 -55
29 -54
29 -54
29 -54
29 -54
29 -54
29 -54
29 -54
29 -54
29 -54
29 -54
29 -54
29 -54
29 -54
29 -54
29 -54
29 -53
29 -53
29 -53
29 -53
29 -53
29 -54
29 -54
29 -54
29 -54
29 -54
29 -54
29 -53
29 -53
29 -53
29 -53
29 -53
29 -53
29 -53
29 -54
29 -54
29 -54
29 -54
29 -54
29 -54
29 -54
29 -54
29 -54
29 -54
29 -54
29 -54
29 -54
29 -61
29 -54
29 -53
29 -54
29 -54
29 -54
29 -54
29 -54
29 -54
29 -54
29 -54
29 -54
29 -54
29 -54
29 -54
29 -54
29 -54
29 -55
29 -55
29 -54
29 -54
29 -54
29 -54
29 -54
29 -54
29 -54
29 -54
29 -54
29 -53
29 -54
29 -54
29 -54
29 -54
29 -54
29 -54
29 -54
29 -54
29 -54
29 -54
29 -54
29 -54
29 -54
29 -54
29 -54
29 -54
29 -56
29 -55
29 -58
29 -60
29 -58
29 -61
29 -62
29 -63
29 -63
29 -59
29 -63
29 -63
29 -62
29 -62
29 -61
29 -60
29 -60
29 -60
29 -60
29 -60
29 -60
29 -60
29 -60
29 -60
29 -60
29 -60
29 -60
29 -60
29 -60
29 -60
29 -61
29 -63
29 -60
29 -59
29 -58
29 -58
29 -58
29 -58
29 -58
29 -57
29 -57
29 -57
29 -57
29 -57
29 -57
29 -57
29 -57
29 -58
30 -70
30 -70
30 -70
30 -69
30 -69
30 -69
30 -60
30 -69
30 -69
30 -69
30 -69
30 -69
30 -70
30 -72
30 -72
30 -73
30 -73
30 -72
30 -74
30 -73
30 -73
30 -71
30 -73
30 -72
30 -58
30 -73
30 -73
30 -70
30 -70
30 -70
30 -70
30 -70
30 -70
30 -70
30 -70
30 -70
30 -72
30 -72
30 -72
30 -70
30 -73
30 -74
30 -75
30 -75
30 -74
30 -75
30 -72
30 -73
30 -72
30 -72
30 -71
30 -70
30 -70
30 -71
30 -70
30 -71
30 -71
30 -72
30 -72
30 -72
30 -72
30 -70
30 -72
30 -71
30 -72
30 -73
30 -73
30 -72
30 -72
30 -72
30 -72
30 -73
30 -72
30 -72
30 -71
30 -71
30 -71
30 -71
30 -70
30 -71
30 -70
30 -71
30 -71
30 -70
30 -71
30 -70
30 -57
30 -71
30 -62
30 -72
30 -72
30 -72
30 -72
30 -72
30 -72
30 -72
30 -72
30 -72
30 -68
30 -70
30 -75
30 -72
30 -71
30 -71
30 -76
30 -67
30 -69
30 -70
30 -70
30 -69
30 -69
30 -68
30 -69
30 -69
30 -69
30 -69
30 -68
30 -55
30 -70
30 -77
30 -76
30 -79
30 -73
30 -81
30 -78
30 -82
30 -80
30 -84
30 -83
30 -81
30 -81
30 -82
30 -80
30 -80
30 -79
30 -78
30 -76
30 -72
30 -77
30 -80
30 -79
30 -76
30 -76
30 -76
30 -74
30 -75
30 -76
30 -72
30 -78
30 -76
30 -76
30 -76
30 -76
30 -76
30 -76
30 -76
30 -75
30 -68
30 -74
30 -74
30 -75
30 -75
30 -75
30 -75
30 -75
30 -75
30 -75
30 -75
30 -76
30 -75
30 -75
30 -76
30 -76
30 -76
30 -76
30 -76
30 -76
30 -77
30 -76
30 -76
30 -76
30 -76
30 -76
30 -76
30 -76
30 -76
30 -76
30 -76
30 -76
30 -77
30 -76
30 -76
30 -76
30 -76
30 -62
30 -76
30 -75
30 -75
30 -76
30 -76
30 -76
30 -76
30 -76
30 -76
30 -76
30 -76
30 -76
30 -76
30 -76
30 -76
30 -76
30 -76
30 -76
30 -76
30 -76
30 -76
30 -76
30 -76
30 -76
30 -76
30 -76
30 -76
30 -76
30 -76
30 -76
30 -76
30 -76
30 -76
30 -76
30 -77
30 -76
30 -76
30 -76
30 -76
30 -71
30 -73
30 -74
30 -73
30 -73
30 -72
30 -73
30 -73
30 -74
30 -74
30 -74
30 -74
30 -75
30 -75
30 -81
30 -73
30 -71
30 -72
30 -72
30 -74
30 -75
30 -30
30 -72
30 -72
30 -72
30 -73
30 -73
30 -72
30 -71
30 -72
30 -72
30 -71
30 -70
30 -71
30 -71
30 -72
30 -72
30 -72
30 -72
30 -72
30 -72
30 -72
30 -72
30 -72
30 -72
30 -72
30 -72
30 -72
30 -72
30 -72
30 -72
30 -71
30 -71
30 -71
30 -70
30 -72
30 -71
30 -72
30 -72
30 -72
30 -72
30 -72
30 -72
30 -72
30 -72
30 -72
30 -72
30 -72
30 -72
30 -72
30 -72
30 -72
30 -72
30 -72
30 -72
30 -73
30 -73
30 -73
30 -73
30 -73
30 -70
30 -72
30 -72
30 -72
30 -72
30 -72
30 -72
30 -72
30 -72
30 -72
30 -73
30 -75
30 -75
30 -71
30 -73
30 -75
30 -78
30 -80
30 -81
30 -82
30 -82
30 -82
30 -77
30 -82
30 -82
30 -81
30 -81
30 -79
30 -78
30 -78
30 -78
30 -77
30 -77
30 -77
30 -78
30 -71
30 -77
30 -78
30 -78
30 -56
30 -76
30 -78
30 -78
30 -78
30 -78
30 -78
30 -77
30 -78
30 -78
30 -72
30 -77
30 -78
30 -77
30 -77
30 -78
30 -77
30 -78
30 -77
30 -78
30 -78
30 -79
30 -78
30 -79
30 -80
30 -80
30 -79
30 -80
30 -69
30 -80
30 -79
30 -78
30 -79
30 -80
30 -80
30 -80
30 -81
30 -81
30 -78
30 -78
30 -79
30 -79
30 -79
30 -80
30 -78
30 -78
30 -80
30 -77
30 -76
30 -73
30 -74
30 -73
30 -74
30 -73
30 -73
30 -74
30 -74
30 -74
30 -74
30 -74
30 -74
30 -75
30 -76
30 -76
30 -76
30 -75
30 -75
30 -75
30 -75
30 -75
30 -77
30 -77
30 -78
30 -79
30 -79
30 -81
30 -80
30 -80
30 -80
31 -76
31 -76
31 -78
31 -78
31 -80
31 -58
31 -78
31 -76
31 -76
31 -76
31 -80
31 -83
31 -84
31 -79
31 -76
31 -76
31 -78
31 -79
31 -86
31 -77
31 -79
31 -80
31 -77
31 -76
31 -80
31 -79
31 -77
31 -76
31 -78
31 -78
31 -77
31 -76
31 -75
31 -76
31 -76
31 -76
31 -76
31 -76
31 -77
31 -78
31 -78
31 -78
31 -78
31 -77
31 -77
31 -77
31 -77
31 -76
31 -76
31 -75
31 -76
31 -76
31 -76
31 -76
31 -76
31 -76
31 -75
31 -76
31 -76
31 -76
31 -76
31 -76
31 -76
31 -76
31 -76
31 -76
31 -76
31 -76
31 -76
31 -75
31 -74
31 -73
31 -72
31 -72
31 -63
31 -72
31 -72
31 -72
31 -72
31 -72
31 -72
31 -72
31 -63
31 -73
31 -76
31 -76
31 -81
31 -78
31 -78
31 -81
31 -80
31 -83
31 -80
31 -81
31 -84
31 -83
31 -79
31 -76
31 -74
31 -73
31 -73
31 -73
31 -74
31 -75
31 -75
31 -75
31 -75
31 -76
31 -76
31 -77
31 -78
31 -78
31 -76
31 -76
31 -77
31 -76
31 -76
31 -75
31 -75
31 -75
31 -74
31 -73
31 -73
31 -73
31 -72
31 -72
31 -72
31 -45
31 -73
31 -72
31 -73
31 -73
31 -74
31 -74
31 -74
31 -74
31 -74
31 -74
31 -73
31 -74
31 -74
31 -73
31 -74
31 -74
31 -74
31 -74
31 -74
31 -75
31 -75
31 -75
31 -75
31 -76
31 -75
31 -75
31 -74
31 -75
31 -74
31 -72
31 -72
31 -72
31 -72
31 -73
31 -72
31 -72
31 -71
31 -72
31 -72
31 -72
31 -72
31 -72
31 -72
31 -72
31 -73
31 -72
31 -72
31 -72
31 -72
31 -72
31 -72
31 -72
31 -72
31 -72
31 -72
31 -72
31 -72
31 -72
31 -72
31 -71
31 -71
31 -71
31 -71
31 -71
31 -71
31 -71
31 -72
31 -73
31 -73
31 -73
31 -72
31 -72
31 -72
31 -73
31 -72
31 -72
31 -72
31 -72
31 -72
31 -72
31 -72
31 -70
31 -76
31 -75
31 -77
31 -76
31 -76
31 -73
31 -73
31 -74
31 -75
31 -74
31 -74
31 -74
31 -74
31 -57
31 -66
31 -76
31 -76
31 -76
31 -76
31 -76
31 -75
31 -75
31 -75
31 -76
31 -76
31 -75
31 -75
31 -75
31 -75
31 -76
31 -75
31 -69
31 -76
31 -76
31 -75
31 -76
31 -76
31 -76
31 -75
31 -77
31 -76
31 -77
31 -75
31 -76
31 -76
31 -76
31 -76
31 -75
31 -75
31 -75
31 -75
31 -64
31 -76
31 -76
31 -76
31 -76
31 -76
31 -76
31 -76
31 -76
31 -76
31 -76
31 -76
31 -71
31 -76
31 -76
31 -76
31 -76
31 -76
31 -76
31 -76
31 -76
31 -76
31 -76
31 -75
31 -75
31 -76
31 -76
31 -76
31 -77
31 -76
31 -76
31 -78
31 -78
31 -77
31 -78
31 -77
31 -78
31 -77
31 -77
31 -77
31 -77
31 -77
31 -77
31 -77
31 -77
31 -77
31 -77
31 -76
31 -76
31 -76
31 -76
31 -76
31 -76
31 -76
31 -76
31 -75
31 -76
31 -75
31 -76
31 -75
31 -75
31 -76
31 -75
31 -76
31 -75
31 -76
31 -76
31 -75
31 -74
31 -75
31 -75
31 -75
31 -75
31 -74
31 -75
31 -76
31 -75
31 -75
31 -75
31 -74
31 -74
31 -74
31 -74
31 -73
31 -74
31 -75
31 -75
31 -74
31 -74
31 -74
31 -72
31 -74
31 -62
31 -73
31 -72
31 -72
31 -72
31 -72
31 -72
31 -72
31 -72
31 -72
31 -73
31 -74
31 -74
31 -74
31 -75
31 -75
31 -75
31 -75
31 -75
31 -75
31 -57
31 -57
31 -75
31 -83
31 -75
31 -74
31 -73
31 -73
31 -72
31 -72
31 -72
31 -72
31 -76
31 -73
31 -72
31 -72
31 -71
31 -71
31 -70
31 -70
31 -70
31 -70
31 -70
31 -70
31 -70
31 -70
31 -70
31 -70
31 -70
31 -70
31 -70
31 -70
31 -70
31 -70
31 -70
31 -69
31 -70
31 -70
31 -70
31 -70
31 -70
31 -70
31 -70
31 -70
31 -70
31 -70
31 -70
31 -70
31 -70
31 -70
31 -70
31 -70
31 -70
31 -70
31 -70
31 -70
31 -70
31 -70
32 -70
32 -30
32 -69
32 -69
32 -70
32 -70
32 -69
32 -69
32 -70
32 -70
32 -70
32 -70
32 -70
32 -75
32 -72
32 -70
32 -69
32 -69
32 -68
32 -69
32 -69
32 -70
32 -69
32 -70
32 -71
32 -72
32 -69
32 -72
32 -76
32 -71
32 -72
32 -69
32 -68
32 -69
32 -69
32 -69
32 -69
32 -69
32 -69
32 -68
32 -68
32 -68
32 -67
32 -72
32 -72
32 -70
32 -70
32 -70
32 -70
32 -70
32 -70
32 -70
32 -70
32 -69
32 -69
32 -69
32 -70
32 -69
32 -69
32 -69
32 -68
32 -68
32 -69
32 -69
32 -69
32 -69
32 -68
32 -68
32 -68
32 -61
32 -69
32 -69
32 -69
32 -69
32 -69
32 -69
32 -69
32 -69
32 -70
32 -70
32 -70
32 -70
32 -69
32 -70
32 -70
32 -70
32 -70
32 -70
32 -69
32 -69
32 -70
32 -69
32 -70
32 -69
32 -69
32 -69
32 -71
32 -72
32 -75
32 -74
32 -74
32 -78
32 -75
32 -72
32 -72
32 -73
32 -73
32 -73
32 -72
32 -72
32 -72
32 -72
32 -71
32 -73
32 -73
32 -75
32 -76
32 -74
32 -73
32 -74
32 -72
32 -73
32 -71
32 -75
32 -76
32 -75
32 -70
32 -73
32 -70
32 -72
32 -72
32 -72
32 -73
32 -76
32 -77
32 -78
32 -71
32 -71
32 -72
32 -74
32 -73
32 -71
32 -71
32 -71
32 -70
32 -70
32 -70
32 -70
32 -69
32 -68
32 -67
32 -67
32 -67
32 -67
32 -68
32 -67
32 -67
32 -68
32 -69
32 -69
32 -69
32 -70
32 -70
32 -70
32 -70
32 -70
32 -70
32 -70
32 -70
32 -70
32 -69
32 -69
32 -69
32 -69
32 -70
32 -70
32 -69
32 -69
32 -68
32 -68
32 -68
32 -68
32 -68
32 -67
32 -67
32 -59
32 -67
32 -67
32 -67
32 -67
32 -66
32 -67
32 -67
32 -68
32 -67
32 -67
32 -67
32 -67
32 -67
32 -67
32 -67
32 -66
32 -58
32 -67
32 -67
32 -68
32 -67
32 -67
32 -68
32 -67
32 -67
32 -66
32 -67
32 -67
32 -67
32 -67
32 -67
32 -66
32 -66
32 -67
32 -67
32 -67
32 -67
32 -67
32 -67
32 -68
32 -68
32 -68
32 -68
32 -68
32 -68
32 -67
32 -67
32 -67
32 -67
32 -66
32 -67
32 -66
32 -67
32 -67
32 -66
32 -67
32 -66
32 -66
32 -67
32 -67
32 -67
32 -66
32 -66
32 -66
32 -66
32 -65
32 -66
32 -66
32 -66
32 -66
32 -65
32 -66
32 -65
32 -66
32 -66
32 -66
32 -67
32 -69
32 -69
32 -70
32 -70
32 -67
32 -66
32 -66
32 -67
32 -67
32 -67
32 -67
32 -67
32 -58
32 -66
32 -67
32 -66
32 -67
32 -67
32 -67
32 -57
32 -67
32 -67
32 -68
32 -67
32 -68
32 -67
32 -68
32 -68
32 -68
32 -68
32 -68
32 -68
32 -68
32 -68
32 -68
32 -68
32 -68
32 -68
32 -68
32 -67
32 -68
32 -66
32 -67
32 -67
32 -67
32 -67
32 -68
32 -68
32 -67
32 -68
32 -68
32 -67
32 -67
32 -67
32 -68
32 -68
32 -68
32 -67
32 -67
32 -67
32 -67
32 -67
32 -67
32 -67
32 -68
32 -67
32 -67
32 -68
32 -68
32 -68
32 -68
32 -68
32 -68
32 -68
32 -68
32 -68
32 -68
32 -68
32 -68
32 -68
32 -68
32 -68
32 -68
32 -67
32 -67
32 -67
32 -67
32 -67
32 -67
32 -67
32 -68
32 -68
32 -68
32 -68
32 -68
32 -68
32 -68
32 -68
32 -69
32 -69
32 -68
32 -68
32 -68
32 -68
32 -69
32 -68
32 -70
32 -70
32 -70
32 -70
32 -70
32 -70
32 -70
32 -70
32 -69
32 -69
32 -69
32 -69
32 -69
32 -69
32 -69
32 -68
32 -69
32 -69
32 -69
32 -70
32 -70
32 -70
32 -70
32 -70
32 -70
32 -70
32 -70
32 -70
32 -69
32 -70
32 -69
32 -70
32 -70
32 -70
32 -69
32 -70
32 -70
32 -70
32 -70
32 -70
32 -70
32 -70
32 -70
32 -70
32 -70
32 -70
32 -69
32 -69
32 -70
32 -69
32 -69
32 -69
32 -70
32 -70
32 -70
32 -70
32 -70
32 -70
32 -70
32 -70
32 -70
32 -70
32 -70
32 -70
32 -70
32 -70
32 -70
32 -70
32 -70
32 -70
32 -70
32 -70
32 -70
32 -70
32 -69
32 -67
32 -70
32 -58
32 -70
32 -70
32 -70
32 -70
32 -76
32 -74
32 -75
32 -70
32 -69
32 -69
32 -69
32 -69
32 -69
32 -69
32 -69
32 -69
32 -69
32 -69
32 -69
32 -69
32 -69
32 -58
32 -69
32 -63
32 -69
32 -69
32 -69
32 -69
32 -68
32 -70
32 -69
32 -69
32 -69
32 -70
32 -69
32 -69
32 -69
32 -69
32 -69
32 -68
32 -69
32 -68
32 -68
32 -68
32 -68
33 -78
33 -78
33 -77
33 -77
33 -78
33 -77
33 -77
33 -78
33 -77
33 -74
33 -30
33 -58
33 -77
33 -73
33 -77
33 -76
33 -77
33 -76
33 -77
33 -76
33 -76
33 -75
33 -76
33 -77
33 -76
33 -77
33 -78
33 -80
33 -77
33 -78
33 -78
33 -78
33 -76
33 -76
33 -76
33 -76
33 -76
33 -77
33 -77
33 -77
33 -77
33 -76
33 -77
33 -68
33 -75
33 -76
33 -76
33 -75
33 -76
33 -76
33 -76
33 -76
33 -77
33 -76
33 -76
33 -77
33 -77
33 -73
33 -78
33 -78
33 -76
33 -76
33 -76
33 -75
33 -77
33 -76
33 -76
33 -77
33 -76
33 -77
33 -78
33 -78
33 -78
33 -77
33 -78
33 -79
33 -80
33 -83
33 -81
33 -76
33 -66
33 -77
33 -78
33 -79
33 -78
33 -77
33 -79
33 -73
33 -65
33 -78
33 -79
33 -79
33 -77
33 -80
33 -78
33 -76
33 -76
33 -78
33 -82
33 -78
33 -76
33 -76
33 -76
33 -76
33 -76
33 -76
33 -78
33 -80
33 -79
33 -77
33 -78
33 -78
33 -80
33 -81
33 -83
33 -83
33 -83
33 -83
33 -84
33 -84
33 -84
33 -83
33 -86
33 -82
33 -82
33 -81
33 -82
33 -82
33 -83
33 -74
33 -76
33 -83
33 -84
33 -84
33 -84
33 -82
33 -80
33 -82
33 -83
33 -83
33 -83
33 -84
33 -84
33 -83
33 -81
33 -81
33 -81
33 -79
33 -82
33 -82
33 -82
33 -82
33 -82
33 -84
33 -72
33 -83
33 -82
33 -81
33 -82
33 -79
33 -80
33 -76
33 -72
33 -76
33 -76
33 -76
33 -75
33 -75
33 -74
33 -74
33 -73
33 -73
33 -72
33 -72
33 -73
33 -72
33 -73
33 -73
33 -72
33 -73
33 -73
33 -72
33 -73
33 -73
33 -74
33 -74
33 -66
33 -75
33 -75
33 -75
33 -76
33 -79
33 -78
33 -83
33 -82
33 -83
33 -83
33 -79
33 -83
33 -80
33 -81
33 -82
33 -82
33 -80
33 -81
33 -83
33 -82
33 -83
33 -82
33 -80
33 -82
33 -83
33 -81
33 -84
33 -76
34 -80
34 -82
34 -81
34 -80
34 -81
34 -79
34 -76
34 -76
34 -81
34 -81
34 -78
34 -77
34 -76
34 -67
34 -74
34 -75
34 -75
34 -75
34 -69
34 -68
34 -68
34 -70
34 -70
34 -70
34 -70
34 -70
34 -70
34 -70
34 -70
34 -71
34 -72
34 -72
34 -72
34 -71
34 -70
34 -70
34 -69
34 -70
34 -70
34 -70
34 -70
34 -70
34 -70
34 -69
34 -69
34 -70
34 -70
34 -70
34 -70
34 -70
34 -70
34 -57
34 -70
34 -70
34 -70
34 -70
34 -70
34 -70
34 -70
34 -70
34 -70
34 -70
34 -70
34 -70
34 -70
34 -70
34 -70
34 -69
34 -69
34 -69
34 -69
34 -69
34 -69
34 -70
34 -69
34 -69
34 -70
34 -70
34 -70
34 -70
34 -70
34 -70
34 -70
34 -70
34 -70
34 -70
34 -70
34 -69
34 -70
34 -69
34 -69
34 -69
34 -69
34 -70
34 -70
34 -69
34 -70
34 -70
34 -70
34 -70
34 -71
34 -70
34 -69
34 -70
34 -70
34 -68
34 -70
34 -70
34 -70
34 -70
34 -70
34 -69
34 -68
34 -68
34 -70
34 -69
34 -69
34 -66
34 -66
34 -67
34 -74
34 -75
34 -76
34 -75
34 -75
34 -74
34 -76
34 -71
34 -78
34 -81
34 -83
34 -76
34 -74
34 -73
34 -70
34 -69
34 -61
34 -68
34 -68
34 -68
34 -70
34 -70
34 -70
34 -70
34 -70
34 -70
34 -70
34 -70
34 -70
34 -69
34 -70
34 -70
34 -70
34 -69
34 -70
34 -70
34 -70
34 -69
34 -69
34 -70
34 -70
34 -70
34 -69
34 -69
34 -69
34 -69
34 -69
34 -69
34 -69
34 -69
34 -69
34 -68
34 -68
34 -68
34 -68
34 -68
34 -68
34 -67
34 -68
34 -68
34 -68
34 -68
34 -68
34 -68
34 -69
34 -69
34 -68
34 -69
34 -69
34 -30
34 -68
34 -68
34 -68
34 -68
34 -68
34 -68
34 -68
34 -68
34 -68
34 -68
34 -68
34 -69
34 -68
34 -68
34 -64
34 -68
34 -68
34 -68
34 -68
34 -68
34 -68
34 -68
34 -67
34 -67
34 -67
34 -67
34 -67
34 -67
34 -67
34 -67
34 -67
34 -67
34 -67
34 -67
34 -66
34 -55
34 -66
34 -66
34 -66
34 -66
34 -67
34 -67
34 -67
34 -67
34 -56
34 -67
34 -67
34 -67
34 -67
34 -66
34 -66
34 -66
34 -70
34 -66
34 -66
34 -71
34 -72
34 -71
34 -70
34 -71
34 -72
34 -72
34 -71
34 -70
34 -70
34 -70
34 -70
34 -70
34 -70
34 -72
34 -75
34 -73
34 -70
34 -71
34 -69
34 -68
34 -68
34 -66
34 -68
34 -68
34 -68
34 -68
34 -68
34 -68
34 -68
34 -68
34 -69
34 -69
34 -69
34 -69
34 -69
34 -69
34 -68
34 -69
34 -68
34 -68
34 -68
34 -68
34 -68
34 -68
34 -68
34 -68
34 -68
34 -68
34 -68
34 -68
34 -68
34 -68
34 -68
34 -69
34 -69
34 -69
34 -69
34 -69
34 -69
34 -69
34 -69
34 -69
34 -69
34 -69
34 -69
34 -69
34 -69
34 -69
34 -69
34 -69
34 -69
34 -56
34 -69
34 -69
34 -68
34 -69
34 -69
34 -69
34 -69
34 -70
34 -70
34 -70
34 -71
34 -71
34 -71
34 -72
34 -73
34 -74
34 -74
34 -74
34 -73
34 -73
34 -73
34 -72
34 -73
34 -72
34 -72
34 -72
34 -70
34 -70
34 -70
34 -70
34 -70
34 -69
34 -69
34 -69
34 -69
34 -69
34 -67
34 -66
34 -66
34 -67
34 -66
34 -66
34 -56
34 -66
34 -66
34 -66
34 -66
34 -66
34 -66
34 -66
34 -66
34 -66
34 -66
34 -67
34 -66
34 -66
34 -66
34 -66
34 -66
34 -66
34 -66
34 -66
34 -66
34 -66
34 -66
34 -66
34 -66
34 -66
34 -67
34 -66
34 -67
34 -67
34 -66
34 -66
34 -66
34 -66
34 -66
34 -66
34 -66
34 -66
34 -67
34 -66
34 -66
34 -67
34 -66
34 -66
34 -67
34 -74
34 -66
34 -66
34 -67
34 -66
34 -66
34 -67
34 -66
34 -66
34 -66
34 -66
34 -66
34 -66
34 -66
34 -66
34 -66
34 -66
34 -66
34 -66
34 -66
34 -66
34 -66
34 -66
34 -58
34 -66
34 -67
34 -66
34 -66
34 -66
34 -66
34 -66
34 -63
34 -62
34 -66
34 -66
34 -66
34 -66
34 -66
34 -30
34 -66
34 -66
34 -66
34 -66
34 -66
34 -66
34 -66
34 -66
34 -66
34 -66
34 -66
34 -66
34 -66
34 -66
34 -66
34 -66
34 -65
34 -66
34 -68
34 -72
34 -76
34 -70
34 -66
34 -68
34 -69
34 -69
34 -69
34 -69
34 -69
34 -69
34 -69
34 -69
34 -68
34 -68
34 -68
34 -62
34 -68
34 -68
34 -68
34 -68
34 -68
34 -68
34 -68
34 -68
34 -68
34 -68
34 -68
34 -68
34 -68
34 -68
34 -68
34 -68
34 -68
34 -58
34 -68
34 -61
35 -62
35 -62
35 -62
35 -62
35 -62
35 -61
35 -61
35 -61
35 -61
35 -60
35 -61
35 -61
35 -62
35 -62
35 -62
35 -66
35 -64
35 -66
35 -63
35 -63
35 -63
35 -63
35 -64
35 -63
35 -63
35 -64
35 -64
35 -66
35 -62
35 -64
35 -63
35 -61
35 -60
35 -60
35 -61
35 -61
35 -61
35 -61
35 -61
35 -60
35 -61
35 -61
35 -62
35 -63
35 -64
35 -62
35 -60
35 -65
35 -64
35 -63
35 -61
35 -66
35 -56
35 -62
35 -62
35 -62
35 -62
35 -63
35 -63
35 -63
35 -62
35 -62
35 -62
35 -62
35 -62
35 -62
35 -63
35 -63
35 -63
35 -63
35 -54
35 -54
35 -63
35 -63
35 -63
35 -63
35 -63
35 -63
35 -63
35 -63
35 -63
35 -63
35 -62
35 -62
35 -62
35 -62
35 -62
35 -62
35 -62
35 -62
35 -62
35 -62
35 -62
35 -63
35 -62
35 -63
35 -63
35 -63
35 -63
35 -63
35 -63
35 -63
35 -63
35 -67
35 -69
35 -67
35 -70
35 -68
35 -67
35 -69
35 -69
35 -68
35 -65
35 -66
35 -67
35 -66
35 -66
35 -66
35 -66
35 -67
35 -66
35 -67
35 -70
35 -72
35 -67
35 -65
35 -61
35 -60
35 -62
35 -63
35 -61
35 -62
35 -58
35 -59
35 -61
35 -62
35 -62
35 -60
35 -59
35 -59
35 -59
35 -58
35 -58
35 -58
35 -60
35 -58
35 -58
35 -60
35 -61
35 -60
35 -60
35 -61
35 -62
35 -63
35 -64
35 -64
35 -61
35 -61
35 -63
35 -64
35 -63
35 -62
35 -63
35 -63
35 -61
35 -60
35 -62
35 -63
35 -62
35 -62
35 -62
35 -62
35 -62
35 -63
35 -63
35 -63
35 -63
35 -63
35 -63
35 -64
35 -64
35 -64
35 -64
35 -62
35 -64
35 -64
35 -64
35 -64
35 -64
35 -64
35 -64
35 -64
35 -64
35 -64
35 -64
35 -64
35 -64
35 -64
35 -64
35 -64
35 -64
35 -64
35 -64
35 -63
35 -63
35 -63
35 -63
35 -63
35 -63
35 -63
35 -63
35 -63
35 -63
35 -64
35 -63
35 -64
35 -63
35 -63
35 -63
35 -63
35 -63
35 -63
35 -63
35 -63
35 -63
35 -62
35 -61
35 -60
35 -60
35 -60
35 -61
35 -60
35 -61
35 -61
35 -61
35 -61
35 -60
35 -60
35 -59
35 -60
35 -61
35 -60
35 -60
35 -60
35 -60
35 -60
35 -60
35 -60
35 -60
35 -60
35 -60
35 -60
35 -60
35 -60
35 -58
35 -58
35 -58
35 -58
35 -58
35 -58
35 -58
35 -58
35 -58
35 -58
35 -58
35 -58
35 -59
35 -60
35 -60
35 -60
35 -59
35 -58
35 -59
35 -60
35 -59
35 -58
35 -58
35 -58
35 -58
35 -58
35 -58
35 -58
35 -58
35 -57
35 -57
35 -57
35 -58
35 -58
35 -58
35 -57
35 -57
35 -58
35 -30
35 -57
35 -57
35 -58
35 -58
35 -56
35 -57
35 -57
35 -57
35 -57
35 -57
35 -57
35 -57
35 -54
35 -57
35 -57
35 -57
35 -55
35 -57
35 -57
35 -57
35 -57
35 -57
35 -57
35 -57
35 -57
35 -57
35 -57
35 -57
35 -57
35 -57
35 -57
35 -57
35 -53
35 -57
35 -57
35 -57
35 -57
35 -56
35 -56
35 -56
35 -56
35 -56
35 -56
35 -56
35 -56
35 -53
35 -56
35 -56
35 -56
35 -56
35 -57
35 -56
35 -56
35 -56
35 -56
35 -57
35 -57
35 -57
35 -57
35 -57
35 -57
35 -57
35 -57
35 -57
35 -58
35 -58
35 -58
35 -58
35 -59
35 -59
35 -60
35 -60
35 -60
35 -60
35 -60
35 -60
35 -60
35 -60
35 -60
35 -60
35 -60
35 -60
35 -59
35 -59
35 -59
35 -59
35 -59
35 -59
35 -58
35 -58
35 -58
35 -58
35 -58
35 -58
35 -58
35 -58
35 -58
35 -58
35 -58
35 -58
35 -36
35 -58
35 -58
35 -58
35 -58
35 -58
35 -58
35 -58
35 -58
35 -58
35 -58
35 -58
35 -58
35 -58
35 -58
35 -58
35 -58
35 -58
35 -58
35 -58
35 -58
35 -58
35 -58
35 -58
35 -58
35 -58
35 -58
35 -58
35 -58
35 -58
35 -58
35 -58
35 -58
35 -58
35 -58
35 -58
35 -58
35 -58
35 -58
35 -58
35 -58
35 -58
35 -58
35 -58
35 -58
35 -58
35 -58
35 -58
35 -58
35 -58
35 -58
35 -58
35 -58
35 -58
35 -58
35 -58
35 -58
35 -58
35 -58
35 -58
35 -58
35 -58
35 -58
35 -58
35 -58
35 -58
35 -58
35 -58
35 -58
35 -58
35 -58
35 -58
35 -58
35 -58
35 -58
35 -58
35 -58
35 -59
35 -60
35 -59
35 -60
35 -62
35 -67
35 -69
35 -56
35 -66
35 -66
35 -65
35 -66
35 -65
35 -66
35 -65
35 -61
35 -65
35 -64
35 -64
35 -64
35 -64
35 -64
35 -64
35 -64
35 -64
35 -64
35 -66
35 -65
35 -66
35 -67
35 -67
35 -66
35 -64
35 -64
35 -64
35 -64
35 -64
35 -64
35 -64
35 -64
35 -63
35 -63
35 -63
35 -63
35 -63
36 -74
36 -61
36 -72
36 -72
36 -72
36 -71
36 -72
36 -72
36 -72
36 -72
36 -70
36 -73
36 -76
36 -72
36 -78
36 -77
36 -75
36 -72
36 -71
36 -71
36 -70
36 -70
36 -70
36 -69
36 -70
36 -66
36 -65
36 -66
36 -67
36 -66
36 -66
36 -70
36 -71
36 -70
36 -69
36 -69
36 -69
36 -68
36 -66
36 -65
36 -65
36 -67
36 -66
36 -65
36 -64
36 -65
36 -64
36 -64
36 -66
36 -66
36 -66
36 -67
36 -68
36 -68
36 -69
36 -70
36 -71
36 -71
36 -70
36 -70
36 -69
36 -69
36 -69
36 -69
36 -68
36 -69
36 -68
36 -68
36 -68
36 -69
36 -69
36 -69
36 -69
36 -68
36 -68
36 -68
36 -68
36 -69
36 -68
36 -67
36 -68
36 -68
36 -68
36 -68
36 -68
36 -69
36 -68
36 -68
36 -68
36 -68
36 -68
36 -68
36 -67
36 -68
36 -67
36 -67
36 -68
36 -67
36 -68
36 -68
36 -80
36 -76
36 -66
36 -71
36 -79
36 -71
36 -80
36 -78
36 -80
36 -79
36 -79
36 -76
36 -67
36 -76
36 -76
36 -76
36 -77
36 -76
36 -76
36 -76
36 -75
36 -70
36 -68
36 -65
36 -64
36 -64
36 -63
36 -64
36 -64
36 -68
36 -66
36 -66
36 -66
36 -66
36 -68
36 -70
36 -69
36 -72
36 -76
36 -78
36 -80
36 -76
36 -64
36 -63
36 -63
36 -63
36 -64
36 -64
36 -64
36 -65
36 -65
36 -66
36 -64
36 -64
36 -64
36 -63
36 -63
36 -63
36 -63
36 -63
36 -63
36 -63
36 -63
36 -63
36 -62
36 -61
36 -57
36 -62
36 -62
36 -56
36 -62
36 -63
36 -63
36 -63
36 -63
36 -62
36 -62
36 -62
36 -62
36 -62
36 -62
36 -62
36 -63
36 -63
36 -63
36 -63
36 -63
36 -64
36 -64
36 -64
36 -64
36 -64
36 -63
36 -63
36 -63
36 -63
36 -59
36 -62
36 -62
36 -62
36 -62
36 -62
36 -61
36 -61
36 -61
36 -61
36 -61
36 -61
36 -61
36 -61
36 -62
36 -61
36 -62
36 -62
36 -62
36 -62
36 -62
36 -63
36 -63
36 -63
36 -63
36 -63
36 -63
36 -63
36 -63
36 -64
36 -63
36 -64
36 -63
36 -63
36 -63
36 -63
36 -63
36 -62
36 -63
36 -63
36 -63
36 -64
36 -64
36 -64
36 -64
36 -64
36 -64
36 -63
36 -63
36 -63
36 -63
36 -63
36 -63
36 -63
36 -63
36 -63
36 -64
36 -64
36 -64
36 -64
36 -65
36 -66
36 -66
36 -65
36 -65
36 -65
36 -66
36 -66
36 -66
36 -66
36 -66
36 -66
36 -66
36 -65
36 -65
36 -63
36 -62
36 -64
36 -65
36 -64
36 -64
36 -64
36 -63
36 -64
36 -64
36 -64
36 -64
36 -64
36 -64
36 -64
36 -64
36 -64
36 -64
36 -64
36 -64
36 -64
36 -64
36 -64
36 -64
36 -64
36 -64
36 -64
36 -64
36 -64
36 -64
36 -64
36 -64
36 -64
36 -64
36 -64
36 -64
36 -64
36 -64
36 -64
36 -64
36 -64
36 -64
36 -64
36 -64
36 -64
36 -64
36 -64
36 -64
36 -64
36 -64
36 -64
36 -64
36 -64
36 -64
36 -64
36 -63
36 -63
36 -62
36 -62
36 -61
36 -61
36 -61
36 -60
36 -61
36 -61
36 -61
36 -61
36 -60
36 -60
36 -60
36 -60
36 -60
36 -60
36 -60
36 -60
36 -60
36 -60
36 -58
36 -60
36 -60
36 -60
36 -60
36 -60
36 -60
36 -60
36 -60
36 -60
36 -60
36 -60
36 -60
36 -61
36 -61
36 -61
36 -61
36 -62
36 -61
36 -61
36 -62
36 -62
36 -61
36 -61
36 -61
36 -61
36 -61
36 -61
36 -61
36 -54
36 -61
36 -54
36 -61
36 -62
36 -61
36 -61
36 -62
36 -61
36 -62
36 -62
36 -62
36 -62
36 -62
36 -62
36 -62
36 -62
36 -62
36 -62
36 -62
36 -62
36 -62
36 -62
36 -53
36 -62
36 -62
36 -62
36 -62
36 -62
36 -62
36 -62
36 -54
36 -60
36 -61
36 -62
36 -62
36 -62
36 -62
36 -62
36 -62
36 -62
36 -62
36 -62
36 -62
36 -62
36 -62
36 -62
36 -62
36 -70
36 -62
36 -62
36 -63
36 -63
36 -63
36 -63
36 -62
36 -63
36 -63
36 -63
36 -63
36 -63
36 -63
36 -62
36 -62
36 -61
36 -61
36 -61
36 -61
36 -61
36 -61
36 -62
36 -62
36 -62
36 -63
36 -63
36 -63
36 -63
36 -63
36 -63
36 -63
36 -64
36 -69
36 -69
36 -70
36 -69
36 -69
36 -69
36 -69
36 -69
36 -69
36 -69
36 -69
36 -69
36 -69
36 -69
36 -69
36 -69
36 -69
36 -68
36 -69
36 -69
36 -69
36 -72
36 -67
36 -69
36 -68
36 -69
36 -69
36 -72
36 -70
36 -70
36 -70
36 -70
36 -69
36 -70
36 -69
36 -70
36 -69
36 -70
36 -70
36 -69
36 -69
36 -69
36 -70
36 -70
37 -64
37 -64
37 -64
37 -64
37 -64
37 -64
37 -63
37 -64
37 -64
37 -64
37 -64
37 -64
37 -66
37 -68
37 -67
37 -67
37 -67
37 -68
37 -66
37 -66
37 -65
37 -65
37 -65
37 -64
37 -64
37 -64
37 -64
37 -64
37 -64
37 -65
37 -66
37 -66
37 -66
37 -66
37 -68
37 -70
37 -70
37 -69
37 -69
37 -70
37 -70
37 -70
37 -70
37 -70
37 -70
37 -70
37 -70
37 -69
37 -69
37 -69
37 -69
37 -69
37 -69
37 -69
37 -68
37 -68
37 -68
37 -68
37 -68
37 -68
37 -68
37 -69
37 -68
37 -69
37 -69
37 -69
37 -69
37 -69
37 -69
37 -69
37 -69
37 -69
37 -69
37 -69
37 -69
37 -70
37 -69
37 -69
37 -69
37 -69
37 -69
37 -68
37 -68
37 -68
37 -68
37 -68
37 -68
37 -60
37 -68
37 -69
37 -69
37 -69
37 -69
37 -73
37 -76
37 -79
37 -70
37 -82
37 -73
37 -72
37 -66
37 -74
37 -67
37 -67
37 -66
37 -66
37 -66
37 -70
37 -73
37 -78
37 -71
37 -72
37 -81
37 -61
37 -72
37 -72
37 -72
37 -70
37 -69
37 -69
37 -72
37 -70
37 -70
37 -71
37 -71
37 -70
37 -69
37 -72
37 -72
37 -70
37 -70
37 -68
37 -67
37 -67
37 -67
37 -67
37 -68
37 -69
37 -70
37 -71
37 -71
37 -72
37 -75
37 -74
37 -74
37 -74
37 -72
37 -72
37 -72
37 -71
37 -72
37 -72
37 -71
37 -72
37 -71
37 -72
37 -72
37 -71
37 -70
37 -70
37 -70
37 -70
37 -71
37 -70
37 -70
37 -70
37 -70
37 -71
37 -71
37 -70
37 -71
37 -72
37 -72
37 -72
37 -71
37 -71
37 -72
37 -72
37 -72
37 -71
37 -71
37 -71
37 -70
37 -71
37 -70
37 -70
37 -70
37 -70
37 -70
37 -70
37 -70
37 -70
37 -70
37 -70
37 -70
37 -70
37 -70
37 -70
37 -70
37 -71
37 -70
37 -70
37 -70
37 -70
37 -70
37 -71
37 -71
37 -70
37 -72
37 -72
37 -72
37 -72
37 -72
37 -72
37 -72
37 -71
37 -72
37 -71
37 -72
37 -72
37 -72
37 -72
37 -72
37 -72
37 -72
37 -73
37 -72
37 -72
37 -72
37 -72
37 -72
37 -72
37 -72
37 -72
37 -72
37 -72
37 -55
37 -72
37 -73
37 -72
37 -72
37 -77
37 -78
37 -79
37 -77
37 -78
37 -78
37 -78
37 -78
37 -77
37 -76
37 -79
37 -72
37 -73
37 -72
37 -73
37 -72
37 -72
37 -72
37 -70
37 -70
37 -70
37 -71
37 -71
37 -72
37 -72
37 -72
37 -72
37 -71
37 -67
37 -71
37 -71
37 -72
37 -72
37 -71
37 -71
37 -71
37 -71
37 -71
37 -70
37 -70
37 -70
37 -70
37 -70
37 -59
37 -70
37 -71
37 -71
37 -70
37 -71
37 -71
37 -71
37 -71
37 -71
37 -71
37 -70
37 -70
37 -70
37 -70
37 -70
37 -71
37 -70
37 -71
37 -70
37 -71
37 -70
37 -70
37 -70
37 -72
37 -72
37 -72
37 -72
37 -72
37 -72
37 -73
37 -73
37 -73
37 -72
37 -73
37 -72
37 -69
37 -73
37 -73
37 -73
37 -73
37 -74
37 -73
37 -73
37 -74
37 -74
37 -73
37 -74
37 -72
37 -73
37 -72
37 -72
37 -73
37 -73
37 -74
37 -74
37 -73
37 -74
37 -73
37 -73
37 -73
37 -72
37 -72
37 -72
37 -72
37 -72
37 -71
37 -70
37 -70
37 -70
37 -70
37 -70
37 -70
37 -70
37 -70
37 -70
37 -54
37 -70
37 -70
37 -70
37 -70
37 -70
37 -70
37 -70
37 -70
37 -70
37 -70
37 -70
37 -70
37 -70
37 -70
37 -70
37 -70
37 -70
37 -70
37 -70
37 -70
37 -70
37 -70
37 -70
37 -70
37 -71
37 -70
37 -71
37 -71
37 -70
37 -70
37 -69
37 -70
37 -70
37 -70
37 -70
37 -70
37 -70
37 -70
37 -70
37 -71
37 -71
37 -71
37 -72
37 -71
37 -71
37 -72
37 -71
37 -72
37 -72
37 -72
37 -72
37 -72
37 -72
37 -71
37 -71
37 -70
37 -71
37 -70
37 -71
37 -71
37 -70
37 -72
37 -72
37 -72
37 -70
37 -71
37 -71
37 -71
37 -72
37 -72
37 -71
37 -72
37 -71
37 -70
37 -30
37 -76
37 -77
37 -75
37 -73
37 -73
37 -73
37 -72
37 -73
37 -74
37 -75
37 -75
37 -76
37 -75
37 -75
37 -75
37 -75
37 -74
37 -75
37 -74
37 -74
37 -75
37 -74
37 -74
37 -73
37 -72
37 -73
37 -74
37 -74
37 -75
37 -74
37 -75
37 -75
37 -75
37 -76
37 -76
37 -76
37 -76
37 -76
37 -41
37 -76
38 -79
38 -79
38 -78
38 -77
38 -76
38 -76
38 -76
38 -77
38 -75
38 -76
38 -78
38 -72
38 -81
38 -75
38 -74
38 -74
38 -75
38 -76
38 -77
38 -76
38 -78
38 -78
38 -81
38 -79
38 -76
38 -76
38 -76
38 -76
38 -78
38 -83
38 -82
38 -79
38 -78
38 -82
38 -83
38 -83
38 -84
38 -83
38 -84
38 -85
38 -84
38 -85
38 -84
38 -86
38 -76
38 -77
38 -81
38 -76
38 -76
38 -77
38 -78
38 -80
38 -79
38 -81
38 -80
38 -80
38 -81
38 -78
38 -77
38 -76
38 -78
38 -82
38 -78
38 -79
38 -87
38 -80
38 -76
38 -84
38 -78
38 -80
38 -85
38 -83
38 -74
38 -73
38 -74
38 -74
38 -73
38 -74
38 -73
38 -73
38 -74
38 -73
38 -73
38 -74
38 -77
38 -83
38 -78
38 -76
38 -80
38 -84
38 -84
38 -82
38 -83
38 -30
38 -84
38 -55
38 -81
38 -81
38 -80
38 -80
38 -79
38 -80
38 -80
38 -56
38 -79
38 -79
38 -79
38 -82
38 -82
38 -83
38 -84
38 -84
38 -82
38 -82
38 -83
38 -73
38 -73
38 -72
38 -75
38 -78
38 -77
38 -76
38 -76
38 -76
38 -76
38 -76
38 -76
38 -76
38 -76
38 -76
38 -76
38 -76
38 -76
38 -76
38 -77
38 -77
38 -76
38 -76
38 -70
38 -78
38 -69
38 -70
38 -78
38 -79
38 -78
38 -78
38 -77
38 -78
38 -78
38 -78
38 -78
38 -73
38 -78
38 -78
