Beacon Rssi
1 -81
1 -78
1 -80
1 -79
1 -80
1 -83
1 -81
1 -78
1 -78
1 -78
1 -79
1 -77
1 -80
1 -82
1 -83
1 -64
1 -82
1 -80
1 -84
1 -84
1 -83
1 -82
1 -79
1 -78
1 -77
1 -78
1 -78
1 -78
1 -78
1 -78
1 -78
1 -76
1 -71
1 -76
1 -76
1 -76
1 -76
1 -76
1 -77
1 -77
1 -30
1 -80
1 -81
1 -80
1 -80
1 -77
1 -78
1 -78
1 -77
1 -77
1 -76
1 -76
1 -75
1 -76
1 -76
1 -75
1 -76
1 -76
1 -76
1 -76
1 -76
1 -75
1 -76
1 -74
1 -76
1 -75
1 -75
1 -76
1 -76
1 -76
1 -76
1 -74
1 -76
1 -76
1 -76
1 -76
1 -76
1 -76
1 -76
1 -76
1 -76
1 -75
1 -76
1 -76
1 -76
1 -75
1 -76
1 -75
1 -75
1 -75
1 -74
1 -75
1 -75
1 -75
1 -75
1 -74
1 -75
1 -75
1 -75
1 -75
1 -75
1 -75
1 -75
1 -74
1 -75
1 -75
1 -74
1 -75
1 -75
1 -75
1 -75
1 -75
1 -74
1 -75
1 -75
1 -75
1 -75
1 -75
1 -74
1 -75
1 -75
1 -75
1 -73
1 -74
1 -74
1 -75
1 -74
1 -75
1 -74
1 -75
1 -74
1 -74
1 -74
1 -74
1 -74
1 -72
1 -74
1 -74
1 -64
1 -75
1 -75
1 -74
1 -74
1 -72
1 -74
1 -74
1 -75
1 -74
1 -74
1 -73
1 -77
1 -75
1 -75
1 -75
1 -75
1 -73
1 -75
1 -75
1 -74
1 -75
1 -75
1 -75
1 -75
1 -75
1 -75
1 -75
1 -75
1 -67
1 -75
1 -75
1 -75
1 -75
1 -75
1 -73
1 -75
1 -74
1 -74
1 -74
1 -74
1 -74
1 -74
1 -74
1 -75
1 -73
1 -74
1 -74
1 -74
1 -73
1 -74
1 -75
1 -77
1 -80
1 -81
1 -80
1 -78
1 -77
1 -75
1 -73
1 -74
1 -74
1 -74
1 -75
1 -75
1 -75
1 -75
1 -76
1 -76
1 -76
1 -71
1 -74
1 -73
1 -74
1 -74
1 -74
1 -74
1 -74
1 -75
1 -74
1 -74
1 -75
1 -74
1 -74
1 -75
1 -75
1 -75
1 -74
1 -75
1 -74
1 -75
1 -74
1 -75
1 -75
1 -75
1 -75
1 -76
1 -76
1 -76
1 -75
1 -75
1 -75
1 -75
1 -75
1 -75
1 -75
1 -75
1 -75
1 -75
1 -75
1 -75
1 -75
1 -75
1 -75
1 -76
2 -79
2 -80
2 -80
2 -80
2 -78
2 -74
2 -78
2 -79
2 -79
2 -81
2 -81
2 -81
2 -85
2 -86
2 -84
2 -83
2 -81
2 -78
2 -84
2 -83
2 -82
2 -83
2 -84
2 -84
2 -84
2 -85
2 -52
2 -84
2 -84
2 -83
2 -85
2 -85
2 -84
2 -84
2 -84
2 -84
2 -84
2 -78
2 -84
2 -83
2 -78
2 -82
2 -85
2 -84
2 -84
2 -82
2 -82
2 -82
2 -82
2 -81
2 -82
2 -81
2 -78
2 -82
2 -82
2 -84
2 -83
2 -82
2 -82
2 -82
2 -80
2 -81
2 -81
2 -82
2 -30
2 -30
2 -82
2 -82
2 -82
2 -80
2 -81
2 -83
2 -82
2 -83
2 -83
2 -83
2 -82
2 -83
2 -84
2 -83
2 -83
2 -83
2 -84
2 -84
2 -84
2 -84
2 -74
2 -82
2 -83
2 -84
2 -77
2 -84
2 -85
2 -76
2 -80
2 -81
2 -79
2 -78
2 -76
2 -76
2 -78
2 -78
2 -78
2 -78
2 -77
2 -77
2 -77
2 -77
2 -77
2 -78
2 -78
2 -76
2 -78
2 -78
2 -74
2 -76
2 -76
2 -76
2 -76
2 -76
2 -76
2 -76
2 -76
2 -69
2 -76
2 -76
2 -76
2 -76
2 -76
2 -76
2 -76
2 -76
2 -76
2 -75
2 -75
3 -72
3 -72
3 -72
3 -71
3 -72
3 -69
3 -72
3 -70
3 -71
3 -73
3 -71
3 -74
3 -75
3 -75
3 -74
3 -74
3 -73
3 -72
3 -72
3 -72
3 -72
3 -72
3 -72
3 -73
3 -74
3 -73
3 -74
3 -71
3 -72
3 -73
3 -75
3 -74
3 -74
3 -74
3 -75
3 -74
3 -74
3 -74
3 -73
3 -80
3 -72
3 -72
3 -73
3 -73
3 -73
3 -73
3 -73
3 -73
3 -72
3 -73
3 -72
3 -72
3 -72
3 -72
3 -72
3 -72
3 -72
3 -72
3 -72
3 -72
3 -72
3 -72
3 -72
3 -72
3 -70
3 -72
3 -71
3 -68
3 -72
3 -72
3 -72
3 -72
3 -72
3 -72
3 -72
3 -72
3 -71
3 -71
3 -72
3 -72
3 -71
3 -71
3 -71
3 -71
3 -72
3 -71
3 -72
3 -71
3 -72
3 -72
3 -72
3 -72
3 -72
3 -72
3 -51
3 -72
3 -73
3 -66
3 -72
3 -72
3 -72
3 -72
3 -72
3 -73
3 -72
3 -72
3 -72
3 -72
3 -72
3 -72
3 -72
3 -71
3 -72
3 -72
3 -72
3 -72
3 -72
3 -71
3 -71
3 -72
3 -70
3 -70
3 -70
3 -72
3 -72
3 -72
3 -71
3 -67
3 -66
3 -71
3 -72
3 -72
3 -71
3 -72
3 -71
3 -71
3 -71
3 -71
3 -71
3 -72
3 -72
3 -72
3 -72
3 -71
3 -71
3 -71
3 -70
3 -71
3 -71
3 -71
3 -71
3 -71
3 -72
3 -72
3 -71
3 -72
3 -72
3 -71
3 -70
3 -72
3 -72
3 -72
3 -72
3 -71
3 -72
3 -72
3 -72
3 -72
3 -72
3 -72
3 -72
3 -71
3 -71
3 -71
3 -72
3 -71
3 -71
3 -72
3 -72
3 -72
3 -72
3 -72
3 -72
3 -72
3 -72
3 -72
3 -72
3 -71
3 -69
3 -72
3 -71
3 -72
3 -72
3 -72
3 -72
3 -71
3 -72
3 -71
3 -71
3 -71
3 -72
3 -72
3 -72
3 -72
3 -72
3 -74
3 -73
3 -73
3 -73
3 -72
3 -71
3 -70
3 -72
3 -72
3 -73
3 -72
3 -72
3 -72
3 -72
3 -73
3 -72
3 -72
3 -72
3 -72
3 -72
3 -72
3 -72
3 -72
3 -72
3 -72
3 -72
3 -72
3 -72
3 -71
3 -72
3 -70
3 -71
3 -72
3 -73
3 -73
3 -73
3 -73
3 -71
3 -72
3 -72
3 -72
3 -71
3 -71
3 -70
3 -71
3 -71
3 -71
3 -70
3 -71
3 -73
3 -75
3 -76
3 -79
3 -79
3 -79
3 -79
3 -83
3 -83
3 -82
3 -79
3 -77
3 -78
3 -77
3 -77
3 -77
3 -77
3 -78
3 -79
3 -83
3 -80
3 -79
3 -81
4 -87
4 -80
4 -79
4 -78
4 -81
4 -88
4 -86
4 -83
4 -82
4 -79
4 -80
4 -80
4 -79
4 -78
4 -79
4 -80
4 -80
4 -80
4 -80
4 -81
4 -81
4 -80
4 -79
4 -80
4 -78
4 -80
4 -80
4 -80
4 -77
4 -77
4 -77
4 -78
4 -77
4 -78
4 -78
4 -74
4 -78
4 -78
4 -76
4 -80
4 -78
4 -80
4 -79
4 -78
4 -79
4 -79
4 -79
4 -79
4 -78
4 -78
4 -78
4 -78
4 -77
4 -78
4 -76
4 -76
4 -76
4 -77
4 -76
4 -78
4 -78
4 -77
4 -76
4 -77
4 -77
4 -77
4 -76
4 -77
4 -77
4 -76
4 -77
4 -77
4 -77
4 -76
4 -76
4 -76
4 -77
4 -76
4 -72
4 -77
4 -77
4 -77
4 -77
4 -77
4 -77
4 -77
4 -77
4 -74
4 -76
4 -76
4 -74
4 -76
4 -76
4 -76
4 -77
4 -76
4 -76
4 -78
4 -76
4 -76
4 -76
4 -75
4 -76
4 -77
4 -76
4 -76
4 -76
4 -77
4 -77
4 -76
4 -76
4 -76
4 -77
4 -77
4 -76
4 -77
4 -77
4 -76
4 -76
4 -77
4 -77
4 -78
4 -78
4 -78
4 -78
4 -78
4 -78
4 -76
4 -76
4 -74
4 -73
4 -74
4 -72
4 -75
4 -75
4 -76
4 -76
4 -76
4 -75
4 -76
4 -75
4 -75
4 -74
4 -75
4 -78
4 -78
4 -74
4 -70
4 -82
4 -80
4 -77
4 -80
4 -80
4 -80
4 -82
4 -81
4 -80
4 -80
4 -80
4 -80
4 -78
4 -77
4 -76
4 -76
4 -76
4 -69
4 -77
4 -77
4 -77
4 -76
4 -76
4 -76
4 -76
4 -76
4 -77
4 -78
4 -78
4 -78
4 -79
4 -79
4 -78
4 -81
4 -81
4 -79
4 -78
4 -71
4 -80
5 -75
5 -76
5 -77
5 -76
5 -78
5 -78
5 -76
5 -77
5 -78
5 -82
5 -84
5 -80
5 -75
5 -79
5 -79
5 -78
5 -81
5 -83
5 -82
5 -82
5 -81
5 -80
5 -81
5 -81
5 -83
5 -86
5 -81
5 -73
5 -87
5 -80
5 -82
5 -81
5 -78
5 -86
5 -83
5 -84
5 -83
5 -85
5 -84
5 -79
6 -86
6 -84
6 -83
6 -83
6 -84
6 -83
6 -81
6 -82
6 -86
6 -85
6 -84
6 -86
6 -83
6 -79
6 -78
6 -78
6 -76
6 -76
6 -76
6 -76
6 -69
6 -75
6 -75
6 -74
6 -76
6 -76
6 -76
6 -76
6 -76
6 -76
6 -76
6 -77
6 -73
6 -77
6 -77
6 -76
6 -77
6 -77
6 -77
6 -75
6 -76
6 -76
6 -75
6 -76
6 -76
6 -76
6 -66
6 -76
6 -77
6 -74
6 -77
6 -76
6 -75
6 -78
6 -75
6 -76
6 -75
6 -76
6 -77
6 -78
6 -76
6 -77
6 -77
6 -79
6 -77
6 -76
6 -75
6 -76
6 -75
6 -75
6 -75
6 -76
6 -76
6 -76
6 -76
6 -76
6 -78
6 -78
6 -78
6 -75
6 -78
6 -77
6 -77
6 -78
6 -78
6 -70
6 -79
6 -78
6 -77
6 -78
6 -77
6 -76
6 -76
6 -76
6 -77
6 -80
6 -77
6 -78
6 -79
6 -66
6 -78
6 -76
6 -78
6 -78
6 -83
6 -80
6 -78
6 -76
6 -77
6 -79
6 -80
6 -82
6 -79
6 -80
6 -84
6 -80
6 -78
6 -78
6 -78
6 -79
6 -79
6 -81
6 -82
6 -81
6 -82
6 -80
6 -78
6 -81
6 -78
6 -78
6 -73
6 -79
6 -78
6 -79
6 -79
6 -79
6 -78
6 -78
6 -76
6 -75
6 -78
6 -78
6 -77
6 -78
6 -77
6 -78
6 -78
6 -78
6 -77
6 -78
6 -79
6 -79
6 -78
6 -77
6 -77
6 -78
6 -80
6 -80
6 -79
6 -78
6 -78
6 -77
6 -76
6 -76
6 -76
6 -77
6 -76
6 -75
6 -76
6 -77
6 -79
6 -80
6 -79
6 -78
6 -82
6 -82
6 -86
6 -79
6 -76
6 -77
6 -78
6 -78
6 -77
6 -76
6 -76
6 -76
6 -76
6 -76
6 -70
6 -80
6 -80
6 -83
6 -83
6 -82
6 -81
6 -80
6 -79
6 -80
6 -79
6 -80
6 -81
6 -82
6 -83
6 -84
6 -85
6 -85
7 -78
7 -79
7 -78
7 -76
7 -78
7 -79
7 -78
7 -77
7 -82
7 -85
7 -82
7 -84
7 -81
7 -82
7 -81
7 -81
7 -79
7 -73
7 -75
7 -76
7 -76
7 -84
7 -78
7 -78
7 -78
7 -76
7 -76
7 -76
7 -74
7 -75
7 -75
7 -74
7 -70
7 -74
7 -74
7 -74
7 -74
7 -74
7 -74
7 -74
7 -74
7 -74
7 -74
7 -73
7 -74
7 -74
7 -75
7 -74
7 -74
7 -75
7 -73
7 -73
7 -75
7 -74
7 -73
7 -73
7 -73
7 -74
7 -73
7 -73
7 -74
7 -75
7 -75
7 -72
7 -75
7 -75
7 -76
7 -78
7 -74
7 -76
7 -76
7 -78
7 -77
7 -75
7 -78
7 -75
7 -74
7 -76
7 -74
7 -76
7 -75
7 -74
7 -64
7 -75
7 -76
7 -75
7 -75
7 -76
7 -79
7 -76
7 -75
7 -73
7 -72
7 -75
7 -76
7 -76
7 -74
7 -74
7 -75
7 -31
7 -74
7 -70
7 -73
7 -76
7 -76
7 -74
7 -73
7 -75
7 -74
7 -74
7 -75
7 -75
7 -75
7 -74
7 -73
7 -74
7 -74
7 -73
7 -76
7 -76
7 -76
7 -78
7 -78
7 -78
7 -77
7 -77
7 -77
7 -78
7 -76
7 -77
7 -77
7 -78
7 -78
7 -78
7 -78
7 -79
7 -78
7 -78
7 -80
7 -78
7 -78
7 -78
7 -78
7 -78
7 -78
7 -78
7 -78
7 -78
7 -79
7 -79
7 -79
7 -78
7 -79
7 -79
7 -78
7 -78
7 -72
7 -73
7 -78
7 -78
7 -78
7 -78
7 -81
7 -81
7 -84
7 -80
7 -79
7 -78
7 -77
7 -75
7 -76
7 -76
7 -77
7 -76
7 -77
7 -78
7 -73
7 -77
7 -78
7 -85
7 -84
7 -83
8 -87
8 -84
8 -86
8 -85
8 -84
8 -85
8 -80
8 -84
8 -84
8 -52
8 -84
8 -84
8 -84
8 -85
8 -85
8 -84
8 -85
8 -84
8 -83
8 -82
8 -82
8 -81
8 -83
8 -83
8 -84
8 -83
8 -82
8 -82
8 -82
8 -83
8 -75
8 -82
8 -83
8 -82
8 -82
8 -81
8 -81
8 -81
8 -81
8 -82
8 -80
8 -81
8 -82
8 -81
8 -81
8 -81
8 -82
8 -76
8 -82
8 -80
8 -79
8 -81
8 -81
8 -80
8 -80
8 -82
8 -82
8 -82
8 -82
8 -80
8 -82
8 -82
8 -70
8 -81
8 -80
8 -81
8 -80
8 -81
8 -81
8 -81
8 -82
8 -80
8 -82
8 -69
8 -82
8 -82
8 -81
8 -81
8 -81
8 -80
8 -80
8 -80
8 -83
8 -83
8 -83
8 -83
8 -83
8 -84
8 -85
8 -86
8 -84
8 -83
8 -85
8 -86
9 -86
9 -85
9 -85
9 -85
9 -86
9 -86
9 -86
9 -87
10 -87
10 -87
11 -85
11 -84
11 -85
11 -84
11 -84
11 -81
11 -81
11 -83
11 -77
11 -76
11 -76
11 -76
11 -76
11 -76
11 -75
11 -75
11 -76
11 -76
11 -77
11 -76
11 -76
11 -76
11 -76
11 -76
11 -77
11 -76
11 -76
11 -76
11 -75
11 -75
11 -75
11 -75
11 -76
11 -76
11 -78
11 -82
11 -82
11 -80
11 -83
11 -81
11 -81
11 -82
11 -82
11 -84
11 -81
11 -84
11 -81
11 -83
11 -82
11 -80
11 -81
11 -64
11 -84
11 -82
11 -86
11 -83
11 -87
11 -84
11 -85
11 -85
11 -85
11 -83
11 -84
11 -81
11 -83
11 -84
11 -83
11 -83
11 -84
11 -84
11 -83
12 -83
12 -82
12 -82
12 -78
12 -79
12 -80
12 -79
12 -80
12 -78
12 -79
12 -78
12 -78
12 -76
12 -76
12 -76
12 -80
12 -83
12 -83
12 -83
12 -84
12 -84
12 -83
12 -83
12 -80
12 -84
12 -83
12 -82
12 -82
12 -83
12 -69
12 -84
12 -81
12 -83
12 -84
12 -83
12 -83
12 -83
12 -84
12 -81
12 -81
12 -82
12 -81
12 -82
12 -78
12 -80
12 -81
12 -81
12 -81
12 -83
12 -82
12 -80
12 -84
12 -75
12 -84
12 -87
12 -76
12 -80
12 -75
12 -80
12 -80
12 -82
12 -82
12 -83
12 -81
12 -81
12 -81
12 -79
12 -81
12 -81
12 -81
12 -84
12 -83
12 -83
12 -84
12 -84
12 -84
12 -84
12 -83
12 -80
12 -79
12 -84
12 -80
12 -78
12 -79
12 -82
12 -84
12 -81
12 -83
12 -83
12 -83
12 -80
12 -82
12 -83
12 -80
12 -83
12 -81
12 -78
12 -80
12 -80
12 -81
12 -79
12 -80
12 -80
12 -80
12 -78
12 -77
12 -76
12 -67
12 -75
12 -76
12 -75
12 -75
12 -72
12 -75
12 -76
12 -79
12 -81
12 -79
12 -81
12 -80
12 -78
12 -77
12 -68
12 -76
12 -76
12 -76
12 -76
12 -76
12 -76
12 -76
12 -76
12 -77
12 -78
12 -78
12 -78
12 -78
12 -78
12 -76
12 -78
12 -77
12 -76
12 -76
12 -76
12 -76
12 -76
12 -76
12 -77
13 -82
13 -79
13 -82
13 -82
13 -82
13 -80
13 -79
13 -81
13 -82
13 -82
13 -72
13 -80
13 -80
13 -78
13 -80
13 -81
13 -83
13 -84
13 -83
13 -83
13 -80
13 -81
13 -82
13 -81
13 -82
13 -81
13 -81
13 -81
13 -80
13 -81
13 -80
13 -80
13 -81
13 -80
13 -79
13 -77
13 -79
13 -79
13 -80
13 -80
13 -80
13 -80
13 -80
13 -82
13 -74
13 -82
13 -82
13 -78
13 -82
13 -81
13 -80
13 -81
13 -79
13 -80
13 -80
13 -79
13 -80
13 -81
13 -80
13 -80
13 -80
13 -80
13 -79
13 -79
13 -80
13 -79
13 -79
13 -80
13 -80
13 -79
13 -79
13 -79
13 -80
13 -80
13 -80
13 -80
13 -80
13 -80
13 -80
13 -80
13 -80
13 -80
13 -81
13 -80
13 -79
13 -80
13 -80
13 -76
13 -80
13 -81
13 -78
13 -80
13 -77
13 -80
13 -81
13 -80
13 -80
13 -49
13 -80
13 -81
13 -80
13 -73
13 -81
13 -81
13 -81
13 -82
13 -81
13 -82
13 -82
13 -82
13 -81
13 -81
13 -82
13 -50
13 -82
13 -82
13 -82
13 -80
13 -73
13 -82
13 -80
13 -82
13 -82
13 -83
13 -83
13 -83
13 -82
13 -82
13 -80
13 -80
13 -80
13 -78
13 -80
13 -78
13 -79
13 -77
13 -78
13 -78
13 -78
13 -79
13 -79
13 -81
13 -80
13 -80
13 -80
13 -82
13 -81
13 -81
13 -80
13 -79
13 -81
13 -81
13 -80
13 -81
13 -81
13 -80
13 -81
13 -80
14 -86
14 -84
14 -85
14 -83
14 -74
14 -83
14 -70
14 -85
14 -83
14 -86
14 -85
14 -84
14 -84
14 -84
14 -84
14 -84
14 -84
14 -83
14 -83
14 -79
14 -83
14 -83
14 -82
14 -83
14 -83
14 -82
14 -83
14 -82
14 -83
14 -82
14 -83
14 -83
14 -84
14 -84
14 -84
14 -84
14 -80
14 -83
14 -72
14 -85
14 -85
14 -84
14 -83
14 -85
14 -86
14 -84
14 -85
14 -85
14 -84
14 -84
14 -81
14 -84
14 -86
14 -84
14 -81
14 -86
14 -84
14 -84
14 -85
15 -75
15 -74
15 -76
15 -73
15 -76
15 -75
15 -74
15 -76
15 -76
15 -74
15 -72
15 -73
15 -74
15 -73
15 -76
15 -77
15 -78
15 -75
15 -77
15 -78
15 -76
15 -76
15 -76
15 -76
15 -76
15 -76
15 -75
15 -73
15 -79
15 -80
15 -75
15 -73
15 -72
15 -72
15 -72
15 -72
15 -72
15 -71
15 -70
15 -71
15 -70
15 -70
15 -70
15 -70
15 -70
15 -72
15 -72
15 -73
15 -75
15 -76
15 -71
15 -75
15 -75
15 -74
15 -72
15 -72
15 -72
15 -72
15 -72
15 -72
15 -72
15 -72
15 -71
15 -71
15 -71
15 -71
15 -70
15 -70
15 -70
15 -70
15 -70
15 -70
15 -70
15 -70
15 -70
15 -70
15 -70
15 -70
15 -70
15 -70
15 -71
15 -72
15 -72
15 -72
15 -72
15 -72
15 -69
15 -72
15 -73
15 -72
15 -73
15 -74
15 -75
15 -64
15 -73
15 -73
15 -73
15 -73
15 -74
15 -72
15 -73
15 -72
15 -72
15 -72
15 -72
15 -71
15 -71
15 -71
15 -71
15 -72
15 -71
15 -70
15 -70
15 -70
15 -70
15 -70
15 -70
15 -69
15 -70
15 -70
15 -70
15 -68
15 -70
15 -70
15 -70
15 -70
15 -70
15 -70
15 -70
15 -70
15 -70
15 -70
15 -70
15 -70
15 -70
15 -70
15 -70
15 -70
15 -70
15 -70
15 -70
15 -69
15 -70
15 -70
15 -70
15 -70
15 -70
15 -70
15 -70
15 -70
15 -70
15 -70
15 -70
15 -70
15 -71
15 -70
15 -70
15 -70
15 -70
15 -70
15 -70
15 -70
15 -70
15 -70
15 -70
15 -70
15 -70
15 -70
15 -70
15 -70
15 -70
15 -70
15 -71
15 -71
15 -71
15 -71
15 -71
15 -71
15 -71
15 -71
15 -71
15 -71
15 -71
15 -71
15 -70
15 -70
15 -70
15 -71
15 -71
15 -70
15 -71
15 -71
15 -71
15 -71
15 -71
15 -71
15 -72
15 -72
15 -72
15 -72
15 -72
15 -72
15 -72
15 -73
15 -73
15 -72
15 -72
15 -72
15 -73
15 -73
15 -72
15 -72
15 -72
15 -72
15 -72
15 -72
15 -72
15 -72
15 -72
15 -72
15 -72
15 -72
15 -72
15 -72
15 -72
15 -72
15 -73
15 -72
15 -75
15 -78
15 -70
15 -76
15 -75
15 -75
15 -72
15 -71
15 -70
15 -71
15 -72
15 -78
15 -72
15 -72
15 -74
15 -77
15 -80
15 -55
15 -81
15 -76
15 -76
15 -76
15 -78
15 -83
15 -82
15 -81
15 -81
15 -80
15 -80
15 -80
15 -76
15 -79
15 -78
15 -78
15 -78
15 -77
15 -78
15 -77
15 -77
15 -78
15 -78
15 -77
15 -76
15 -76
15 -76
15 -76
15 -76
16 -79
16 -80
16 -83
16 -84
16 -82
16 -79
16 -78
16 -75
16 -73
16 -72
16 -71
16 -71
16 -71
16 -71
16 -71
16 -72
16 -71
16 -71
16 -71
16 -70
16 -70
16 -70
16 -69
16 -70
16 -70
16 -68
16 -68
16 -67
16 -66
16 -67
16 -67
16 -67
16 -68
16 -68
16 -69
16 -69
16 -69
16 -70
16 -71
16 -71
16 -71
16 -72
16 -70
16 -69
16 -68
16 -67
16 -67
16 -67
16 -68
16 -69
16 -69
16 -68
16 -69
16 -70
16 -67
16 -70
16 -70
16 -70
16 -70
16 -70
16 -70
16 -72
16 -71
16 -71
16 -71
16 -70
16 -70
16 -70
16 -70
16 -69
16 -70
16 -70
16 -70
16 -70
16 -70
16 -70
16 -70
16 -70
16 -70
16 -70
16 -70
16 -70
16 -70
16 -70
16 -70
16 -70
16 -71
16 -71
16 -72
16 -72
16 -72
16 -72
16 -72
16 -72
16 -72
16 -72
16 -72
16 -69
16 -73
16 -72
16 -72
16 -72
16 -72
16 -71
16 -72
16 -72
16 -71
16 -71
16 -71
16 -72
16 -71
16 -71
16 -71
16 -72
16 -72
16 -72
16 -71
16 -71
16 -71
16 -72
16 -72
16 -72
16 -73
16 -72
16 -73
16 -72
16 -72
16 -72
16 -73
16 -70
16 -72
16 -72
16 -72
16 -72
16 -72
16 -71
16 -72
16 -72
16 -73
16 -72
16 -72
16 -73
16 -73
16 -73
16 -73
16 -73
16 -73
16 -74
16 -74
16 -74
16 -74
16 -74
16 -74
16 -73
16 -74
16 -74
16 -73
16 -73
16 -73
16 -73
16 -68
16 -73
16 -73
16 -73
16 -74
16 -74
16 -74
16 -74
16 -74
16 -74
16 -74
16 -74
16 -74
16 -75
16 -74
16 -73
16 -74
16 -73
16 -73
16 -74
16 -74
16 -74
16 -74
16 -72
16 -74
16 -74
16 -73
16 -74
16 -74
16 -74
16 -74
16 -74
16 -70
16 -70
16 -73
16 -54
16 -73
16 -73
16 -73
16 -74
16 -72
16 -73
16 -73
16 -73
16 -72
16 -73
16 -73
16 -74
16 -74
16 -72
16 -74
16 -75
16 -73
16 -75
16 -76
16 -77
16 -74
16 -73
16 -74
16 -75
16 -78
16 -78
16 -78
16 -75
16 -75
16 -73
16 -72
16 -70
16 -71
16 -71
16 -74
16 -77
16 -76
16 -73
16 -74
16 -75
16 -72
16 -72
16 -71
16 -70
16 -60
16 -70
16 -70
16 -70
16 -70
16 -70
16 -76
16 -69
16 -70
16 -70
16 -70
16 -70
16 -70
16 -70
16 -70
16 -70
16 -70
16 -70
16 -70
16 -70
16 -70
16 -70
16 -70
16 -70
16 -70
16 -70
16 -70
16 -69
16 -70
16 -70
16 -70
16 -69
16 -70
16 -70
16 -70
16 -70
16 -63
16 -70
16 -70
16 -70
16 -69
16 -69
16 -63
16 -70
16 -69
16 -70
16 -70
16 -69
16 -70
17 -79
17 -79
17 -77
17 -78
17 -77
17 -78
17 -77
17 -73
17 -70
17 -67
17 -73
17 -66
17 -66
17 -64
17 -63
17 -63
17 -63
17 -64
17 -63
17 -63
17 -63
17 -63
17 -64
17 -64
17 -64
17 -63
17 -63
17 -63
17 -61
17 -60
17 -60
17 -61
17 -62
17 -60
17 -60
17 -60
17 -60
17 -61
17 -60
17 -60
17 -60
17 -61
17 -61
17 -61
17 -61
17 -61
17 -61
17 -61
17 -61
17 -61
17 -61
17 -62
17 -62
17 -62
17 -61
17 -62
17 -62
17 -62
17 -61
17 -61
17 -60
17 -60
17 -60
17 -60
17 -60
17 -60
17 -60
17 -60
17 -61
17 -61
17 -61
17 -61
17 -61
17 -61
17 -62
17 -62
17 -62
17 -62
17 -61
17 -59
17 -61
17 -61
17 -61
17 -61
17 -61
17 -61
17 -61
17 -60
17 -61
17 -61
17 -61
17 -61
17 -61
17 -61
17 -61
17 -62
17 -61
17 -62
17 -61
17 -61
17 -61
17 -61
17 -62
17 -63
17 -63
17 -63
17 -64
17 -63
17 -63
17 -62
17 -63
17 -63
17 -63
17 -63
17 -63
17 -63
17 -63
17 -63
17 -62
17 -62
17 -62
17 -62
17 -62
17 -62
17 -62
17 -62
17 -62
17 -62
17 -62
17 -62
17 -62
17 -63
17 -62
17 -63
17 -63
17 -63
17 -63
17 -63
17 -63
17 -64
17 -64
17 -64
17 -64
17 -64
17 -64
17 -64
17 -64
17 -64
17 -64
17 -64
17 -64
17 -64
17 -64
17 -64
17 -64
17 -64
17 -64
17 -64
17 -64
17 -64
17 -65
17 -65
17 -65
17 -65
17 -65
17 -66
17 -66
17 -66
17 -66
17 -66
17 -66
17 -66
17 -66
17 -65
17 -66
17 -64
17 -64
17 -65
17 -64
17 -64
17 -64
17 -64
17 -64
17 -64
17 -65
17 -66
17 -65
17 -66
17 -66
17 -66
17 -66
17 -65
17 -66
17 -66
17 -65
17 -66
17 -65
17 -65
17 -64
17 -65
17 -65
17 -65
17 -65
17 -65
17 -65
17 -65
17 -64
17 -64
17 -64
17 -64
17 -65
17 -64
17 -65
17 -65
17 -65
17 -64
17 -64
17 -64
17 -64
17 -64
17 -64
17 -64
17 -64
17 -64
17 -64
17 -64
17 -64
17 -64
17 -64
17 -64
17 -64
17 -65
17 -64
17 -64
17 -65
17 -65
17 -66
17 -65
17 -66
17 -64
17 -64
17 -64
17 -66
17 -65
17 -66
17 -66
17 -64
17 -66
17 -66
17 -65
17 -65
17 -64
17 -64
17 -63
17 -61
17 -61
17 -60
17 -60
17 -61
17 -62
17 -62
17 -66
17 -69
17 -68
17 -66
17 -66
17 -66
17 -66
17 -66
17 -64
17 -64
17 -63
17 -63
17 -64
17 -64
17 -64
17 -64
17 -64
17 -64
17 -64
17 -64
17 -64
17 -64
17 -64
17 -64
17 -63
17 -64
17 -63
17 -63
17 -63
17 -64
17 -64
17 -64
17 -64
17 -64
17 -64
17 -64
17 -64
17 -64
17 -64
17 -64
17 -64
17 -64
17 -64
17 -64
17 -64
17 -64
17 -64
17 -64
17 -64
17 -64
17 -64
17 -64
17 -64
17 -64
17 -64
17 -64
17 -64
17 -64
18 -85
18 -84
18 -83
18 -83
18 -82
18 -82
18 -82
18 -82
18 -83
18 -87
18 -78
18 -83
18 -81
18 -80
18 -82
18 -83
18 -82
18 -80
18 -81
18 -84
18 -78
18 -73
18 -83
18 -82
18 -84
18 -79
18 -82
18 -81
18 -80
18 -80
18 -80
18 -81
18 -79
18 -77
18 -79
18 -78
18 -78
18 -79
18 -79
18 -78
18 -78
18 -78
18 -78
18 -78
18 -78
18 -78
18 -78
18 -78
18 -78
18 -78
18 -78
18 -79
18 -78
18 -78
18 -78
18 -78
18 -78
18 -78
18 -77
18 -76
18 -77
18 -76
18 -77
18 -76
18 -78
18 -64
18 -77
18 -77
18 -78
18 -78
18 -59
18 -78
18 -78
18 -78
18 -77
18 -77
18 -78
18 -78
18 -77
18 -77
18 -78
18 -77
18 -64
18 -64
18 -78
18 -78
18 -78
18 -78
18 -78
18 -78
18 -79
18 -79
18 -81
18 -78
18 -80
18 -80
18 -74
18 -80
18 -79
18 -79
18 -79
18 -78
18 -78
18 -79
18 -79
18 -83
18 -81
18 -81
18 -80
18 -80
18 -81
18 -82
18 -82
18 -82
18 -80
18 -80
18 -79
18 -69
18 -79
18 -82
18 -67
18 -70
18 -79
18 -82
18 -82
18 -82
18 -76
18 -83
18 -83
19 -83
19 -84
19 -84
19 -85
19 -84
19 -84
19 -81
19 -82
19 -84
19 -84
19 -84
19 -83
19 -85
19 -85
19 -83
19 -70
19 -83
19 -83
19 -83
19 -82
19 -82
19 -81
19 -79
19 -81
19 -80
19 -80
19 -56
19 -79
19 -80
19 -79
19 -81
19 -82
19 -81
19 -81
19 -81
19 -79
19 -81
19 -80
19 -79
19 -79
19 -79
19 -78
19 -78
19 -79
19 -78
19 -79
19 -78
19 -78
19 -79
19 -70
19 -79
19 -70
19 -79
19 -79
19 -80
19 -79
19 -79
19 -78
19 -79
19 -78
19 -77
19 -78
19 -78
19 -78
19 -78
19 -77
19 -78
19 -78
19 -78
19 -78
19 -78
19 -78
19 -78
19 -79
19 -78
19 -79
19 -78
19 -80
19 -80
19 -79
19 -55
19 -79
19 -79
19 -79
19 -79
19 -79
19 -79
19 -79
19 -79
19 -80
19 -79
19 -79
19 -78
19 -79
19 -79
19 -73
19 -79
19 -81
19 -81
19 -81
19 -81
19 -79
19 -82
19 -81
19 -81
19 -82
19 -81
19 -81
19 -80
19 -80
19 -80
19 -81
19 -72
19 -82
19 -81
19 -82
19 -80
19 -86
19 -84
20 -77
20 -77
20 -77
20 -77
20 -77
20 -77
20 -77
20 -77
20 -77
20 -76
20 -78
20 -78
20 -84
20 -86
20 -83
20 -83
20 -84
20 -81
20 -80
20 -76
20 -80
20 -82
20 -83
20 -86
20 -85
20 -84
20 -86
20 -87
20 -84
20 -85
20 -84
20 -84
20 -84
20 -84
20 -83
20 -84
20 -84
20 -84
20 -85
20 -85
20 -79
20 -79
20 -79
20 -80
20 -84
20 -86
20 -79
20 -81
20 -83
20 -81
20 -76
20 -84
20 -84
20 -85
20 -82
21 -72
21 -72
21 -72
21 -71
21 -71
21 -71
21 -72
21 -72
21 -73
21 -74
21 -67
21 -75
21 -75
21 -76
21 -78
21 -78
21 -72
21 -78
21 -77
21 -78
21 -76
21 -77
21 -77
21 -72
21 -52
21 -73
21 -72
21 -70
21 -70
21 -70
21 -63
21 -70
21 -70
21 -70
21 -71
21 -72
21 -74
21 -73
21 -72
21 -72
21 -70
21 -70
21 -70
21 -71
21 -70
21 -71
21 -71
21 -70
21 -70
21 -70
21 -69
21 -69
21 -69
21 -69
21 -69
21 -69
21 -69
21 -69
21 -69
21 -69
21 -69
21 -69
21 -73
21 -69
21 -69
21 -62
21 -69
21 -69
21 -69
21 -69
21 -70
21 -70
21 -70
21 -70
21 -70
21 -70
21 -70
21 -69
21 -69
21 -69
21 -69
21 -69
21 -69
21 -68
21 -68
21 -69
21 -68
21 -67
21 -66
21 -69
21 -67
21 -67
21 -67
21 -68
21 -68
21 -67
21 -68
21 -68
21 -68
21 -68
21 -69
21 -69
21 -69
21 -68
21 -69
21 -69
21 -68
21 -68
21 -68
21 -68
21 -68
21 -68
21 -68
21 -68
21 -68
21 -68
21 -69
21 -68
21 -68
21 -68
21 -67
21 -68
21 -68
21 -69
21 -68
21 -68
21 -69
21 -68
21 -68
21 -68
21 -68
21 -68
21 -68
21 -68
21 -68
21 -68
21 -68
21 -68
21 -68
21 -68
21 -68
21 -68
21 -68
21 -69
21 -69
21 -68
21 -69
21 -69
21 -69
21 -69
21 -69
21 -69
21 -68
21 -68
21 -68
21 -68
21 -68
21 -68
21 -68
21 -68
21 -68
21 -67
21 -68
21 -68
21 -67
21 -68
21 -68
21 -68
21 -68
21 -68
21 -68
21 -67
21 -68
21 -67
21 -67
21 -68
21 -67
21 -68
21 -67
21 -67
21 -68
21 -67
21 -68
21 -68
21 -68
21 -68
21 -68
21 -68
21 -67
21 -67
21 -67
21 -67
21 -67
21 -67
21 -67
21 -67
21 -67
21 -67
21 -67
21 -67
21 -67
21 -67
21 -67
21 -67
21 -67
21 -67
21 -67
21 -67
21 -67
21 -66
21 -67
21 -67
21 -67
21 -67
21 -67
21 -68
21 -69
21 -69
21 -69
21 -70
21 -70
21 -70
21 -71
21 -71
21 -76
21 -76
21 -79
21 -76
21 -69
21 -76
21 -75
21 -72
21 -72
21 -70
21 -68
21 -69
21 -69
21 -69
21 -69
21 -68
21 -68
21 -69
21 -69
21 -69
21 -69
21 -69
21 -69
21 -69
21 -69
21 -68
21 -69
21 -67
21 -68
21 -69
21 -69
21 -69
21 -69
21 -69
21 -68
21 -69
21 -68
21 -68
21 -69
21 -69
21 -69
21 -69
21 -68
21 -68
21 -68
21 -68
21 -68
21 -68
21 -68
21 -68
21 -69
21 -76
21 -68
21 -69
21 -68
21 -68
21 -68
21 -68
21 -69
21 -68
21 -68
22 -76
22 -75
22 -75
22 -75
22 -75
22 -75
22 -75
22 -75
22 -74
22 -77
22 -74
22 -72
22 -71
22 -70
22 -71
22 -70
22 -71
22 -72
22 -72
22 -72
22 -72
22 -72
22 -71
22 -70
22 -71
22 -72
22 -72
22 -72
22 -75
22 -79
22 -73
22 -75
22 -29
22 -79
22 -76
22 -76
22 -75
22 -74
22 -73
22 -74
22 -76
22 -77
22 -78
22 -77
22 -76
22 -74
22 -72
22 -72
22 -71
22 -70
22 -70
22 -70
22 -72
22 -74
22 -76
22 -76
22 -77
22 -77
22 -77
22 -78
22 -78
22 -84
22 -79
22 -70
22 -78
22 -81
22 -79
22 -77
22 -78
22 -78
22 -81
22 -83
22 -82
22 -79
22 -79
22 -79
22 -78
22 -76
22 -76
22 -76
22 -75
22 -66
22 -76
22 -76
22 -77
22 -79
22 -82
22 -80
22 -79
22 -78
22 -76
22 -76
22 -76
22 -76
22 -76
22 -76
22 -76
22 -76
22 -30
22 -76
22 -74
22 -74
22 -78
22 -69
22 -77
22 -70
22 -76
22 -76
22 -76
22 -76
22 -73
22 -72
22 -77
22 -77
22 -77
22 -78
22 -78
22 -78
22 -77
22 -78
22 -76
22 -76
22 -76
22 -76
22 -76
22 -76
22 -76
22 -76
22 -76
22 -72
22 -75
22 -76
22 -76
22 -71
22 -75
22 -75
22 -75
22 -76
22 -75
22 -74
22 -75
22 -75
22 -75
22 -76
22 -75
22 -75
22 -75
22 -75
22 -75
22 -75
22 -76
22 -76
22 -76
22 -75
22 -74
22 -74
22 -74
22 -74
22 -74
22 -74
22 -74
22 -75
22 -74
22 -74
22 -74
22 -74
22 -74
22 -74
22 -74
22 -75
22 -74
22 -74
22 -73
22 -69
22 -72
22 -72
22 -72
22 -72
22 -72
22 -73
22 -75
22 -73
22 -70
22 -67
22 -76
22 -70
22 -72
22 -70
22 -76
22 -82
22 -77
22 -72
22 -70
22 -71
22 -72
22 -55
22 -68
22 -68
22 -68
22 -68
22 -68
22 -69
22 -69
22 -70
22 -70
22 -68
22 -70
22 -70
22 -70
22 -70
22 -72
22 -72
22 -73
22 -72
22 -73
22 -72
22 -71
22 -72
22 -72
22 -72
22 -72
22 -66
22 -72
22 -72
22 -71
22 -71
22 -30
22 -71
22 -71
22 -71
22 -71
22 -71
22 -72
22 -72
22 -72
22 -71
22 -72
22 -72
22 -72
22 -72
22 -72
22 -71
22 -71
22 -71
22 -71
22 -71
22 -71
22 -71
23 -68
23 -66
23 -67
23 -68
23 -67
23 -67
23 -68
23 -69
23 -69
23 -76
23 -72
23 -74
23 -77
23 -75
23 -70
23 -72
23 -72
23 -81
23 -79
23 -79
23 -74
23 -78
23 -76
23 -67
23 -71
23 -66
23 -73
23 -74
23 -71
23 -76
23 -76
23 -61
23 -73
23 -72
23 -69
23 -69
23 -67
23 -64
23 -64
23 -64
23 -65
23 -65
23 -65
23 -64
23 -64
23 -64
23 -65
23 -63
23 -62
23 -62
23 -61
23 -61
23 -62
23 -62
23 -62
23 -62
23 -62
23 -63
23 -62
23 -63
23 -63
23 -63
23 -63
23 -63
23 -63
23 -66
23 -63
23 -63
23 -62
23 -62
23 -61
23 -62
23 -62
23 -63
23 -62
23 -62
23 -62
23 -62
23 -62
23 -63
23 -62
23 -62
23 -62
23 -63
23 -62
23 -63
23 -62
23 -62
23 -63
23 -63
23 -63
23 -63
23 -63
23 -63
23 -64
23 -63
23 -64
23 -63
23 -64
23 -64
23 -63
23 -63
23 -64
23 -64
23 -64
23 -64
23 -64
23 -64
23 -63
23 -63
23 -63
23 -64
23 -63
23 -63
23 -63
23 -63
23 -63
23 -63
23 -63
23 -63
23 -63
23 -63
23 -63
23 -63
23 -63
23 -63
23 -63
23 -63
23 -63
23 -64
23 -64
23 -64
23 -64
23 -64
23 -64
23 -64
23 -64
23 -64
23 -64
23 -64
23 -64
23 -64
23 -64
23 -64
23 -64
23 -64
23 -64
23 -64
23 -64
23 -64
23 -64
23 -64
23 -64
23 -64
23 -64
23 -64
23 -64
23 -64
23 -64
23 -64
23 -64
23 -64
23 -65
23 -65
23 -65
23 -65
23 -64
23 -64
23 -64
23 -64
23 -64
23 -64
23 -64
23 -64
23 -65
23 -64
23 -64
23 -64
23 -64
23 -64
23 -64
23 -64
23 -64
23 -64
23 -56
23 -64
23 -64
23 -64
23 -64
23 -64
23 -64
23 -64
23 -64
23 -64
23 -64
23 -64
23 -64
23 -64
23 -64
23 -64
23 -64
23 -64
23 -64
23 -64
23 -64
23 -64
23 -64
23 -64
23 -64
23 -64
23 -64
23 -64
23 -64
23 -64
23 -64
23 -64
23 -64
23 -64
23 -64
23 -64
23 -64
23 -64
23 -64
23 -64
23 -64
23 -64
23 -64
23 -65
23 -65
23 -65
23 -66
23 -66
23 -63
23 -66
23 -67
23 -66
23 -66
23 -65
23 -64
23 -63
23 -62
23 -62
23 -63
23 -63
23 -60
23 -65
23 -67
23 -69
23 -68
23 -67
23 -66
23 -68
23 -69
23 -69
23 -69
23 -69
23 -75
23 -68
23 -74
23 -67
23 -67
23 -67
23 -67
23 -67
23 -67
23 -68
23 -69
23 -68
23 -68
23 -68
23 -68
23 -68
23 -69
23 -69
23 -68
23 -68
23 -68
23 -68
23 -68
23 -68
23 -68
23 -68
23 -68
23 -67
23 -67
23 -67
23 -67
23 -67
23 -68
23 -69
23 -69
23 -69
23 -69
23 -70
23 -70
23 -70
23 -69
23 -69
23 -69
23 -68
23 -69
23 -68
23 -68
23 -69
23 -69
24 -67
24 -66
24 -65
24 -64
24 -64
24 -64
24 -65
24 -66
24 -71
24 -76
24 -70
24 -69
24 -69
24 -68
24 -69
24 -70
24 -71
24 -75
24 -76
24 -74
24 -68
24 -75
24 -75
24 -76
24 -75
24 -75
24 -75
24 -75
24 -75
24 -84
24 -82
24 -80
24 -80
24 -76
24 -76
24 -76
24 -76
24 -77
24 -76
24 -76
24 -74
24 -75
24 -75
24 -75
24 -74
24 -73
24 -71
24 -70
24 -70
24 -70
24 -69
24 -69
24 -70
24 -70
24 -69
24 -68
24 -68
24 -68
24 -68
24 -69
24 -70
24 -78
24 -70
24 -71
24 -71
24 -70
24 -71
24 -70
24 -70
24 -71
24 -71
24 -72
24 -72
24 -73
24 -73
24 -73
24 -65
24 -72
24 -72
24 -71
24 -70
24 -70
24 -70
24 -70
24 -69
24 -69
24 -69
24 -70
24 -69
24 -70
24 -70
24 -70
24 -70
24 -70
24 -70
24 -70
24 -70
24 -72
24 -73
24 -71
24 -55
24 -76
24 -76
24 -74
24 -74
24 -74
24 -74
24 -76
24 -76
24 -76
24 -78
24 -76
24 -75
24 -73
24 -75
24 -75
24 -74
24 -75
24 -75
24 -74
24 -76
24 -74
24 -61
24 -74
24 -75
24 -74
24 -75
24 -75
24 -70
24 -71
24 -76
24 -76
24 -76
24 -75
24 -77
24 -77
24 -77
24 -71
24 -76
24 -78
24 -77
24 -78
24 -78
24 -77
24 -65
24 -77
24 -76
24 -77
24 -79
24 -78
24 -79
24 -79
24 -79
24 -81
24 -79
24 -78
24 -79
24 -80
24 -80
24 -80
24 -79
24 -79
24 -80
24 -78
24 -79
24 -79
24 -78
24 -78
24 -78
24 -78
24 -78
24 -78
24 -78
24 -77
24 -78
24 -78
24 -72
24 -78
24 -78
24 -78
24 -78
24 -78
24 -77
24 -78
24 -78
24 -78
24 -78
24 -72
24 -79
24 -78
24 -78
24 -78
24 -78
24 -77
24 -78
24 -78
24 -76
24 -76
24 -72
24 -76
24 -77
24 -78
24 -78
24 -78
24 -79
24 -79
24 -83
24 -77
24 -76
24 -74
24 -72
24 -70
24 -67
24 -66
24 -64
24 -64
24 -64
24 -67
24 -72
24 -78
24 -71
24 -68
24 -67
24 -67
24 -67
24 -70
24 -69
24 -70
24 -69
24 -69
24 -67
24 -66
24 -66
24 -66
24 -66
24 -67
24 -67
24 -66
24 -66
24 -66
24 -66
24 -66
24 -65
24 -66
24 -67
24 -67
24 -67
24 -67
24 -70
24 -66
24 -66
24 -66
24 -66
24 -66
24 -67
24 -66
24 -67
24 -66
24 -67
24 -66
24 -66
24 -66
24 -66
24 -66
24 -66
24 -66
24 -64
24 -66
24 -66
24 -66
24 -67
24 -67
24 -67
24 -68
24 -67
24 -76
24 -68
24 -65
24 -68
25 -86
25 -83
25 -84
25 -82
25 -81
25 -81
25 -79
25 -76
25 -78
25 -78
25 -79
25 -80
25 -79
25 -79
25 -79
25 -81
25 -80
25 -79
25 -79
25 -80
25 -80
25 -80
25 -80
25 -79
25 -61
25 -81
25 -81
25 -80
25 -79
25 -79
25 -79
25 -79
25 -75
25 -80
25 -81
25 -81
25 -83
25 -82
25 -84
25 -83
25 -82
25 -83
25 -83
25 -82
25 -81
25 -81
25 -82
25 -82
25 -81
25 -81
25 -81
25 -81
25 -78
25 -81
25 -81
25 -81
25 -70
25 -81
25 -81
25 -81
25 -82
25 -81
25 -81
25 -82
25 -82
25 -83
25 -83
25 -76
25 -83
25 -83
25 -83
25 -84
25 -80
25 -83
25 -83
25 -83
25 -84
25 -84
25 -84
25 -84
25 -84
25 -84
25 -83
25 -83
25 -84
25 -86
25 -84
25 -80
25 -80
25 -80
25 -86
25 -86
25 -85
25 -85
26 -78
26 -82
26 -81
26 -82
26 -81
26 -81
26 -78
26 -78
26 -75
26 -76
26 -81
26 -80
26 -78
26 -78
26 -76
26 -76
26 -74
26 -70
26 -76
26 -76
26 -81
26 -79
26 -72
26 -80
26 -75
26 -80
26 -81
26 -77
26 -76
26 -76
26 -76
26 -77
26 -76
26 -76
26 -76
26 -76
26 -75
26 -75
26 -76
26 -76
26 -76
26 -76
26 -78
26 -79
26 -79
26 -78
26 -77
26 -76
26 -72
26 -75
26 -75
26 -75
26 -76
26 -76
26 -75
26 -75
26 -75
26 -75
26 -75
26 -75
26 -74
26 -74
26 -72
26 -73
26 -73
26 -73
26 -72
26 -73
26 -72
26 -72
26 -73
26 -73
26 -73
26 -68
26 -74
26 -74
26 -73
26 -74
26 -75
26 -76
26 -75
26 -75
26 -75
26 -75
26 -75
26 -74
26 -74
26 -75
26 -74
26 -74
26 -74
26 -73
26 -73
26 -73
26 -73
26 -74
26 -74
26 -74
26 -74
26 -71
26 -73
26 -73
26 -72
26 -72
26 -72
26 -72
26 -73
26 -72
26 -72
26 -72
26 -72
26 -72
26 -72
26 -72
26 -72
26 -72
26 -72
26 -72
26 -72
26 -72
26 -70
26 -72
26 -72
26 -72
26 -72
26 -72
26 -72
26 -72
26 -72
26 -72
26 -71
26 -71
26 -71
26 -71
26 -71
26 -72
26 -72
26 -72
26 -72
26 -72
26 -72
26 -72
26 -72
26 -72
26 -71
26 -72
26 -72
26 -70
26 -69
26 -72
26 -72
26 -72
26 -72
26 -72
26 -72
26 -72
26 -72
26 -72
26 -72
26 -72
26 -72
26 -72
26 -72
26 -72
26 -72
26 -72
26 -72
26 -72
26 -72
26 -72
26 -72
26 -72
26 -73
26 -73
26 -73
26 -73
26 -74
26 -73
26 -73
26 -74
26 -73
26 -74
26 -70
26 -73
26 -74
26 -73
26 -73
26 -73
26 -72
26 -73
26 -72
26 -73
26 -73
26 -73
26 -74
26 -73
26 -73
26 -73
26 -73
26 -73
26 -73
26 -73
26 -73
26 -73
26 -75
26 -75
26 -75
26 -75
26 -75
26 -72
26 -71
26 -71
26 -72
26 -73
26 -75
26 -78
26 -76
26 -73
26 -74
26 -72
26 -74
26 -74
26 -74
26 -75
26 -75
26 -75
26 -75
26 -76
26 -76
26 -76
26 -76
26 -77
26 -77
26 -76
26 -76
26 -76
26 -75
26 -72
26 -76
26 -76
26 -76
26 -77
26 -77
26 -77
26 -78
26 -78
26 -78
26 -67
26 -78
26 -78
26 -78
26 -79
26 -80
26 -81
26 -81
26 -80
26 -80
26 -79
26 -80
26 -79
26 -79
26 -80
27 -84
27 -80
27 -83
27 -82
27 -79
27 -78
27 -84
27 -83
27 -78
27 -79
27 -79
27 -79
27 -78
27 -78
27 -79
27 -78
27 -76
27 -76
27 -80
27 -81
27 -81
27 -79
27 -78
27 -78
27 -76
27 -77
27 -76
27 -76
27 -76
27 -76
27 -76
27 -76
27 -76
27 -76
27 -75
27 -75
27 -77
27 -77
27 -76
27 -76
27 -76
27 -76
27 -76
27 -76
27 -74
27 -76
27 -76
27 -76
27 -74
27 -76
27 -76
27 -76
27 -76
27 -76
27 -76
27 -76
27 -30
27 -62
27 -71
27 -76
27 -75
27 -76
27 -74
27 -75
27 -76
27 -74
27 -75
27 -75
27 -74
27 -73
27 -74
27 -74
27 -70
27 -74
27 -75
27 -72
27 -74
27 -74
27 -74
27 -73
27 -74
27 -74
27 -74
27 -75
27 -75
27 -75
27 -74
27 -73
27 -74
27 -74
27 -74
27 -74
27 -74
27 -74
27 -75
27 -74
27 -75
27 -75
27 -75
27 -74
27 -75
27 -72
27 -74
27 -74
27 -74
27 -75
27 -75
27 -74
27 -74
27 -74
27 -73
27 -73
27 -73
27 -74
27 -74
27 -73
27 -74
27 -74
27 -74
27 -74
27 -75
27 -74
27 -73
27 -74
27 -73
27 -73
27 -72
27 -74
27 -74
27 -73
27 -73
27 -73
27 -74
27 -74
27 -74
27 -74
27 -74
27 -74
27 -74
27 -73
27 -74
27 -74
27 -74
27 -74
27 -74
27 -74
27 -74
27 -73
27 -74
27 -74
27 -70
27 -73
27 -71
27 -74
27 -74
27 -74
27 -74
27 -73
27 -73
27 -74
27 -74
27 -74
27 -74
27 -74
27 -74
27 -73
27 -73
27 -74
27 -73
27 -73
27 -73
27 -73
27 -74
27 -74
27 -74
27 -74
27 -73
27 -74
27 -64
27 -74
27 -73
27 -73
27 -73
27 -74
27 -75
27 -73
27 -74
27 -75
27 -76
27 -76
27 -76
27 -76
27 -76
27 -76
27 -76
27 -77
27 -80
27 -79
27 -77
27 -76
27 -76
27 -77
27 -78
27 -78
27 -79
27 -70
27 -80
27 -79
27 -79
27 -78
27 -78
27 -79
27 -64
27 -78
27 -77
27 -76
27 -77
27 -77
27 -76
27 -76
27 -76
27 -76
27 -78
27 -77
27 -78
27 -78
27 -78
27 -78
27 -78
27 -76
27 -77
27 -77
27 -77
27 -76
27 -77
27 -77
27 -78
27 -77
27 -78
27 -77
27 -78
28 -81
28 -77
28 -71
28 -81
28 -84
28 -31
28 -77
28 -86
28 -86
28 -84
28 -84
28 -82
28 -80
28 -85
28 -84
28 -83
28 -83
28 -81
28 -83
28 -83
28 -85
28 -82
28 -82
28 -81
28 -81
28 -82
28 -81
28 -82
28 -81
28 -82
28 -81
28 -81
28 -74
28 -81
28 -81
28 -81
28 -81
28 -81
28 -82
28 -83
28 -75
28 -81
28 -82
28 -75
28 -81
28 -81
28 -83
28 -83
28 -83
28 -81
28 -77
28 -82
28 -83
28 -78
28 -81
28 -83
28 -81
28 -81
28 -81
28 -81
28 -83
28 -82
28 -83
28 -83
28 -83
28 -83
28 -83
28 -83
28 -82
28 -84
28 -82
28 -84
28 -83
28 -84
28 -82
28 -83
28 -83
28 -82
28 -83
28 -82
28 -83
28 -83
28 -83
28 -83
28 -83
28 -83
28 -84
28 -82
28 -83
28 -84
28 -84
28 -83
28 -73
28 -84
28 -82
28 -82
28 -82
28 -82
28 -82
28 -83
28 -83
28 -84
28 -82
28 -81
28 -80
28 -80
28 -64
28 -79
28 -76
28 -78
28 -78
28 -85
28 -84
28 -83
28 -79
28 -84
28 -84
28 -84
28 -83
29 -79
29 -78
29 -79
29 -78
29 -85
29 -84
29 -86
29 -84
29 -83
29 -63
29 -81
29 -80
29 -81
29 -80
29 -81
29 -81
29 -80
29 -79
29 -80
29 -81
29 -81
29 -83
29 -82
29 -83
29 -81
29 -84
29 -85
29 -84
29 -78
29 -76
29 -76
29 -76
29 -76
29 -75
29 -74
29 -73
29 -73
29 -73
29 -73
29 -76
29 -77
29 -78
29 -76
29 -75
29 -77
29 -77
29 -78
29 -78
29 -77
29 -77
29 -76
29 -76
29 -75
29 -75
29 -75
29 -75
29 -74
29 -75
29 -75
29 -76
29 -76
29 -76
29 -76
29 -76
29 -75
29 -76
29 -75
29 -75
29 -75
29 -75
29 -76
29 -76
30 -73
30 -73
30 -73
30 -72
30 -73
30 -73
30 -73
30 -73
30 -73
30 -72
30 -72
30 -74
30 -76
30 -75
30 -74
30 -75
30 -76
30 -76
30 -76
30 -76
30 -76
30 -76
30 -76
30 -76
30 -76
30 -76
30 -75
30 -76
30 -76
30 -76
30 -79
30 -79
30 -79
30 -80
30 -79
30 -79
30 -79
30 -79
30 -79
30 -78
30 -79
30 -79
30 -79
30 -78
30 -78
30 -78
30 -80
30 -79
30 -80
30 -80
30 -78
30 -79
30 -79
30 -78
30 -79
30 -78
30 -60
30 -78
30 -76
30 -77
30 -77
30 -76
30 -76
30 -76
30 -76
30 -53
30 -76
30 -76
30 -76
30 -76
30 -76
30 -76
30 -76
30 -76
30 -76
30 -76
30 -76
30 -77
30 -69
30 -77
30 -78
30 -77
30 -76
30 -76
30 -76
30 -76
30 -76
30 -76
30 -76
30 -73
30 -74
30 -76
30 -76
30 -76
30 -76
30 -75
30 -75
30 -74
30 -73
30 -75
30 -76
30 -75
30 -75
30 -75
30 -75
30 -75
30 -75
30 -76
30 -75
30 -75
30 -75
30 -75
30 -75
30 -75
30 -75
30 -73
30 -75
30 -75
30 -75
30 -75
30 -75
30 -74
30 -74
30 -75
30 -75
30 -74
30 -74
30 -75
30 -74
30 -75
30 -75
30 -74
30 -74
30 -75
30 -75
30 -75
30 -75
30 -74
30 -74
30 -74
30 -73
30 -75
30 -75
30 -74
30 -75
30 -74
30 -75
30 -54
30 -74
30 -74
30 -75
30 -75
30 -75
30 -75
30 -74
30 -71
30 -75
30 -74
30 -74
30 -71
30 -75
30 -74
30 -74
30 -74
30 -74
30 -74
30 -74
30 -74
30 -74
30 -75
30 -74
30 -74
30 -75
30 -75
30 -74
30 -74
30 -74
30 -74
30 -74
30 -75
30 -74
30 -74
30 -74
30 -74
30 -74
30 -75
30 -74
30 -74
30 -74
30 -74
30 -74
30 -74
30 -75
30 -75
30 -72
30 -74
30 -74
30 -74
30 -74
30 -74
30 -74
30 -74
30 -74
30 -74
30 -74
30 -72
30 -74
30 -74
30 -74
30 -74
30 -74
30 -73
30 -74
30 -74
30 -74
30 -74
30 -76
30 -75
30 -78
30 -78
30 -78
30 -75
30 -76
30 -74
30 -73
30 -73
30 -73
30 -73
30 -73
30 -73
30 -73
30 -73
30 -73
30 -74
30 -74
30 -74
30 -74
30 -74
30 -74
30 -71
30 -74
30 -74
30 -74
30 -75
30 -74
30 -74
30 -74
30 -74
30 -74
30 -73
30 -73
30 -73
30 -72
30 -72
30 -72
30 -73
30 -73
30 -73
30 -73
30 -73
30 -73
30 -73
30 -74
30 -74
30 -73
30 -73
30 -73
30 -73
30 -73
30 -68
30 -73
30 -73
31 -77
31 -76
31 -77
31 -77
31 -76
31 -76
31 -75
31 -76
31 -74
31 -75
31 -75
31 -78
31 -80
31 -81
31 -78
31 -80
31 -80
31 -81
31 -82
31 -82
31 -80
31 -82
31 -81
31 -81
31 -80
31 -80
31 -81
31 -80
31 -81
31 -82
31 -65
31 -80
31 -79
31 -79
31 -78
31 -79
31 -79
31 -78
31 -80
31 -82
31 -81
31 -83
31 -74
31 -83
31 -82
31 -75
31 -81
31 -79
31 -80
31 -81
31 -83
31 -84
31 -86
31 -83
31 -84
31 -84
31 -84
31 -70
31 -84
31 -85
31 -86
31 -86
31 -86
31 -86
31 -86
31 -86
31 -85
31 -87
31 -84
31 -80
31 -78
31 -78
31 -78
31 -78
31 -79
31 -80
31 -81
31 -80
31 -74
31 -78
31 -79
31 -78
31 -78
31 -79
31 -78
31 -79
31 -79
31 -80
31 -79
31 -79
31 -79
31 -80
31 -78
31 -79
31 -77
31 -78
31 -75
31 -78
31 -78
31 -78
31 -78
31 -70
31 -78
31 -78
31 -74
31 -78
31 -78
31 -75
31 -78
31 -77
31 -78
31 -78
31 -78
32 -85
32 -83
32 -79
32 -76
32 -76
32 -76
32 -76
32 -77
32 -77
32 -76
32 -77
32 -78
32 -79
32 -71
32 -77
32 -75
32 -75
32 -75
32 -75
32 -76
32 -76
32 -77
32 -78
32 -77
32 -79
32 -77
32 -78
32 -77
32 -77
32 -78
32 -77
32 -74
32 -76
32 -77
32 -77
32 -69
32 -78
32 -77
32 -78
32 -76
32 -78
32 -79
32 -80
32 -79
32 -78
32 -79
32 -78
32 -78
32 -78
32 -72
32 -77
32 -77
32 -78
32 -78
32 -78
32 -77
32 -77
32 -76
32 -77
32 -77
32 -78
32 -78
32 -79
32 -78
32 -78
32 -78
32 -72
32 -78
32 -79
32 -77
32 -78
32 -77
32 -78
32 -78
32 -77
32 -77
32 -76
32 -76
32 -75
32 -76
32 -76
32 -77
32 -76
32 -76
32 -75
32 -75
32 -76
32 -76
32 -77
32 -73
32 -76
32 -76
32 -76
32 -77
32 -76
32 -76
32 -77
32 -71
32 -76
32 -76
32 -76
32 -74
32 -78
32 -78
32 -76
32 -77
32 -76
32 -77
32 -78
32 -78
32 -77
32 -78
32 -77
32 -78
32 -77
32 -77
32 -77
32 -76
32 -77
32 -78
32 -78
32 -77
32 -78
32 -79
32 -78
32 -79
32 -78
32 -68
32 -78
32 -78
32 -78
32 -77
32 -76
32 -78
32 -78
32 -78
32 -77
32 -57
32 -78
32 -78
32 -79
32 -78
32 -78
32 -78
32 -78
32 -72
32 -77
32 -76
32 -78
32 -76
32 -78
32 -78
32 -77
32 -78
32 -78
32 -78
32 -78
32 -78
32 -77
32 -78
32 -78
32 -78
32 -78
32 -78
32 -77
32 -76
32 -78
32 -81
32 -82
32 -80
32 -79
32 -78
32 -77
32 -77
32 -78
32 -78
32 -84
32 -85
32 -85
32 -84
32 -82
32 -83
32 -83
32 -78
32 -81
32 -57
32 -81
32 -82
33 -84
33 -84
33 -85
33 -85
33 -86
33 -84
33 -84
33 -85
33 -84
33 -81
33 -82
33 -81
33 -81
33 -81
33 -81
33 -82
33 -84
33 -84
33 -85
33 -85
33 -84
33 -58
33 -83
33 -82
33 -83
33 -83
33 -70
33 -83
33 -85
33 -82
33 -84
33 -83
33 -84
33 -83
33 -83
33 -85
33 -86
33 -85
34 -83
34 -83
34 -82
34 -84
34 -84
34 -85
34 -84
34 -82
34 -82
34 -81
34 -80
34 -80
34 -79
34 -79
34 -79
34 -79
34 -78
34 -79
34 -79
34 -79
34 -78
34 -74
34 -80
34 -80
34 -80
34 -80
34 -80
34 -82
34 -82
34 -81
34 -81
34 -81
34 -81
34 -80
34 -80
34 -81
34 -81
34 -80
34 -81
34 -80
34 -81
34 -81
34 -81
34 -81
34 -81
34 -81
34 -81
34 -81
34 -83
34 -82
34 -83
34 -82
34 -83
34 -84
34 -84
34 -83
34 -83
34 -83
34 -82
34 -82
34 -83
34 -82
34 -81
34 -82
34 -81
34 -82
34 -76
34 -81
34 -82
34 -82
34 -82
34 -82
34 -83
34 -82
34 -84
34 -83
34 -83
34 -84
34 -83
34 -84
34 -84
34 -84
34 -86
34 -56
34 -85
34 -85
34 -84
34 -84
34 -84
34 -84
34 -84
34 -85
34 -86
34 -86
34 -85
34 -82
34 -80
34 -78
34 -82
34 -81
34 -81
34 -82
34 -81
34 -88
35 -78
35 -78
35 -79
35 -77
35 -78
35 -78
35 -76
35 -77
35 -75
35 -76
35 -78
35 -76
35 -76
35 -76
35 -76
35 -76
35 -76
35 -78
35 -78
35 -32
35 -76
35 -76
35 -78
35 -75
35 -60
35 -74
35 -75
35 -75
35 -74
35 -74
35 -74
35 -69
35 -74
35 -73
35 -73
35 -72
35 -72
35 -72
35 -73
35 -73
35 -73
35 -73
35 -73
35 -72
35 -73
35 -74
35 -72
35 -73
35 -73
35 -72
35 -73
35 -73
35 -73
35 -73
35 -71
35 -72
35 -72
35 -72
35 -71
35 -72
35 -71
35 -72
35 -72
35 -72
35 -73
35 -72
35 -73
35 -71
35 -72
35 -73
35 -73
35 -74
35 -74
35 -71
35 -69
35 -73
35 -72
35 -72
35 -72
35 -72
35 -73
35 -73
35 -73
35 -72
35 -72
35 -73
35 -73
35 -72
35 -72
35 -72
35 -73
35 -72
35 -73
35 -73
35 -73
35 -73
35 -72
35 -73
35 -72
35 -73
35 -73
35 -73
35 -73
35 -73
35 -73
35 -73
35 -73
35 -74
35 -74
35 -74
35 -74
35 -74
35 -74
35 -74
35 -74
35 -74
35 -74
35 -74
35 -74
35 -73
35 -74
35 -74
35 -74
35 -75
35 -74
35 -74
35 -74
35 -74
35 -74
35 -74
35 -74
35 -74
35 -74
35 -74
35 -74
35 -74
35 -75
35 -74
35 -75
35 -75
35 -75
35 -74
35 -75
35 -75
35 -75
35 -75
35 -75
35 -74
35 -75
35 -74
35 -67
35 -74
35 -74
35 -74
35 -73
35 -71
35 -74
35 -74
35 -74
35 -73
35 -71
35 -74
35 -74
35 -74
35 -74
35 -74
35 -74
35 -74
35 -74
35 -74
35 -74
35 -74
35 -74
35 -74
35 -74
35 -74
35 -74
35 -73
35 -74
35 -73
35 -74
35 -74
35 -72
35 -74
35 -72
35 -73
35 -74
35 -71
35 -74
35 -74
35 -74
35 -74
35 -74
35 -74
35 -74
35 -74
35 -74
35 -74
35 -74
35 -74
35 -74
35 -74
35 -74
35 -74
35 -74
35 -72
35 -76
35 -75
35 -74
35 -74
35 -73
35 -73
35 -73
35 -30
35 -73
35 -72
35 -72
35 -72
35 -73
35 -72
35 -72
35 -72
35 -72
35 -73
35 -73
35 -75
35 -76
35 -76
35 -76
35 -76
35 -76
35 -75
35 -75
35 -76
35 -75
35 -76
35 -76
35 -76
35 -76
35 -75
35 -76
35 -75
35 -76
35 -76
35 -76
35 -76
35 -75
35 -76
35 -76
35 -76
35 -76
35 -76
35 -76
35 -76
35 -76
35 -76
35 -76
35 -76
35 -76
35 -76
35 -76
35 -76
35 -76
35 -76
36 -75
36 -73
36 -74
36 -75
36 -74
36 -74
36 -74
36 -75
36 -73
36 -71
36 -31
36 -72
36 -72
36 -71
36 -70
36 -69
36 -64
36 -70
36 -70
36 -70
36 -69
36 -72
36 -72
36 -72
36 -70
36 -70
36 -71
36 -72
36 -72
36 -70
36 -70
36 -69
36 -69
36 -69
36 -69
36 -69
36 -69
36 -70
36 -69
36 -69
36 -69
36 -69
36 -69
36 -69
36 -68
36 -69
36 -69
36 -69
36 -66
36 -69
36 -70
36 -70
36 -66
36 -70
36 -70
36 -70
36 -70
36 -69
36 -70
36 -70
36 -70
36 -67
36 -70
36 -68
36 -70
36 -70
36 -70
36 -70
36 -70
36 -70
36 -70
36 -70
36 -70
36 -70
36 -67
36 -70
36 -70
36 -69
36 -70
36 -70
36 -69
36 -70
36 -69
36 -70
36 -70
36 -70
36 -70
36 -70
36 -70
36 -70
36 -70
36 -70
36 -71
36 -71
36 -71
36 -71
36 -70
36 -70
36 -70
36 -70
36 -70
36 -70
36 -70
36 -70
36 -70
36 -70
36 -70
36 -70
36 -70
36 -70
36 -70
36 -70
36 -70
36 -70
36 -70
36 -70
36 -70
36 -70
36 -70
36 -71
36 -70
36 -71
36 -71
36 -71
36 -71
36 -71
36 -71
36 -71
36 -71
36 -71
36 -72
36 -72
36 -71
36 -72
36 -72
36 -72
36 -67
36 -72
36 -64
36 -72
36 -72
36 -72
36 -72
36 -54
36 -72
36 -73
36 -73
36 -72
36 -72
36 -72
36 -73
36 -71
36 -72
36 -73
36 -73
36 -72
36 -72
36 -72
36 -72
36 -72
36 -72
36 -72
36 -72
36 -73
36 -72
36 -72
36 -72
36 -72
36 -73
36 -73
36 -67
36 -72
36 -73
36 -73
36 -72
36 -72
36 -73
36 -72
36 -73
36 -73
36 -73
36 -73
36 -72
36 -72
36 -72
36 -72
36 -72
36 -73
36 -73
36 -74
36 -73
36 -73
36 -73
36 -73
36 -73
36 -73
36 -73
36 -73
36 -73
36 -73
36 -72
36 -73
36 -73
36 -72
36 -72
36 -72
36 -73
36 -73
36 -71
36 -73
36 -74
36 -74
36 -74
36 -74
36 -75
36 -75
36 -75
36 -76
36 -76
36 -74
36 -75
36 -74
36 -72
36 -71
36 -70
36 -70
36 -70
36 -69
36 -69
36 -69
36 -69
36 -69
36 -69
36 -69
36 -70
36 -79
36 -80
36 -81
36 -79
36 -79
36 -79
36 -77
36 -78
36 -78
36 -78
36 -78
36 -76
36 -77
36 -78
36 -79
36 -80
36 -81
36 -80
36 -79
36 -79
36 -78
36 -78
36 -78
36 -79
36 -79
36 -78
36 -78
36 -78
36 -78
37 -71
37 -70
37 -70
37 -71
37 -71
37 -71
37 -71
37 -72
37 -72
37 -72
37 -73
37 -73
37 -72
37 -73
37 -74
37 -75
37 -76
37 -77
37 -78
37 -76
37 -76
37 -76
37 -72
37 -73
37 -73
37 -74
37 -73
37 -73
37 -76
37 -77
37 -76
37 -76
37 -75
37 -74
37 -73
37 -73
37 -73
37 -70
37 -72
37 -72
37 -72
37 -72
37 -72
37 -72
37 -72
37 -73
37 -73
37 -74
37 -75
37 -76
37 -76
37 -76
37 -79
37 -78
37 -78
37 -78
37 -78
37 -76
37 -76
37 -75
37 -75
37 -75
37 -75
37 -75
37 -74
37 -74
37 -73
37 -73
37 -73
37 -73
37 -73
37 -73
37 -73
37 -73
37 -73
37 -73
37 -74
37 -73
37 -73
37 -74
37 -73
37 -73
37 -73
37 -73
37 -74
37 -74
37 -74
37 -73
37 -73
37 -74
37 -74
37 -73
37 -73
37 -74
37 -74
37 -74
37 -70
37 -72
37 -73
37 -73
37 -73
37 -73
37 -68
37 -74
37 -73
37 -73
37 -73
37 -71
37 -72
37 -72
37 -72
37 -72
37 -72
37 -72
37 -72
37 -72
37 -73
37 -72
37 -72
37 -72
37 -72
37 -70
37 -72
37 -72
37 -72
37 -72
37 -68
37 -71
37 -71
37 -71
37 -71
37 -71
37 -70
37 -72
37 -71
37 -71
37 -71
37 -71
37 -71
37 -71
37 -71
37 -71
37 -71
37 -71
37 -71
37 -71
37 -72
37 -71
37 -71
37 -71
37 -71
37 -71
37 -71
37 -71
37 -71
37 -71
37 -71
37 -70
37 -71
37 -71
37 -70
37 -71
37 -71
37 -71
37 -71
37 -71
37 -71
37 -71
37 -71
37 -71
37 -71
37 -71
37 -70
37 -71
37 -71
37 -71
37 -71
37 -71
37 -71
37 -71
37 -71
37 -71
37 -71
37 -71
37 -71
37 -66
37 -71
37 -72
37 -72
37 -72
37 -70
37 -71
37 -72
37 -72
37 -72
37 -72
37 -72
37 -72
37 -72
37 -72
37 -69
37 -72
37 -72
37 -72
37 -72
37 -72
37 -72
37 -72
37 -72
37 -72
37 -72
37 -72
37 -72
37 -72
37 -72
37 -72
37 -72
37 -72
37 -72
37 -72
37 -72
37 -72
37 -72
37 -72
37 -72
37 -72
37 -72
37 -72
37 -72
37 -72
37 -72
37 -72
37 -72
37 -72
37 -71
37 -71
37 -71
37 -71
37 -72
37 -72
37 -73
37 -67
37 -75
37 -75
37 -73
37 -73
37 -72
37 -71
37 -72
37 -71
37 -70
37 -70
37 -70
37 -70
37 -70
37 -70
37 -70
37 -70
37 -70
37 -69
37 -70
37 -70
37 -69
37 -70
37 -69
37 -70
37 -70
37 -70
37 -70
37 -69
37 -70
37 -70
37 -70
37 -70
37 -70
37 -70
37 -70
37 -70
37 -70
37 -70
37 -69
37 -70
37 -70
37 -69
37 -70
37 -70
37 -70
37 -70
37 -70
37 -70
37 -69
37 -70
37 -70
37 -70
37 -70
37 -70
37 -70
37 -70
37 -70
37 -70
37 -70
37 -70
37 -70
38 -72
38 -72
38 -71
38 -71
38 -72
38 -72
38 -72
38 -72
38 -71
38 -71
38 -76
38 -76
38 -75
38 -78
38 -75
38 -76
38 -75
38 -76
38 -77
38 -76
38 -77
38 -75
38 -71
38 -71
38 -70
38 -70
38 -70
38 -70
38 -70
38 -70
38 -70
38 -70
38 -70
38 -70
38 -70
38 -70
38 -70
38 -70
38 -70
38 -70
38 -70
38 -70
38 -69
38 -70
38 -70
38 -70
38 -70
38 -70
38 -72
38 -72
38 -72
38 -72
38 -72
38 -72
38 -70
38 -71
38 -72
38 -72
38 -70
38 -70
38 -70
38 -70
38 -70
38 -70
38 -70
38 -70
38 -70
38 -70
38 -69
38 -70
38 -70
38 -70
38 -70
38 -71
38 -70
38 -70
38 -70
38 -70
38 -70
38 -69
38 -70
38 -70
38 -70
38 -70
38 -70
38 -70
38 -70
38 -70
38 -70
38 -70
38 -70
38 -69
38 -69
38 -70
38 -70
38 -70
38 -69
38 -70
38 -70
38 -70
38 -70
38 -70
38 -70
38 -69
38 -70
38 -69
38 -69
38 -70
38 -70
38 -70
38 -70
38 -70
38 -70
38 -70
38 -70
38 -69
38 -69
38 -68
38 -69
38 -68
38 -69
38 -69
38 -69
38 -69
38 -62
38 -69
38 -69
38 -69
38 -68
38 -69
38 -68
38 -69
38 -69
38 -69
38 -69
38 -68
38 -68
38 -68
38 -68
38 -69
38 -68
38 -68
38 -68
38 -68
38 -68
38 -68
38 -68
38 -68
38 -68
38 -68
38 -68
38 -68
38 -68
38 -68
38 -68
38 -68
38 -68
38 -68
38 -68
38 -68
38 -67
38 -68
38 -68
38 -68
38 -68
38 -68
38 -67
38 -54
38 -67
38 -68
38 -68
38 -76
38 -68
38 -66
38 -68
38 -68
38 -68
38 -69
38 -68
38 -68
38 -68
38 -68
38 -68
38 -66
38 -68
38 -68
38 -68
38 -68
38 -68
38 -68
38 -68
38 -68
38 -68
38 -68
38 -68
38 -68
38 -68
38 -68
38 -68
38 -68
38 -69
38 -69
38 -69
38 -69
38 -69
38 -69
38 -69
38 -69
38 -69
38 -69
38 -69
38 -66
38 -69
38 -69
38 -68
38 -69
38 -69
38 -69
38 -69
38 -69
38 -69
38 -69
38 -69
38 -69
38 -68
38 -68
38 -68
38 -69
38 -70
38 -70
38 -70
38 -70
38 -61
38 -69
38 -69
38 -69
38 -69
38 -69
38 -68
38 -69
38 -69
38 -69
38 -69
38 -70
38 -70
38 -70
38 -70
38 -70
38 -69
38 -68
38 -69
38 -68
38 -68
38 -68
38 -68
38 -68
38 -68
38 -68
38 -67
38 -67
38 -68
38 -67
38 -68
38 -67
38 -67
38 -68
38 -67
38 -67
38 -67
38 -67
38 -67
38 -67
38 -68
38 -68
38 -68
38 -68
38 -68
38 -68
38 -67
38 -67
38 -67
38 -67
38 -67
38 -67
38 -67
38 -67
38 -67
38 -67
38 -67
38 -67
38 -67
38 -67
38 -67
38 -67
38 -67
38 -67
38 -67
38 -67
38 -67
38 -67
38 -67
38 -67
38 -67
38 -66
38 -66
38 -67
