Beacon Rssi
1 -84
1 -84
1 -83
1 -83
1 -85
1 -84
1 -79
1 -86
1 -83
1 -85
1 -84
1 -84
1 -85
1 -84
2 -82
2 -81
2 -80
2 -80
2 -79
2 -84
2 -79
2 -80
2 -82
2 -78
2 -79
2 -82
2 -82
2 -82
2 -84
2 -84
2 -30
2 -85
2 -76
2 -83
2 -84
2 -82
2 -82
2 -85
2 -79
2 -79
3 -85
3 -79
3 -84
3 -81
3 -80
3 -78
3 -77
3 -78
3 -78
3 -79
3 -78
3 -80
3 -80
3 -79
3 -85
3 -82
3 -76
3 -76
3 -76
3 -64
3 -76
3 -76
3 -76
3 -75
3 -74
3 -76
3 -75
3 -72
3 -75
3 -75
3 -75
3 -74
3 -74
3 -75
3 -75
3 -77
3 -77
3 -77
3 -76
3 -78
3 -77
4 -83
4 -83
4 -81
4 -79
4 -82
4 -80
4 -80
4 -82
4 -84
4 -84
4 -83
4 -83
4 -83
4 -83
4 -83
5 -84
5 -86
5 -84
5 -84
5 -83
5 -83
5 -82
5 -83
5 -83
5 -84
5 -70
5 -83
5 -81
5 -83
6 -84
6 -83
6 -86
6 -83
6 -83
11 -87
11 -80
11 -78
11 -82
11 -83
11 -85
11 -84
11 -77
11 -80
11 -78
11 -76
11 -78
11 -79
11 -80
11 -79
11 -77
11 -82
11 -78
11 -78
11 -74
11 -75
11 -70
11 -78
11 -83
11 -81
11 -83
12 -81
12 -78
12 -85
12 -83
12 -83
12 -80
12 -85
13 -86
13 -83
13 -83
13 -84
13 -85
13 -84
13 -84
13 -83
13 -83
14 -78
14 -78
14 -78
14 -85
14 -84
14 -81
14 -80
14 -79
14 -79
14 -78
14 -76
14 -78
14 -77
14 -77
14 -76
14 -83
14 -78
14 -79
14 -76
14 -78
14 -77
14 -77
14 -79
14 -79
14 -82
14 -81
14 -76
14 -77
14 -79
14 -76
14 -74
14 -78
14 -78
14 -77
14 -78
14 -80
14 -80
15 -70
15 -70
15 -69
15 -66
15 -68
15 -73
15 -71
15 -71
15 -72
15 -72
15 -70
15 -76
15 -77
15 -74
15 -70
15 -66
15 -64
15 -65
15 -66
15 -65
15 -65
15 -64
15 -65
15 -64
15 -66
15 -64
15 -74
15 -78
15 -77
15 -78
15 -77
15 -77
15 -78
15 -79
15 -80
15 -67
15 -76
15 -76
15 -76
15 -78
15 -78
15 -76
15 -77
15 -68
15 -68
15 -70
15 -70
15 -69
16 -64
16 -64
16 -64
16 -65
16 -71
16 -67
16 -68
16 -67
16 -73
16 -65
16 -66
16 -66
16 -65
16 -62
16 -64
16 -66
16 -64
16 -64
16 -64
16 -64
16 -64
16 -64
16 -64
16 -64
16 -64
16 -64
16 -68
16 -66
16 -68
16 -68
16 -68
16 -66
16 -69
16 -67
16 -66
16 -67
16 -66
16 -66
16 -67
16 -66
16 -66
16 -67
16 -66
16 -64
16 -61
16 -63
16 -63
16 -30
16 -66
16 -70
16 -70
17 -85
17 -78
17 -79
17 -83
17 -83
17 -84
17 -84
17 -82
17 -84
17 -82
17 -81
17 -78
17 -76
17 -78
17 -79
17 -78
17 -76
17 -77
17 -54
17 -82
17 -82
17 -79
17 -76
17 -79
17 -82
17 -79
17 -78
17 -79
18 -87
18 -31
19 -83
19 -82
19 -83
19 -82
19 -81
19 -81
19 -82
19 -80
19 -77
19 -78
19 -78
19 -78
19 -78
19 -78
19 -78
19 -82
19 -78
19 -77
19 -78
19 -77
19 -77
19 -78
19 -77
19 -76
19 -78
19 -76
19 -76
19 -78
19 -78
19 -78
19 -78
19 -76
19 -78
19 -78
19 -79
20 -83
20 -83
20 -83
20 -83
20 -77
20 -79
20 -82
20 -81
20 -83
20 -82
20 -82
20 -82
20 -88
20 -85
20 -84
20 -85
20 -84
20 -83
20 -83
20 -84
21 -74
21 -73
21 -71
21 -64
21 -68
21 -67
21 -64
21 -64
21 -65
21 -64
21 -75
21 -72
21 -72
21 -70
21 -71
21 -64
21 -68
21 -68
21 -68
21 -69
21 -68
21 -67
21 -69
21 -70
21 -64
21 -71
21 -64
21 -66
21 -66
21 -68
21 -68
21 -69
21 -68
21 -69
21 -67
21 -69
21 -70
21 -67
21 -66
21 -69
21 -66
21 -70
21 -70
21 -70
21 -68
21 -66
21 -69
21 -66
21 -67
21 -68
21 -67
21 -66
21 -64
21 -64
22 -67
22 -68
22 -67
22 -66
22 -65
22 -64
22 -64
22 -64
22 -64
22 -64
22 -64
22 -66
22 -66
22 -66
22 -65
22 -64
22 -64
22 -65
22 -64
22 -64
22 -65
22 -64
22 -64
22 -64
22 -65
22 -62
22 -69
22 -68
22 -69
22 -66
22 -66
22 -67
22 -70
22 -69
22 -67
22 -72
22 -69
22 -67
22 -68
22 -67
22 -67
22 -68
22 -69
22 -68
22 -68
22 -68
22 -55
22 -69
22 -67
22 -68
22 -70
22 -69
23 -76
23 -75
23 -76
23 -82
23 -82
23 -78
23 -77
23 -78
23 -77
23 -84
23 -76
23 -76
23 -77
23 -76
23 -76
23 -76
23 -77
23 -76
23 -76
23 -77
23 -77
23 -76
23 -81
23 -79
23 -81
23 -83
23 -82
23 -83
23 -84
23 -82
23 -82
23 -81
23 -82
23 -83
23 -82
23 -81
23 -81
23 -82
24 -81
24 -79
24 -76
24 -82
24 -83
24 -79
24 -84
24 -86
24 -84
26 -83
27 -84
27 -86
27 -85
27 -84
27 -79
27 -85
27 -84
27 -85
27 -84
28 -80
28 -81
28 -81
28 -84
28 -83
28 -84
28 -84
28 -83
28 -84
29 -80
29 -79
29 -81
29 -79
29 -85
29 -85
29 -84
29 -79
29 -83
29 -81
29 -79
29 -81
29 -82
29 -81
29 -81
29 -82
29 -82
29 -80
29 -84
30 -83
30 -82
30 -84
30 -84
30 -82
30 -83
30 -83
30 -85
30 -85
30 -83
30 -84
30 -84
30 -84
32 -83
34 -80
34 -78
34 -79
34 -79
34 -80
34 -82
34 -76
34 -77
34 -77
34 -81
34 -81
34 -82
34 -55
34 -82
34 -83
34 -82
34 -83
34 -84
34 -83
34 -83
34 -84
34 -84
34 -82
34 -82
34 -83
34 -82
34 -79
35 -78
35 -77
35 -76
35 -74
35 -76
35 -77
35 -78
35 -78
35 -78
35 -79
35 -78
35 -81
35 -80
35 -78
35 -81
35 -79
35 -77
35 -77
35 -76
35 -78
35 -79
35 -77
35 -78
35 -77
35 -76
35 -81
35 -80
35 -81
35 -78
35 -78
35 -78
36 -76
36 -76
36 -78
36 -74
36 -75
36 -76
36 -76
36 -76
36 -76
36 -75
36 -79
36 -76
36 -75
36 -76
36 -76
36 -76
36 -76
36 -76
36 -76
36 -76
36 -76
36 -76
36 -75
36 -78
36 -77
36 -78
36 -78
36 -77
36 -76
36 -77
36 -78
36 -79
36 -77
36 -76
36 -78
36 -76
36 -66
36 -78
36 -78
36 -78
36 -80
36 -78
36 -77
36 -77
36 -76
36 -76
36 -76
36 -75
37 -86
37 -84
37 -86
37 -86
37 -87
37 -84
37 -84
38 -77
38 -77
38 -76
38 -78
38 -78
38 -76
38 -77
38 -77
38 -78
38 -79
38 -76
38 -76
38 -77
38 -77
38 -78
38 -77
38 -77
38 -78
38 -76
38 -78
38 -78
38 -76
38 -76
38 -76
38 -77
38 -76
38 -77
38 -76
38 -76
38 -77
38 -76
38 -76
38 -75
38 -64
38 -76
38 -76
38 -76
38 -76
38 -76
38 -78
38 -80
38 -79
38 -78
