Beacon Rssi
1 -82
1 -82
1 -82
1 -81
1 -81
1 -81
1 -83
1 -83
1 -78
1 -78
1 -78
1 -78
1 -78
1 -78
1 -77
1 -77
1 -81
1 -82
1 -79
1 -83
1 -83
1 -79
1 -80
1 -81
1 -80
1 -78
1 -78
1 -79
1 -82
1 -84
1 -83
1 -84
1 -83
1 -83
1 -83
1 -84
1 -83
1 -84
1 -84
1 -83
1 -83
1 -80
1 -83
1 -83
1 -80
1 -82
1 -66
1 -80
1 -80
1 -80
1 -80
1 -79
1 -80
1 -80
1 -80
1 -80
1 -80
1 -80
1 -78
1 -80
1 -80
1 -80
1 -81
1 -81
1 -82
1 -82
1 -79
1 -81
1 -81
1 -82
1 -82
1 -82
1 -80
1 -77
1 -82
1 -81
1 -81
1 -82
1 -81
1 -81
1 -81
1 -80
1 -79
1 -80
1 -80
1 -80
1 -79
1 -80
1 -80
1 -80
1 -82
1 -80
1 -79
1 -79
1 -80
1 -81
1 -80
1 -79
1 -80
1 -78
1 -77
1 -77
1 -78
1 -78
1 -78
1 -77
1 -76
1 -77
1 -79
1 -79
1 -80
1 -80
1 -81
1 -81
1 -80
1 -81
1 -81
1 -83
1 -82
1 -82
1 -83
1 -83
1 -84
1 -81
1 -83
1 -83
1 -83
1 -83
1 -82
1 -81
1 -83
1 -82
1 -80
1 -82
1 -82
1 -82
1 -82
1 -82
1 -82
1 -81
1 -84
1 -72
1 -81
1 -81
1 -81
1 -81
1 -81
1 -80
1 -81
1 -81
1 -80
1 -82
1 -83
1 -84
1 -84
1 -84
1 -84
1 -69
1 -83
1 -82
1 -82
1 -81
1 -81
1 -81
1 -82
1 -81
1 -81
1 -82
1 -82
1 -82
1 -82
1 -82
1 -82
1 -82
1 -82
1 -82
1 -83
1 -83
1 -84
1 -83
1 -84
1 -84
1 -84
1 -74
1 -82
1 -67
1 -80
1 -81
1 -77
1 -81
1 -80
1 -80
1 -81
1 -72
1 -81
1 -81
1 -82
1 -83
1 -81
1 -83
1 -82
1 -82
1 -82
1 -82
1 -83
1 -83
1 -84
1 -70
1 -80
1 -83
1 -84
1 -84
1 -83
1 -83
1 -83
1 -83
1 -84
1 -84
1 -83
1 -83
1 -84
1 -82
1 -72
1 -83
1 -83
1 -83
1 -83
1 -82
1 -82
1 -83
1 -84
1 -84
1 -83
1 -84
1 -84
1 -76
1 -85
1 -84
1 -84
1 -85
1 -84
1 -82
1 -83
1 -82
1 -82
1 -81
1 -83
1 -84
1 -84
1 -83
1 -76
1 -84
1 -83
1 -83
1 -83
1 -83
1 -83
1 -82
1 -84
1 -84
1 -83
2 -84
2 -85
2 -84
2 -84
2 -82
2 -82
2 -83
2 -84
2 -82
2 -81
2 -79
2 -80
2 -80
2 -80
2 -82
2 -82
2 -85
2 -86
2 -85
2 -87
2 -84
2 -84
2 -81
2 -81
2 -81
2 -81
2 -80
2 -81
2 -81
2 -81
2 -82
2 -83
2 -83
2 -88
2 -85
2 -84
2 -82
2 -81
2 -82
2 -82
2 -83
2 -82
2 -81
2 -81
2 -81
2 -81
2 -78
2 -81
2 -82
2 -82
2 -82
2 -82
2 -40
2 -82
2 -82
2 -82
2 -81
2 -81
2 -81
2 -81
2 -81
2 -82
2 -81
2 -80
2 -80
2 -79
2 -80
2 -81
2 -80
2 -80
2 -80
2 -81
2 -81
2 -81
2 -81
2 -81
2 -68
2 -69
2 -60
2 -81
2 -82
2 -82
2 -83
2 -83
2 -83
2 -82
2 -81
2 -81
2 -83
2 -83
2 -82
2 -82
2 -82
2 -82
2 -82
2 -81
2 -81
2 -81
2 -81
2 -80
2 -81
2 -63
2 -79
2 -81
2 -80
2 -82
2 -81
2 -82
2 -82
2 -83
2 -83
2 -83
2 -83
2 -84
2 -83
2 -83
2 -83
2 -83
2 -70
2 -82
2 -82
2 -82
2 -82
2 -83
2 -82
2 -82
2 -82
2 -82
2 -82
2 -82
2 -82
2 -83
2 -82
2 -82
2 -82
2 -82
2 -82
2 -81
2 -82
2 -81
2 -81
2 -82
2 -82
2 -81
2 -82
2 -82
2 -82
2 -82
2 -82
2 -82
2 -83
2 -82
2 -82
2 -66
2 -81
2 -81
2 -81
2 -82
2 -82
2 -82
2 -82
2 -81
2 -82
2 -82
2 -82
2 -82
2 -73
2 -82
2 -83
2 -82
2 -83
2 -82
2 -81
2 -83
2 -82
2 -82
2 -83
2 -82
2 -83
2 -80
2 -82
3 -77
3 -76
3 -77
3 -77
3 -77
3 -77
3 -78
3 -77
3 -77
3 -78
3 -78
3 -78
3 -78
3 -78
3 -78
3 -77
3 -78
3 -78
3 -76
3 -77
3 -77
3 -78
3 -81
3 -78
3 -73
3 -82
3 -80
3 -80
3 -82
3 -84
3 -86
3 -84
3 -81
3 -80
3 -78
3 -80
3 -82
3 -82
3 -81
3 -79
3 -80
3 -80
3 -79
3 -79
3 -78
3 -79
3 -77
3 -79
3 -79
3 -79
3 -78
3 -79
3 -78
3 -79
3 -78
3 -78
3 -78
3 -78
3 -78
3 -80
3 -80
3 -79
3 -80
3 -80
3 -80
3 -80
3 -80
3 -81
3 -80
3 -80
3 -81
3 -80
3 -81
3 -80
3 -79
3 -79
3 -82
3 -82
3 -84
3 -84
3 -85
3 -83
3 -83
3 -81
3 -81
3 -81
3 -81
3 -81
3 -81
3 -80
3 -79
3 -80
3 -80
3 -80
3 -80
3 -80
3 -80
3 -80
3 -79
3 -80
3 -80
3 -80
3 -80
3 -80
3 -81
3 -81
3 -81
3 -82
3 -79
3 -78
3 -80
3 -86
3 -82
3 -84
3 -81
3 -82
3 -83
3 -83
3 -83
3 -83
3 -83
3 -84
3 -84
3 -85
3 -84
3 -81
3 -83
3 -84
3 -84
3 -84
3 -84
3 -80
3 -83
3 -83
3 -83
3 -83
3 -81
3 -83
3 -83
3 -82
3 -84
3 -84
3 -74
3 -84
3 -85
3 -84
3 -84
3 -83
3 -84
3 -83
3 -83
3 -84
3 -83
3 -83
3 -84
3 -84
3 -84
3 -85
3 -76
3 -86
3 -87
3 -87
3 -85
3 -84
3 -83
3 -85
3 -83
3 -84
3 -84
3 -84
3 -84
3 -85
3 -86
3 -87
3 -87
3 -86
3 -85
3 -86
3 -86
3 -86
3 -87
3 -87
3 -87
3 -85
3 -85
3 -84
3 -85
3 -85
3 -84
3 -84
3 -84
3 -84
3 -86
3 -85
4 -84
4 -84
4 -84
4 -87
4 -86
4 -85
4 -82
4 -85
4 -81
4 -87
4 -86
4 -84
4 -86
4 -85
4 -87
4 -87
4 -85
4 -85
4 -85
4 -86
4 -86
4 -87
4 -86
4 -84
4 -86
4 -87
4 -86
4 -86
4 -86
4 -86
4 -84
4 -86
4 -87
4 -85
4 -87
4 -87
4 -86
4 -86
4 -85
4 -85
4 -86
5 -89
5 -89
5 -88
6 -89
10 -85
10 -86
13 -84
13 -83
13 -81
13 -83
13 -85
13 -83
13 -83
13 -82
13 -81
13 -87
13 -85
13 -83
13 -81
13 -81
13 -81
13 -85
13 -84
13 -76
13 -81
13 -81
13 -81
13 -81
13 -81
13 -72
13 -82
13 -82
13 -82
13 -71
13 -83
13 -84
13 -83
13 -84
13 -84
13 -83
13 -84
13 -84
13 -84
13 -84
13 -84
13 -84
13 -82
13 -84
13 -83
13 -66
13 -81
13 -82
13 -83
13 -83
13 -83
13 -83
13 -83
13 -82
13 -83
13 -82
13 -82
13 -83
13 -84
13 -84
13 -85
13 -82
13 -81
13 -81
13 -79
13 -80
13 -81
13 -80
13 -81
13 -81
13 -81
13 -82
13 -82
13 -82
13 -81
13 -81
13 -81
13 -81
13 -81
13 -81
13 -81
13 -81
13 -81
13 -80
13 -82
13 -82
13 -81
13 -80
13 -83
13 -82
13 -57
13 -83
13 -82
13 -82
13 -81
13 -80
13 -81
13 -82
13 -82
13 -58
13 -82
13 -81
13 -81
13 -82
13 -83
13 -82
13 -82
13 -60
13 -81
13 -81
13 -81
13 -81
13 -72
13 -80
13 -81
13 -81
13 -79
13 -81
13 -82
13 -81
13 -82
13 -81
13 -81
13 -82
13 -81
13 -81
13 -82
13 -82
13 -82
13 -82
13 -81
13 -82
13 -82
13 -82
13 -82
13 -82
13 -81
13 -82
13 -81
13 -81
13 -81
13 -82
13 -81
13 -81
13 -81
13 -82
13 -81
13 -81
13 -81
13 -81
13 -82
13 -81
13 -81
13 -81
13 -81
13 -81
13 -81
13 -81
13 -81
13 -81
13 -81
13 -81
13 -81
13 -81
13 -81
13 -80
13 -81
13 -81
13 -82
13 -82
13 -82
13 -82
13 -81
13 -81
13 -81
13 -80
13 -81
13 -81
13 -82
13 -82
13 -82
13 -76
13 -81
13 -81
13 -82
13 -82
13 -82
13 -81
13 -82
13 -82
13 -81
13 -80
13 -81
13 -81
13 -81
13 -81
13 -81
13 -81
13 -80
13 -81
13 -81
13 -81
13 -81
13 -81
13 -82
13 -81
13 -82
13 -81
13 -81
13 -81
13 -81
13 -81
13 -81
13 -82
13 -81
13 -81
13 -82
13 -81
13 -82
13 -83
13 -82
13 -82
13 -82
13 -82
13 -82
13 -82
13 -82
13 -82
13 -83
13 -82
13 -82
13 -82
13 -82
13 -82
13 -83
13 -83
13 -83
13 -83
14 -86
14 -84
14 -83
14 -84
14 -83
14 -81
14 -82
14 -85
14 -85
14 -80
14 -82
14 -83
14 -84
14 -84
15 -88
15 -86
15 -88
15 -86
15 -83
15 -82
15 -82
15 -83
15 -84
15 -86
15 -84
15 -84
15 -85
15 -84
15 -85
15 -85
15 -85
15 -85
15 -86
15 -79
15 -87
16 -84
16 -86
16 -84
16 -84
16 -83
16 -84
16 -83
16 -84
16 -70
18 -82
18 -82
18 -80
18 -82
18 -83
18 -82
18 -83
18 -82
18 -83
18 -84
18 -84
18 -85
18 -84
18 -82
18 -83
18 -84
18 -78
18 -83
18 -83
18 -83
18 -84
18 -84
18 -85
18 -86
18 -84
18 -84
18 -82
18 -85
18 -84
18 -85
18 -84
18 -85
18 -84
18 -85
18 -85
18 -84
18 -86
18 -86
18 -85
18 -84
18 -82
18 -82
18 -84
18 -84
18 -84
18 -83
18 -83
18 -84
18 -85
18 -84
18 -84
18 -83
18 -83
18 -84
18 -83
18 -83
18 -84
18 -84
18 -83
18 -85
18 -85
18 -84
18 -84
18 -84
18 -84
18 -84
18 -84
18 -84
18 -83
18 -84
18 -85
18 -86
18 -84
18 -83
18 -84
18 -85
18 -86
18 -84
18 -85
18 -84
18 -84
18 -84
18 -84
18 -84
18 -83
18 -85
18 -85
18 -84
18 -86
18 -87
18 -85
18 -71
18 -86
18 -86
18 -86
18 -85
18 -86
18 -85
18 -85
18 -85
18 -86
18 -85
18 -82
18 -72
18 -85
18 -84
18 -87
25 -79
25 -78
25 -80
25 -80
25 -80
25 -81
25 -79
25 -80
25 -79
25 -78
25 -80
25 -83
25 -83
25 -82
25 -82
25 -81
25 -82
25 -81
25 -79
25 -85
25 -83
25 -79
25 -78
25 -78
25 -76
25 -76
25 -76
25 -76
25 -76
25 -75
25 -75
25 -74
25 -74
25 -74
25 -73
25 -74
25 -76
25 -75
25 -76
25 -76
25 -73
25 -76
25 -84
25 -75
25 -81
25 -78
25 -76
25 -76
25 -77
25 -77
25 -77
25 -78
25 -77
25 -78
25 -76
25 -78
25 -77
25 -77
25 -76
25 -78
25 -78
25 -73
25 -77
25 -78
25 -79
25 -78
25 -78
25 -77
25 -76
25 -76
25 -76
25 -76
25 -76
25 -75
25 -74
25 -76
25 -77
25 -75
25 -74
25 -73
25 -74
25 -74
25 -75
25 -75
25 -76
25 -77
25 -78
25 -78
25 -78
25 -78
25 -78
25 -77
25 -77
25 -76
25 -76
25 -77
25 -77
25 -76
25 -77
25 -77
25 -76
25 -77
25 -78
25 -77
25 -78
25 -78
25 -78
25 -78
25 -78
25 -77
25 -77
25 -78
25 -78
25 -78
25 -66
25 -78
25 -78
25 -72
25 -78
25 -78
25 -78
25 -79
25 -38
25 -79
25 -78
25 -79
25 -78
25 -78
25 -69
25 -78
25 -79
25 -77
25 -79
25 -80
25 -81
25 -78
25 -70
25 -73
25 -78
25 -83
25 -81
25 -80
25 -82
25 -84
25 -72
25 -75
25 -77
25 -77
25 -78
25 -79
25 -64
25 -78
25 -77
25 -78
25 -77
25 -78
25 -78
25 -78
25 -77
25 -78
25 -78
25 -78
25 -78
25 -77
25 -79
25 -79
25 -79
25 -78
25 -77
25 -76
25 -77
25 -77
25 -77
25 -76
25 -76
25 -76
25 -76
25 -77
25 -78
25 -78
25 -77
25 -78
25 -78
25 -78
25 -79
25 -80
25 -81
25 -79
25 -78
25 -79
25 -81
25 -82
25 -81
25 -82
25 -82
25 -81
25 -81
25 -82
25 -81
25 -81
25 -80
25 -80
25 -80
25 -80
25 -80
25 -79
25 -80
25 -80
25 -80
25 -80
25 -79
25 -78
25 -79
25 -79
25 -78
25 -78
25 -78
25 -79
25 -79
25 -79
25 -78
25 -79
25 -79
25 -79
25 -78
25 -78
25 -78
25 -78
25 -78
25 -79
25 -79
25 -79
25 -78
25 -78
25 -65
25 -78
25 -78
25 -78
25 -78
25 -78
25 -77
25 -79
25 -73
25 -78
25 -77
25 -77
25 -77
25 -78
25 -78
25 -78
25 -77
25 -78
25 -78
25 -77
25 -77
25 -78
25 -78
25 -78
25 -78
25 -78
25 -78
25 -78
25 -71
25 -78
25 -78
25 -78
25 -78
25 -78
25 -78
25 -72
25 -78
25 -78
25 -77
25 -78
25 -78
25 -78
25 -78
25 -78
25 -78
25 -78
25 -78
25 -78
25 -78
25 -78
25 -78
25 -78
25 -78
25 -78
25 -78
25 -78
25 -77
25 -76
25 -78
25 -78
25 -78
25 -78
25 -78
25 -78
25 -78
25 -78
25 -77
25 -78
25 -77
25 -77
25 -78
25 -78
25 -78
25 -78
25 -78
25 -78
25 -78
25 -78
25 -79
25 -78
25 -78
25 -78
25 -78
25 -78
25 -78
25 -78
25 -78
25 -78
25 -78
25 -78
25 -78
25 -78
25 -79
25 -78
25 -78
25 -78
25 -78
25 -78
25 -78
25 -78
25 -78
25 -78
25 -78
25 -78
25 -78
25 -78
25 -76
25 -77
25 -78
25 -75
25 -78
25 -78
25 -78
25 -77
25 -78
25 -78
25 -78
25 -78
25 -78
25 -78
25 -78
25 -78
25 -78
25 -78
25 -78
25 -78
25 -77
25 -78
25 -78
25 -77
25 -78
25 -78
25 -78
25 -78
25 -78
25 -78
25 -78
26 -56
26 -56
26 -56
26 -57
26 -57
26 -56
26 -57
26 -57
26 -57
26 -57
26 -57
26 -57
26 -56
26 -57
26 -57
26 -57
26 -57
26 -57
26 -57
26 -57
26 -57
26 -57
26 -56
26 -56
26 -56
26 -56
26 -56
26 -54
26 -57
26 -55
26 -53
26 -55
26 -55
26 -55
26 -55
26 -56
26 -56
26 -56
26 -56
26 -56
26 -55
26 -55
26 -55
26 -55
26 -54
26 -54
26 -54
26 -54
26 -54
26 -54
26 -54
26 -54
26 -54
26 -55
26 -56
26 -56
26 -56
26 -55
26 -54
26 -55
26 -54
26 -54
26 -54
26 -54
26 -54
26 -54
26 -55
26 -57
26 -58
26 -58
26 -58
26 -58
26 -58
26 -58
26 -58
26 -58
26 -58
26 -58
26 -59
26 -58
26 -58
26 -59
26 -58
26 -59
26 -59
26 -59
26 -59
26 -58
26 -59
26 -59
26 -59
26 -59
26 -59
26 -60
26 -59
26 -59
26 -59
26 -59
26 -59
26 -58
26 -58
26 -58
26 -58
26 -58
26 -58
26 -58
26 -59
26 -60
26 -61
26 -63
26 -63
26 -62
26 -61
26 -60
26 -58
26 -58
26 -58
26 -58
26 -58
26 -58
26 -58
26 -58
26 -58
26 -58
26 -58
26 -58
26 -58
26 -58
26 -58
26 -58
26 -58
26 -58
26 -58
26 -58
26 -58
26 -58
26 -59
26 -59
26 -59
26 -59
26 -60
26 -60
26 -60
26 -60
26 -59
26 -60
26 -60
26 -60
26 -60
26 -60
26 -60
26 -60
26 -59
26 -60
26 -60
26 -60
26 -59
26 -60
26 -59
26 -59
26 -59
26 -59
26 -59
26 -59
26 -59
26 -59
26 -58
26 -58
26 -58
26 -58
26 -58
26 -58
26 -58
26 -58
26 -58
26 -58
26 -58
26 -58
26 -58
26 -59
26 -59
26 -58
26 -58
26 -58
26 -58
26 -58
26 -57
26 -57
26 -56
26 -55
26 -54
26 -54
26 -54
26 -54
26 -54
26 -54
26 -54
26 -54
26 -54
26 -53
26 -54
26 -54
26 -54
26 -53
26 -54
26 -54
26 -54
26 -55
26 -56
26 -56
26 -56
26 -56
26 -56
26 -56
26 -56
26 -56
26 -57
26 -56
26 -56
26 -56
26 -56
26 -56
26 -56
26 -56
26 -56
26 -56
26 -56
26 -56
26 -56
26 -56
26 -56
26 -56
26 -56
26 -56
26 -56
26 -56
26 -56
26 -57
26 -56
26 -56
26 -56
26 -56
26 -56
26 -56
26 -56
26 -56
26 -56
26 -56
26 -57
26 -56
26 -57
26 -56
26 -57
26 -57
26 -57
26 -57
26 -57
26 -57
26 -57
26 -57
26 -57
26 -58
26 -57
26 -58
26 -58
26 -57
26 -57
26 -57
26 -58
26 -57
26 -57
26 -57
26 -57
26 -58
26 -57
26 -58
26 -58
26 -58
26 -58
26 -57
26 -57
26 -57
26 -57
26 -57
26 -57
26 -57
26 -57
26 -57
26 -57
26 -57
26 -57
26 -57
26 -57
26 -57
26 -57
26 -57
26 -57
26 -57
26 -57
26 -57
26 -57
26 -57
26 -57
26 -57
26 -57
26 -57
26 -57
26 -57
26 -57
26 -57
26 -57
26 -57
26 -57
26 -57
26 -57
26 -57
26 -57
26 -57
26 -57
26 -57
26 -57
26 -57
26 -57
26 -57
26 -57
26 -57
26 -57
26 -57
26 -57
26 -57
26 -57
26 -57
26 -57
26 -57
26 -57
26 -57
26 -57
26 -57
26 -57
26 -57
26 -57
26 -57
26 -57
26 -57
26 -57
26 -57
26 -57
26 -57
26 -57
26 -57
26 -57
26 -57
26 -57
26 -57
26 -57
26 -57
26 -57
26 -57
26 -57
26 -57
26 -57
26 -57
26 -57
26 -57
26 -57
26 -57
26 -57
26 -57
26 -57
26 -57
26 -57
26 -57
26 -57
26 -57
26 -57
26 -57
26 -57
26 -57
26 -57
26 -57
26 -57
26 -57
26 -57
26 -57
26 -57
26 -57
26 -57
26 -57
26 -57
26 -57
26 -57
26 -57
26 -57
26 -57
26 -57
26 -57
26 -57
26 -57
26 -57
26 -57
26 -57
26 -57
26 -57
26 -58
26 -57
26 -58
26 -57
26 -57
26 -58
26 -57
26 -57
26 -57
26 -57
26 -57
26 -57
26 -57
26 -57
26 -57
26 -58
26 -58
26 -57
26 -57
26 -58
26 -57
26 -57
26 -57
26 -57
26 -57
26 -57
26 -57
26 -57
26 -57
26 -57
26 -57
26 -57
26 -57
26 -57
26 -57
26 -57
26 -57
26 -57
26 -57
26 -57
26 -57
26 -57
26 -57
26 -57
26 -57
26 -57
26 -57
26 -57
26 -57
26 -56
26 -57
26 -57
26 -57
26 -57
26 -57
26 -57
26 -57
26 -57
26 -57
26 -57
26 -57
26 -57
26 -57
26 -57
26 -57
26 -57
26 -57
26 -57
26 -57
26 -57
26 -57
26 -57
26 -57
26 -57
26 -57
26 -56
26 -57
26 -57
26 -57
26 -58
26 -57
26 -57
26 -58
26 -58
26 -58
26 -58
26 -58
26 -58
26 -58
26 -58
26 -58
26 -58
26 -58
26 -58
26 -58
26 -63
26 -58
26 -58
26 -58
26 -58
26 -58
26 -58
26 -58
26 -58
26 -58
26 -58
26 -58
26 -58
26 -58
26 -58
26 -58
26 -58
26 -58
26 -58
26 -58
26 -58
26 -58
26 -58
26 -64
26 -58
26 -58
27 -77
27 -78
27 -79
27 -78
27 -79
27 -78
27 -78
27 -77
27 -79
27 -82
27 -83
27 -77
27 -61
27 -74
27 -68
27 -65
27 -66
27 -70
27 -64
27 -64
27 -64
27 -64
27 -65
27 -66
27 -69
27 -68
27 -66
27 -66
27 -66
27 -66
27 -66
27 -67
27 -68
27 -68
27 -69
27 -69
27 -70
27 -69
27 -72
27 -76
27 -70
27 -66
27 -65
27 -64
27 -64
27 -67
27 -78
27 -79
27 -82
27 -65
27 -64
27 -64
27 -66
27 -68
27 -69
27 -71
27 -72
27 -73
27 -74
27 -76
27 -77
27 -78
27 -78
27 -78
27 -76
27 -76
27 -76
27 -76
27 -76
27 -76
27 -76
27 -74
27 -73
27 -73
27 -72
27 -71
27 -70
27 -69
27 -70
27 -70
27 -70
27 -70
27 -70
27 -70
27 -70
27 -70
27 -70
27 -70
27 -69
27 -69
27 -67
27 -69
27 -70
27 -70
27 -69
27 -68
27 -66
27 -66
27 -64
27 -66
27 -65
27 -65
27 -65
27 -65
27 -65
27 -66
27 -64
27 -66
27 -66
27 -66
27 -66
27 -66
27 -66
27 -66
27 -66
27 -66
27 -66
27 -66
27 -66
27 -66
27 -66
27 -66
27 -67
27 -68
27 -68
27 -68
27 -69
27 -69
27 -69
27 -69
27 -68
27 -68
27 -68
27 -67
27 -67
27 -67
27 -67
27 -68
27 -68
27 -68
27 -68
27 -69
27 -69
27 -70
27 -70
27 -70
27 -69
27 -68
27 -68
27 -67
27 -67
27 -67
27 -67
27 -67
27 -68
27 -68
27 -68
27 -69
27 -67
27 -67
27 -68
27 -69
27 -70
27 -72
27 -70
27 -66
27 -64
27 -64
27 -68
27 -78
27 -70
27 -70
27 -67
27 -66
27 -65
27 -64
27 -69
27 -71
27 -76
27 -70
27 -64
27 -65
27 -64
27 -65
27 -66
27 -66
27 -66
27 -66
27 -66
27 -65
27 -66
27 -65
27 -66
27 -66
27 -66
27 -66
27 -65
27 -65
27 -65
27 -64
27 -64
27 -64
27 -64
27 -64
27 -64
27 -65
27 -65
27 -65
27 -65
27 -65
27 -66
27 -65
27 -65
27 -65
27 -65
27 -65
27 -65
27 -66
27 -66
27 -66
27 -66
27 -66
27 -66
27 -66
27 -65
27 -66
27 -66
27 -66
27 -66
27 -67
27 -66
27 -66
27 -66
27 -59
27 -66
27 -66
27 -67
27 -66
27 -66
27 -67
27 -67
27 -67
27 -67
27 -66
27 -67
27 -66
27 -66
27 -66
27 -66
27 -66
27 -66
27 -66
27 -66
27 -66
27 -66
27 -66
27 -66
27 -66
27 -66
27 -66
27 -66
27 -66
27 -66
27 -66
27 -66
27 -66
27 -66
27 -66
27 -66
27 -66
27 -66
27 -66
27 -66
27 -66
27 -66
27 -66
27 -66
27 -66
27 -66
27 -66
27 -66
27 -66
27 -66
27 -66
27 -66
27 -66
27 -65
27 -66
27 -66
27 -66
27 -66
27 -66
27 -66
27 -66
27 -66
27 -66
27 -66
27 -66
27 -66
27 -66
27 -66
27 -66
27 -66
27 -66
27 -66
27 -64
27 -66
27 -66
27 -63
27 -66
27 -66
27 -66
27 -66
27 -66
27 -66
27 -66
27 -66
27 -66
27 -66
27 -66
27 -65
27 -66
27 -66
27 -66
27 -66
27 -66
27 -66
27 -66
27 -66
27 -66
27 -66
27 -66
27 -66
27 -66
27 -66
27 -66
27 -66
27 -66
27 -66
27 -66
27 -66
27 -66
27 -66
27 -66
27 -66
27 -66
27 -66
27 -66
27 -66
27 -66
27 -66
27 -65
27 -66
27 -66
27 -66
27 -66
27 -66
27 -66
27 -66
27 -66
27 -66
27 -66
27 -65
27 -66
27 -65
27 -66
27 -65
27 -66
27 -66
27 -66
27 -66
27 -66
27 -66
27 -66
27 -65
27 -66
27 -70
27 -66
27 -66
27 -66
27 -66
27 -66
27 -66
27 -66
27 -66
27 -66
27 -66
27 -66
27 -66
27 -66
27 -66
27 -66
27 -66
27 -66
27 -31
27 -66
27 -66
27 -66
27 -66
27 -66
27 -66
27 -66
27 -65
27 -66
27 -66
27 -66
27 -65
27 -66
27 -66
27 -66
27 -66
27 -65
27 -65
27 -66
27 -66
27 -64
27 -66
27 -66
27 -66
27 -66
27 -66
27 -66
27 -66
27 -66
27 -66
27 -66
27 -66
27 -66
27 -62
27 -66
27 -66
27 -66
27 -66
27 -66
27 -66
27 -66
27 -66
27 -66
27 -66
27 -66
27 -66
27 -66
27 -66
27 -66
27 -66
27 -67
27 -67
27 -67
27 -68
27 -67
27 -68
27 -68
27 -67
27 -68
27 -67
27 -67
27 -67
27 -67
27 -67
27 -67
27 -67
27 -67
27 -67
27 -67
27 -67
27 -67
27 -67
27 -67
27 -66
27 -67
27 -67
27 -67
27 -68
27 -67
27 -30
27 -69
27 -67
27 -67
27 -67
27 -67
27 -67
27 -67
27 -67
27 -67
28 -68
28 -68
28 -68
28 -68
28 -66
28 -66
28 -66
28 -66
28 -66
28 -66
28 -66
28 -67
28 -67
28 -67
28 -67
28 -68
28 -68
28 -69
28 -69
28 -69
28 -69
28 -68
28 -67
28 -66
28 -66
28 -66
28 -69
28 -67
28 -65
28 -64
28 -75
28 -67
28 -66
28 -66
28 -66
28 -67
28 -68
28 -69
28 -69
28 -69
28 -73
28 -75
28 -76
28 -78
28 -81
28 -83
28 -68
28 -79
28 -76
28 -75
28 -73
28 -72
28 -70
28 -67
28 -66
28 -66
28 -67
28 -75
28 -84
28 -84
28 -78
28 -75
28 -75
28 -76
28 -71
28 -66
28 -66
28 -66
28 -66
28 -66
28 -67
28 -67
28 -68
28 -68
28 -68
28 -68
28 -68
28 -68
28 -68
28 -69
28 -69
28 -69
28 -69
28 -70
28 -70
28 -70
28 -70
28 -70
28 -70
28 -70
28 -70
28 -70
28 -70
28 -70
28 -70
28 -70
28 -70
28 -69
28 -69
28 -69
28 -68
28 -67
28 -67
28 -68
28 -68
28 -68
28 -69
28 -69
28 -70
28 -70
28 -70
28 -70
28 -70
28 -70
28 -69
28 -69
28 -69
28 -69
28 -69
28 -70
28 -70
28 -70
28 -70
28 -70
28 -69
28 -69
28 -69
28 -69
28 -69
28 -69
28 -69
28 -68
28 -68
28 -68
28 -68
28 -68
28 -68
28 -68
28 -68
28 -68
28 -67
28 -67
28 -67
28 -67
28 -67
28 -68
28 -68
28 -68
28 -67
28 -68
28 -68
28 -64
28 -68
28 -68
28 -68
28 -67
28 -67
28 -68
28 -68
28 -68
28 -68
28 -68
28 -67
28 -67
28 -67
28 -67
28 -67
28 -67
28 -67
28 -68
28 -68
28 -68
28 -68
28 -68
28 -68
28 -69
28 -68
28 -67
28 -66
28 -65
28 -64
28 -64
28 -67
28 -72
28 -82
28 -79
28 -72
28 -70
28 -69
28 -69
28 -70
28 -70
28 -72
28 -70
28 -69
28 -68
28 -70
28 -79
28 -70
28 -67
28 -67
28 -66
28 -67
28 -67
28 -67
28 -68
28 -68
28 -68
28 -68
28 -68
28 -69
28 -68
28 -68
28 -68
28 -69
28 -69
28 -69
28 -70
28 -70
28 -70
28 -69
28 -69
28 -69
28 -69
28 -69
28 -69
28 -67
28 -69
28 -69
28 -69
28 -69
28 -69
28 -69
28 -69
28 -68
28 -68
28 -68
28 -67
28 -67
28 -67
28 -67
28 -67
28 -68
28 -68
28 -68
28 -68
28 -69
28 -69
28 -68
28 -68
28 -68
28 -68
28 -68
28 -69
28 -69
28 -69
28 -69
28 -69
28 -69
28 -70
28 -44
28 -70
28 -70
28 -70
28 -70
28 -70
28 -70
28 -70
28 -70
28 -70
28 -70
28 -70
28 -71
28 -70
28 -71
28 -70
28 -64
28 -70
28 -70
28 -70
28 -70
28 -69
28 -70
28 -70
28 -69
28 -70
28 -69
28 -69
28 -69
28 -68
28 -68
28 -68
28 -68
28 -68
28 -69
28 -68
28 -68
28 -68
28 -69
28 -69
28 -69
28 -69
28 -69
28 -69
28 -69
28 -69
28 -69
28 -69
28 -69
28 -69
28 -69
28 -69
28 -69
28 -70
28 -66
28 -69
28 -70
28 -69
28 -70
28 -70
28 -70
28 -70
28 -70
28 -53
28 -70
28 -70
28 -69
28 -69
28 -69
28 -69
28 -68
28 -66
28 -69
28 -69
28 -69
28 -69
28 -68
28 -68
28 -68
28 -68
28 -68
28 -68
28 -68
28 -68
28 -68
28 -68
28 -68
28 -68
28 -68
28 -68
28 -68
28 -69
28 -69
28 -69
28 -69
28 -69
28 -69
28 -70
28 -69
28 -69
28 -69
28 -69
28 -69
28 -68
28 -69
28 -68
28 -68
28 -69
28 -69
28 -69
28 -69
28 -69
28 -69
28 -69
28 -69
28 -69
28 -70
28 -70
28 -70
28 -70
28 -70
28 -69
28 -70
28 -70
28 -70
28 -70
28 -70
28 -70
28 -70
28 -70
28 -70
28 -70
28 -70
28 -69
28 -69
28 -70
28 -69
28 -70
28 -70
28 -70
28 -70
28 -70
28 -70
28 -69
28 -70
28 -70
28 -69
28 -69
28 -69
28 -69
28 -69
28 -69
28 -69
28 -69
28 -69
28 -69
28 -69
28 -69
28 -69
28 -69
28 -69
28 -70
28 -69
28 -69
28 -70
28 -70
28 -70
28 -70
28 -70
28 -70
28 -70
28 -70
28 -70
28 -70
28 -70
28 -70
28 -69
28 -70
28 -70
28 -70
28 -70
28 -70
28 -70
28 -70
28 -69
28 -70
28 -70
28 -70
28 -69
28 -69
28 -69
28 -69
28 -69
28 -69
28 -69
28 -69
28 -69
28 -69
28 -69
28 -69
28 -70
28 -70
28 -70
28 -70
28 -70
28 -70
28 -69
28 -69
28 -69
28 -69
28 -69
28 -69
28 -69
28 -70
28 -70
28 -70
28 -70
28 -70
28 -70
28 -70
28 -70
28 -70
28 -69
28 -70
28 -70
28 -70
28 -70
28 -70
28 -70
28 -70
28 -70
28 -70
28 -70
28 -70
28 -70
28 -70
28 -70
28 -70
28 -70
28 -70
28 -70
28 -70
28 -70
28 -69
29 -71
29 -72
29 -72
29 -72
29 -72
29 -72
29 -72
29 -72
29 -71
29 -71
29 -71
29 -71
29 -70
29 -70
29 -70
29 -70
29 -70
29 -71
29 -71
29 -71
29 -71
29 -72
29 -72
29 -71
29 -71
29 -71
29 -71
29 -75
29 -72
29 -71
29 -70
29 -73
29 -75
29 -76
29 -74
29 -73
29 -73
29 -72
29 -73
29 -73
29 -72
29 -72
29 -71
29 -70
29 -70
29 -70
29 -70
29 -70
29 -71
29 -71
29 -71
29 -74
29 -79
29 -84
29 -78
29 -76
29 -76
29 -75
29 -76
29 -75
29 -76
29 -81
29 -73
29 -72
29 -72
29 -72
29 -72
29 -72
29 -72
29 -72
29 -72
29 -72
29 -72
29 -72
29 -72
29 -72
29 -72
29 -72
29 -72
29 -73
29 -73
29 -73
29 -73
29 -74
29 -74
29 -75
29 -75
29 -75
29 -75
29 -75
29 -75
29 -75
29 -74
29 -74
29 -74
29 -75
29 -74
29 -74
29 -74
29 -74
29 -75
29 -76
29 -80
29 -80
29 -79
29 -79
29 -78
29 -79
29 -78
29 -66
29 -76
29 -76
29 -76
29 -76
29 -76
29 -76
29 -76
29 -76
29 -76
29 -76
29 -76
29 -77
29 -76
29 -75
29 -76
29 -76
29 -76
29 -76
29 -76
29 -76
29 -76
29 -78
29 -77
29 -57
29 -76
29 -78
29 -67
29 -78
29 -77
29 -76
29 -81
29 -76
29 -76
29 -75
29 -76
29 -83
29 -78
29 -76
29 -75
29 -76
29 -82
29 -82
29 -82
29 -75
29 -68
29 -75
29 -82
29 -83
29 -81
29 -80
29 -79
29 -79
29 -80
29 -80
29 -80
29 -79
29 -80
29 -80
29 -82
29 -82
29 -83
29 -84
29 -84
29 -82
29 -79
29 -82
29 -83
29 -85
29 -84
29 -85
29 -83
29 -82
29 -80
29 -79
29 -80
29 -80
29 -81
29 -83
29 -83
29 -82
29 -82
29 -82
29 -83
29 -82
29 -83
29 -84
29 -84
29 -82
29 -81
29 -82
29 -78
29 -83
29 -83
29 -82
29 -83
29 -83
29 -83
29 -84
29 -84
29 -85
29 -84
29 -84
29 -84
29 -81
29 -81
29 -81
29 -81
29 -79
29 -81
29 -77
29 -80
29 -81
29 -83
29 -84
29 -84
29 -82
29 -57
29 -84
29 -84
29 -84
29 -86
29 -85
29 -84
29 -80
29 -82
29 -84
29 -84
29 -86
29 -87
29 -88
29 -85
29 -84
29 -84
29 -83
29 -84
29 -84
29 -85
29 -86
29 -83
29 -85
30 -84
30 -87
30 -86
30 -86
30 -86
30 -88
30 -86
30 -87
30 -88
30 -88
30 -88
30 -86
30 -84
30 -82
30 -82
30 -81
30 -82
30 -82
30 -68
30 -82
30 -84
30 -86
30 -85
30 -86
30 -82
30 -86
30 -86
30 -86
30 -87
30 -86
30 -86
30 -87
30 -86
30 -87
30 -86
30 -85
30 -86
30 -87
30 -87
30 -86
30 -85
30 -84
30 -85
30 -85
30 -85
30 -86
30 -86
30 -85
30 -87
30 -85
30 -85
30 -86
30 -87
30 -85
30 -86
30 -86
30 -85
30 -82
30 -85
30 -86
30 -86
30 -88
30 -84
30 -88
31 -83
31 -72
31 -83
31 -83
31 -83
31 -82
31 -82
31 -82
31 -82
31 -82
31 -81
31 -80
31 -81
31 -81
31 -81
31 -82
31 -82
31 -58
31 -80
31 -83
31 -81
31 -81
31 -71
31 -78
31 -78
31 -80
31 -82
31 -81
31 -81
31 -80
31 -80
31 -79
31 -80
31 -80
31 -80
31 -81
31 -81
31 -81
31 -82
31 -81
31 -81
31 -82
31 -82
31 -81
31 -81
31 -81
31 -82
31 -81
31 -81
31 -80
31 -80
31 -80
31 -79
31 -78
31 -81
31 -82
31 -81
31 -81
31 -81
31 -80
31 -80
31 -80
31 -80
31 -79
31 -80
31 -79
31 -72
31 -79
31 -78
31 -79
31 -79
31 -79
31 -80
31 -80
31 -79
31 -80
31 -80
31 -79
31 -80
31 -80
31 -79
31 -79
31 -79
31 -81
31 -79
31 -79
31 -80
31 -79
31 -79
31 -79
31 -52
31 -80
31 -79
31 -79
31 -80
31 -64
31 -79
31 -79
31 -79
31 -79
31 -80
31 -79
31 -82
31 -81
31 -80
31 -80
31 -80
31 -79
31 -79
31 -79
31 -79
31 -79
31 -79
31 -78
31 -79
31 -80
31 -80
31 -81
31 -78
31 -78
31 -78
31 -79
31 -79
31 -78
31 -79
31 -75
31 -78
31 -78
31 -78
31 -78
31 -78
31 -78
31 -78
31 -79
31 -78
31 -78
31 -79
31 -79
31 -80
31 -79
31 -79
31 -78
31 -78
31 -78
31 -79
31 -79
31 -80
31 -80
31 -59
31 -80
31 -79
31 -80
31 -80
31 -80
31 -78
31 -81
31 -81
31 -81
31 -81
31 -80
31 -80
31 -79
31 -80
31 -79
31 -79
31 -79
31 -79
31 -80
31 -79
31 -79
31 -79
31 -80
31 -79
31 -80
31 -79
31 -79
31 -78
31 -78
31 -79
31 -80
31 -79
31 -79
31 -75
31 -80
31 -80
31 -80
31 -80
31 -80
31 -80
31 -80
31 -80
31 -80
31 -80
31 -81
31 -80
31 -81
31 -80
31 -80
31 -80
31 -79
31 -79
31 -79
31 -80
31 -79
31 -80
31 -79
31 -80
31 -79
31 -79
31 -79
31 -80
31 -80
31 -80
31 -79
31 -79
31 -80
31 -80
31 -80
31 -80
31 -81
31 -81
31 -81
31 -80
31 -79
31 -81
31 -79
31 -79
31 -79
31 -79
31 -78
31 -78
31 -79
31 -78
31 -80
31 -81
31 -78
31 -80
31 -80
31 -80
31 -78
31 -79
31 -80
31 -79
31 -80
31 -80
31 -79
31 -80
31 -79
31 -79
31 -78
31 -79
31 -80
31 -79
31 -79
31 -79
31 -79
31 -79
31 -79
31 -78
31 -79
31 -79
31 -79
31 -79
31 -80
31 -80
31 -80
31 -79
31 -79
31 -80
31 -80
31 -80
31 -80
31 -80
31 -80
31 -80
31 -80
31 -80
31 -80
31 -80
31 -77
31 -80
31 -79
31 -79
31 -79
31 -79
31 -79
31 -79
31 -79
31 -78
31 -78
31 -79
31 -79
31 -80
31 -80
31 -80
31 -80
31 -79
31 -79
31 -79
31 -79
31 -79
31 -79
31 -79
31 -79
31 -79
31 -82
31 -81
31 -80
31 -80
31 -80
31 -80
31 -80
31 -80
31 -79
31 -80
31 -79
31 -67
31 -79
31 -79
31 -80
31 -80
31 -80
31 -80
31 -79
31 -79
32 -75
32 -76
32 -77
32 -78
32 -76
32 -76
32 -77
32 -78
32 -78
32 -78
32 -78
32 -77
32 -76
32 -76
32 -76
32 -76
32 -76
32 -77
32 -72
32 -78
32 -78
32 -78
32 -78
32 -78
32 -75
32 -70
32 -67
32 -68
32 -72
32 -77
32 -78
32 -69
32 -75
32 -76
32 -74
32 -77
32 -73
32 -72
32 -72
32 -73
32 -72
32 -71
32 -70
32 -70
32 -70
32 -69
32 -69
32 -70
32 -71
32 -75
32 -76
32 -72
32 -68
32 -65
32 -66
32 -73
32 -74
32 -72
32 -50
32 -70
32 -73
32 -74
32 -72
32 -69
32 -72
32 -72
32 -74
32 -75
32 -76
32 -77
32 -77
32 -78
32 -77
32 -78
32 -78
32 -76
32 -76
32 -70
32 -76
32 -76
32 -76
32 -74
32 -75
32 -71
32 -73
32 -73
32 -72
32 -72
32 -72
32 -72
32 -72
32 -72
32 -72
32 -72
32 -72
32 -72
32 -72
32 -72
32 -72
32 -72
32 -73
32 -76
32 -75
32 -72
32 -70
32 -68
32 -68
32 -68
32 -69
32 -69
32 -69
32 -68
32 -69
32 -69
32 -68
32 -69
32 -69
32 -69
32 -70
32 -70
32 -70
32 -70
32 -70
32 -70
32 -71
32 -72
32 -72
32 -72
32 -72
32 -71
32 -72
32 -72
32 -72
32 -72
32 -73
32 -74
32 -75
32 -75
32 -75
32 -74
32 -73
32 -72
32 -73
32 -73
32 -73
32 -73
32 -72
32 -72
32 -73
32 -72
32 -73
32 -73
32 -73
32 -73
32 -73
32 -74
32 -75
32 -75
32 -74
32 -73
32 -72
32 -72
32 -72
32 -72
32 -72
32 -72
32 -73
32 -72
32 -72
32 -73
32 -72
32 -72
32 -71
32 -71
32 -64
32 -75
32 -76
32 -78
32 -76
32 -76
32 -76
32 -77
32 -78
32 -74
32 -72
32 -71
32 -73
32 -76
32 -78
32 -77
32 -74
32 -72
32 -79
32 -66
32 -80
32 -76
32 -72
32 -71
32 -71
32 -71
32 -70
32 -70
32 -70
32 -70
32 -69
32 -69
32 -69
32 -69
32 -69
32 -68
32 -68
32 -68
32 -68
32 -68
32 -68
32 -68
32 -68
32 -68
32 -69
32 -69
32 -69
32 -70
32 -70
32 -70
32 -70
32 -69
32 -69
32 -70
32 -70
32 -70
32 -70
32 -71
32 -70
32 -70
32 -70
32 -70
32 -69
32 -69
32 -70
32 -70
32 -68
32 -70
32 -70
32 -70
32 -70
32 -70
32 -69
32 -69
32 -65
32 -70
32 -70
32 -70
32 -69
32 -69
32 -70
32 -70
32 -70
32 -69
32 -68
32 -68
32 -68
32 -67
32 -67
32 -67
32 -68
32 -67
32 -68
32 -68
32 -68
32 -69
32 -69
32 -70
32 -70
32 -69
32 -70
32 -70
32 -70
32 -70
32 -70
32 -70
32 -70
32 -71
32 -71
32 -71
32 -70
32 -70
32 -70
32 -70
32 -70
32 -70
32 -70
32 -70
32 -70
32 -70
32 -69
32 -70
32 -69
32 -70
32 -70
32 -70
32 -63
32 -70
32 -70
32 -69
32 -69
32 -69
32 -69
32 -68
32 -68
32 -68
32 -68
32 -68
32 -68
32 -67
32 -68
32 -68
32 -68
32 -68
32 -68
32 -68
32 -68
32 -69
32 -69
32 -69
32 -68
32 -69
32 -69
32 -69
32 -69
32 -70
32 -70
32 -70
32 -70
32 -65
32 -66
32 -71
32 -71
32 -71
32 -72
32 -72
32 -72
32 -67
32 -70
32 -70
32 -71
32 -71
32 -71
32 -70
32 -70
32 -70
32 -70
32 -69
32 -69
32 -69
32 -69
32 -69
32 -69
32 -69
32 -69
32 -69
32 -69
32 -69
32 -69
32 -70
32 -70
32 -70
32 -70
32 -70
32 -70
32 -70
32 -69
32 -69
32 -69
32 -69
32 -69
32 -69
32 -69
32 -69
32 -68
32 -68
32 -68
32 -68
32 -68
32 -68
32 -68
32 -68
32 -67
32 -68
32 -68
32 -68
32 -68
32 -68
32 -68
32 -68
32 -68
32 -68
32 -68
32 -68
32 -68
32 -69
32 -67
32 -67
32 -70
32 -68
32 -68
32 -69
32 -69
32 -69
32 -69
32 -69
32 -69
32 -69
32 -69
32 -70
32 -70
32 -69
32 -69
32 -69
32 -69
32 -69
32 -69
32 -69
32 -69
32 -69
32 -69
32 -69
32 -69
32 -69
32 -69
32 -68
32 -68
32 -68
32 -68
32 -68
32 -69
32 -69
32 -69
32 -69
32 -69
32 -69
32 -68
32 -69
32 -69
32 -69
32 -69
32 -69
32 -69
32 -69
32 -69
32 -69
32 -69
32 -69
32 -69
32 -70
32 -69
32 -70
32 -70
32 -70
32 -69
32 -70
32 -69
32 -70
32 -70
32 -70
32 -70
32 -69
32 -69
32 -69
32 -69
32 -69
32 -69
32 -69
32 -69
32 -69
32 -69
32 -69
32 -69
32 -69
32 -69
32 -69
32 -68
32 -68
32 -67
32 -67
32 -67
32 -66
32 -66
32 -67
32 -66
32 -67
32 -67
32 -67
32 -68
32 -68
32 -69
32 -69
32 -69
32 -69
32 -68
32 -68
32 -68
32 -68
32 -68
32 -69
32 -69
32 -70
32 -70
32 -70
33 -80
33 -83
33 -83
33 -84
33 -84
33 -84
33 -85
33 -84
33 -84
33 -80
33 -80
33 -81
33 -76
33 -72
33 -72
33 -71
33 -70
33 -72
33 -75
33 -76
33 -81
33 -84
33 -84
33 -80
33 -79
33 -78
33 -78
33 -78
33 -78
33 -78
33 -76
33 -75
33 -75
33 -78
33 -80
33 -81
33 -77
33 -79
33 -80
33 -79
33 -78
33 -79
33 -78
33 -78
33 -78
33 -78
33 -76
33 -76
33 -76
33 -76
33 -76
33 -76
33 -76
33 -76
33 -76
33 -76
33 -76
33 -75
33 -75
33 -75
33 -75
33 -76
33 -75
33 -75
33 -75
33 -75
33 -75
33 -75
33 -75
33 -74
33 -74
33 -74
33 -75
33 -75
33 -75
33 -75
33 -76
33 -70
33 -75
33 -76
33 -76
33 -76
33 -76
33 -78
33 -76
33 -75
33 -75
33 -75
33 -75
33 -75
33 -75
33 -74
33 -75
33 -74
33 -74
33 -74
33 -74
33 -74
33 -74
33 -74
33 -74
33 -75
33 -76
33 -76
33 -76
33 -76
33 -76
33 -76
33 -76
33 -76
33 -76
33 -76
33 -76
33 -76
33 -76
33 -76
33 -76
33 -76
33 -76
33 -76
33 -76
33 -76
33 -76
33 -76
33 -76
33 -76
33 -76
33 -75
33 -76
33 -76
33 -76
33 -76
33 -76
33 -77
33 -63
33 -78
33 -78
33 -76
33 -76
33 -75
33 -76
33 -75
33 -75
33 -76
33 -76
33 -76
33 -76
33 -76
33 -76
33 -76
33 -76
33 -76
33 -76
33 -76
33 -76
33 -80
33 -83
33 -74
33 -72
33 -74
33 -78
33 -78
33 -68
33 -79
33 -82
33 -75
33 -73
33 -73
33 -76
33 -76
33 -76
33 -77
33 -76
33 -76
33 -76
33 -76
33 -77
33 -77
33 -78
33 -78
33 -77
33 -78
33 -78
33 -78
33 -76
33 -76
33 -77
33 -77
33 -77
33 -76
33 -78
33 -77
33 -77
33 -76
33 -76
33 -77
33 -78
33 -79
33 -81
33 -79
33 -77
33 -79
33 -78
33 -78
33 -77
33 -78
33 -77
33 -80
33 -82
33 -81
33 -80
33 -80
33 -78
33 -81
33 -81
33 -82
33 -81
33 -81
33 -80
33 -78
33 -78
33 -78
33 -78
33 -77
33 -78
33 -78
33 -78
33 -73
33 -78
33 -78
33 -78
33 -78
33 -78
33 -78
33 -78
33 -78
33 -77
33 -76
33 -76
33 -73
33 -76
33 -76
33 -76
33 -76
33 -76
33 -76
33 -77
33 -77
33 -76
33 -76
33 -77
33 -76
33 -73
33 -77
33 -77
33 -77
33 -77
33 -77
33 -77
33 -77
33 -76
33 -77
33 -77
33 -77
33 -76
33 -76
33 -76
33 -76
33 -76
33 -76
33 -76
33 -76
33 -77
33 -76
33 -76
33 -76
33 -77
33 -76
33 -76
33 -76
33 -76
33 -76
33 -76
33 -76
33 -76
33 -76
33 -76
33 -76
33 -53
33 -76
33 -76
33 -76
33 -76
33 -76
33 -76
33 -76
33 -75
33 -75
33 -76
33 -76
33 -76
33 -76
33 -76
33 -76
33 -70
33 -76
33 -76
33 -77
33 -76
33 -76
33 -76
33 -76
33 -76
33 -76
33 -76
33 -76
33 -76
33 -76
33 -76
33 -76
33 -76
33 -76
33 -76
33 -76
33 -76
33 -76
33 -76
33 -76
33 -77
33 -78
33 -78
33 -77
33 -77
33 -76
33 -76
33 -76
33 -76
33 -76
33 -76
33 -76
33 -76
33 -77
33 -77
33 -76
33 -76
33 -76
33 -76
33 -76
33 -76
33 -76
33 -76
33 -76
33 -75
33 -76
33 -76
33 -76
33 -76
33 -76
33 -76
33 -76
33 -76
33 -76
33 -76
33 -76
33 -76
33 -76
33 -76
33 -76
33 -76
33 -76
33 -76
33 -76
33 -76
33 -76
33 -76
33 -76
33 -76
33 -76
33 -76
33 -76
33 -76
33 -76
33 -76
33 -76
33 -76
33 -77
33 -67
33 -77
33 -76
33 -76
33 -68
33 -77
33 -76
33 -76
33 -76
33 -76
33 -76
33 -76
33 -76
33 -71
33 -76
33 -77
33 -78
33 -78
33 -78
33 -78
33 -77
33 -78
33 -78
33 -78
33 -78
33 -77
33 -77
33 -78
33 -79
33 -78
33 -78
33 -78
33 -78
33 -78
33 -78
33 -77
33 -78
33 -78
33 -78
33 -78
33 -78
33 -76
33 -76
33 -76
33 -76
33 -76
33 -76
33 -76
34 -68
34 -68
34 -68
34 -68
34 -68
34 -68
34 -68
34 -68
34 -67
34 -67
34 -67
34 -68
34 -68
34 -68
34 -68
34 -68
34 -68
34 -69
34 -69
34 -69
34 -68
34 -70
34 -70
34 -69
34 -66
34 -65
34 -64
34 -57
34 -67
34 -66
34 -67
34 -69
34 -68
34 -67
34 -66
34 -65
34 -64
34 -64
34 -65
34 -66
34 -66
34 -66
34 -66
34 -68
34 -70
34 -70
34 -72
34 -75
34 -72
34 -68
34 -65
34 -65
34 -53
34 -68
34 -74
34 -70
34 -31
34 -69
34 -69
34 -70
34 -66
34 -64
34 -64
34 -64
34 -64
34 -65
34 -66
34 -67
34 -68
34 -68
34 -68
34 -68
34 -68
34 -61
34 -67
34 -67
34 -67
34 -67
34 -67
34 -67
34 -76
34 -67
34 -66
34 -66
34 -67
34 -66
34 -66
34 -66
34 -66
34 -66
34 -66
34 -75
34 -66
34 -66
34 -66
34 -66
34 -66
34 -66
34 -66
34 -66
34 -65
34 -65
34 -65
34 -65
34 -66
34 -65
34 -65
34 -65
34 -64
34 -64
34 -65
34 -65
34 -66
34 -66
34 -66
34 -66
34 -66
34 -66
34 -66
34 -66
34 -66
34 -66
34 -65
34 -65
34 -64
34 -64
34 -65
34 -64
34 -64
34 -64
34 -64
34 -64
34 -64
34 -64
34 -64
34 -64
34 -64
34 -64
34 -65
34 -64
34 -64
34 -64
34 -64
34 -64
34 -64
34 -64
34 -64
34 -64
34 -64
34 -64
34 -64
34 -64
34 -64
34 -64
34 -64
34 -64
34 -64
34 -64
34 -64
34 -64
34 -64
34 -64
34 -64
34 -64
34 -64
34 -64
34 -64
34 -64
34 -64
34 -64
34 -64
34 -64
34 -64
34 -64
34 -64
34 -64
34 -64
34 -65
34 -65
34 -66
34 -64
34 -64
34 -64
34 -65
34 -68
34 -77
34 -70
34 -68
34 -66
34 -65
34 -65
34 -67
34 -67
34 -66
34 -64
34 -65
34 -68
34 -76
34 -71
34 -65
34 -64
34 -64
34 -64
34 -64
34 -64
34 -65
34 -64
34 -65
34 -65
34 -65
34 -65
34 -66
34 -65
34 -65
34 -65
34 -65
34 -65
34 -66
34 -66
34 -66
34 -66
34 -66
34 -66
34 -66
34 -66
34 -66
34 -66
34 -65
34 -64
34 -65
34 -65
34 -65
34 -65
34 -66
34 -65
34 -65
34 -65
34 -65
34 -65
34 -66
34 -64
34 -64
34 -64
34 -65
34 -65
34 -65
34 -65
34 -65
34 -65
34 -65
34 -65
34 -65
34 -65
34 -65
34 -65
34 -65
34 -65
34 -65
34 -67
34 -66
34 -66
34 -66
34 -65
34 -66
34 -66
34 -53
34 -66
34 -67
34 -67
34 -67
34 -67
34 -67
34 -67
34 -67
34 -67
34 -67
34 -67
34 -66
34 -66
34 -66
34 -66
34 -65
34 -66
34 -66
34 -66
34 -65
34 -65
34 -65
34 -65
34 -64
34 -64
34 -64
34 -64
34 -65
34 -65
34 -65
34 -65
34 -64
34 -65
34 -65
34 -65
34 -65
34 -64
34 -66
34 -66
34 -66
34 -65
34 -66
34 -66
34 -66
34 -64
34 -66
34 -66
34 -66
34 -66
34 -66
34 -66
34 -66
34 -66
34 -66
34 -66
34 -66
34 -66
34 -66
34 -66
34 -66
34 -66
34 -66
34 -67
34 -66
34 -66
34 -66
34 -66
34 -66
34 -66
34 -66
34 -66
34 -66
34 -65
34 -65
34 -65
34 -64
34 -65
34 -64
34 -65
34 -65
34 -65
34 -65
34 -65
34 -65
34 -65
34 -65
34 -65
34 -65
34 -65
34 -66
34 -65
34 -66
34 -66
34 -66
34 -67
34 -66
34 -66
34 -66
34 -66
34 -66
34 -66
34 -66
34 -66
34 -66
34 -66
34 -66
34 -66
34 -66
34 -66
34 -66
34 -66
34 -66
34 -66
34 -66
34 -66
34 -66
34 -66
34 -66
34 -66
34 -67
34 -67
34 -67
34 -68
34 -68
34 -68
34 -68
34 -68
34 -68
34 -68
34 -67
34 -67
34 -67
34 -67
34 -67
34 -67
34 -67
34 -67
34 -67
34 -67
34 -67
34 -67
34 -67
34 -67
34 -67
34 -67
34 -66
34 -66
34 -66
34 -66
34 -66
34 -66
34 -64
34 -66
34 -66
34 -66
34 -66
34 -66
34 -66
34 -66
34 -66
34 -66
34 -66
34 -66
34 -67
34 -64
34 -67
34 -67
34 -67
34 -67
34 -67
34 -67
34 -67
34 -68
34 -67
34 -67
34 -67
34 -67
34 -67
34 -66
34 -66
34 -67
34 -67
34 -67
34 -67
34 -67
34 -67
34 -67
34 -66
34 -67
34 -66
34 -66
34 -66
34 -66
34 -66
34 -66
34 -66
34 -66
34 -66
34 -66
34 -66
34 -66
34 -66
34 -65
34 -65
34 -65
34 -65
34 -65
34 -66
34 -66
34 -66
34 -66
34 -65
34 -65
34 -65
34 -65
34 -65
34 -65
34 -73
34 -66
34 -66
34 -66
34 -66
34 -66
34 -67
34 -67
34 -67
34 -66
34 -66
34 -66
34 -66
34 -66
34 -66
34 -66
34 -66
34 -66
34 -66
34 -66
34 -66
34 -66
34 -66
34 -66
34 -66
34 -65
35 -82
35 -81
35 -81
35 -81
35 -80
35 -83
35 -81
35 -83
35 -82
35 -82
35 -81
35 -78
35 -76
35 -75
35 -77
35 -80
35 -77
35 -75
35 -79
35 -80
35 -83
35 -80
35 -80
35 -79
35 -82
35 -81
35 -78
35 -79
35 -80
35 -81
35 -68
35 -82
35 -83
35 -76
35 -76
35 -76
35 -76
35 -79
35 -86
35 -84
35 -75
35 -75
35 -74
35 -73
35 -73
35 -75
35 -75
35 -76
35 -75
35 -67
35 -76
35 -76
35 -76
35 -76
35 -76
35 -76
35 -76
35 -76
35 -76
35 -76
35 -76
35 -76
35 -76
35 -76
35 -76
35 -75
35 -75
35 -75
35 -74
35 -74
35 -74
35 -74
35 -74
35 -74
35 -74
35 -75
35 -74
35 -74
35 -73
35 -74
35 -74
35 -73
35 -72
35 -72
35 -72
35 -72
35 -72
35 -72
35 -73
35 -74
35 -74
35 -74
35 -74
35 -74
35 -75
35 -74
35 -74
35 -74
35 -74
35 -73
35 -68
35 -72
35 -72
35 -72
35 -72
35 -72
35 -62
35 -72
35 -71
35 -71
35 -71
35 -72
35 -72
35 -72
35 -72
35 -72
35 -72
35 -72
35 -72
35 -72
35 -72
35 -53
35 -72
35 -72
35 -72
35 -72
35 -72
35 -70
35 -72
35 -72
35 -72
35 -71
35 -72
35 -72
35 -71
35 -72
35 -72
35 -73
35 -73
35 -72
35 -72
35 -72
35 -72
35 -72
35 -72
35 -71
35 -72
35 -72
35 -72
35 -72
35 -72
35 -72
35 -72
35 -73
35 -74
35 -75
35 -76
35 -76
35 -74
35 -74
35 -74
35 -73
35 -74
35 -74
35 -73
35 -74
35 -75
35 -75
35 -76
35 -75
35 -75
35 -74
35 -72
35 -72
35 -73
35 -73
35 -74
35 -74
35 -72
35 -74
35 -73
35 -73
35 -73
35 -73
35 -73
35 -72
35 -72
35 -73
35 -73
35 -73
35 -74
35 -74
35 -74
35 -74
35 -74
35 -74
35 -74
35 -74
35 -73
35 -70
35 -73
35 -73
35 -73
35 -73
35 -73
35 -73
35 -73
35 -73
35 -73
35 -73
35 -73
35 -73
35 -73
35 -73
35 -74
35 -51
35 -74
35 -30
35 -73
35 -73
35 -72
35 -70
35 -73
35 -72
35 -73
35 -73
35 -73
35 -73
35 -74
35 -74
35 -74
35 -74
35 -73
35 -74
35 -74
35 -74
35 -73
35 -74
35 -74
35 -74
35 -74
35 -75
35 -74
35 -75
35 -75
35 -75
35 -74
35 -74
35 -74
35 -74
35 -73
35 -73
35 -73
35 -73
35 -73
35 -73
35 -72
35 -72
35 -72
35 -73
35 -72
35 -73
35 -73
35 -73
35 -73
35 -73
35 -73
35 -73
35 -73
35 -73
35 -73
35 -62
35 -73
35 -73
35 -73
35 -73
35 -73
35 -73
35 -73
35 -74
35 -39
35 -74
35 -74
35 -74
35 -74
35 -74
35 -74
35 -74
35 -74
35 -73
35 -74
35 -74
35 -73
35 -74
35 -70
35 -74
35 -74
35 -74
35 -74
35 -73
35 -74
35 -73
35 -68
35 -74
35 -74
35 -65
35 -74
35 -72
35 -73
35 -73
35 -72
35 -72
35 -72
35 -72
35 -72
35 -72
35 -72
35 -72
35 -73
35 -72
35 -73
35 -72
35 -73
35 -73
35 -73
35 -73
35 -73
35 -73
35 -73
35 -73
35 -51
35 -73
35 -73
35 -73
35 -73
35 -66
35 -73
35 -72
35 -73
35 -73
35 -72
35 -73
35 -73
35 -73
35 -73
35 -73
35 -73
35 -73
35 -73
35 -73
35 -73
35 -73
35 -73
35 -74
35 -74
35 -74
35 -74
35 -74
35 -74
35 -74
35 -74
35 -74
35 -73
35 -73
35 -73
35 -73
35 -73
35 -73
35 -74
35 -73
35 -71
35 -73
35 -73
35 -73
35 -73
35 -73
35 -73
35 -73
35 -73
35 -72
35 -71
35 -72
35 -73
35 -73
35 -73
35 -73
35 -73
35 -73
35 -73
35 -73
35 -73
35 -72
35 -73
35 -73
35 -73
35 -73
35 -70
35 -73
35 -74
35 -73
35 -63
35 -74
35 -73
35 -73
35 -73
35 -73
35 -73
35 -73
35 -73
35 -73
35 -73
35 -73
35 -71
35 -73
35 -73
35 -73
35 -73
35 -74
35 -73
35 -73
35 -73
35 -73
35 -71
35 -74
35 -73
35 -72
35 -72
35 -73
35 -73
35 -72
35 -72
35 -72
35 -72
35 -72
35 -73
35 -73
35 -73
35 -73
35 -73
35 -73
35 -73
35 -73
35 -73
35 -78
35 -73
35 -73
35 -73
35 -73
35 -73
35 -73
35 -73
35 -73
35 -73
35 -73
35 -72
35 -72
35 -73
35 -71
35 -73
35 -73
35 -73
35 -73
35 -74
35 -72
35 -73
35 -73
35 -73
35 -73
35 -72
36 -73
36 -75
36 -75
36 -76
36 -75
36 -76
36 -76
36 -76
36 -64
36 -76
36 -76
36 -75
36 -76
36 -76
36 -76
36 -76
36 -76
36 -76
36 -76
36 -76
36 -76
36 -76
36 -76
36 -77
36 -58
36 -72
36 -72
36 -76
36 -78
36 -75
36 -75
36 -74
36 -75
36 -76
36 -77
36 -77
36 -77
36 -78
36 -79
36 -80
36 -85
36 -74
36 -73
36 -72
36 -72
36 -73
36 -76
36 -81
36 -78
36 -75
36 -72
36 -72
36 -73
36 -74
36 -76
36 -78
36 -78
36 -73
36 -78
36 -78
36 -77
36 -77
36 -76
36 -76
36 -76
36 -76
36 -76
36 -75
36 -76
36 -75
36 -75
36 -75
36 -74
36 -73
36 -72
36 -72
36 -72
36 -72
36 -72
36 -72
36 -72
36 -72
36 -72
36 -72
36 -72
36 -72
36 -73
36 -73
36 -73
36 -73
36 -74
36 -73
36 -73
36 -73
36 -72
36 -72
36 -72
36 -72
36 -72
36 -72
36 -72
36 -72
36 -72
36 -71
36 -71
36 -71
36 -70
36 -71
36 -71
36 -71
36 -71
36 -71
36 -72
36 -72
36 -72
36 -72
36 -72
36 -72
36 -72
36 -72
36 -72
36 -73
36 -73
36 -72
36 -73
36 -74
36 -75
36 -75
36 -75
36 -74
36 -74
36 -73
36 -74
36 -74
36 -74
36 -74
36 -74
36 -74
36 -74
36 -74
36 -74
36 -74
36 -74
36 -75
36 -75
36 -75
36 -74
36 -74
36 -73
36 -73
36 -73
36 -73
36 -73
36 -73
36 -74
36 -74
36 -74
36 -75
36 -75
36 -76
36 -76
36 -77
36 -78
36 -76
36 -75
36 -74
36 -74
36 -73
36 -74
36 -77
36 -78
36 -75
36 -73
36 -73
36 -73
36 -74
36 -80
36 -68
36 -78
36 -74
36 -73
36 -74
36 -73
36 -73
36 -73
36 -73
36 -72
36 -72
36 -72
36 -65
36 -72
36 -72
36 -72
36 -72
36 -72
36 -72
36 -72
36 -72
36 -72
36 -72
36 -72
36 -72
36 -72
36 -72
36 -72
36 -72
36 -73
36 -72
36 -72
36 -72
36 -72
36 -73
36 -72
36 -72
36 -72
36 -73
36 -73
36 -72
36 -73
36 -73
36 -72
36 -72
36 -72
36 -30
36 -72
36 -72
36 -72
36 -72
36 -72
36 -72
36 -72
36 -72
36 -72
36 -72
36 -74
36 -72
36 -72
36 -71
36 -71
36 -71
36 -71
36 -70
36 -71
36 -70
36 -71
36 -70
36 -70
36 -71
36 -71
36 -70
36 -71
36 -70
36 -30
36 -71
36 -71
36 -71
36 -71
36 -72
36 -71
36 -72
36 -72
36 -72
36 -72
36 -72
36 -72
36 -72
36 -72
36 -72
36 -72
36 -72
36 -72
36 -72
36 -72
36 -73
36 -72
36 -72
36 -72
36 -72
36 -72
36 -72
36 -72
36 -72
36 -72
36 -71
36 -72
36 -72
36 -72
36 -72
36 -72
36 -71
36 -71
36 -71
36 -72
36 -71
36 -71
36 -71
36 -71
36 -71
36 -71
36 -71
36 -71
36 -70
36 -66
36 -71
36 -71
36 -71
36 -71
36 -71
36 -71
36 -71
36 -72
36 -72
36 -72
36 -72
36 -72
36 -72
36 -72
36 -72
36 -72
36 -72
36 -72
36 -72
36 -72
36 -72
36 -72
36 -72
36 -72
36 -72
36 -72
36 -72
36 -72
36 -72
36 -72
36 -72
36 -72
36 -72
36 -72
36 -71
36 -71
36 -71
36 -67
36 -72
36 -72
36 -71
36 -72
36 -72
36 -71
36 -72
36 -72
36 -72
36 -66
36 -72
36 -72
36 -72
36 -72
36 -72
36 -72
36 -72
36 -72
36 -71
36 -72
36 -71
36 -71
36 -72
36 -71
36 -71
36 -71
36 -71
36 -71
36 -71
36 -71
36 -71
36 -71
36 -71
36 -71
36 -72
36 -72
36 -72
36 -71
36 -71
36 -72
36 -71
36 -71
36 -71
36 -71
36 -71
36 -71
36 -71
36 -72
36 -72
36 -72
36 -72
36 -72
36 -72
36 -72
36 -72
36 -72
36 -72
36 -72
36 -72
36 -72
36 -72
36 -72
36 -72
36 -72
36 -72
36 -72
36 -72
36 -72
36 -72
36 -72
36 -72
36 -72
36 -70
36 -72
36 -71
36 -71
36 -71
36 -72
36 -72
36 -72
36 -72
36 -72
36 -72
36 -72
36 -72
36 -72
36 -72
36 -78
36 -72
36 -72
36 -72
36 -72
36 -72
36 -72
36 -72
36 -71
36 -72
36 -72
36 -72
36 -72
36 -72
36 -72
36 -72
36 -72
36 -72
36 -72
36 -72
36 -72
36 -72
36 -72
36 -72
36 -72
36 -72
36 -72
36 -72
36 -72
36 -72
36 -72
36 -72
36 -66
36 -72
36 -72
36 -72
36 -72
36 -72
36 -72
36 -72
36 -71
36 -72
36 -72
36 -70
36 -72
36 -71
36 -72
36 -72
36 -72
36 -72
36 -72
36 -65
36 -72
36 -72
36 -72
36 -72
36 -72
36 -72
36 -72
36 -72
36 -72
37 -78
37 -83
37 -84
37 -83
37 -84
37 -81
37 -80
37 -81
37 -83
37 -83
37 -30
37 -84
37 -83
37 -85
37 -86
37 -86
37 -84
37 -82
37 -79
37 -78
37 -79
37 -81
37 -80
37 -84
37 -84
37 -83
37 -83
37 -84
37 -85
37 -87
37 -84
37 -81
37 -78
37 -78
37 -78
37 -81
37 -83
37 -80
37 -78
37 -79
37 -82
37 -84
37 -84
37 -87
37 -52
37 -84
37 -80
37 -84
37 -83
37 -82
37 -82
37 -83
37 -84
37 -83
37 -85
37 -82
37 -82
37 -83
37 -83
37 -83
37 -83
37 -84
37 -83
37 -83
37 -82
37 -82
37 -80
37 -81
37 -81
37 -81
37 -83
37 -82
37 -83
37 -74
37 -83
37 -82
37 -82
37 -83
37 -84
37 -84
37 -84
37 -84
37 -83
37 -84
37 -83
37 -83
37 -83
37 -83
37 -83
37 -83
37 -82
37 -82
37 -81
37 -82
37 -81
37 -81
37 -82
37 -81
37 -82
37 -82
37 -83
37 -82
37 -83
37 -83
37 -87
37 -86
37 -86
37 -84
37 -84
37 -84
37 -85
37 -84
37 -84
37 -82
37 -83
37 -83
37 -84
37 -85
37 -83
37 -84
37 -86
37 -86
37 -85
37 -86
37 -84
37 -84
37 -84
37 -83
37 -83
37 -70
37 -82
37 -75
37 -82
37 -83
37 -82
37 -82
37 -82
37 -83
37 -83
37 -79
37 -83
37 -83
37 -84
37 -84
37 -82
37 -84
37 -83
37 -83
37 -83
37 -82
37 -84
37 -84
37 -83
37 -82
37 -82
37 -83
37 -82
37 -82
37 -82
37 -83
37 -84
37 -85
37 -85
37 -83
37 -82
37 -82
37 -82
38 -81
38 -81
38 -66
38 -80
38 -81
38 -81
38 -83
38 -82
38 -82
38 -81
38 -80
38 -80
38 -83
38 -82
38 -81
38 -84
38 -84
38 -56
38 -83
38 -83
38 -83
38 -82
38 -82
38 -82
38 -82
38 -80
38 -82
38 -79
38 -81
38 -82
38 -81
38 -81
38 -79
38 -82
38 -82
38 -83
38 -80
38 -79
38 -79
38 -80
38 -82
38 -82
38 -83
38 -83
38 -84
38 -82
38 -84
38 -83
38 -84
38 -84
38 -84
38 -84
38 -84
38 -82
38 -82
38 -83
38 -83
38 -83
38 -83
38 -83
38 -83
38 -81
38 -87
38 -83
38 -84
38 -82
38 -82
38 -82
38 -80
38 -81
38 -82
38 -81
38 -82
38 -83
38 -84
38 -86
38 -87
38 -86
38 -86
38 -83
38 -83
38 -83
38 -84
38 -84
38 -85
38 -84
38 -83
38 -82
38 -82
38 -84
38 -84
38 -84
38 -84
38 -84
38 -84
38 -84
38 -84
38 -84
38 -84
38 -84
38 -84
38 -84
38 -83
38 -83
38 -83
38 -84
38 -85
38 -84
38 -84
38 -85
38 -85
38 -84
38 -84
38 -84
38 -84
38 -84
38 -84
38 -85
38 -87
38 -82
38 -85
38 -70
38 -86
38 -86
38 -57
38 -84
38 -84
38 -84
38 -84
38 -84
38 -85
38 -84
38 -81
38 -83
38 -70
38 -84
38 -84
38 -80
38 -83
38 -83
38 -81
38 -83
38 -83
38 -82
38 -82
38 -83
38 -83
38 -84
38 -83
38 -83
38 -84
38 -84
38 -83
38 -82
38 -82
38 -83
38 -83
38 -83
