Beacon Rssi
1 -79
1 -80
1 -81
1 -81
1 -82
1 -81
1 -81
1 -80
1 -78
1 -78
1 -78
1 -78
1 -78
1 -78
1 -78
1 -78
1 -79
1 -72
1 -72
1 -71
1 -70
1 -70
1 -76
1 -76
1 -70
1 -69
1 -70
1 -70
1 -69
1 -70
1 -70
1 -70
1 -70
1 -70
1 -69
1 -71
1 -76
1 -72
1 -72
1 -72
1 -76
1 -76
1 -77
1 -76
1 -76
1 -76
1 -77
1 -78
1 -78
1 -79
1 -80
1 -79
1 -78
1 -76
1 -76
1 -76
1 -75
1 -75
1 -74
1 -74
1 -74
1 -74
1 -73
1 -75
1 -75
1 -75
1 -75
1 -75
1 -75
1 -74
1 -74
1 -74
1 -73
1 -72
1 -73
1 -72
1 -72
1 -72
1 -72
1 -72
1 -73
1 -72
1 -69
1 -69
1 -70
1 -72
1 -74
1 -74
1 -73
1 -74
1 -76
1 -77
1 -76
1 -76
1 -75
1 -74
1 -73
1 -73
1 -72
1 -72
1 -71
1 -70
1 -71
1 -71
1 -71
1 -70
1 -69
1 -68
1 -68
1 -68
1 -70
1 -72
1 -75
1 -83
1 -77
1 -75
1 -74
1 -73
1 -72
1 -72
1 -71
1 -72
1 -72
1 -72
1 -71
1 -71
1 -71
1 -70
1 -71
1 -71
1 -71
1 -72
1 -72
1 -72
1 -72
1 -72
1 -72
1 -71
1 -71
1 -50
1 -71
1 -52
1 -70
1 -70
1 -70
1 -70
1 -70
1 -70
1 -70
1 -70
1 -70
1 -72
1 -76
1 -78
1 -73
1 -78
1 -76
1 -74
1 -75
1 -73
1 -72
1 -71
1 -70
1 -72
1 -72
1 -71
1 -71
1 -72
1 -73
1 -73
1 -72
1 -71
1 -71
1 -72
1 -74
1 -74
1 -74
1 -74
1 -74
1 -74
1 -74
1 -74
1 -74
1 -74
1 -74
1 -74
1 -74
1 -74
1 -75
1 -75
1 -75
1 -75
1 -76
1 -75
1 -75
1 -75
1 -75
1 -75
1 -75
1 -74
1 -74
1 -74
1 -74
1 -74
1 -73
1 -74
1 -74
1 -74
1 -74
1 -39
1 -74
1 -74
1 -74
1 -75
1 -75
1 -75
1 -75
1 -75
1 -75
1 -75
1 -75
1 -75
1 -75
1 -76
1 -75
1 -75
1 -74
1 -75
1 -75
1 -75
1 -75
1 -76
1 -76
1 -75
1 -74
1 -73
1 -72
1 -71
1 -72
1 -71
1 -72
1 -72
1 -73
1 -73
1 -73
1 -72
1 -73
1 -73
1 -73
1 -73
1 -73
1 -73
1 -72
1 -72
1 -73
1 -73
1 -73
1 -73
1 -73
1 -73
1 -73
1 -73
1 -74
1 -74
1 -74
1 -74
1 -74
1 -74
1 -74
1 -74
1 -74
1 -74
1 -74
1 -75
1 -74
1 -75
1 -75
1 -75
1 -75
1 -75
1 -75
1 -75
1 -75
1 -75
1 -75
1 -75
1 -75
1 -75
1 -76
1 -76
1 -76
1 -76
1 -76
1 -76
1 -76
1 -76
1 -76
1 -76
1 -76
1 -76
1 -76
1 -76
1 -76
1 -75
1 -76
1 -76
1 -75
1 -76
1 -75
1 -75
1 -75
1 -75
1 -75
1 -75
1 -75
1 -75
1 -75
1 -75
1 -75
1 -75
1 -76
1 -76
1 -75
1 -76
1 -76
1 -76
1 -76
1 -76
1 -76
1 -76
1 -76
1 -76
1 -76
1 -76
1 -76
1 -76
1 -76
1 -76
1 -76
1 -76
1 -76
1 -75
1 -75
1 -75
1 -75
1 -75
1 -75
1 -75
1 -74
1 -75
1 -74
1 -75
1 -75
1 -75
1 -75
1 -75
1 -75
1 -76
1 -76
1 -76
1 -76
1 -76
1 -76
1 -74
1 -74
1 -74
1 -73
1 -74
1 -74
1 -74
1 -74
1 -75
1 -74
1 -75
1 -76
1 -75
1 -75
1 -75
1 -75
1 -75
1 -75
1 -75
1 -76
1 -76
1 -76
1 -76
1 -76
1 -75
1 -74
1 -75
1 -74
1 -73
1 -72
1 -72
1 -72
1 -72
1 -72
1 -71
1 -72
1 -72
1 -72
1 -72
1 -74
1 -73
1 -74
1 -73
1 -74
1 -75
1 -74
1 -74
1 -73
1 -73
1 -73
1 -73
1 -73
1 -65
1 -72
1 -72
1 -72
1 -72
1 -71
1 -72
1 -72
1 -72
1 -72
1 -72
1 -72
1 -72
1 -72
1 -73
1 -73
1 -72
1 -72
1 -73
1 -73
1 -73
1 -73
1 -72
1 -72
1 -73
1 -73
1 -73
1 -73
1 -73
1 -74
1 -74
1 -74
1 -74
1 -73
1 -73
1 -73
1 -73
1 -73
1 -73
1 -72
1 -73
1 -73
1 -73
1 -73
1 -73
1 -73
1 -73
1 -73
1 -73
1 -73
1 -72
1 -72
1 -72
1 -72
1 -72
1 -72
1 -72
1 -73
1 -72
1 -73
1 -72
1 -72
1 -72
1 -73
1 -73
1 -73
1 -73
1 -73
1 -73
1 -74
1 -74
1 -74
1 -74
1 -74
1 -75
1 -75
1 -75
1 -75
1 -75
1 -75
1 -75
1 -75
1 -74
1 -75
1 -74
1 -74
1 -74
1 -75
1 -75
1 -75
1 -75
1 -75
1 -75
1 -75
1 -76
1 -76
1 -76
1 -76
1 -76
2 -58
2 -58
2 -59
2 -58
2 -58
2 -59
2 -59
2 -59
2 -59
2 -59
2 -59
2 -59
2 -59
2 -59
2 -59
2 -59
2 -59
2 -59
2 -59
2 -59
2 -58
2 -58
2 -58
2 -59
2 -64
2 -64
2 -63
2 -62
2 -61
2 -62
2 -63
2 -64
2 -63
2 -64
2 -64
2 -64
2 -64
2 -64
2 -64
2 -64
2 -64
2 -64
2 -64
2 -62
2 -65
2 -68
2 -70
2 -69
2 -68
2 -68
2 -67
2 -66
2 -65
2 -64
2 -64
2 -65
2 -66
2 -67
2 -68
2 -69
2 -69
2 -70
2 -70
2 -71
2 -71
2 -71
2 -70
2 -70
2 -70
2 -70
2 -70
2 -70
2 -70
2 -70
2 -70
2 -70
2 -70
2 -70
2 -70
2 -70
2 -70
2 -70
2 -70
2 -70
2 -69
2 -70
2 -71
2 -72
2 -72
2 -72
2 -70
2 -71
2 -72
2 -74
2 -77
2 -71
2 -70
2 -70
2 -71
2 -71
2 -69
2 -75
2 -70
2 -67
2 -68
2 -69
2 -69
2 -70
2 -71
2 -71
2 -71
2 -70
2 -70
2 -70
2 -69
2 -69
2 -69
2 -68
2 -67
2 -66
2 -66
2 -68
2 -70
2 -71
2 -75
2 -74
2 -70
2 -69
2 -68
2 -67
2 -66
2 -66
2 -67
2 -66
2 -66
2 -65
2 -64
2 -64
2 -64
2 -64
2 -64
2 -64
2 -63
2 -66
2 -64
2 -64
2 -64
2 -64
2 -63
2 -62
2 -62
2 -61
2 -61
2 -61
2 -61
2 -61
2 -61
2 -60
2 -61
2 -60
2 -60
2 -62
2 -63
2 -64
2 -62
2 -64
2 -61
2 -61
2 -63
2 -61
2 -63
2 -63
2 -64
2 -66
2 -67
2 -66
2 -66
2 -66
2 -66
2 -65
2 -65
2 -66
2 -66
2 -66
2 -65
2 -64
2 -64
2 -64
2 -63
2 -63
2 -63
2 -63
2 -63
2 -63
2 -63
2 -63
2 -63
2 -63
2 -62
2 -62
2 -62
2 -62
2 -63
2 -63
2 -64
2 -64
2 -64
2 -63
2 -64
2 -64
2 -64
2 -64
2 -64
2 -64
2 -64
2 -64
2 -64
2 -64
2 -65
2 -65
2 -65
2 -64
2 -64
2 -64
2 -64
2 -64
2 -64
2 -64
2 -64
2 -64
2 -64
2 -64
2 -64
2 -64
2 -64
2 -64
2 -64
2 -64
2 -64
2 -64
2 -64
2 -64
2 -64
2 -64
2 -64
2 -64
2 -64
2 -64
2 -66
2 -65
2 -64
2 -63
2 -62
2 -63
2 -63
2 -64
2 -64
2 -64
2 -64
2 -64
2 -64
2 -63
2 -62
2 -63
2 -63
2 -63
2 -63
2 -63
2 -63
2 -63
2 -63
2 -63
2 -63
2 -63
2 -63
2 -63
2 -63
2 -63
2 -64
2 -64
2 -64
2 -64
2 -64
2 -64
2 -64
2 -64
2 -64
2 -64
2 -64
2 -64
2 -64
2 -64
2 -64
2 -64
2 -64
2 -64
2 -64
2 -64
2 -64
2 -64
2 -65
2 -65
2 -64
2 -64
2 -66
2 -66
2 -66
2 -66
2 -66
2 -66
2 -66
2 -65
2 -65
2 -64
2 -64
2 -64
2 -64
2 -65
2 -65
2 -65
2 -64
2 -64
2 -64
2 -64
2 -64
2 -64
2 -64
2 -64
2 -64
2 -64
2 -64
2 -64
2 -64
2 -64
2 -64
2 -64
2 -64
2 -64
2 -64
2 -64
2 -64
2 -65
2 -64
2 -64
2 -64
2 -65
2 -65
2 -64
2 -65
2 -66
2 -66
2 -65
2 -65
2 -65
2 -65
2 -64
2 -64
2 -64
2 -64
2 -65
2 -65
2 -65
2 -65
2 -65
2 -66
2 -65
2 -65
2 -69
2 -65
2 -30
2 -31
2 -64
2 -30
2 -64
2 -64
2 -64
2 -64
2 -64
2 -64
2 -64
2 -64
2 -64
2 -64
2 -64
2 -64
2 -64
2 -64
2 -64
2 -64
2 -64
2 -64
2 -31
2 -64
2 -64
2 -64
2 -64
2 -64
2 -64
2 -64
2 -64
2 -64
2 -64
2 -64
2 -64
2 -64
2 -64
2 -65
2 -66
2 -66
2 -66
2 -66
2 -66
2 -66
2 -66
2 -66
2 -66
2 -64
2 -64
2 -64
2 -64
2 -64
2 -65
2 -64
2 -66
2 -66
2 -66
2 -65
2 -66
2 -66
2 -67
2 -67
2 -68
2 -68
2 -67
2 -67
2 -67
2 -66
2 -65
2 -64
2 -64
2 -64
2 -65
2 -64
2 -64
2 -64
2 -64
2 -65
2 -65
2 -65
2 -66
2 -66
2 -66
2 -66
2 -66
2 -66
2 -66
2 -66
2 -67
2 -67
2 -67
2 -66
2 -67
2 -67
2 -67
2 -67
2 -67
2 -67
2 -67
2 -66
2 -66
2 -66
2 -66
2 -66
2 -67
2 -67
2 -68
2 -68
2 -68
2 -68
2 -67
2 -67
2 -67
2 -67
2 -67
2 -67
2 -67
2 -67
2 -67
2 -67
2 -66
2 -66
2 -66
2 -66
2 -66
2 -66
2 -66
2 -66
2 -66
2 -66
2 -66
2 -66
2 -66
2 -66
2 -66
2 -66
2 -66
2 -66
2 -67
2 -67
2 -52
2 -69
2 -68
2 -69
2 -69
2 -69
2 -69
2 -69
2 -69
2 -68
2 -68
2 -68
2 -67
2 -67
2 -67
2 -66
2 -66
2 -66
2 -66
2 -66
2 -66
2 -66
2 -66
2 -66
2 -67
2 -67
2 -67
2 -67
3 -77
3 -77
3 -78
3 -77
3 -77
3 -76
3 -77
3 -77
3 -78
3 -77
3 -78
3 -76
3 -76
3 -76
3 -76
3 -76
3 -76
3 -76
3 -76
3 -76
3 -77
3 -74
3 -74
3 -76
3 -78
3 -74
3 -74
3 -77
3 -76
3 -72
3 -72
3 -72
3 -72
3 -71
3 -71
3 -70
3 -70
3 -72
3 -74
3 -75
3 -76
3 -73
3 -72
3 -73
3 -72
3 -72
3 -72
3 -72
3 -74
3 -74
3 -75
3 -76
3 -76
3 -69
3 -73
3 -74
3 -73
3 -73
3 -73
3 -73
3 -73
3 -73
3 -73
3 -74
3 -75
3 -74
3 -74
3 -75
3 -75
3 -75
3 -74
3 -74
3 -74
3 -74
3 -74
3 -74
3 -74
3 -74
3 -74
3 -74
3 -73
3 -74
3 -74
3 -74
3 -74
3 -74
3 -75
3 -73
3 -73
3 -75
3 -72
3 -75
3 -76
3 -76
3 -75
3 -74
3 -75
3 -76
3 -75
3 -73
3 -72
3 -73
3 -74
3 -74
3 -75
3 -75
3 -75
3 -75
3 -75
3 -76
3 -79
3 -79
3 -65
3 -81
3 -76
3 -77
3 -77
3 -77
3 -77
3 -75
3 -72
3 -74
3 -76
3 -80
3 -82
3 -82
3 -82
3 -81
3 -81
3 -82
3 -79
3 -82
3 -82
3 -78
3 -78
3 -77
3 -76
3 -76
3 -76
3 -76
3 -76
3 -76
3 -78
3 -76
3 -82
3 -84
3 -76
3 -76
3 -76
3 -76
3 -75
3 -75
3 -76
3 -76
3 -78
3 -80
3 -79
3 -76
3 -78
3 -77
3 -76
3 -76
3 -75
3 -76
3 -75
3 -76
3 -76
3 -76
3 -76
3 -76
3 -76
3 -76
3 -75
3 -76
3 -76
3 -76
3 -76
3 -76
3 -75
3 -76
3 -76
3 -40
3 -76
3 -76
3 -76
3 -76
3 -76
3 -76
3 -77
3 -76
3 -76
3 -76
3 -76
3 -76
3 -76
3 -76
3 -76
3 -76
3 -76
3 -76
3 -76
3 -76
3 -76
3 -76
3 -76
3 -76
3 -76
3 -76
3 -76
3 -76
3 -76
3 -77
3 -72
3 -74
3 -75
3 -75
3 -75
3 -73
3 -73
3 -73
3 -75
3 -76
3 -76
3 -77
3 -77
3 -76
3 -76
3 -76
3 -76
3 -76
3 -76
3 -76
3 -76
3 -76
3 -76
3 -76
3 -76
3 -75
3 -75
3 -75
3 -75
3 -76
3 -75
3 -75
3 -76
3 -75
3 -76
3 -76
3 -76
3 -76
3 -76
3 -76
3 -76
3 -76
3 -74
3 -76
3 -75
3 -76
3 -76
3 -75
3 -75
3 -76
3 -76
3 -75
3 -75
3 -75
3 -75
3 -75
3 -76
3 -76
3 -76
3 -76
3 -76
3 -76
3 -76
3 -76
3 -76
3 -68
3 -76
3 -76
3 -76
3 -75
3 -76
3 -76
3 -76
3 -76
3 -77
3 -76
3 -76
3 -76
3 -76
3 -76
3 -76
3 -77
3 -76
3 -76
3 -76
3 -76
3 -76
3 -76
3 -76
3 -76
3 -76
3 -76
3 -76
3 -76
3 -76
3 -76
3 -76
3 -76
3 -76
3 -76
3 -76
3 -76
3 -76
3 -76
3 -76
3 -76
3 -76
3 -76
3 -76
3 -76
3 -76
3 -76
3 -76
3 -75
3 -75
3 -76
3 -76
3 -75
3 -75
3 -75
3 -76
3 -75
3 -76
3 -75
3 -76
3 -75
3 -76
3 -76
3 -76
3 -76
3 -76
3 -75
3 -76
3 -76
3 -76
3 -76
3 -76
3 -76
3 -75
3 -74
3 -73
3 -74
3 -74
3 -72
3 -72
3 -72
3 -73
3 -73
3 -73
3 -73
3 -74
3 -74
3 -72
3 -75
3 -75
3 -75
3 -75
3 -75
3 -75
3 -75
3 -75
3 -75
3 -75
3 -75
3 -74
3 -73
3 -73
3 -31
3 -72
3 -72
3 -73
3 -73
3 -74
3 -74
3 -75
3 -75
3 -76
3 -75
3 -75
3 -76
3 -74
3 -73
3 -72
3 -72
3 -72
3 -72
3 -72
3 -72
3 -72
3 -72
3 -72
3 -72
3 -72
3 -72
3 -72
3 -72
3 -72
3 -72
3 -73
3 -73
3 -73
3 -73
3 -73
3 -73
3 -73
3 -73
3 -72
3 -73
3 -73
3 -72
3 -72
3 -72
3 -72
3 -72
3 -72
3 -72
3 -73
3 -72
3 -72
3 -73
3 -72
3 -73
3 -72
3 -72
3 -72
3 -73
3 -73
3 -73
3 -73
3 -72
3 -72
3 -73
3 -73
3 -72
3 -70
3 -73
3 -72
3 -72
3 -72
3 -73
3 -73
3 -73
3 -73
3 -73
3 -73
3 -73
3 -74
3 -74
3 -73
3 -73
3 -73
3 -73
3 -73
3 -73
3 -73
3 -73
3 -73
3 -73
3 -73
3 -73
3 -73
3 -73
3 -73
3 -73
3 -74
3 -73
3 -74
3 -73
3 -74
3 -74
3 -74
3 -73
3 -73
3 -73
3 -73
3 -74
3 -73
3 -74
3 -74
3 -74
3 -74
3 -74
3 -74
3 -73
3 -74
4 -82
4 -81
4 -82
4 -82
4 -81
4 -81
4 -81
4 -82
4 -82
4 -82
4 -81
4 -81
4 -85
4 -81
4 -81
4 -83
4 -82
4 -84
4 -83
4 -83
4 -81
4 -83
4 -83
4 -84
4 -86
4 -86
4 -86
4 -85
4 -84
4 -85
4 -85
4 -79
4 -76
4 -76
4 -76
4 -74
4 -75
4 -78
4 -83
4 -84
4 -82
4 -79
4 -78
4 -76
4 -77
4 -77
4 -76
4 -77
4 -77
4 -79
4 -79
4 -79
4 -79
4 -81
4 -81
4 -76
4 -80
4 -78
4 -76
4 -78
4 -79
4 -78
4 -81
4 -81
4 -86
4 -83
4 -83
4 -82
4 -79
4 -79
4 -78
4 -78
4 -79
4 -80
4 -80
4 -80
4 -81
4 -69
4 -81
4 -82
4 -83
4 -85
4 -83
4 -82
4 -81
4 -80
4 -79
4 -79
4 -79
4 -79
4 -80
4 -79
4 -80
4 -80
4 -80
4 -79
4 -80
4 -81
4 -80
4 -82
4 -81
4 -82
4 -81
4 -80
4 -82
4 -82
4 -82
4 -81
4 -81
4 -81
4 -78
4 -77
4 -78
4 -80
4 -77
4 -84
4 -86
4 -85
4 -85
4 -85
4 -85
4 -84
4 -83
4 -82
4 -68
4 -67
4 -82
4 -80
4 -82
4 -82
4 -81
4 -80
4 -81
4 -81
4 -82
4 -82
4 -81
4 -82
4 -79
4 -82
4 -80
4 -80
4 -78
4 -80
4 -79
4 -80
4 -80
4 -79
4 -80
4 -80
4 -79
4 -79
4 -79
4 -80
4 -80
4 -80
4 -81
4 -82
4 -82
4 -82
4 -80
4 -81
4 -80
4 -81
4 -80
4 -79
4 -78
4 -80
4 -79
4 -79
4 -80
4 -80
4 -80
4 -80
4 -79
4 -80
4 -79
4 -80
4 -78
4 -79
4 -77
4 -79
4 -80
4 -80
4 -81
4 -82
4 -82
4 -81
4 -82
4 -82
4 -80
4 -81
4 -80
4 -80
4 -80
4 -80
4 -78
4 -80
4 -78
4 -80
4 -79
4 -77
4 -79
4 -79
4 -79
4 -80
4 -79
4 -80
4 -80
4 -80
4 -80
4 -79
4 -78
4 -78
4 -75
4 -78
4 -79
4 -79
4 -78
4 -81
4 -83
4 -82
4 -81
4 -79
4 -78
4 -78
4 -78
4 -78
4 -79
4 -79
4 -78
4 -79
4 -78
4 -79
4 -78
4 -79
4 -80
4 -79
4 -80
4 -78
4 -78
4 -78
4 -79
4 -78
4 -78
4 -78
4 -67
4 -78
4 -78
4 -78
4 -78
4 -78
4 -78
4 -79
4 -77
4 -78
4 -78
4 -78
4 -79
4 -79
4 -79
4 -80
4 -80
4 -80
4 -80
4 -79
4 -79
4 -79
4 -79
4 -79
4 -80
4 -79
4 -78
4 -78
4 -78
4 -78
4 -78
4 -78
4 -77
4 -78
4 -78
4 -79
4 -79
4 -79
4 -80
4 -80
4 -80
4 -79
4 -79
4 -66
4 -81
4 -80
4 -80
4 -80
4 -80
4 -77
4 -79
4 -78
4 -78
4 -78
4 -78
4 -78
4 -78
4 -78
4 -77
4 -77
4 -78
4 -78
4 -78
4 -79
4 -78
4 -78
4 -78
4 -78
4 -78
4 -78
4 -78
4 -76
5 -83
5 -83
5 -82
5 -82
5 -82
5 -82
5 -76
5 -82
5 -76
5 -85
5 -85
5 -77
5 -81
5 -81
5 -81
5 -81
5 -81
5 -82
5 -81
5 -83
5 -79
5 -79
5 -80
5 -81
5 -81
5 -81
5 -83
5 -83
5 -81
5 -81
5 -82
5 -82
5 -78
5 -81
5 -81
5 -81
5 -81
5 -82
5 -81
5 -81
5 -81
5 -81
5 -81
5 -81
5 -81
5 -81
5 -81
5 -81
5 -81
5 -81
5 -81
5 -80
5 -80
5 -81
5 -81
5 -84
5 -81
5 -82
5 -81
5 -83
5 -83
5 -83
5 -83
5 -86
6 -83
6 -87
6 -86
6 -83
6 -88
6 -82
6 -81
6 -81
6 -82
6 -81
6 -57
6 -81
6 -59
6 -80
6 -80
6 -81
6 -81
6 -81
6 -81
6 -81
6 -81
6 -81
6 -81
6 -81
6 -82
6 -80
6 -81
6 -81
6 -82
6 -81
6 -82
6 -82
6 -82
6 -83
6 -81
6 -83
6 -80
6 -79
6 -80
6 -80
6 -79
6 -80
6 -80
6 -80
6 -78
6 -78
6 -78
6 -78
6 -78
6 -80
6 -79
6 -78
6 -80
6 -80
6 -80
6 -82
6 -82
6 -82
6 -81
6 -83
6 -83
6 -83
6 -83
6 -84
6 -84
6 -83
6 -83
6 -83
6 -82
6 -81
6 -83
6 -84
6 -80
6 -79
6 -81
6 -81
6 -81
6 -80
6 -79
6 -78
6 -81
6 -82
6 -82
6 -81
6 -81
6 -80
6 -80
6 -80
6 -81
6 -81
6 -80
6 -80
6 -80
6 -79
6 -80
6 -80
6 -80
6 -79
6 -80
6 -79
6 -81
6 -81
6 -76
6 -80
6 -81
6 -80
6 -80
6 -80
6 -80
6 -80
6 -80
6 -80
6 -80
6 -81
6 -79
6 -80
6 -80
6 -80
6 -80
6 -80
6 -80
6 -80
6 -80
6 -80
6 -80
6 -80
6 -81
6 -81
6 -83
6 -84
6 -80
6 -82
6 -81
6 -83
6 -82
6 -83
6 -82
6 -83
6 -82
6 -82
6 -82
6 -81
6 -81
6 -82
6 -82
6 -82
6 -82
6 -82
6 -82
6 -81
6 -81
6 -81
6 -82
6 -81
6 -81
6 -82
6 -81
6 -81
6 -81
6 -81
6 -81
6 -81
6 -81
6 -81
6 -81
6 -82
6 -81
6 -81
6 -81
6 -82
6 -82
6 -81
6 -81
6 -81
6 -82
6 -82
6 -82
6 -81
6 -82
6 -82
6 -82
6 -82
6 -82
6 -67
6 -80
6 -82
6 -82
6 -82
6 -81
6 -81
6 -82
6 -81
6 -82
6 -82
6 -81
6 -81
6 -82
6 -81
6 -81
6 -81
6 -82
6 -81
6 -81
6 -81
6 -82
6 -81
6 -82
6 -79
6 -82
6 -82
6 -82
6 -82
6 -83
6 -82
6 -82
6 -84
6 -84
6 -84
6 -82
6 -83
6 -83
6 -83
6 -82
6 -82
6 -83
6 -82
6 -83
6 -79
6 -83
6 -82
6 -84
6 -84
6 -84
6 -81
6 -82
6 -80
6 -82
6 -82
6 -81
6 -81
6 -81
6 -80
6 -79
6 -79
6 -80
6 -80
6 -80
6 -80
6 -80
6 -80
6 -80
6 -80
6 -80
6 -81
6 -81
6 -82
6 -82
6 -82
6 -82
6 -83
6 -82
6 -82
6 -82
6 -83
6 -82
6 -82
6 -83
6 -82
6 -81
6 -82
6 -82
6 -82
6 -82
6 -81
6 -82
6 -81
6 -82
6 -81
6 -82
6 -80
6 -81
6 -81
6 -81
6 -82
6 -82
6 -82
6 -81
6 -81
6 -60
6 -82
6 -81
6 -81
6 -82
6 -81
6 -82
6 -83
6 -82
6 -82
6 -82
6 -81
6 -83
6 -83
6 -82
6 -82
6 -82
6 -82
6 -82
7 -85
7 -85
7 -86
7 -86
7 -82
7 -82
7 -81
7 -81
7 -81
7 -82
7 -81
7 -55
7 -80
7 -78
7 -79
7 -79
7 -79
7 -79
7 -79
7 -79
7 -72
7 -79
7 -79
7 -80
7 -79
7 -80
7 -79
7 -79
7 -80
7 -79
7 -79
7 -79
7 -78
7 -79
7 -79
7 -79
7 -76
7 -79
7 -79
7 -80
7 -80
7 -79
7 -78
7 -78
7 -78
7 -78
7 -77
7 -79
7 -79
7 -79
7 -79
7 -78
7 -79
7 -79
7 -77
7 -80
7 -80
7 -81
7 -78
7 -81
7 -82
7 -82
7 -83
7 -83
7 -82
7 -82
7 -82
7 -82
7 -84
7 -83
7 -76
7 -84
7 -84
7 -85
7 -83
7 -83
7 -84
7 -84
7 -84
7 -84
7 -83
7 -82
7 -83
7 -83
7 -82
7 -83
7 -83
7 -83
7 -83
7 -82
7 -83
7 -83
7 -83
7 -82
7 -82
7 -64
7 -83
7 -83
7 -83
7 -83
7 -83
7 -84
7 -83
7 -83
7 -83
7 -84
7 -60
7 -83
7 -84
7 -83
7 -82
7 -83
7 -83
7 -83
7 -83
7 -82
7 -83
7 -83
7 -84
7 -83
7 -84
7 -84
7 -82
7 -84
7 -84
7 -84
7 -82
7 -84
7 -84
7 -84
7 -78
7 -84
7 -84
7 -84
7 -80
7 -81
7 -84
7 -80
7 -85
7 -84
7 -84
7 -83
7 -83
7 -84
7 -80
7 -83
7 -83
7 -83
7 -83
7 -83
7 -83
7 -83
7 -84
7 -84
7 -83
7 -82
7 -83
7 -83
7 -83
7 -83
7 -84
7 -84
7 -84
7 -84
7 -84
7 -85
7 -84
7 -85
7 -84
7 -84
7 -84
7 -83
7 -83
7 -83
7 -82
7 -83
7 -82
7 -83
7 -83
7 -82
7 -82
7 -82
7 -83
7 -84
7 -84
7 -84
7 -83
7 -83
7 -84
7 -84
7 -84
7 -84
7 -82
7 -81
7 -83
7 -82
7 -83
7 -83
7 -84
7 -84
7 -84
7 -85
7 -85
7 -85
7 -84
7 -82
7 -85
7 -81
7 -85
7 -85
7 -85
7 -85
7 -84
7 -84
7 -83
7 -84
7 -84
7 -80
7 -84
7 -82
7 -84
7 -84
7 -84
7 -84
7 -85
7 -84
7 -83
7 -84
7 -84
7 -84
7 -85
7 -84
7 -84
7 -82
7 -83
7 -81
7 -84
7 -81
7 -84
7 -84
7 -73
7 -83
7 -83
7 -83
7 -83
7 -82
7 -83
8 -86
8 -85
8 -81
8 -82
8 -84
8 -83
8 -85
8 -85
8 -81
8 -80
8 -81
8 -82
8 -82
8 -83
8 -80
8 -82
8 -83
8 -83
8 -83
8 -83
8 -83
8 -84
8 -82
8 -83
8 -83
8 -83
8 -82
8 -82
8 -82
8 -83
8 -84
8 -84
8 -84
8 -86
8 -85
8 -85
8 -82
8 -81
8 -79
8 -76
8 -77
8 -79
8 -83
8 -82
8 -80
8 -78
8 -80
8 -80
8 -80
8 -78
8 -66
8 -77
8 -77
8 -77
8 -76
8 -77
8 -77
8 -78
8 -79
8 -80
8 -77
8 -76
8 -76
8 -76
8 -76
8 -76
8 -77
8 -77
8 -76
8 -76
8 -77
8 -77
8 -78
8 -77
8 -76
8 -75
8 -77
8 -82
8 -78
8 -78
8 -78
8 -79
8 -80
8 -84
8 -70
8 -82
8 -83
8 -82
8 -80
8 -82
8 -82
8 -82
8 -81
8 -82
8 -81
8 -82
8 -81
8 -82
8 -82
8 -82
8 -81
8 -82
8 -82
8 -81
8 -83
8 -82
8 -82
8 -82
8 -82
8 -82
8 -82
8 -81
8 -82
8 -79
8 -83
8 -81
8 -83
8 -83
8 -82
8 -81
8 -81
8 -84
8 -84
8 -82
8 -81
8 -81
8 -81
8 -80
8 -81
8 -81
8 -80
8 -81
8 -80
8 -81
8 -81
8 -81
8 -81
8 -81
8 -82
8 -81
8 -80
8 -80
8 -81
8 -81
8 -81
8 -77
8 -80
8 -81
8 -81
8 -81
8 -81
8 -82
8 -82
8 -83
8 -82
8 -82
8 -82
8 -82
8 -82
8 -82
8 -81
8 -82
8 -82
8 -80
8 -82
8 -82
8 -83
8 -82
8 -82
8 -81
8 -81
8 -81
8 -82
8 -79
8 -81
8 -81
8 -81
8 -80
8 -63
8 -80
8 -81
8 -80
8 -80
8 -80
8 -80
8 -82
8 -81
8 -81
8 -81
8 -79
8 -80
8 -80
8 -81
8 -81
8 -79
8 -81
8 -81
8 -81
8 -80
8 -81
8 -81
8 -79
8 -81
8 -82
8 -81
8 -81
8 -81
8 -81
8 -81
8 -81
8 -80
8 -82
8 -80
8 -81
8 -81
8 -81
8 -81
8 -81
8 -81
8 -81
8 -81
8 -80
8 -80
8 -80
8 -80
8 -80
8 -80
8 -80
8 -81
8 -81
8 -81
8 -81
8 -81
8 -81
8 -82
8 -82
8 -82
8 -81
8 -81
8 -81
8 -79
8 -81
8 -81
8 -81
8 -81
8 -82
8 -81
8 -82
8 -81
8 -81
8 -82
8 -82
8 -83
8 -83
8 -82
8 -81
8 -80
8 -80
8 -79
8 -80
8 -80
8 -83
8 -83
8 -83
8 -82
8 -82
8 -82
8 -83
8 -81
8 -77
8 -82
8 -72
8 -82
8 -82
8 -82
8 -82
8 -82
8 -81
8 -82
8 -82
8 -83
8 -83
8 -82
8 -81
8 -81
8 -81
8 -82
8 -82
8 -81
8 -82
8 -82
8 -83
8 -83
8 -82
8 -82
8 -81
8 -82
8 -82
8 -80
8 -81
8 -82
8 -82
8 -82
8 -82
8 -82
8 -81
8 -81
8 -81
8 -81
8 -82
8 -81
8 -82
8 -82
8 -82
8 -82
8 -82
8 -82
8 -81
8 -81
8 -81
8 -81
9 -76
9 -76
9 -76
9 -76
9 -76
9 -76
9 -76
9 -76
9 -76
9 -76
9 -76
9 -76
9 -76
9 -76
9 -76
9 -76
9 -76
9 -76
9 -76
9 -77
9 -77
9 -74
9 -73
9 -75
9 -72
9 -75
9 -75
9 -74
9 -76
9 -76
9 -76
9 -76
9 -76
9 -78
9 -77
9 -75
9 -76
9 -83
9 -82
9 -78
9 -78
9 -81
9 -81
9 -78
9 -76
9 -75
9 -76
9 -76
9 -75
9 -78
9 -78
9 -78
9 -77
9 -77
9 -77
9 -76
9 -77
9 -77
9 -77
9 -76
9 -76
9 -76
9 -76
9 -76
9 -76
9 -77
9 -77
9 -78
9 -77
9 -76
9 -77
9 -76
9 -76
9 -77
9 -70
9 -76
9 -76
9 -76
9 -76
9 -76
9 -78
9 -81
9 -80
9 -80
9 -79
9 -80
9 -78
9 -78
9 -79
9 -79
9 -82
9 -82
9 -82
9 -67
9 -81
9 -81
9 -75
9 -75
9 -74
9 -75
9 -76
9 -76
9 -77
9 -77
9 -78
9 -76
9 -75
9 -75
9 -75
9 -75
9 -75
9 -76
9 -75
9 -74
9 -74
9 -74
9 -74
9 -73
9 -73
9 -74
9 -76
9 -78
9 -80
9 -80
9 -79
9 -78
9 -80
9 -78
9 -76
9 -82
9 -81
9 -80
9 -75
9 -74
9 -73
9 -73
9 -74
9 -75
9 -75
9 -75
9 -76
9 -76
9 -76
9 -76
9 -75
9 -74
9 -75
9 -75
9 -75
9 -76
9 -74
9 -76
9 -76
9 -67
9 -75
9 -76
9 -76
9 -77
9 -78
9 -80
9 -79
9 -78
9 -78
9 -78
9 -78
9 -79
9 -78
9 -78
9 -78
9 -78
9 -78
9 -78
9 -78
9 -77
9 -75
9 -77
9 -76
9 -76
9 -76
9 -76
9 -76
9 -76
9 -76
9 -76
9 -76
9 -73
9 -76
9 -76
9 -76
9 -76
9 -76
9 -30
9 -76
9 -77
9 -76
9 -76
9 -71
9 -76
9 -76
9 -76
9 -76
9 -76
9 -76
9 -76
9 -76
9 -76
9 -76
9 -76
9 -76
9 -76
9 -77
9 -76
9 -76
9 -76
9 -75
9 -75
9 -75
9 -75
9 -75
9 -75
9 -75
9 -75
9 -75
9 -75
9 -75
9 -75
9 -75
9 -75
9 -76
9 -75
9 -75
9 -76
9 -76
9 -76
9 -76
9 -76
9 -76
9 -76
9 -75
9 -76
9 -75
9 -76
9 -76
9 -76
9 -76
9 -75
9 -76
9 -75
9 -76
9 -76
9 -76
9 -75
9 -76
9 -76
9 -76
9 -75
9 -76
9 -76
9 -75
9 -76
9 -76
9 -76
9 -76
9 -73
9 -76
9 -76
9 -74
9 -76
9 -75
9 -75
9 -75
9 -75
9 -75
9 -75
9 -76
9 -75
9 -75
9 -75
9 -76
9 -76
9 -76
9 -75
9 -75
9 -75
9 -75
9 -76
9 -75
9 -75
9 -75
9 -75
9 -76
9 -76
9 -76
9 -76
9 -76
9 -76
9 -76
9 -76
9 -76
9 -75
9 -76
9 -76
9 -76
9 -76
9 -75
9 -76
9 -76
9 -75
9 -75
9 -75
9 -75
9 -76
9 -75
9 -75
9 -75
9 -75
9 -75
9 -75
9 -75
9 -75
9 -75
9 -75
9 -75
9 -75
9 -75
9 -75
9 -75
9 -75
9 -75
9 -76
9 -76
9 -76
9 -76
9 -76
9 -75
9 -76
9 -76
9 -76
9 -75
9 -78
9 -76
9 -76
9 -75
9 -76
9 -75
9 -74
9 -48
9 -78
9 -78
9 -77
9 -78
9 -76
9 -76
9 -64
9 -75
9 -75
9 -75
9 -75
9 -75
9 -75
9 -75
9 -76
9 -76
9 -75
9 -75
9 -75
9 -75
9 -75
9 -75
9 -76
9 -75
9 -76
9 -76
9 -76
9 -74
9 -74
9 -75
9 -75
9 -75
9 -75
9 -75
9 -75
9 -75
9 -75
9 -76
9 -75
9 -68
9 -78
9 -78
9 -76
9 -76
9 -76
9 -75
9 -75
9 -75
9 -75
9 -75
9 -76
9 -76
9 -77
9 -77
9 -78
9 -78
9 -77
9 -77
9 -77
9 -77
9 -76
9 -51
9 -76
9 -76
9 -76
9 -76
9 -76
9 -75
9 -75
9 -75
9 -75
9 -75
9 -75
9 -75
9 -75
9 -75
9 -74
9 -75
9 -67
9 -75
9 -75
9 -75
9 -75
9 -75
9 -75
9 -75
9 -75
9 -75
9 -75
9 -75
9 -75
9 -74
9 -75
9 -75
9 -74
9 -75
9 -75
9 -55
9 -76
9 -76
9 -77
9 -76
9 -76
9 -76
9 -76
9 -76
9 -76
9 -76
9 -75
9 -76
9 -76
9 -48
9 -75
9 -76
9 -76
9 -76
9 -76
9 -75
9 -75
9 -75
9 -75
9 -75
9 -75
9 -75
9 -75
9 -74
9 -75
9 -75
9 -75
9 -75
9 -75
9 -75
9 -75
9 -75
9 -76
9 -76
9 -76
9 -75
9 -75
9 -75
9 -75
9 -75
9 -75
9 -75
10 -69
10 -69
10 -69
10 -69
10 -69
10 -68
10 -69
10 -69
10 -68
10 -68
10 -68
10 -68
10 -68
10 -68
10 -69
10 -69
10 -69
10 -69
10 -69
10 -70
10 -69
10 -70
10 -70
10 -72
10 -72
10 -74
10 -75
10 -76
10 -73
10 -73
10 -73
10 -72
10 -72
10 -72
10 -72
10 -70
10 -71
10 -72
10 -72
10 -72
10 -70
10 -70
10 -70
10 -69
10 -69
10 -67
10 -67
10 -68
10 -69
10 -69
10 -70
10 -70
10 -69
10 -70
10 -70
10 -70
10 -69
10 -69
10 -70
10 -70
10 -69
10 -69
10 -69
10 -70
10 -70
10 -70
10 -69
10 -70
10 -70
10 -70
10 -70
10 -70
10 -69
10 -70
10 -70
10 -69
10 -70
10 -70
10 -69
10 -69
10 -69
10 -69
10 -69
10 -70
10 -70
10 -70
10 -70
10 -70
10 -70
10 -70
10 -70
10 -70
10 -75
10 -70
10 -70
10 -70
10 -70
10 -70
10 -70
10 -70
10 -70
10 -69
10 -69
10 -69
10 -69
10 -69
10 -70
10 -70
10 -71
10 -72
10 -73
10 -64
10 -76
10 -76
10 -76
10 -74
10 -74
10 -72
10 -70
10 -72
10 -71
10 -71
10 -71
10 -70
10 -70
10 -70
10 -70
10 -70
10 -70
10 -71
10 -71
10 -70
10 -70
10 -70
10 -72
10 -71
10 -71
10 -72
10 -72
10 -72
10 -72
10 -74
10 -74
10 -76
10 -78
10 -78
10 -78
10 -75
10 -76
10 -80
10 -79
10 -76
10 -73
10 -73
10 -72
10 -71
10 -71
10 -74
10 -72
10 -73
10 -74
10 -72
10 -70
10 -69
10 -68
10 -67
10 -67
10 -67
10 -66
10 -66
10 -68
10 -68
10 -69
10 -68
10 -67
10 -66
10 -66
10 -66
10 -66
10 -66
10 -66
10 -66
10 -66
10 -66
10 -66
10 -66
10 -67
10 -67
10 -67
10 -67
10 -67
10 -66
10 -66
10 -66
10 -66
10 -66
10 -66
10 -66
10 -66
10 -66
10 -66
10 -66
10 -66
10 -66
10 -66
10 -66
10 -66
10 -66
10 -66
10 -66
10 -66
10 -66
10 -66
10 -66
10 -66
10 -66
10 -66
10 -66
10 -66
10 -66
10 -66
10 -66
10 -66
10 -66
10 -66
10 -66
10 -66
10 -66
10 -66
10 -66
10 -66
10 -66
10 -66
10 -66
10 -66
10 -66
10 -66
10 -67
10 -67
10 -68
10 -69
10 -70
10 -70
10 -70
10 -69
10 -69
10 -69
10 -69
10 -69
10 -62
10 -70
10 -70
10 -70
10 -70
10 -70
10 -70
10 -69
10 -69
10 -69
10 -69
10 -69
10 -68
10 -68
10 -68
10 -68
10 -68
10 -68
10 -68
10 -68
10 -68
10 -68
10 -68
10 -67
10 -67
10 -67
10 -67
10 -67
10 -67
10 -67
10 -67
10 -67
10 -67
10 -67
10 -67
10 -67
10 -67
10 -67
10 -67
10 -67
10 -67
10 -67
10 -67
10 -67
10 -66
10 -66
10 -66
10 -66
10 -66
10 -66
10 -66
10 -66
10 -66
10 -67
10 -66
10 -66
10 -66
10 -66
10 -66
10 -66
10 -66
10 -66
10 -66
10 -66
10 -66
10 -67
10 -67
10 -67
10 -67
10 -67
10 -67
10 -67
10 -67
10 -66
10 -66
10 -66
10 -66
10 -66
10 -66
10 -66
10 -66
10 -66
10 -66
10 -66
10 -67
10 -66
10 -66
10 -66
10 -66
10 -66
10 -66
10 -66
10 -66
10 -66
10 -66
10 -66
10 -66
10 -66
10 -66
10 -66
10 -66
10 -66
10 -66
10 -67
10 -66
10 -66
10 -66
10 -67
10 -67
10 -67
10 -67
10 -67
10 -67
10 -67
10 -67
10 -67
10 -67
10 -67
10 -67
10 -67
10 -67
10 -66
10 -67
10 -67
10 -67
10 -67
10 -67
10 -68
10 -68
10 -68
10 -68
10 -68
10 -68
10 -68
10 -69
10 -69
10 -68
10 -68
10 -68
10 -67
10 -67
10 -67
10 -67
10 -67
10 -67
10 -67
10 -67
10 -67
10 -67
10 -67
10 -67
10 -67
10 -67
10 -67
10 -67
10 -68
10 -67
10 -67
10 -68
10 -68
10 -69
10 -69
10 -69
10 -70
10 -69
10 -69
10 -69
10 -69
10 -69
10 -69
10 -69
10 -68
10 -69
10 -68
10 -69
10 -69
10 -68
10 -68
10 -68
10 -68
10 -68
10 -68
10 -68
10 -68
10 -67
10 -67
10 -68
10 -68
10 -68
10 -68
10 -68
10 -68
10 -67
10 -67
10 -68
10 -68
10 -68
10 -68
10 -68
10 -68
10 -67
10 -67
10 -67
10 -67
10 -67
10 -68
10 -68
10 -68
10 -68
10 -68
10 -68
10 -68
10 -68
10 -68
10 -68
10 -68
10 -67
10 -69
10 -69
10 -69
10 -69
10 -69
10 -69
10 -69
10 -68
10 -69
10 -67
10 -68
10 -67
10 -68
10 -68
10 -68
10 -68
10 -68
10 -68
10 -68
10 -68
10 -68
10 -68
10 -68
10 -68
10 -68
10 -68
10 -67
10 -68
10 -68
10 -69
10 -69
10 -69
10 -69
10 -69
10 -69
10 -69
10 -69
10 -69
10 -68
10 -68
10 -68
10 -68
10 -68
10 -68
10 -68
10 -68
10 -68
10 -68
10 -68
10 -68
10 -68
10 -68
10 -69
10 -68
10 -68
10 -69
10 -68
10 -68
10 -68
10 -68
10 -68
10 -68
10 -68
10 -68
10 -68
10 -68
10 -68
10 -68
10 -68
11 -73
11 -74
11 -74
11 -74
11 -74
11 -74
11 -74
11 -73
11 -73
11 -73
11 -67
11 -73
11 -73
11 -74
11 -74
11 -74
11 -74
11 -73
11 -73
11 -73
11 -73
11 -72
11 -73
11 -72
11 -72
11 -72
11 -70
11 -71
11 -71
11 -71
11 -70
11 -70
11 -70
11 -70
11 -70
11 -70
11 -71
11 -70
11 -70
11 -70
11 -70
11 -70
11 -72
11 -70
11 -71
11 -71
11 -71
11 -70
11 -69
11 -69
11 -69
11 -69
11 -69
11 -70
11 -70
11 -70
11 -70
11 -70
11 -70
11 -70
11 -70
11 -70
11 -70
11 -70
11 -70
11 -70
11 -70
11 -70
11 -70
11 -70
11 -70
11 -70
11 -70
11 -70
11 -70
11 -70
11 -70
11 -70
11 -70
11 -70
11 -70
11 -70
11 -70
11 -70
11 -70
11 -70
11 -70
11 -70
11 -70
11 -70
11 -70
11 -70
11 -70
11 -70
11 -71
11 -70
11 -70
11 -70
11 -71
11 -71
11 -71
11 -71
11 -70
11 -70
11 -70
11 -70
11 -70
11 -70
11 -70
11 -70
11 -70
11 -70
11 -70
11 -70
11 -63
11 -70
11 -71
11 -71
11 -70
11 -71
11 -71
11 -72
11 -71
11 -72
11 -74
11 -76
11 -76
11 -77
11 -77
11 -78
11 -77
11 -76
11 -78
11 -78
11 -78
11 -78
11 -78
11 -78
11 -78
11 -77
11 -79
11 -77
11 -77
11 -76
11 -77
11 -77
11 -77
11 -77
11 -76
11 -76
11 -78
11 -78
11 -76
11 -76
11 -76
11 -74
11 -73
11 -73
11 -72
11 -72
11 -72
11 -72
11 -72
11 -73
11 -73
11 -72
11 -73
11 -74
11 -75
11 -77
11 -74
11 -74
11 -70
11 -70
11 -71
11 -72
11 -72
11 -72
11 -72
11 -72
11 -72
11 -71
11 -72
11 -72
11 -73
11 -73
11 -75
11 -67
11 -72
11 -72
11 -73
11 -73
11 -74
11 -73
11 -72
11 -73
11 -73
11 -73
11 -52
11 -73
11 -73
11 -74
11 -73
11 -73
11 -73
11 -72
11 -73
11 -73
11 -73
11 -73
11 -73
11 -73
11 -73
11 -74
11 -73
11 -73
11 -74
11 -74
11 -74
11 -74
11 -75
11 -75
11 -70
11 -75
11 -75
11 -75
11 -74
11 -74
11 -73
11 -74
11 -74
11 -81
11 -74
11 -74
11 -66
11 -75
11 -75
11 -75
11 -75
11 -75
11 -75
11 -75
11 -75
11 -76
11 -76
11 -76
11 -76
11 -77
11 -78
11 -79
11 -81
11 -83
11 -82
11 -81
11 -81
11 -81
11 -81
11 -80
11 -80
11 -78
11 -78
11 -78
11 -78
11 -69
11 -78
11 -79
11 -79
11 -78
11 -78
11 -78
11 -77
11 -78
11 -78
11 -78
11 -78
11 -77
11 -58
11 -77
11 -78
11 -76
11 -76
11 -76
11 -76
11 -76
11 -76
11 -76
11 -76
11 -76
11 -76
11 -77
11 -77
11 -77
11 -76
11 -77
11 -77
11 -78
11 -78
11 -78
11 -79
11 -79
11 -80
11 -80
11 -80
11 -81
11 -79
11 -76
11 -78
11 -78
11 -78
11 -76
11 -78
11 -77
11 -77
11 -78
11 -78
11 -78
11 -78
11 -76
11 -77
11 -77
11 -77
11 -78
11 -78
11 -77
11 -77
11 -77
11 -77
11 -77
11 -77
11 -77
11 -78
11 -78
11 -78
11 -78
11 -78
11 -78
11 -79
11 -78
11 -79
11 -79
11 -79
11 -79
11 -80
11 -79
11 -81
11 -80
11 -83
11 -84
11 -84
11 -82
11 -81
11 -81
11 -58
11 -79
11 -79
11 -79
11 -79
11 -80
11 -80
11 -81
11 -80
11 -79
11 -79
11 -78
11 -78
11 -79
11 -84
11 -80
11 -82
11 -81
11 -80
11 -81
11 -80
11 -79
11 -80
11 -80
11 -81
11 -81
11 -80
11 -79
11 -79
11 -79
11 -78
11 -77
11 -78
11 -78
11 -80
11 -81
11 -81
11 -80
11 -79
11 -80
11 -79
11 -81
11 -80
11 -81
11 -80
11 -82
11 -82
11 -83
11 -84
11 -84
11 -80
11 -84
11 -84
11 -84
11 -85
11 -85
11 -84
11 -84
11 -84
11 -84
11 -84
11 -78
11 -83
11 -83
11 -83
11 -82
11 -81
11 -81
11 -81
11 -81
11 -83
11 -83
11 -83
11 -83
11 -84
11 -84
12 -82
12 -82
12 -82
12 -59
12 -83
12 -82
12 -82
12 -81
12 -81
12 -80
12 -82
12 -81
12 -83
12 -84
12 -84
12 -85
12 -78
12 -86
12 -85
12 -84
12 -84
12 -78
12 -77
12 -78
12 -78
12 -78
12 -78
12 -83
12 -84
12 -82
12 -81
12 -81
12 -80
12 -81
12 -81
12 -81
12 -83
12 -86
12 -81
12 -82
12 -81
12 -81
12 -83
12 -83
12 -82
12 -83
12 -82
12 -83
12 -81
12 -79
12 -79
12 -80
12 -79
12 -76
12 -76
12 -78
12 -78
12 -82
12 -80
12 -82
12 -82
12 -83
12 -84
12 -82
12 -81
12 -80
12 -81
12 -81
12 -80
12 -80
12 -80
12 -80
12 -81
12 -81
12 -81
12 -81
12 -81
12 -81
12 -81
12 -81
12 -81
12 -82
12 -81
12 -81
12 -82
12 -81
12 -82
12 -82
12 -81
12 -81
12 -81
12 -80
12 -80
12 -80
12 -80
12 -80
12 -80
12 -80
12 -80
12 -80
12 -80
12 -79
12 -80
12 -80
12 -80
12 -79
12 -80
12 -80
12 -80
12 -80
12 -79
12 -79
12 -80
12 -80
12 -79
12 -78
12 -81
12 -82
12 -82
12 -80
12 -80
12 -79
12 -79
12 -78
12 -78
12 -76
12 -77
12 -77
12 -78
12 -78
12 -78
12 -78
12 -78
12 -78
12 -78
12 -78
12 -78
12 -78
12 -78
12 -78
12 -78
12 -78
12 -78
12 -78
12 -78
12 -78
12 -72
12 -78
12 -78
12 -78
12 -78
12 -79
12 -78
12 -79
12 -78
12 -78
12 -78
12 -78
12 -78
12 -78
12 -79
12 -78
12 -79
12 -80
12 -79
12 -79
12 -79
12 -78
12 -78
12 -79
12 -79
12 -81
12 -81
12 -80
12 -80
12 -80
12 -81
12 -80
12 -80
12 -79
12 -80
12 -79
12 -79
12 -78
12 -79
12 -79
12 -78
12 -79
12 -79
12 -79
12 -79
12 -56
12 -79
12 -79
12 -80
12 -79
12 -80
12 -81
12 -81
12 -80
12 -81
12 -80
12 -80
12 -80
12 -81
12 -81
12 -80
12 -81
12 -80
12 -81
12 -80
12 -80
12 -79
12 -79
12 -79
12 -79
12 -78
12 -79
12 -78
12 -79
12 -79
12 -76
12 -79
12 -78
12 -79
12 -78
12 -79
12 -78
12 -78
12 -79
12 -79
12 -79
12 -78
12 -77
12 -78
12 -78
12 -78
12 -78
12 -78
12 -79
12 -78
12 -78
12 -78
12 -78
12 -79
12 -79
12 -79
12 -76
12 -80
12 -79
12 -79
12 -80
12 -78
12 -80
12 -80
12 -80
12 -80
12 -80
12 -81
12 -80
12 -82
12 -82
12 -82
12 -82
12 -82
12 -81
12 -81
12 -54
12 -79
12 -79
12 -79
12 -79
12 -79
12 -79
12 -78
12 -78
12 -78
12 -78
12 -79
12 -79
12 -80
12 -79
12 -79
12 -80
12 -79
12 -80
12 -80
12 -80
12 -81
12 -80
12 -78
12 -79
12 -80
12 -79
12 -79
12 -79
12 -79
12 -78
12 -79
12 -79
12 -79
12 -80
12 -79
12 -79
12 -80
12 -80
12 -80
12 -80
12 -79
12 -79
12 -79
12 -78
12 -78
12 -78
12 -78
12 -79
12 -79
12 -79
12 -79
12 -79
12 -80
12 -80
12 -80
12 -79
12 -79
12 -80
12 -79
12 -80
12 -80
12 -80
12 -79
12 -80
12 -79
12 -79
12 -79
12 -79
12 -80
12 -79
12 -79
12 -79
12 -79
12 -79
12 -78
12 -79
12 -79
12 -79
12 -79
14 -82
14 -82
14 -82
14 -82
14 -82
14 -81
14 -81
14 -81
14 -81
14 -82
14 -83
14 -82
14 -80
14 -78
14 -80
14 -80
14 -81
14 -79
14 -79
14 -80
14 -80
14 -79
14 -79
14 -79
14 -80
14 -45
14 -83
14 -81
14 -80
14 -79
14 -78
14 -79
14 -79
14 -79
14 -78
14 -79
14 -78
14 -78
14 -78
14 -78
14 -77
14 -78
14 -78
14 -79
14 -79
14 -78
14 -78
14 -79
14 -79
14 -79
14 -79
14 -79
14 -79
14 -79
14 -79
14 -79
14 -79
14 -79
14 -78
14 -78
14 -78
14 -79
14 -80
14 -79
14 -80
14 -80
14 -81
14 -80
14 -80
14 -80
14 -80
14 -80
14 -80
14 -79
14 -79
14 -79
14 -80
14 -79
14 -70
14 -80
14 -80
14 -81
14 -81
14 -81
14 -79
14 -74
14 -64
14 -63
14 -78
14 -78
14 -78
14 -78
14 -83
14 -79
14 -83
14 -83
14 -81
14 -82
14 -81
14 -81
14 -82
14 -82
14 -83
14 -83
14 -84
14 -79
14 -82
14 -81
14 -81
14 -82
14 -82
14 -85
14 -82
14 -81
14 -81
14 -77
14 -81
14 -81
14 -84
14 -86
14 -86
14 -84
14 -85
14 -84
14 -86
14 -84
14 -84
14 -83
14 -85
14 -85
14 -85
14 -85
14 -85
14 -84
14 -85
14 -84
14 -86
14 -85
14 -84
14 -85
14 -84
14 -84
14 -83
14 -83
14 -84
14 -83
14 -83
14 -81
14 -83
14 -83
14 -84
14 -82
14 -81
14 -83
14 -85
14 -84
14 -84
14 -84
14 -84
14 -85
14 -84
14 -84
14 -83
14 -84
14 -84
14 -84
14 -84
14 -84
14 -84
14 -84
14 -84
14 -84
14 -83
14 -84
14 -84
14 -84
14 -83
14 -83
14 -84
14 -84
14 -78
14 -84
14 -84
14 -84
14 -84
14 -84
14 -80
14 -84
14 -83
14 -83
14 -82
14 -84
14 -83
14 -83
14 -84
14 -84
14 -84
14 -84
14 -84
14 -83
14 -84
14 -83
14 -81
14 -83
14 -84
14 -83
14 -83
14 -82
14 -83
14 -83
14 -83
14 -83
14 -83
14 -84
14 -82
14 -83
14 -83
14 -83
14 -84
14 -84
14 -84
14 -84
14 -84
14 -84
14 -83
14 -83
14 -83
14 -84
14 -83
14 -83
14 -83
14 -82
14 -83
14 -84
14 -84
14 -84
14 -84
14 -83
14 -83
14 -85
14 -84
14 -84
14 -83
14 -84
15 -84
15 -84
15 -84
15 -84
15 -82
15 -54
15 -83
15 -83
15 -85
15 -86
15 -87
15 -82
15 -88
15 -86
15 -84
15 -84
15 -85
15 -85
15 -86
15 -84
15 -86
15 -85
15 -86
15 -88
15 -85
15 -85
15 -86
15 -85
15 -85
15 -85
15 -86
15 -86
15 -86
15 -87
15 -86
15 -86
15 -85
15 -86
15 -86
15 -84
15 -85
15 -86
15 -85
15 -87
15 -86
15 -86
15 -87
15 -85
15 -85
15 -86
15 -86
15 -86
15 -84
15 -85
15 -85
15 -85
15 -85
15 -85
15 -85
15 -85
15 -84
15 -79
15 -84
15 -85
15 -85
15 -86
15 -85
15 -86
15 -86
16 -79
16 -77
16 -78
16 -79
16 -63
16 -79
16 -79
16 -80
16 -80
16 -79
16 -79
16 -79
16 -80
16 -80
16 -78
16 -80
16 -80
16 -81
16 -81
16 -82
16 -81
16 -79
16 -81
16 -79
16 -81
16 -80
16 -80
16 -80
16 -80
16 -80
16 -82
16 -80
16 -80
16 -80
16 -74
16 -80
16 -81
16 -83
16 -80
16 -81
16 -80
16 -81
16 -81
16 -81
16 -81
16 -81
16 -80
16 -81
16 -77
16 -81
16 -81
16 -81
16 -81
16 -81
16 -81
16 -81
16 -80
16 -81
16 -81
16 -81
16 -81
16 -81
16 -81
16 -81
16 -81
16 -81
16 -82
16 -80
16 -80
16 -82
16 -82
16 -80
16 -82
16 -82
16 -81
16 -82
16 -82
16 -80
16 -82
16 -80
16 -81
16 -80
16 -78
16 -81
16 -81
16 -81
16 -81
16 -79
16 -82
16 -78
16 -81
16 -81
16 -81
16 -79
16 -80
16 -82
16 -82
16 -82
16 -84
16 -84
16 -82
16 -81
16 -80
16 -80
16 -82
16 -81
16 -82
16 -81
16 -83
16 -82
16 -82
16 -81
16 -81
16 -81
16 -81
16 -82
16 -81
16 -80
16 -81
16 -80
16 -81
16 -81
16 -81
16 -81
16 -82
16 -81
16 -81
16 -81
16 -81
16 -81
16 -80
16 -81
16 -80
16 -81
16 -80
16 -80
16 -80
16 -81
16 -80
16 -80
16 -81
16 -81
16 -81
16 -80
16 -81
16 -81
16 -80
16 -80
16 -80
16 -80
16 -81
16 -80
16 -81
16 -81
16 -80
16 -81
16 -81
16 -79
16 -80
16 -81
16 -81
16 -81
16 -81
16 -81
16 -81
16 -81
16 -81
16 -81
16 -82
16 -81
16 -82
16 -82
16 -81
16 -81
16 -80
16 -82
16 -81
16 -82
16 -80
16 -81
16 -80
16 -81
16 -81
16 -81
16 -81
16 -81
16 -81
16 -81
16 -82
16 -64
16 -81
16 -80
16 -75
16 -80
16 -80
16 -80
16 -81
16 -81
16 -80
16 -80
16 -82
16 -80
16 -81
16 -81
16 -81
16 -80
16 -80
16 -81
16 -81
16 -80
16 -80
16 -81
16 -81
16 -81
16 -82
16 -81
16 -82
16 -82
16 -82
16 -82
16 -81
16 -81
16 -81
16 -81
16 -81
16 -81
16 -82
16 -81
16 -80
16 -80
16 -81
16 -81
16 -81
16 -81
16 -81
16 -81
16 -80
16 -81
16 -81
16 -80
16 -77
16 -79
16 -80
16 -81
16 -78
16 -81
16 -81
16 -81
16 -81
16 -81
16 -82
16 -81
16 -82
16 -81
16 -81
16 -65
16 -81
16 -81
16 -81
16 -82
16 -81
16 -82
16 -82
16 -82
16 -81
16 -81
16 -82
16 -81
16 -82
16 -81
16 -80
16 -82
16 -81
16 -58
16 -81
16 -81
16 -81
16 -81
16 -82
16 -83
16 -82
16 -83
16 -84
16 -82
16 -82
16 -82
16 -82
16 -81
16 -82
16 -82
16 -82
16 -82
16 -80
16 -82
16 -82
16 -82
16 -82
16 -83
16 -82
16 -82
16 -82
16 -82
16 -81
16 -82
16 -82
16 -82
16 -81
16 -82
16 -82
16 -82
16 -82
16 -82
16 -81
16 -82
16 -82
16 -82
16 -82
16 -81
16 -81
16 -82
16 -82
16 -81
16 -82
16 -83
16 -82
16 -83
16 -82
16 -82
16 -81
16 -81
16 -80
16 -80
16 -80
16 -81
16 -81
16 -82
16 -82
16 -82
16 -82
16 -82
16 -81
16 -81
16 -82
16 -81
16 -81
16 -81
16 -81
16 -82
18 -83
18 -81
18 -82
18 -81
18 -81
18 -83
18 -82
18 -84
18 -84
18 -84
18 -80
18 -79
18 -78
18 -79
18 -80
18 -78
18 -78
18 -78
18 -77
18 -78
18 -76
18 -77
18 -78
18 -78
18 -77
18 -79
18 -78
18 -77
18 -76
18 -76
18 -76
18 -76
18 -77
18 -78
18 -79
18 -79
18 -79
18 -79
18 -78
18 -78
18 -78
18 -78
18 -78
18 -76
18 -78
18 -78
18 -78
18 -78
18 -78
18 -79
18 -77
18 -79
18 -78
18 -78
18 -77
18 -78
18 -78
18 -79
18 -79
18 -79
18 -78
18 -78
18 -78
18 -76
18 -76
18 -76
18 -76
18 -71
18 -76
18 -76
18 -76
18 -76
18 -76
18 -77
18 -78
18 -78
18 -79
18 -79
18 -78
18 -80
18 -79
18 -81
18 -81
18 -81
18 -80
18 -77
18 -76
18 -74
18 -75
18 -74
18 -76
18 -82
18 -81
18 -80
18 -80
18 -79
18 -80
18 -80
18 -81
18 -82
18 -81
18 -78
18 -80
18 -79
18 -77
18 -76
18 -76
18 -76
18 -76
18 -76
18 -76
18 -76
18 -77
18 -78
18 -78
18 -82
18 -79
18 -79
18 -80
18 -83
18 -83
18 -80
18 -80
18 -83
18 -84
18 -85
18 -84
18 -84
18 -83
18 -83
18 -82
18 -83
18 -83
18 -83
18 -83
18 -84
18 -84
18 -83
18 -81
18 -54
18 -82
18 -83
18 -83
18 -82
18 -83
18 -72
18 -83
18 -82
18 -81
18 -83
18 -82
18 -80
18 -81
18 -81
18 -81
18 -80
18 -84
18 -80
18 -78
18 -80
18 -80
18 -81
18 -81
18 -78
18 -81
18 -81
18 -81
18 -80
18 -81
18 -81
18 -81
18 -82
18 -82
18 -82
18 -81
18 -81
18 -82
18 -82
18 -82
18 -83
18 -82
18 -82
18 -83
18 -81
18 -83
18 -82
18 -82
18 -82
18 -82
18 -82
18 -82
18 -82
18 -82
18 -82
18 -82
18 -81
18 -82
18 -82
18 -81
18 -81
18 -82
18 -81
18 -81
18 -81
18 -82
18 -81
18 -81
18 -81
18 -81
18 -82
18 -82
18 -81
18 -82
18 -82
18 -81
18 -82
18 -81
18 -82
18 -82
18 -81
18 -81
18 -81
18 -81
18 -81
18 -82
18 -82
18 -82
18 -81
18 -82
18 -81
18 -82
18 -81
18 -82
18 -80
18 -82
18 -78
18 -82
18 -81
18 -82
18 -82
18 -81
18 -82
18 -55
18 -81
18 -81
18 -81
18 -81
18 -80
18 -81
18 -81
18 -81
18 -82
18 -81
18 -70
18 -81
18 -82
18 -82
18 -81
18 -82
18 -81
18 -82
18 -80
18 -81
18 -79
18 -79
18 -78
18 -78
18 -78
18 -78
18 -78
18 -78
18 -78
18 -80
18 -74
18 -81
18 -82
18 -83
18 -82
18 -82
18 -82
18 -81
18 -82
18 -83
18 -82
18 -81
18 -82
18 -81
18 -82
18 -83
18 -83
18 -81
18 -81
18 -81
18 -81
18 -81
18 -80
18 -81
18 -81
18 -81
18 -79
18 -81
18 -81
18 -80
18 -80
18 -67
18 -81
18 -81
18 -81
18 -80
18 -81
18 -81
18 -81
18 -81
18 -81
18 -80
18 -81
18 -80
18 -80
18 -80
18 -80
18 -81
18 -81
18 -81
18 -80
18 -80
18 -78
18 -80
18 -80
18 -80
18 -79
18 -80
18 -80
18 -80
18 -80
18 -80
18 -80
18 -80
18 -80
18 -80
18 -79
19 -76
19 -76
19 -77
19 -76
19 -77
19 -77
19 -77
19 -77
19 -78
19 -76
19 -77
19 -77
19 -78
19 -77
19 -77
19 -76
19 -77
19 -76
19 -76
19 -75
19 -76
19 -76
19 -76
19 -77
19 -79
19 -81
19 -79
19 -77
19 -79
19 -81
19 -82
19 -82
19 -81
19 -81
19 -77
19 -77
19 -80
19 -80
19 -81
19 -80
19 -79
19 -79
19 -79
19 -79
19 -79
19 -79
19 -78
19 -78
19 -78
19 -78
19 -78
19 -79
19 -78
19 -78
19 -79
19 -79
19 -78
19 -79
19 -79
19 -78
19 -80
19 -80
19 -79
19 -78
19 -79
19 -77
19 -78
19 -76
19 -79
19 -78
19 -81
19 -84
19 -81
19 -81
19 -82
19 -82
19 -83
19 -82
19 -82
19 -82
19 -80
19 -80
19 -79
19 -78
19 -78
19 -79
19 -77
19 -76
19 -80
19 -82
19 -82
19 -77
19 -78
19 -78
19 -78
19 -78
19 -78
19 -78
19 -78
19 -78
19 -79
19 -79
19 -79
19 -80
19 -81
19 -82
19 -81
19 -82
19 -79
19 -80
19 -63
19 -79
19 -79
19 -80
19 -79
19 -83
19 -83
19 -83
19 -84
19 -78
19 -85
19 -86
19 -84
19 -84
19 -84
19 -84
19 -85
19 -84
19 -84
19 -82
19 -82
19 -83
19 -78
19 -84
19 -76
19 -83
19 -84
19 -83
19 -83
19 -83
19 -83
19 -83
19 -82
19 -83
19 -83
19 -82
19 -83
19 -83
19 -83
19 -82
19 -82
19 -83
19 -83
19 -83
19 -83
19 -81
19 -81
19 -81
19 -82
19 -81
19 -62
19 -82
19 -82
19 -83
19 -82
19 -81
19 -82
19 -82
19 -82
19 -82
19 -82
19 -82
19 -83
19 -82
19 -82
19 -83
19 -82
19 -82
19 -82
19 -82
19 -82
19 -82
19 -80
19 -83
19 -83
19 -82
19 -83
19 -80
19 -83
19 -83
19 -83
19 -83
19 -82
19 -83
19 -83
19 -79
19 -83
19 -83
19 -83
19 -83
19 -83
19 -83
19 -83
19 -81
19 -83
19 -83
19 -82
19 -84
19 -78
19 -83
19 -84
19 -83
19 -83
19 -83
19 -84
19 -84
19 -84
19 -84
19 -84
19 -83
19 -83
19 -76
19 -83
19 -57
19 -83
19 -82
19 -83
19 -83
19 -83
19 -82
19 -82
19 -81
19 -82
19 -82
19 -82
19 -82
19 -82
19 -82
19 -83
19 -82
19 -82
19 -81
19 -81
19 -79
19 -81
19 -82
19 -82
19 -82
19 -82
19 -83
19 -83
19 -82
19 -82
19 -81
19 -81
19 -81
19 -80
19 -81
19 -81
19 -81
19 -81
19 -82
19 -82
19 -84
19 -84
19 -84
19 -83
19 -82
19 -82
19 -83
19 -82
19 -82
19 -83
19 -82
19 -83
19 -83
19 -77
19 -83
19 -84
19 -83
19 -83
19 -79
19 -83
19 -84
19 -84
19 -83
19 -84
19 -68
19 -84
19 -84
19 -84
19 -83
19 -83
19 -83
19 -83
19 -83
19 -83
19 -83
19 -84
19 -84
19 -84
19 -84
19 -85
19 -84
19 -84
19 -83
19 -84
19 -84
19 -84
19 -83
19 -84
20 -84
20 -85
20 -85
20 -87
20 -82
20 -82
20 -81
20 -83
20 -82
20 -84
20 -84
21 -84
21 -83
21 -83
21 -82
21 -83
21 -83
21 -84
21 -83
21 -82
21 -84
21 -83
21 -85
21 -86
21 -82
21 -83
21 -81
21 -85
21 -86
21 -84
21 -86
21 -85
21 -86
21 -82
21 -81
21 -80
21 -84
21 -85
21 -87
22 -83
22 -82
22 -84
22 -84
22 -84
22 -85
22 -83
22 -83
22 -83
22 -81
22 -82
22 -84
24 -86
24 -87
24 -76
24 -85
24 -84
24 -84
24 -84
24 -87
24 -85
24 -85
24 -85
24 -84
24 -84
24 -83
24 -84
24 -84
24 -83
24 -84
24 -81
24 -72
24 -85
24 -84
24 -69
24 -84
24 -85
24 -85
24 -86
24 -86
24 -86
24 -87
24 -86
24 -85
24 -85
24 -87
24 -86
24 -84
24 -86
24 -87
24 -85
24 -86
24 -84
24 -85
24 -85
24 -87
24 -86
24 -86
24 -86
24 -81
24 -85
24 -76
24 -74
24 -84
24 -85
24 -86
24 -84
24 -85
24 -86
24 -84
24 -85
24 -86
24 -86
24 -86
24 -85
24 -84
24 -84
24 -82
24 -85
24 -85
24 -85
24 -85
24 -84
24 -84
24 -84
24 -81
24 -84
24 -81
24 -85
24 -85
24 -84
24 -85
24 -85
24 -85
24 -85
24 -84
24 -84
27 -82
27 -82
27 -84
27 -83
27 -84
27 -83
27 -81
27 -82
27 -81
27 -69
27 -84
27 -83
27 -70
27 -87
27 -87
27 -86
27 -84
27 -83
27 -83
27 -86
27 -85
27 -88
28 -73
28 -83
28 -83
28 -83
28 -82
28 -82
28 -82
28 -82
28 -83
28 -83
28 -83
28 -84
28 -83
28 -83
28 -30
28 -83
28 -83
28 -83
28 -83
28 -79
28 -84
28 -83
28 -83
28 -82
28 -82
28 -82
28 -82
28 -82
28 -82
28 -83
28 -83
28 -83
28 -83
28 -83
28 -83
28 -82
28 -79
28 -83
28 -83
28 -82
28 -55
28 -83
28 -83
28 -78
28 -86
28 -83
28 -82
28 -82
28 -84
28 -80
28 -81
28 -82
28 -83
28 -81
28 -80
28 -81
28 -81
28 -82
28 -81
28 -76
28 -80
28 -78
28 -81
28 -81
28 -82
28 -85
28 -83
28 -83
28 -85
28 -84
28 -84
28 -72
28 -84
28 -85
28 -82
28 -83
28 -83
28 -83
28 -84
28 -83
28 -84
28 -83
28 -78
28 -83
28 -83
28 -87
28 -83
28 -83
28 -83
28 -81
28 -85
28 -83
28 -83
28 -83
28 -85
28 -84
28 -83
28 -84
28 -74
28 -83
28 -81
28 -85
28 -82
28 -81
28 -82
28 -83
28 -83
28 -83
28 -82
28 -84
28 -83
28 -83
28 -84
28 -83
28 -83
28 -83
28 -83
28 -84
28 -82
28 -83
28 -83
28 -83
28 -82
28 -81
28 -82
28 -83
28 -82
28 -83
28 -84
28 -84
28 -84
28 -83
28 -84
28 -84
28 -83
28 -82
28 -83
28 -83
28 -83
28 -83
28 -83
28 -83
28 -83
28 -84
28 -84
28 -84
28 -83
28 -83
28 -83
28 -82
28 -84
28 -84
28 -84
28 -84
28 -67
28 -83
28 -83
28 -83
28 -81
28 -83
28 -82
28 -83
28 -83
28 -82
28 -83
28 -83
28 -74
28 -81
28 -82
28 -82
28 -82
28 -83
28 -84
28 -83
28 -83
28 -83
28 -84
28 -84
28 -83
28 -84
28 -83
28 -84
28 -84
28 -84
28 -83
28 -84
28 -84
28 -83
28 -83
28 -84
28 -84
28 -84
28 -84
28 -84
28 -84
28 -84
28 -84
28 -83
28 -84
28 -84
28 -83
28 -78
28 -83
28 -84
28 -82
28 -84
28 -84
28 -83
28 -83
28 -83
28 -84
28 -84
28 -83
28 -83
28 -84
28 -86
28 -86
28 -86
28 -85
28 -86
28 -67
29 -85
29 -84
29 -86
29 -83
29 -84
29 -87
29 -87
29 -86
29 -85
29 -86
29 -85
29 -86
29 -84
29 -83
29 -85
29 -85
29 -84
29 -85
29 -64
29 -81
29 -83
29 -87
29 -86
29 -87
29 -87
29 -85
29 -88
29 -87
29 -86
29 -86
29 -88
29 -86
29 -87
29 -87
32 -84
32 -84
32 -83
32 -70
32 -85
32 -82
32 -82
32 -84
32 -81
32 -79
32 -79
32 -79
32 -79
32 -79
32 -79
32 -78
32 -79
32 -70
32 -70
32 -78
32 -77
32 -78
32 -78
32 -76
32 -77
32 -78
32 -78
32 -79
32 -78
32 -78
32 -78
32 -77
32 -77
32 -77
32 -76
32 -77
32 -78
32 -80
32 -79
32 -80
32 -80
32 -82
32 -89
32 -86
32 -85
32 -86
32 -87
32 -86
32 -87
32 -88
32 -87
32 -87
33 -84
33 -86
34 -84
34 -85
35 -86
35 -86
35 -84
35 -84
35 -71
35 -83
35 -84
35 -83
35 -84
35 -84
35 -83
35 -84
35 -62
35 -84
35 -84
35 -84
35 -84
35 -83
35 -83
35 -83
35 -83
35 -85
35 -84
35 -84
35 -83
35 -84
35 -85
35 -84
35 -82
35 -85
35 -84
35 -83
35 -84
35 -84
35 -84
35 -83
35 -83
35 -86
35 -86
35 -86
35 -85
35 -85
35 -86
35 -86
35 -86
35 -87
35 -87
35 -85
35 -86
35 -85
35 -85
35 -85
35 -85
35 -86
35 -86
35 -85
35 -86
35 -84
35 -86
35 -64
35 -86
35 -85
35 -85
35 -84
35 -84
35 -83
35 -83
35 -83
35 -83
35 -83
35 -83
35 -83
35 -84
35 -84
35 -84
35 -85
35 -85
35 -85
36 -78
36 -89
36 -83
36 -86
36 -84
36 -84
36 -53
36 -83
36 -83
36 -84
36 -85
36 -83
36 -84
36 -84
36 -84
36 -84
36 -83
36 -84
36 -85
36 -84
36 -83
36 -82
36 -84
36 -83
36 -86
36 -85
36 -86
36 -85
36 -85
36 -85
36 -85
36 -84
36 -85
36 -85
36 -85
36 -84
36 -83
36 -84
36 -83
36 -84
36 -84
36 -84
36 -84
36 -85
36 -86
36 -84
36 -84
36 -84
36 -84
36 -85
36 -82
36 -85
36 -84
36 -84
36 -84
36 -84
36 -84
36 -84
36 -85
36 -84
36 -84
36 -84
36 -84
36 -87
36 -85
36 -72
36 -84
36 -83
36 -84
36 -84
36 -84
36 -84
36 -84
36 -84
36 -84
36 -83
36 -84
36 -84
36 -84
36 -84
36 -83
36 -84
36 -84
36 -83
36 -83
36 -83
36 -83
36 -83
36 -84
36 -84
36 -85
36 -83
36 -84
36 -84
36 -83
36 -85
36 -84
36 -85
36 -84
36 -85
36 -83
37 -86
37 -85
37 -85
37 -84
37 -82
37 -86
37 -84
37 -87
37 -85
37 -84
37 -85
37 -86
37 -85
37 -84
37 -85
37 -85
37 -85
37 -86
37 -85
37 -85
37 -83
37 -89
37 -86
37 -87
37 -86
37 -85
37 -87
37 -87
37 -86
37 -86
37 -86
37 -86
37 -86
37 -86
37 -85
37 -86
37 -86
37 -86
37 -85
37 -87
37 -87
37 -86
37 -86
37 -86
37 -86
37 -86
37 -85
37 -73
37 -83
37 -86
37 -85
37 -85
37 -86
37 -86
37 -85
38 -69
38 -83
38 -84
38 -84
38 -82
38 -82
38 -81
38 -82
38 -80
38 -84
38 -84
38 -83
38 -84
38 -83
38 -84
38 -84
38 -84
38 -84
38 -84
38 -84
38 -84
38 -84
38 -84
38 -84
38 -84
38 -84
38 -84
38 -83
38 -84
38 -82
38 -82
38 -82
38 -82
38 -82
38 -81
38 -81
38 -82
38 -82
38 -84
38 -88
38 -87
38 -84
38 -83
38 -80
38 -79
38 -79
38 -80
38 -82
38 -80
38 -81
38 -81
38 -82
38 -83
38 -83
38 -82
38 -81
38 -79
38 -80
38 -80
38 -80
38 -80
38 -79
38 -80
38 -81
38 -80
38 -82
38 -84
38 -83
38 -83
38 -78
38 -79
38 -79
38 -80
38 -80
38 -80
38 -79
38 -79
38 -79
38 -81
38 -80
38 -80
38 -79
38 -79
38 -80
38 -80
38 -80
38 -79
38 -79
38 -79
38 -80
38 -81
38 -80
38 -80
38 -80
38 -80
38 -79
38 -80
38 -80
38 -79
38 -79
38 -80
38 -79
38 -79
38 -80
38 -80
38 -79
38 -79
38 -80
38 -79
38 -79
38 -79
38 -80
38 -79
38 -79
38 -81
38 -80
38 -78
38 -78
38 -79
38 -79
38 -78
38 -80
38 -80
38 -80
38 -80
38 -80
38 -81
38 -80
38 -80
38 -80
38 -79
38 -79
38 -80
38 -79
38 -61
38 -80
38 -79
38 -80
38 -80
38 -80
38 -80
38 -80
38 -80
38 -79
38 -80
38 -79
38 -79
38 -79
38 -79
38 -80
38 -79
38 -79
38 -79
38 -79
38 -79
38 -79
38 -80
38 -80
38 -79
38 -80
38 -80
38 -79
38 -78
38 -79
38 -79
38 -79
38 -80
38 -80
38 -80
38 -80
38 -80
38 -80
38 -81
38 -81
38 -81
38 -80
38 -80
38 -80
38 -81
38 -74
38 -81
38 -80
38 -81
38 -81
38 -82
38 -81
38 -81
38 -81
38 -81
38 -80
38 -81
38 -80
38 -80
38 -81
38 -81
38 -81
38 -81
38 -81
38 -80
38 -71
38 -81
38 -81
38 -82
38 -81
38 -81
38 -81
38 -81
38 -81
38 -80
38 -80
38 -81
38 -80
38 -81
38 -80
38 -81
38 -81
38 -81
38 -81
38 -81
38 -81
38 -81
38 -80
38 -81
38 -81
38 -81
38 -80
38 -80
38 -80
38 -80
38 -79
38 -79
38 -80
38 -80
38 -80
38 -80
38 -80
38 -80
38 -80
38 -81
38 -80
38 -81
38 -81
38 -81
38 -81
38 -80
38 -81
38 -81
38 -79
38 -80
38 -80
38 -79
38 -80
38 -79
38 -80
38 -80
38 -79
38 -80
38 -79
38 -80
38 -80
38 -80
38 -80
38 -79
38 -79
38 -79
38 -79
38 -80
38 -80
38 -79
38 -79
38 -79
38 -80
38 -78
38 -79
38 -80
38 -79
38 -78
38 -80
38 -80
38 -79
38 -80
38 -80
38 -79
38 -80
38 -80
38 -80
38 -80
38 -80
38 -80
38 -80
38 -80
38 -80
38 -80
38 -80
38 -80
38 -80
38 -79
38 -80
38 -80
38 -80
38 -80
38 -80
38 -80
38 -80
38 -79
38 -80
38 -80
38 -80
38 -80
38 -79
38 -79
38 -79
38 -79
38 -79
38 -80
38 -80
38 -80
38 -80
38 -80
38 -80
38 -81
38 -81
38 -80
38 -80
38 -80
38 -80
38 -80
38 -80
38 -80
38 -80
38 -80
38 -81
38 -81
