Beacon Rssi
1 -80
1 -80
1 -80
1 -80
1 -82
1 -83
1 -78
1 -83
1 -83
1 -81
1 -80
1 -82
1 -82
1 -81
1 -83
1 -83
1 -87
1 -82
1 -84
1 -84
1 -83
1 -83
1 -83
1 -80
1 -80
1 -80
1 -75
1 -79
1 -79
1 -79
1 -79
1 -79
1 -79
1 -80
1 -79
1 -79
1 -80
1 -80
1 -80
1 -82
1 -83
1 -83
1 -82
1 -80
1 -80
1 -80
1 -82
1 -82
1 -84
1 -78
1 -79
1 -81
1 -81
1 -82
1 -83
1 -80
1 -81
1 -80
1 -80
1 -80
1 -60
1 -80
1 -81
1 -81
1 -79
1 -82
1 -81
1 -81
1 -81
1 -81
1 -80
1 -79
1 -80
1 -80
1 -81
1 -81
1 -79
1 -81
1 -81
1 -80
1 -80
1 -78
1 -80
1 -80
1 -80
1 -80
1 -80
1 -80
1 -80
1 -80
1 -80
1 -80
1 -80
1 -81
1 -80
1 -81
1 -81
1 -81
1 -81
1 -81
1 -81
1 -81
1 -82
1 -82
1 -82
1 -82
1 -82
1 -81
1 -81
1 -82
1 -82
1 -81
1 -83
1 -83
1 -83
1 -83
1 -84
1 -82
1 -84
1 -83
1 -83
1 -83
1 -83
1 -84
1 -84
1 -84
1 -84
1 -84
1 -84
1 -84
1 -84
1 -83
1 -84
1 -82
1 -83
1 -83
1 -83
1 -83
1 -82
1 -84
1 -84
1 -84
1 -80
1 -83
1 -83
1 -82
1 -60
1 -82
1 -84
1 -83
1 -83
1 -84
1 -84
1 -84
1 -83
1 -83
1 -84
1 -84
1 -83
1 -83
1 -83
1 -84
1 -84
1 -84
1 -85
1 -86
1 -84
1 -84
1 -84
1 -83
1 -83
1 -83
1 -82
1 -84
1 -82
1 -81
1 -80
1 -84
1 -83
1 -76
1 -83
1 -83
1 -84
1 -84
1 -83
1 -84
1 -84
2 -86
2 -87
2 -84
2 -82
2 -88
2 -88
2 -86
2 -86
2 -86
3 -86
3 -84
4 -84
4 -84
4 -85
5 -84
5 -81
5 -82
5 -70
5 -81
5 -82
5 -82
5 -82
5 -83
5 -82
5 -82
5 -82
5 -83
5 -84
5 -83
5 -74
5 -83
5 -84
5 -85
5 -84
5 -84
5 -86
5 -87
5 -85
5 -84
5 -83
5 -83
5 -83
5 -83
5 -83
5 -83
5 -79
5 -82
5 -84
5 -69
5 -76
5 -83
5 -83
5 -83
5 -83
5 -83
5 -84
5 -84
5 -83
5 -83
5 -83
5 -84
5 -81
5 -84
5 -84
5 -84
5 -86
5 -86
5 -84
5 -86
5 -85
5 -84
5 -84
5 -83
5 -83
5 -83
5 -60
5 -82
5 -83
5 -83
5 -78
5 -83
5 -82
5 -82
5 -82
5 -83
5 -82
5 -78
5 -83
5 -82
5 -82
5 -82
5 -82
5 -82
5 -82
5 -82
5 -82
5 -82
5 -67
5 -82
5 -80
5 -82
5 -82
5 -83
5 -82
5 -83
5 -83
5 -83
5 -82
5 -82
5 -83
5 -82
5 -82
5 -82
5 -82
5 -82
5 -82
5 -82
5 -82
5 -82
5 -82
5 -82
5 -66
5 -83
5 -82
5 -82
5 -82
5 -81
5 -82
5 -81
5 -82
5 -81
5 -82
5 -82
5 -83
5 -80
5 -82
5 -83
5 -83
5 -80
5 -82
5 -82
5 -79
5 -83
5 -78
5 -83
5 -82
5 -82
5 -83
5 -82
5 -82
5 -82
5 -81
5 -82
5 -82
5 -82
5 -81
5 -82
5 -81
5 -82
5 -77
5 -81
5 -82
5 -83
5 -83
5 -83
5 -84
5 -84
5 -83
5 -84
5 -83
5 -83
5 -83
5 -83
5 -82
5 -82
5 -82
5 -82
5 -81
5 -81
5 -82
5 -82
5 -82
5 -82
5 -83
5 -82
6 -87
6 -87
6 -87
6 -88
6 -86
14 -82
14 -85
14 -85
14 -84
14 -84
14 -86
14 -86
14 -87
14 -84
14 -85
14 -85
14 -89
14 -86
15 -69
15 -81
15 -78
15 -84
15 -85
15 -83
15 -86
15 -85
15 -85
15 -84
15 -83
15 -83
15 -84
15 -86
15 -84
15 -84
15 -85
15 -86
15 -85
15 -85
15 -87
15 -86
15 -85
15 -87
15 -88
15 -88
15 -88
15 -85
15 -85
15 -84
15 -83
15 -85
15 -84
15 -84
15 -84
15 -85
15 -86
15 -87
15 -87
15 -88
15 -88
15 -86
15 -87
15 -87
15 -88
15 -86
15 -77
15 -83
15 -84
16 -87
16 -83
16 -83
16 -84
16 -85
16 -37
16 -83
16 -82
16 -81
16 -81
16 -80
16 -82
16 -82
16 -82
16 -82
16 -82
16 -81
16 -84
16 -83
16 -84
16 -80
16 -81
16 -82
16 -81
16 -81
16 -79
16 -83
16 -82
16 -82
16 -83
16 -83
16 -82
16 -83
16 -83
16 -83
16 -82
16 -82
16 -82
16 -81
16 -82
16 -83
16 -82
16 -82
16 -83
16 -83
16 -83
16 -87
16 -84
16 -84
16 -84
16 -84
16 -84
16 -83
16 -83
16 -82
16 -81
16 -79
16 -81
16 -80
16 -85
16 -58
16 -87
16 -86
16 -88
16 -86
16 -87
16 -86
16 -88
18 -86
22 -88
25 -78
25 -78
25 -77
25 -78
25 -78
25 -78
25 -78
25 -78
25 -78
25 -78
25 -78
25 -78
25 -80
25 -83
25 -84
25 -82
25 -81
25 -81
25 -81
25 -82
25 -83
25 -83
25 -83
25 -82
25 -83
25 -82
25 -82
25 -81
25 -82
25 -81
25 -79
25 -64
25 -81
25 -84
25 -84
25 -84
25 -84
25 -84
25 -84
25 -82
25 -84
25 -83
25 -82
25 -82
25 -81
25 -82
25 -79
25 -82
25 -82
25 -81
25 -81
25 -81
25 -81
25 -80
25 -81
25 -81
25 -81
25 -80
25 -81
25 -82
25 -82
25 -85
25 -80
25 -78
25 -78
25 -79
25 -79
25 -79
25 -79
25 -80
25 -80
25 -80
25 -74
25 -80
25 -80
25 -80
25 -80
25 -79
25 -80
25 -80
25 -80
25 -79
25 -78
25 -79
25 -80
25 -81
25 -81
25 -81
25 -81
25 -81
25 -81
25 -81
25 -81
25 -81
25 -81
25 -81
25 -82
25 -81
25 -81
25 -81
25 -81
25 -81
25 -81
25 -81
25 -83
25 -82
25 -82
25 -83
25 -83
25 -81
25 -82
25 -81
25 -81
25 -81
25 -82
25 -82
25 -81
25 -79
25 -82
25 -82
25 -82
25 -81
25 -81
25 -81
25 -81
25 -82
25 -81
25 -80
25 -82
25 -81
25 -82
25 -82
25 -82
25 -83
25 -83
25 -81
25 -81
25 -81
25 -81
25 -79
25 -80
25 -81
25 -81
25 -82
25 -82
25 -81
25 -82
25 -82
25 -82
25 -81
25 -81
25 -81
25 -81
25 -82
25 -81
25 -82
25 -82
25 -82
25 -81
25 -82
25 -81
25 -84
25 -81
25 -83
25 -81
25 -82
25 -81
25 -83
25 -83
25 -82
25 -82
25 -82
25 -81
25 -82
25 -82
25 -82
25 -82
25 -81
25 -80
25 -81
25 -81
25 -82
25 -82
25 -83
25 -82
25 -80
25 -82
25 -81
25 -83
25 -83
25 -82
25 -82
25 -82
25 -83
25 -83
25 -83
25 -83
25 -83
25 -83
25 -84
25 -82
25 -82
25 -83
25 -83
25 -83
25 -70
25 -82
25 -83
25 -83
25 -82
25 -82
25 -82
25 -82
25 -80
25 -80
25 -81
25 -80
25 -82
25 -82
25 -82
25 -82
25 -81
25 -81
25 -81
25 -82
25 -81
25 -82
25 -80
25 -82
25 -82
26 -72
26 -71
26 -70
26 -63
26 -70
26 -70
26 -70
26 -71
26 -71
26 -72
26 -72
26 -72
26 -71
26 -71
26 -71
26 -70
26 -71
26 -74
26 -74
26 -74
26 -70
26 -67
26 -68
26 -69
26 -70
26 -70
26 -71
26 -70
26 -70
26 -70
26 -70
26 -69
26 -69
26 -68
26 -69
26 -68
26 -68
26 -77
26 -68
26 -68
26 -68
26 -67
26 -70
26 -71
26 -72
26 -76
26 -74
26 -75
26 -73
26 -73
26 -71
26 -70
26 -69
26 -68
26 -68
26 -68
26 -68
26 -68
26 -67
26 -67
26 -67
26 -67
26 -67
26 -68
26 -68
26 -68
26 -67
26 -67
26 -68
26 -68
26 -69
26 -69
26 -68
26 -67
26 -69
26 -69
26 -69
26 -69
26 -69
26 -69
26 -69
26 -69
26 -70
26 -69
26 -69
26 -69
26 -69
26 -69
26 -69
26 -69
26 -70
26 -70
26 -70
26 -70
26 -70
26 -70
26 -70
26 -70
26 -69
26 -70
26 -70
26 -70
26 -69
26 -69
26 -69
26 -68
26 -69
26 -69
26 -69
26 -68
26 -69
26 -68
26 -69
26 -68
26 -69
26 -68
26 -69
26 -61
26 -70
26 -69
26 -69
26 -69
26 -69
26 -69
26 -69
26 -69
26 -69
26 -69
26 -70
26 -72
26 -30
26 -79
26 -76
26 -74
26 -72
26 -72
26 -73
26 -76
26 -75
26 -70
26 -70
26 -74
26 -78
26 -77
26 -72
26 -71
26 -72
26 -74
26 -75
26 -75
26 -76
26 -75
26 -74
26 -72
26 -74
26 -74
26 -74
26 -75
26 -75
26 -74
26 -74
26 -74
26 -74
26 -73
26 -73
26 -63
26 -74
26 -74
26 -73
26 -74
26 -75
26 -73
26 -73
26 -74
26 -74
26 -74
26 -74
26 -73
26 -74
26 -74
26 -74
26 -73
26 -73
26 -74
26 -75
26 -74
26 -74
26 -75
26 -74
26 -64
26 -73
26 -74
26 -73
26 -73
26 -73
26 -72
26 -73
26 -73
26 -74
26 -73
26 -74
26 -74
26 -73
26 -73
26 -73
26 -73
26 -73
26 -73
26 -73
26 -72
26 -73
26 -72
26 -72
26 -73
26 -73
26 -73
26 -72
26 -72
26 -73
26 -73
26 -73
26 -73
26 -73
26 -72
26 -72
26 -72
26 -72
26 -72
26 -72
26 -72
26 -72
26 -72
26 -72
26 -72
26 -73
26 -73
26 -73
26 -73
26 -73
26 -73
26 -73
26 -73
26 -73
26 -72
26 -73
26 -72
26 -72
26 -72
26 -72
26 -72
26 -72
26 -72
26 -72
26 -72
26 -72
26 -72
26 -72
26 -72
26 -73
26 -73
26 -73
26 -73
26 -73
26 -73
26 -73
26 -73
26 -73
26 -74
26 -74
26 -74
26 -73
26 -73
26 -72
26 -71
26 -72
26 -72
26 -72
26 -72
26 -73
26 -74
26 -73
26 -73
26 -72
26 -73
26 -73
26 -73
26 -73
26 -73
26 -73
26 -73
26 -73
26 -73
26 -73
26 -73
26 -73
26 -73
26 -73
26 -73
26 -73
26 -73
26 -74
26 -74
26 -73
26 -73
26 -73
26 -73
26 -73
26 -73
26 -72
26 -72
26 -72
26 -73
26 -72
26 -72
26 -72
26 -72
26 -72
26 -72
26 -72
26 -72
26 -72
26 -72
26 -72
26 -72
26 -72
26 -72
26 -72
26 -72
26 -72
26 -72
26 -71
26 -71
26 -71
26 -72
26 -72
26 -72
26 -72
26 -72
26 -72
26 -72
26 -72
26 -72
26 -72
26 -72
26 -72
26 -72
26 -72
26 -72
26 -71
26 -70
26 -70
26 -71
26 -71
26 -70
26 -71
26 -70
26 -70
26 -71
26 -72
26 -72
26 -72
26 -72
26 -72
26 -72
26 -72
26 -72
26 -72
26 -72
26 -72
26 -72
26 -72
26 -72
26 -72
26 -72
26 -72
26 -72
26 -72
26 -73
26 -72
26 -73
26 -73
26 -73
26 -73
26 -70
26 -72
26 -72
26 -72
26 -72
26 -72
26 -72
26 -72
26 -72
26 -71
26 -70
26 -70
26 -70
26 -70
26 -71
26 -70
26 -71
26 -70
26 -72
26 -72
26 -71
26 -71
26 -72
26 -72
26 -71
26 -70
26 -72
26 -72
26 -72
26 -73
26 -73
26 -72
26 -72
26 -72
26 -79
26 -72
26 -72
26 -72
26 -71
26 -71
26 -72
26 -72
26 -72
26 -72
26 -71
26 -72
26 -72
26 -72
26 -71
26 -72
26 -71
26 -71
26 -71
26 -72
26 -71
26 -72
26 -71
26 -71
26 -70
27 -62
27 -61
27 -61
27 -48
27 -61
27 -62
27 -62
27 -63
27 -63
27 -64
27 -64
27 -64
27 -64
27 -61
27 -63
27 -65
27 -64
27 -64
27 -64
27 -65
27 -65
27 -64
27 -63
27 -63
27 -64
27 -63
27 -62
27 -62
27 -62
27 -62
27 -63
27 -63
27 -62
27 -63
27 -63
27 -63
27 -63
27 -63
27 -63
27 -63
27 -63
27 -63
27 -63
27 -63
27 -61
27 -61
27 -62
27 -63
27 -63
27 -61
27 -62
27 -64
27 -65
27 -64
27 -66
27 -66
27 -66
27 -66
27 -66
27 -66
27 -65
27 -65
27 -65
27 -66
27 -65
27 -65
27 -64
27 -64
27 -64
27 -64
27 -64
27 -64
27 -64
27 -65
27 -67
27 -67
27 -67
27 -67
27 -68
27 -68
27 -69
27 -70
27 -70
27 -70
27 -70
27 -70
27 -70
27 -70
27 -70
27 -70
27 -70
27 -70
27 -70
27 -69
27 -69
27 -69
27 -69
27 -69
27 -69
27 -69
27 -69
27 -69
27 -67
27 -66
27 -66
27 -66
27 -65
27 -65
27 -64
27 -64
27 -64
27 -65
27 -65
27 -65
27 -65
27 -66
27 -65
27 -65
27 -65
27 -65
27 -65
27 -65
27 -65
27 -66
27 -66
27 -67
27 -70
27 -70
27 -72
27 -71
27 -76
27 -80
27 -74
27 -75
27 -76
27 -69
27 -68
27 -68
27 -65
27 -64
27 -68
27 -69
27 -66
27 -64
27 -64
27 -64
27 -65
27 -64
27 -64
27 -64
27 -64
27 -64
27 -63
27 -63
27 -63
27 -63
27 -63
27 -63
27 -63
27 -63
27 -63
27 -63
27 -63
27 -68
27 -63
27 -63
27 -63
27 -64
27 -63
27 -63
27 -64
27 -64
27 -64
27 -64
27 -64
27 -64
27 -63
27 -64
27 -64
27 -64
27 -64
27 -64
27 -64
27 -64
27 -64
27 -64
27 -64
27 -64
27 -64
27 -64
27 -64
27 -64
27 -64
27 -64
27 -64
27 -64
27 -64
27 -64
27 -64
27 -64
27 -64
27 -64
27 -64
27 -64
27 -64
27 -64
27 -64
27 -64
27 -64
27 -64
27 -64
27 -63
27 -63
27 -63
27 -63
27 -63
27 -64
27 -64
27 -64
27 -64
27 -64
27 -64
27 -64
27 -64
27 -64
27 -64
27 -64
27 -64
27 -64
27 -64
27 -64
27 -64
27 -63
27 -63
27 -63
27 -63
27 -63
27 -63
27 -63
27 -63
27 -63
27 -63
27 -63
27 -63
27 -63
27 -63
27 -62
27 -62
27 -62
27 -62
27 -62
27 -62
27 -62
27 -62
27 -62
27 -62
27 -62
27 -62
27 -62
27 -62
27 -62
27 -62
27 -62
27 -62
27 -62
27 -62
27 -62
27 -62
27 -62
27 -62
27 -63
27 -62
27 -62
27 -63
27 -63
27 -64
27 -64
27 -64
27 -63
27 -63
27 -63
27 -63
27 -63
27 -63
27 -63
27 -63
27 -63
27 -63
27 -63
27 -63
27 -63
27 -63
27 -63
27 -63
27 -63
27 -63
27 -63
27 -63
27 -62
27 -62
27 -62
27 -63
27 -63
27 -62
27 -62
27 -62
27 -63
27 -58
27 -62
27 -62
27 -62
27 -62
27 -62
27 -62
27 -62
27 -62
27 -62
27 -62
27 -62
27 -62
27 -62
27 -62
27 -62
27 -63
27 -63
27 -63
27 -63
27 -63
27 -63
27 -63
27 -63
27 -63
27 -63
27 -63
27 -67
27 -63
27 -63
27 -63
27 -63
27 -64
27 -64
27 -64
27 -63
27 -63
27 -63
27 -63
27 -63
27 -63
27 -62
27 -63
27 -63
27 -63
27 -63
27 -63
27 -63
27 -63
27 -63
27 -63
27 -63
27 -63
27 -63
27 -63
27 -63
27 -63
27 -63
27 -63
27 -63
27 -63
27 -63
27 -63
27 -63
27 -63
27 -63
27 -63
27 -62
27 -63
27 -62
27 -62
27 -62
27 -62
27 -63
27 -63
27 -62
27 -63
27 -63
27 -63
27 -63
27 -63
27 -63
27 -63
27 -63
27 -63
27 -63
27 -63
27 -64
27 -64
27 -64
27 -64
27 -64
27 -64
27 -64
27 -64
27 -64
27 -64
27 -64
27 -63
27 -64
27 -64
27 -64
27 -63
27 -63
27 -63
27 -62
27 -62
27 -62
27 -62
27 -63
27 -62
27 -63
27 -63
27 -63
27 -63
27 -63
27 -63
27 -63
27 -63
27 -63
27 -63
27 -63
27 -63
27 -63
27 -63
27 -64
27 -64
27 -64
27 -63
28 -59
28 -59
28 -59
28 -59
28 -58
28 -58
28 -58
28 -58
28 -57
28 -56
28 -56
28 -57
28 -56
28 -56
28 -58
28 -62
28 -66
28 -66
28 -64
28 -61
28 -62
28 -52
28 -66
28 -66
28 -64
28 -64
28 -64
28 -63
28 -63
28 -63
28 -64
28 -64
28 -31
28 -31
28 -64
28 -65
28 -65
28 -61
28 -66
28 -65
28 -66
28 -66
28 -67
28 -68
28 -64
28 -63
28 -63
28 -61
28 -68
28 -70
28 -64
28 -63
28 -63
28 -64
28 -68
28 -70
28 -72
28 -72
28 -70
28 -69
28 -69
28 -69
28 -69
28 -69
28 -69
28 -68
28 -66
28 -65
28 -64
28 -65
28 -65
28 -66
28 -67
28 -68
28 -69
28 -68
28 -66
28 -64
28 -64
28 -63
28 -62
28 -62
28 -61
28 -61
28 -61
28 -61
28 -60
28 -60
28 -60
28 -60
28 -60
28 -60
28 -60
28 -59
28 -59
28 -59
28 -59
28 -59
28 -59
28 -59
28 -59
28 -58
28 -59
28 -60
28 -60
28 -60
28 -60
28 -60
28 -60
28 -59
28 -60
28 -60
28 -60
28 -60
28 -60
28 -60
28 -60
28 -60
28 -59
28 -60
28 -60
28 -60
28 -60
28 -60
28 -60
28 -60
28 -60
28 -60
28 -60
28 -59
28 -58
28 -59
28 -60
28 -59
28 -58
28 -58
28 -57
28 -57
28 -58
28 -58
28 -60
28 -60
28 -60
28 -60
28 -64
28 -72
28 -70
28 -66
28 -68
28 -74
28 -72
28 -68
28 -65
28 -63
28 -61
28 -60
28 -59
28 -57
28 -58
28 -58
28 -59
28 -59
28 -59
28 -59
28 -59
28 -59
28 -59
28 -59
28 -59
28 -59
28 -59
28 -59
28 -59
28 -60
28 -60
28 -60
28 -60
28 -60
28 -60
28 -60
28 -60
28 -60
28 -60
28 -60
28 -60
28 -60
28 -60
28 -60
28 -60
28 -60
28 -60
28 -60
28 -60
28 -60
28 -60
28 -60
28 -60
28 -60
28 -60
28 -60
28 -60
28 -60
28 -60
28 -60
28 -60
28 -60
28 -60
28 -61
28 -61
28 -60
28 -60
28 -59
28 -59
28 -59
28 -58
28 -58
28 -59
28 -59
28 -59
28 -60
28 -60
28 -60
28 -60
28 -60
28 -60
28 -60
28 -60
28 -60
28 -60
28 -60
28 -60
28 -60
28 -60
28 -59
28 -60
28 -60
28 -60
28 -60
28 -59
28 -59
28 -59
28 -59
28 -59
28 -59
28 -59
28 -59
28 -59
28 -59
28 -59
28 -60
28 -59
28 -59
28 -60
28 -60
28 -60
28 -60
28 -58
28 -60
28 -60
28 -59
28 -60
28 -60
28 -60
28 -60
28 -59
28 -60
28 -59
28 -59
28 -60
28 -60
28 -60
28 -59
28 -59
28 -59
28 -59
28 -59
28 -59
28 -59
28 -60
28 -60
28 -60
28 -60
28 -60
28 -60
28 -60
28 -60
28 -59
28 -58
28 -58
28 -58
28 -58
28 -58
28 -58
28 -58
28 -59
28 -58
28 -59
28 -59
28 -59
28 -59
28 -59
28 -59
28 -59
28 -59
28 -59
28 -59
28 -59
28 -59
28 -59
28 -59
28 -59
28 -59
28 -59
28 -59
28 -59
28 -60
28 -59
28 -60
28 -59
28 -59
28 -60
28 -60
28 -60
28 -60
28 -59
28 -59
28 -60
28 -59
28 -60
28 -60
28 -60
28 -60
28 -60
28 -60
28 -60
28 -60
28 -60
28 -60
28 -60
28 -60
28 -60
28 -60
28 -60
28 -60
28 -60
28 -60
28 -60
28 -60
28 -60
28 -60
28 -60
28 -60
28 -61
28 -61
28 -58
28 -61
28 -61
28 -61
28 -61
28 -60
28 -60
28 -60
28 -60
28 -59
28 -59
28 -59
28 -59
28 -59
28 -59
28 -59
28 -59
28 -58
28 -59
28 -59
28 -59
28 -60
28 -59
28 -59
28 -59
28 -59
28 -59
28 -59
28 -60
28 -59
28 -59
28 -60
28 -60
28 -60
28 -60
28 -60
28 -60
28 -60
28 -60
28 -60
28 -60
28 -60
28 -60
28 -60
28 -60
28 -60
28 -60
28 -60
28 -60
28 -60
28 -60
28 -60
28 -61
28 -61
28 -60
28 -60
28 -60
28 -60
28 -59
28 -59
28 -60
28 -60
28 -60
28 -60
28 -59
28 -60
28 -59
28 -60
28 -60
28 -60
28 -60
28 -60
28 -60
28 -60
28 -60
28 -60
28 -60
28 -60
28 -60
28 -60
28 -60
28 -60
28 -60
28 -60
28 -60
28 -60
29 -72
29 -72
29 -72
29 -72
29 -72
29 -73
29 -73
29 -72
29 -70
29 -70
29 -69
29 -68
29 -70
29 -81
29 -72
29 -68
29 -69
29 -72
29 -74
29 -70
29 -69
29 -69
29 -70
29 -70
29 -70
29 -69
29 -69
29 -69
29 -69
29 -68
29 -68
29 -69
29 -68
29 -68
29 -68
29 -68
29 -68
29 -68
29 -68
29 -68
29 -68
29 -68
29 -67
29 -62
29 -69
29 -74
29 -70
29 -70
29 -69
29 -72
29 -76
29 -72
29 -72
29 -74
29 -72
29 -72
29 -69
29 -68
29 -67
29 -67
29 -67
29 -67
29 -67
29 -66
29 -66
29 -66
29 -65
29 -66
29 -65
29 -65
29 -65
29 -66
29 -66
29 -65
29 -66
29 -66
29 -66
29 -66
29 -66
29 -67
29 -67
29 -67
29 -67
29 -68
29 -68
29 -68
29 -67
29 -68
29 -68
29 -67
29 -67
29 -67
29 -67
29 -67
29 -67
29 -67
29 -67
29 -67
29 -68
29 -68
29 -67
29 -67
29 -67
29 -67
29 -69
29 -69
29 -69
29 -69
29 -70
29 -70
29 -69
29 -69
29 -70
29 -69
29 -69
29 -69
29 -69
29 -70
29 -70
29 -70
29 -70
29 -70
29 -70
29 -70
29 -70
29 -70
29 -70
29 -70
29 -66
29 -67
29 -67
29 -68
29 -71
29 -74
29 -74
29 -75
29 -76
29 -77
29 -75
29 -70
29 -67
29 -67
29 -70
29 -69
29 -64
29 -64
29 -64
29 -64
29 -66
29 -67
29 -69
29 -70
29 -71
29 -72
29 -75
29 -76
29 -77
29 -77
29 -79
29 -80
29 -81
29 -80
29 -81
29 -80
29 -80
29 -80
29 -79
29 -78
29 -78
29 -77
29 -53
29 -76
29 -76
29 -78
29 -77
29 -76
29 -75
29 -76
29 -75
29 -75
29 -75
29 -73
29 -74
29 -75
29 -74
29 -74
29 -72
29 -72
29 -73
29 -75
29 -75
29 -75
29 -75
29 -75
29 -74
29 -75
29 -75
29 -76
29 -76
29 -76
29 -75
29 -74
29 -74
29 -74
29 -74
29 -74
29 -74
29 -74
29 -72
29 -60
29 -77
29 -78
29 -79
29 -80
29 -78
29 -78
29 -78
29 -79
29 -81
29 -80
29 -80
29 -80
29 -78
29 -76
29 -75
29 -76
29 -76
29 -77
29 -77
29 -78
29 -78
29 -76
29 -76
29 -76
29 -76
29 -77
29 -77
29 -76
29 -78
29 -79
29 -79
29 -78
29 -78
29 -78
29 -77
29 -78
29 -78
29 -78
29 -78
29 -77
29 -78
29 -77
29 -78
29 -77
29 -78
29 -78
29 -79
29 -79
29 -78
29 -79
29 -73
29 -80
29 -81
29 -80
29 -79
29 -78
29 -79
29 -79
29 -79
29 -80
29 -79
29 -80
29 -79
29 -80
29 -78
29 -78
29 -77
29 -74
29 -80
29 -77
29 -78
29 -78
29 -78
29 -78
29 -77
29 -75
29 -78
29 -78
29 -78
29 -78
29 -76
29 -79
29 -80
29 -80
29 -79
29 -80
29 -79
29 -76
29 -78
29 -79
29 -78
29 -78
29 -78
29 -79
29 -78
29 -78
29 -78
29 -78
29 -73
29 -78
29 -78
29 -78
29 -79
29 -78
29 -78
29 -77
29 -78
29 -66
29 -78
29 -78
29 -78
29 -78
29 -77
29 -78
29 -78
29 -78
29 -77
29 -77
29 -77
29 -77
29 -77
29 -77
29 -78
29 -78
29 -79
29 -78
29 -77
29 -77
29 -76
29 -76
29 -77
29 -76
29 -76
29 -76
29 -76
29 -76
29 -78
29 -78
29 -78
29 -78
29 -78
29 -77
29 -76
29 -77
29 -77
29 -77
29 -78
29 -79
29 -78
29 -78
29 -78
29 -78
29 -78
29 -78
29 -78
29 -77
29 -76
29 -77
29 -76
29 -75
29 -75
29 -78
29 -77
29 -76
29 -75
29 -75
29 -76
29 -76
29 -76
29 -78
29 -77
29 -75
29 -78
29 -75
29 -78
29 -77
29 -76
29 -74
29 -77
29 -78
29 -78
29 -77
29 -78
29 -78
29 -80
29 -80
29 -76
29 -81
29 -81
29 -78
29 -76
29 -76
29 -76
29 -76
29 -77
29 -77
29 -77
29 -78
29 -79
30 -78
30 -80
30 -84
30 -83
30 -86
30 -82
30 -84
30 -84
30 -87
30 -75
30 -83
30 -80
30 -84
30 -83
30 -83
30 -82
30 -81
30 -80
30 -80
30 -80
30 -80
30 -81
30 -81
30 -80
30 -80
30 -80
30 -79
30 -81
30 -81
30 -81
30 -81
30 -81
30 -81
30 -82
30 -82
30 -83
30 -83
30 -82
30 -83
30 -82
30 -82
30 -82
30 -83
30 -83
30 -69
30 -81
30 -81
30 -79
30 -78
30 -78
30 -79
30 -81
30 -82
30 -84
30 -82
30 -81
30 -80
30 -78
30 -79
30 -80
30 -80
30 -81
30 -80
30 -80
30 -81
30 -81
30 -80
30 -80
30 -81
30 -82
30 -82
30 -82
30 -81
30 -82
30 -83
30 -84
30 -73
30 -83
30 -83
30 -84
30 -83
30 -83
30 -83
30 -74
30 -84
30 -83
30 -73
30 -30
30 -82
30 -83
30 -83
30 -82
30 -82
30 -83
30 -82
30 -82
30 -83
30 -83
30 -82
30 -82
30 -83
30 -83
30 -83
30 -83
30 -84
30 -83
30 -82
30 -81
30 -80
30 -80
30 -81
30 -81
30 -81
30 -82
30 -82
30 -83
30 -84
30 -83
30 -83
30 -83
30 -82
30 -82
30 -82
30 -82
30 -82
30 -82
30 -82
30 -82
30 -82
30 -82
30 -83
30 -86
30 -81
30 -82
30 -82
30 -83
30 -82
30 -82
30 -81
30 -82
30 -81
30 -82
30 -55
30 -82
30 -82
30 -82
30 -82
30 -83
30 -82
30 -83
30 -74
30 -83
30 -83
30 -83
30 -82
30 -84
30 -85
30 -84
30 -82
30 -82
30 -83
30 -83
30 -84
30 -81
30 -84
30 -84
30 -83
30 -83
30 -83
30 -84
30 -83
30 -83
30 -84
30 -82
30 -82
30 -77
30 -84
30 -84
30 -84
30 -84
30 -84
30 -84
30 -83
30 -85
30 -85
30 -83
30 -83
30 -83
30 -83
30 -83
30 -84
30 -83
30 -83
30 -84
30 -83
30 -83
30 -83
30 -83
31 -82
31 -84
31 -84
31 -83
31 -77
31 -64
31 -76
31 -76
31 -76
31 -76
31 -73
31 -78
31 -77
31 -78
31 -78
31 -79
31 -81
31 -81
31 -78
31 -80
31 -62
31 -80
31 -79
31 -82
31 -81
31 -83
31 -81
31 -80
31 -80
31 -80
31 -79
31 -79
31 -79
31 -78
31 -78
31 -78
31 -78
31 -79
31 -78
31 -80
31 -80
31 -80
31 -78
31 -79
31 -79
31 -79
31 -79
31 -79
31 -79
31 -79
31 -80
31 -80
31 -80
31 -81
31 -79
31 -79
31 -79
31 -79
31 -79
31 -79
31 -79
31 -79
31 -79
31 -80
31 -79
31 -78
31 -79
31 -79
31 -80
31 -80
31 -80
31 -80
31 -69
31 -80
31 -79
31 -79
31 -79
31 -79
31 -81
31 -83
31 -79
31 -87
31 -84
31 -84
31 -86
31 -86
31 -85
31 -86
31 -85
31 -84
31 -86
31 -87
31 -87
31 -86
31 -84
31 -84
31 -85
31 -85
31 -85
31 -86
31 -86
31 -84
31 -83
32 -84
32 -34
32 -80
32 -79
32 -80
32 -79
32 -79
32 -81
32 -83
32 -79
32 -78
32 -76
32 -78
32 -78
32 -78
32 -78
32 -78
32 -78
32 -74
32 -80
32 -81
32 -86
32 -84
32 -84
32 -84
32 -81
32 -82
32 -80
32 -84
32 -80
32 -81
32 -81
32 -81
32 -82
32 -68
32 -68
32 -78
32 -67
32 -78
32 -78
32 -77
32 -78
32 -78
32 -76
32 -77
32 -76
32 -76
32 -76
32 -76
32 -71
32 -76
32 -76
32 -76
32 -76
32 -76
32 -76
32 -75
32 -76
32 -60
32 -76
32 -75
32 -75
32 -75
32 -76
32 -75
32 -60
32 -75
32 -75
32 -75
32 -66
32 -76
32 -75
32 -76
32 -75
32 -76
32 -76
32 -76
32 -76
32 -76
32 -76
32 -76
32 -76
32 -76
32 -75
32 -76
32 -76
32 -70
32 -75
32 -75
32 -76
32 -76
32 -78
32 -80
32 -81
32 -79
32 -77
32 -76
32 -75
32 -76
32 -81
32 -81
32 -87
32 -84
32 -72
32 -80
32 -80
32 -78
32 -79
32 -81
32 -82
32 -81
32 -81
32 -81
32 -81
32 -80
32 -80
32 -81
32 -81
32 -81
32 -74
32 -82
32 -82
32 -82
32 -81
32 -81
32 -82
32 -82
32 -82
32 -82
32 -82
32 -82
32 -82
32 -82
32 -81
32 -81
32 -81
32 -81
32 -81
32 -80
32 -80
32 -80
32 -81
32 -82
32 -82
32 -82
32 -82
32 -82
32 -82
32 -82
32 -82
32 -81
32 -81
32 -82
32 -82
32 -82
32 -81
32 -81
32 -82
32 -82
32 -82
32 -83
32 -83
32 -83
32 -84
32 -74
32 -78
32 -80
32 -81
32 -82
32 -81
32 -80
32 -81
32 -81
32 -81
32 -81
32 -82
32 -82
32 -82
32 -82
32 -83
32 -82
32 -83
32 -65
32 -84
32 -83
32 -84
32 -83
32 -83
32 -83
32 -82
32 -82
32 -83
32 -82
32 -81
32 -82
32 -82
32 -82
32 -82
32 -81
32 -76
32 -80
32 -82
32 -81
32 -81
32 -81
32 -81
32 -80
32 -79
32 -79
32 -79
32 -80
32 -80
32 -81
32 -81
32 -80
32 -81
32 -80
32 -81
32 -81
32 -81
32 -81
32 -82
32 -82
32 -82
32 -83
32 -82
32 -83
32 -83
32 -83
32 -82
32 -82
32 -81
32 -80
32 -79
32 -80
32 -79
32 -79
32 -80
32 -80
32 -79
32 -81
32 -81
32 -81
32 -81
32 -80
32 -80
32 -66
32 -81
32 -82
32 -82
32 -83
32 -83
32 -83
32 -81
32 -82
32 -82
32 -80
32 -81
32 -81
32 -82
33 -77
33 -78
33 -78
33 -79
33 -81
33 -80
33 -83
33 -78
33 -78
33 -77
33 -78
33 -78
33 -76
33 -76
33 -77
33 -79
33 -79
33 -78
33 -78
33 -78
33 -77
33 -77
33 -77
33 -76
33 -76
33 -76
33 -76
33 -67
33 -77
33 -78
33 -77
33 -76
33 -74
33 -78
33 -83
33 -83
33 -74
33 -76
33 -76
33 -81
33 -80
33 -80
33 -76
33 -80
33 -81
33 -80
33 -81
33 -80
33 -80
33 -80
33 -80
33 -78
33 -80
33 -81
33 -81
33 -80
33 -79
33 -79
33 -79
33 -78
33 -79
33 -77
33 -78
33 -78
33 -79
33 -79
33 -79
33 -80
33 -80
33 -79
33 -80
33 -79
33 -79
33 -78
33 -79
33 -79
33 -78
33 -78
33 -79
33 -80
33 -79
33 -79
33 -80
33 -79
33 -78
33 -79
33 -80
33 -80
33 -77
33 -76
33 -75
33 -74
33 -76
33 -78
33 -79
33 -78
33 -77
33 -75
33 -73
33 -73
33 -74
33 -79
33 -85
33 -77
33 -82
33 -84
33 -86
33 -85
33 -85
33 -85
33 -84
33 -82
33 -82
33 -82
33 -81
33 -84
33 -84
33 -84
33 -82
33 -82
33 -83
33 -80
33 -81
33 -81
33 -87
33 -83
33 -73
33 -82
33 -82
33 -78
33 -83
33 -83
33 -82
33 -70
33 -83
33 -84
33 -84
33 -82
33 -79
33 -78
33 -79
33 -79
33 -86
33 -83
33 -83
33 -84
33 -82
33 -76
33 -79
33 -80
33 -79
33 -79
33 -79
33 -79
33 -80
33 -84
33 -84
33 -84
33 -83
33 -76
33 -79
33 -78
33 -80
33 -53
33 -82
33 -72
33 -80
33 -79
33 -81
33 -83
33 -83
33 -84
33 -85
33 -83
33 -81
33 -67
33 -79
33 -71
33 -86
33 -84
33 -83
33 -83
33 -82
33 -76
33 -83
33 -84
33 -85
33 -82
33 -82
34 -82
34 -79
34 -78
34 -75
34 -75
34 -68
34 -75
34 -75
34 -72
34 -72
34 -72
34 -85
34 -76
34 -73
34 -74
34 -76
34 -80
34 -79
34 -79
34 -79
34 -79
34 -80
34 -79
34 -78
34 -79
34 -78
34 -78
34 -79
34 -79
34 -81
34 -81
34 -76
34 -76
34 -80
34 -77
34 -78
34 -77
34 -76
34 -82
34 -83
34 -86
34 -84
34 -83
34 -83
34 -82
34 -81
34 -81
34 -80
34 -81
34 -80
34 -80
34 -78
34 -82
34 -69
34 -83
34 -83
34 -84
34 -87
34 -85
34 -85
34 -84
34 -76
34 -77
34 -81
34 -84
34 -79
34 -78
34 -76
34 -73
34 -81
34 -76
34 -75
34 -73
34 -72
34 -72
34 -72
34 -72
34 -73
34 -74
34 -74
34 -75
34 -76
34 -76
34 -76
34 -76
34 -76
34 -76
34 -76
34 -76
34 -75
34 -75
34 -75
34 -75
34 -75
34 -60
34 -76
34 -76
34 -76
34 -75
34 -75
34 -75
34 -75
34 -73
34 -75
34 -76
34 -75
34 -75
34 -75
34 -75
34 -75
34 -75
34 -75
34 -74
34 -75
34 -75
34 -75
34 -75
34 -75
34 -75
34 -75
34 -75
34 -75
34 -75
34 -75
34 -75
34 -75
34 -75
34 -75
34 -75
34 -75
34 -76
34 -75
34 -72
34 -75
34 -76
34 -76
34 -76
34 -76
34 -77
34 -76
34 -76
34 -77
34 -77
34 -76
34 -77
34 -76
34 -77
34 -76
34 -76
34 -76
34 -76
34 -76
34 -76
34 -76
34 -76
34 -76
34 -76
34 -76
34 -76
34 -76
34 -76
34 -76
34 -76
34 -76
34 -76
34 -76
34 -76
34 -76
34 -76
34 -76
34 -76
34 -76
34 -75
34 -76
34 -76
34 -76
34 -76
34 -76
34 -76
34 -76
34 -76
34 -65
34 -76
34 -76
34 -76
34 -76
34 -76
34 -76
34 -76
34 -76
34 -76
34 -77
34 -78
34 -77
34 -77
34 -76
34 -76
34 -76
34 -76
34 -75
34 -75
34 -75
34 -75
34 -75
34 -76
34 -76
34 -75
34 -75
34 -75
34 -75
34 -75
34 -75
34 -75
34 -74
34 -75
34 -76
34 -75
34 -75
34 -75
34 -75
34 -75
34 -76
34 -76
34 -76
34 -76
34 -76
34 -77
34 -76
34 -76
34 -77
34 -77
34 -77
34 -76
34 -76
34 -78
34 -77
34 -76
34 -77
34 -76
34 -76
34 -76
34 -77
34 -76
34 -76
34 -52
34 -76
34 -76
34 -77
34 -78
34 -78
34 -77
34 -77
34 -77
34 -63
34 -76
34 -76
34 -76
34 -76
34 -76
34 -76
34 -76
34 -77
34 -78
34 -79
34 -79
34 -78
34 -78
34 -78
34 -76
34 -76
34 -76
34 -76
34 -76
34 -76
34 -76
34 -76
34 -76
34 -76
34 -74
34 -77
34 -76
34 -77
34 -77
34 -76
34 -77
34 -78
34 -78
34 -77
34 -76
34 -77
34 -76
34 -78
34 -78
34 -62
34 -77
34 -76
34 -76
34 -77
34 -77
34 -76
34 -76
34 -76
34 -76
34 -76
34 -61
34 -79
34 -78
34 -77
34 -76
34 -76
34 -78
34 -77
34 -78
34 -75
34 -78
34 -77
34 -77
34 -76
34 -75
34 -76
34 -76
34 -76
34 -76
34 -76
34 -76
34 -76
34 -76
34 -76
34 -76
34 -77
34 -77
34 -77
34 -78
35 -74
35 -74
35 -76
35 -76
35 -77
35 -76
35 -76
35 -76
35 -74
35 -73
35 -72
35 -72
35 -73
35 -78
35 -72
35 -72
35 -72
35 -70
35 -71
35 -72
35 -80
35 -79
35 -75
35 -75
35 -75
35 -74
35 -74
35 -73
35 -73
35 -72
35 -72
35 -72
35 -72
35 -72
35 -72
35 -72
35 -72
35 -72
35 -72
35 -72
35 -72
35 -71
35 -72
35 -71
35 -70
35 -67
35 -70
35 -68
35 -69
35 -69
35 -69
35 -70
35 -70
35 -70
35 -67
35 -72
35 -73
35 -72
35 -73
35 -72
35 -73
35 -74
35 -73
35 -73
35 -73
35 -74
35 -74
35 -74
35 -74
35 -74
35 -74
35 -73
35 -73
35 -73
35 -73
35 -73
35 -72
35 -72
35 -70
35 -71
35 -70
35 -70
35 -70
35 -70
35 -71
35 -71
35 -71
35 -71
35 -70
35 -71
35 -70
35 -71
35 -72
35 -72
35 -72
35 -71
35 -71
35 -71
35 -72
35 -73
35 -74
35 -76
35 -69
35 -75
35 -74
35 -74
35 -73
35 -74
35 -74
35 -74
35 -74
35 -73
35 -73
35 -73
35 -73
35 -73
35 -73
35 -74
35 -74
35 -74
35 -74
35 -74
35 -74
35 -74
35 -72
35 -72
35 -71
35 -68
35 -70
35 -75
35 -80
35 -84
35 -81
35 -71
35 -69
35 -70
35 -71
35 -66
35 -67
35 -68
35 -69
35 -69
35 -70
35 -70
35 -71
35 -72
35 -74
35 -75
35 -52
35 -63
35 -79
35 -80
35 -81
35 -82
35 -81
35 -79
35 -79
35 -78
35 -78
35 -78
35 -78
35 -78
35 -77
35 -79
35 -78
35 -78
35 -77
35 -76
35 -76
35 -76
35 -76
35 -76
35 -75
35 -75
35 -75
35 -75
35 -75
35 -75
35 -75
35 -73
35 -73
35 -74
35 -75
35 -76
35 -76
35 -75
35 -76
35 -75
35 -75
35 -75
35 -74
35 -75
35 -71
35 -75
35 -75
35 -74
35 -74
35 -74
35 -74
35 -74
35 -71
35 -74
35 -74
35 -75
35 -75
35 -76
35 -75
35 -76
35 -78
35 -79
35 -79
35 -79
35 -62
35 -76
35 -76
35 -76
35 -76
35 -78
35 -78
35 -77
35 -77
35 -78
35 -78
35 -78
35 -78
35 -78
35 -78
35 -78
35 -78
35 -78
35 -78
35 -77
35 -77
35 -76
35 -78
35 -77
35 -78
35 -77
35 -78
35 -78
35 -78
35 -78
35 -78
35 -78
35 -77
35 -77
35 -76
35 -76
35 -76
35 -76
35 -76
35 -76
35 -78
35 -78
35 -80
35 -80
35 -78
35 -79
35 -77
35 -78
35 -79
35 -80
35 -80
35 -80
35 -80
35 -75
35 -78
35 -78
35 -79
35 -80
35 -80
35 -80
35 -81
35 -81
35 -81
35 -82
35 -80
35 -79
35 -80
35 -79
35 -79
35 -78
35 -80
35 -81
35 -81
35 -82
35 -80
35 -81
35 -82
35 -82
35 -79
35 -79
35 -79
35 -80
35 -80
35 -73
35 -81
35 -66
35 -81
35 -83
35 -83
35 -81
35 -78
35 -79
35 -81
35 -81
35 -81
35 -82
35 -82
35 -78
35 -81
35 -79
35 -79
35 -81
35 -82
35 -81
35 -81
35 -81
35 -81
35 -81
35 -81
35 -82
35 -78
35 -75
35 -76
35 -76
35 -76
35 -76
35 -76
35 -76
35 -77
35 -80
35 -78
35 -77
35 -78
35 -77
35 -78
35 -78
35 -78
35 -79
35 -60
35 -82
35 -77
35 -78
35 -63
35 -80
35 -79
35 -72
35 -62
35 -79
35 -80
35 -80
35 -82
35 -81
35 -82
35 -83
35 -82
35 -81
36 -68
36 -68
36 -68
36 -69
36 -68
36 -67
36 -67
36 -67
36 -68
36 -66
36 -64
36 -63
36 -63
36 -68
36 -66
36 -68
36 -67
36 -65
36 -64
36 -64
36 -64
36 -64
36 -64
36 -64
36 -64
36 -63
36 -64
36 -64
36 -64
36 -64
36 -64
36 -64
36 -64
36 -64
36 -64
36 -64
36 -64
36 -64
36 -64
36 -64
36 -64
36 -64
36 -64
36 -64
36 -64
36 -64
36 -64
36 -63
36 -63
36 -64
36 -64
36 -64
36 -64
36 -64
36 -64
36 -64
36 -64
36 -64
36 -64
36 -64
36 -64
36 -64
36 -64
36 -64
36 -64
36 -64
36 -64
36 -64
36 -64
36 -64
36 -64
36 -64
36 -64
36 -64
36 -64
36 -64
36 -64
36 -64
36 -64
36 -64
36 -65
36 -65
36 -65
36 -65
36 -65
36 -55
36 -65
36 -65
36 -65
36 -66
36 -66
36 -66
36 -66
36 -66
36 -66
36 -66
36 -66
36 -66
36 -66
36 -66
36 -66
36 -66
36 -67
36 -68
36 -67
36 -66
36 -66
36 -66
36 -66
36 -66
36 -66
36 -66
36 -66
36 -66
36 -66
36 -66
36 -66
36 -66
36 -66
36 -66
36 -66
36 -65
36 -66
36 -67
36 -67
36 -67
36 -65
36 -66
36 -66
36 -66
36 -66
36 -66
36 -66
36 -67
36 -66
36 -67
36 -67
36 -67
36 -68
36 -69
36 -69
36 -68
36 -67
36 -67
36 -67
36 -72
36 -78
36 -69
36 -66
36 -66
36 -66
36 -66
36 -69
36 -71
36 -73
36 -73
36 -72
36 -70
36 -68
36 -67
36 -67
36 -67
36 -67
36 -67
36 -67
36 -67
36 -67
36 -67
36 -68
36 -68
36 -68
36 -68
36 -68
36 -68
36 -68
36 -68
36 -68
36 -68
36 -69
36 -69
36 -70
36 -70
36 -70
36 -70
36 -70
36 -70
36 -71
36 -70
36 -70
36 -70
36 -70
36 -71
36 -72
36 -71
36 -70
36 -70
36 -70
36 -70
36 -70
36 -70
36 -70
36 -70
36 -70
36 -70
36 -70
36 -70
36 -71
36 -70
36 -71
36 -71
36 -71
36 -70
36 -70
36 -70
36 -70
36 -69
36 -68
36 -67
36 -67
36 -67
36 -67
36 -67
36 -67
36 -67
36 -67
36 -67
36 -68
36 -67
36 -67
36 -68
36 -30
36 -67
36 -67
36 -67
36 -67
36 -67
36 -67
36 -66
36 -66
36 -66
36 -66
36 -66
36 -66
36 -66
36 -66
36 -67
36 -66
36 -66
36 -66
36 -66
36 -66
36 -66
36 -67
36 -66
36 -66
36 -66
36 -66
36 -66
36 -66
36 -66
36 -66
36 -66
36 -66
36 -66
36 -66
36 -66
36 -66
36 -66
36 -66
36 -66
36 -66
36 -65
36 -66
36 -66
36 -66
36 -66
36 -66
36 -66
36 -65
36 -64
36 -65
36 -66
36 -66
36 -67
36 -67
36 -67
36 -66
36 -66
36 -66
36 -62
36 -66
36 -66
36 -65
36 -66
36 -66
36 -66
36 -66
36 -66
36 -66
36 -66
36 -66
36 -66
36 -66
36 -66
36 -66
36 -66
36 -66
36 -66
36 -66
36 -66
36 -66
36 -66
36 -66
36 -65
36 -65
36 -66
36 -65
36 -65
36 -65
36 -65
36 -65
36 -65
36 -65
36 -65
36 -65
36 -65
36 -65
36 -66
36 -65
36 -66
36 -66
36 -66
36 -66
36 -66
36 -65
36 -65
36 -66
36 -66
36 -66
36 -65
36 -65
36 -66
36 -66
36 -66
36 -66
36 -66
36 -66
36 -66
36 -66
36 -66
36 -66
36 -66
36 -66
36 -66
36 -66
36 -66
36 -66
36 -66
36 -66
36 -66
36 -64
36 -30
36 -66
36 -66
36 -66
36 -66
36 -66
36 -66
36 -66
36 -66
36 -66
36 -66
36 -66
36 -66
36 -66
36 -66
36 -66
36 -66
36 -66
36 -66
36 -65
36 -65
36 -65
36 -65
36 -65
36 -65
36 -65
36 -65
36 -65
36 -64
36 -64
36 -65
36 -65
36 -65
36 -66
36 -66
36 -66
36 -66
36 -66
36 -66
36 -66
36 -67
36 -68
36 -68
36 -68
36 -68
36 -68
36 -67
36 -67
36 -66
36 -66
36 -66
36 -67
36 -67
36 -66
36 -66
36 -66
36 -66
36 -65
36 -65
36 -65
36 -66
36 -65
36 -65
36 -65
36 -66
36 -66
36 -66
36 -66
36 -66
36 -66
36 -66
36 -66
36 -66
36 -66
36 -66
36 -66
36 -66
36 -69
36 -66
36 -66
37 -85
37 -83
37 -82
37 -81
37 -81
37 -78
37 -78
37 -76
37 -73
37 -75
37 -79
37 -78
37 -78
37 -77
37 -77
37 -76
37 -77
37 -78
37 -80
37 -79
37 -78
37 -78
37 -78
37 -77
37 -76
37 -75
37 -76
37 -76
37 -76
37 -74
37 -76
37 -76
37 -76
37 -76
37 -76
37 -76
37 -78
37 -80
37 -81
37 -81
37 -78
37 -78
37 -77
37 -76
37 -76
37 -76
37 -77
37 -71
37 -76
37 -78
37 -78
37 -79
37 -82
37 -82
37 -81
37 -80
37 -81
37 -81
37 -82
37 -85
37 -87
37 -87
37 -83
37 -81
37 -78
37 -78
37 -76
37 -76
37 -76
37 -75
37 -76
37 -75
37 -74
37 -75
37 -78
37 -76
37 -77
37 -76
37 -76
37 -76
37 -72
37 -76
37 -79
37 -81
37 -82
37 -80
37 -80
37 -80
37 -80
37 -79
37 -79
37 -78
37 -80
37 -81
37 -82
37 -82
37 -82
37 -81
37 -81
37 -81
37 -81
37 -82
37 -82
37 -81
37 -81
37 -81
37 -80
37 -80
37 -80
37 -81
37 -81
37 -85
37 -86
37 -85
37 -85
37 -87
37 -86
37 -87
37 -85
38 -78
38 -78
38 -79
38 -80
38 -81
38 -82
38 -76
38 -75
38 -74
38 -73
38 -73
38 -73
38 -72
38 -74
38 -76
38 -76
38 -76
38 -76
38 -75
38 -74
38 -74
38 -73
38 -73
38 -74
38 -74
38 -74
38 -73
38 -73
38 -73
38 -74
38 -74
38 -74
38 -74
38 -74
38 -74
38 -74
38 -75
38 -75
38 -75
38 -74
38 -73
38 -73
38 -73
38 -73
38 -73
38 -73
38 -73
38 -75
38 -74
38 -75
38 -75
38 -74
38 -75
38 -75
38 -74
38 -75
38 -75
38 -75
38 -76
38 -76
38 -76
38 -77
38 -77
38 -78
38 -78
38 -77
38 -77
38 -76
38 -76
38 -76
38 -76
38 -76
38 -76
38 -77
38 -77
38 -78
38 -78
38 -78
38 -78
38 -78
38 -79
38 -79
38 -79
38 -79
38 -79
38 -80
38 -78
38 -79
38 -79
38 -79
38 -79
38 -81
38 -80
38 -80
38 -81
38 -81
38 -79
38 -78
38 -78
38 -78
38 -78
38 -78
38 -78
38 -77
38 -77
38 -78
38 -78
38 -78
38 -79
38 -79
38 -79
38 -79
38 -78
38 -78
38 -80
38 -82
38 -83
38 -75
38 -74
38 -73
38 -73
38 -73
38 -73
38 -76
38 -80
38 -79
38 -83
38 -83
38 -78
38 -78
38 -78
38 -78
38 -79
38 -79
38 -79
38 -79
38 -80
38 -81
38 -79
38 -80
38 -80
38 -80
38 -81
38 -80
38 -80
38 -82
38 -79
38 -82
38 -81
38 -82
38 -84
38 -84
38 -83
38 -81
38 -83
38 -83
38 -83
38 -84
38 -84
38 -83
38 -82
38 -81
38 -79
38 -78
38 -78
38 -79
38 -78
38 -80
38 -79
38 -79
38 -80
38 -81
38 -82
38 -81
38 -81
38 -80
38 -80
38 -80
38 -48
38 -79
38 -79
38 -59
38 -77
38 -77
38 -77
38 -77
38 -78
38 -78
38 -77
38 -79
38 -78
38 -77
38 -77
38 -77
38 -77
38 -77
38 -76
38 -76
38 -76
38 -76
38 -76
38 -76
38 -76
38 -76
38 -76
38 -76
38 -76
38 -76
38 -76
38 -76
38 -76
38 -76
38 -76
38 -76
38 -76
38 -77
38 -80
38 -80
38 -79
38 -78
38 -79
38 -77
38 -78
38 -78
38 -76
38 -77
38 -78
38 -78
38 -78
38 -78
38 -78
38 -74
38 -76
38 -77
38 -76
38 -76
38 -76
38 -76
38 -76
38 -76
38 -76
38 -76
38 -76
38 -75
38 -76
38 -76
38 -76
38 -76
38 -62
38 -77
38 -77
38 -78
38 -78
38 -77
38 -78
38 -78
38 -77
38 -78
38 -63
38 -79
38 -78
38 -78
38 -78
38 -79
38 -78
38 -78
38 -78
38 -78
38 -78
38 -78
38 -78
38 -78
38 -78
38 -78
38 -78
38 -78
38 -78
38 -79
38 -79
38 -78
38 -79
38 -79
38 -79
38 -60
38 -78
38 -78
38 -78
38 -76
38 -78
38 -78
38 -78
38 -78
38 -77
38 -76
38 -76
38 -76
38 -76
38 -76
38 -76
38 -76
38 -76
38 -76
38 -76
38 -76
38 -76
38 -76
38 -75
38 -77
38 -78
38 -77
38 -78
38 -77
38 -78
38 -80
38 -83
38 -82
38 -82
38 -83
38 -80
38 -78
38 -83
38 -79
38 -78
38 -80
38 -77
38 -76
38 -75
38 -76
38 -76
38 -75
38 -75
38 -78
38 -78
38 -80
38 -79
38 -78
38 -80
38 -80
38 -77
38 -79
38 -81
38 -82
38 -80
