Beacon Rssi
1 -86
1 -86
1 -83
1 -77
1 -76
1 -75
1 -74
1 -74
1 -74
1 -76
1 -77
1 -78
1 -78
1 -79
1 -80
1 -82
1 -81
1 -82
1 -82
1 -78
1 -79
1 -79
1 -80
1 -78
1 -78
1 -78
1 -78
1 -77
1 -77
1 -79
1 -79
1 -79
1 -78
1 -77
1 -78
1 -80
1 -80
1 -80
1 -79
1 -77
1 -76
1 -77
1 -79
1 -79
1 -80
1 -80
1 -79
1 -79
1 -79
1 -79
1 -79
1 -79
1 -79
1 -78
1 -78
1 -77
1 -77
1 -75
1 -76
1 -76
1 -77
1 -77
1 -78
1 -78
1 -78
1 -76
1 -77
1 -78
1 -78
1 -78
1 -77
1 -77
1 -57
1 -79
1 -77
1 -77
1 -77
1 -78
1 -78
1 -78
1 -77
1 -78
1 -78
1 -79
1 -79
1 -81
1 -82
1 -85
1 -87
1 -84
1 -80
1 -85
1 -84
1 -82
1 -80
1 -79
1 -78
1 -77
1 -76
1 -60
1 -77
1 -77
1 -77
1 -77
1 -78
1 -78
1 -77
1 -76
1 -76
1 -77
1 -75
1 -74
1 -77
1 -76
1 -76
1 -76
1 -76
1 -76
1 -76
1 -76
1 -76
1 -76
1 -75
1 -76
1 -76
1 -77
1 -77
1 -78
1 -78
1 -79
1 -79
1 -72
1 -81
1 -82
1 -81
1 -81
1 -80
1 -79
1 -78
1 -78
1 -78
1 -78
1 -78
1 -78
1 -78
1 -78
1 -78
1 -79
1 -80
1 -79
1 -80
1 -79
1 -79
1 -78
1 -78
1 -78
1 -78
1 -76
1 -77
1 -76
1 -77
1 -76
1 -76
1 -76
1 -76
1 -76
1 -76
1 -76
1 -76
1 -76
1 -76
1 -76
1 -76
1 -77
1 -77
1 -78
1 -78
1 -78
1 -78
1 -78
1 -78
1 -77
1 -77
1 -77
1 -77
1 -78
1 -78
1 -78
1 -78
1 -78
1 -78
1 -78
1 -77
1 -78
1 -78
1 -78
1 -76
1 -76
1 -76
1 -76
1 -76
1 -76
1 -76
1 -75
1 -76
1 -75
1 -75
1 -75
1 -76
1 -76
1 -76
1 -76
1 -77
1 -76
1 -76
1 -76
1 -76
1 -76
1 -76
1 -76
1 -75
1 -75
1 -76
1 -75
1 -75
1 -75
1 -75
1 -75
1 -76
1 -76
1 -76
1 -76
1 -77
1 -77
1 -78
1 -78
1 -78
1 -78
1 -77
1 -78
1 -77
1 -77
1 -76
1 -77
1 -76
1 -76
1 -77
1 -76
1 -76
1 -77
1 -76
1 -76
1 -76
1 -76
1 -76
1 -76
1 -76
1 -76
1 -57
1 -76
1 -75
1 -75
1 -69
1 -75
1 -75
1 -75
1 -75
1 -75
1 -76
1 -78
1 -79
1 -80
1 -80
1 -81
1 -80
1 -78
1 -77
1 -76
1 -76
1 -77
1 -76
1 -76
1 -76
1 -77
1 -78
1 -78
1 -79
1 -79
1 -78
1 -78
1 -78
1 -78
1 -77
1 -76
1 -76
1 -76
1 -76
1 -75
1 -75
1 -75
1 -75
1 -75
1 -76
1 -75
1 -75
1 -76
1 -75
1 -76
1 -75
1 -75
1 -75
1 -75
1 -76
1 -76
1 -76
1 -76
1 -76
1 -76
1 -76
1 -76
1 -76
1 -76
1 -76
1 -76
1 -76
1 -76
1 -76
1 -76
1 -76
1 -76
1 -75
1 -75
1 -76
1 -77
1 -77
1 -76
1 -76
1 -76
1 -77
1 -77
1 -76
1 -77
1 -77
1 -78
1 -76
1 -77
1 -79
1 -80
1 -82
1 -81
1 -81
1 -81
1 -81
1 -81
1 -80
1 -80
1 -79
1 -79
1 -70
1 -73
1 -79
1 -85
1 -84
1 -82
1 -81
1 -81
1 -79
1 -81
1 -80
1 -80
1 -79
1 -79
1 -78
1 -79
1 -80
1 -80
1 -79
1 -87
1 -84
1 -83
1 -82
1 -82
1 -80
1 -80
1 -78
1 -81
1 -81
1 -80
1 -80
1 -78
1 -78
1 -78
1 -76
1 -76
2 -78
2 -78
2 -78
2 -79
2 -79
2 -79
2 -79
2 -79
2 -78
2 -80
2 -79
2 -79
2 -79
2 -78
2 -79
2 -82
2 -80
2 -83
2 -83
2 -84
2 -84
2 -81
2 -87
2 -83
2 -84
2 -84
2 -78
2 -83
2 -84
2 -84
2 -86
2 -87
2 -88
2 -85
2 -83
2 -83
2 -83
2 -84
2 -82
2 -83
2 -83
2 -84
2 -86
2 -85
2 -83
2 -84
2 -84
2 -84
2 -83
2 -82
2 -86
2 -82
2 -81
2 -79
2 -79
2 -78
2 -78
2 -78
2 -78
2 -78
2 -84
2 -86
2 -85
2 -85
2 -84
2 -83
2 -84
2 -84
2 -84
2 -84
2 -84
2 -83
2 -82
2 -80
2 -80
2 -80
2 -82
2 -82
2 -82
2 -82
2 -81
2 -80
2 -81
2 -82
2 -83
2 -83
2 -83
2 -83
2 -83
2 -84
2 -85
2 -86
2 -84
3 -81
3 -80
3 -80
3 -78
3 -78
3 -78
3 -77
3 -73
3 -77
3 -77
3 -78
3 -79
3 -79
3 -79
3 -78
3 -79
3 -81
3 -84
3 -79
3 -83
3 -76
3 -73
3 -74
3 -75
3 -74
3 -31
3 -72
3 -72
3 -73
3 -75
3 -77
3 -76
3 -76
3 -73
3 -74
3 -76
3 -78
3 -78
3 -78
3 -76
3 -77
3 -83
3 -81
3 -80
3 -79
3 -76
3 -77
3 -78
3 -51
3 -72
3 -71
3 -71
3 -72
3 -73
3 -72
3 -70
3 -72
3 -75
3 -76
3 -78
3 -77
3 -72
3 -67
3 -66
3 -71
3 -70
3 -70
3 -70
3 -70
3 -70
3 -70
3 -70
3 -69
3 -69
3 -72
3 -73
3 -73
3 -73
3 -72
3 -70
3 -70
3 -70
3 -71
3 -70
3 -70
3 -70
3 -70
3 -71
3 -70
3 -70
3 -70
3 -71
3 -70
3 -70
3 -71
3 -71
3 -71
3 -71
3 -70
3 -70
3 -71
3 -71
3 -70
3 -71
3 -70
3 -70
3 -70
3 -70
3 -70
3 -71
3 -70
3 -71
3 -71
3 -71
3 -71
3 -71
3 -71
3 -71
3 -70
3 -70
3 -70
3 -71
3 -70
3 -70
3 -70
3 -70
3 -70
3 -71
3 -71
3 -71
3 -71
3 -71
3 -71
3 -71
3 -71
3 -71
3 -71
3 -71
3 -71
3 -71
3 -71
3 -71
3 -71
3 -71
3 -71
3 -71
3 -71
3 -70
3 -71
3 -71
3 -72
3 -72
3 -71
3 -70
3 -71
3 -72
3 -70
3 -72
3 -71
3 -71
3 -71
3 -71
3 -71
3 -71
3 -71
3 -71
3 -70
3 -70
3 -70
3 -71
3 -70
3 -70
3 -70
3 -71
3 -70
3 -71
3 -71
3 -71
3 -71
3 -71
3 -71
3 -72
3 -72
3 -72
3 -72
3 -71
3 -70
3 -70
3 -70
3 -70
3 -70
3 -63
3 -70
3 -70
3 -70
3 -70
3 -70
3 -68
3 -71
3 -71
3 -71
3 -71
3 -70
3 -70
3 -70
3 -70
3 -70
3 -70
3 -70
3 -70
3 -70
3 -70
3 -70
3 -71
3 -70
3 -70
3 -71
3 -70
3 -70
3 -70
3 -70
3 -70
3 -70
3 -70
3 -70
3 -70
3 -70
3 -70
3 -70
3 -70
3 -70
3 -70
3 -71
3 -71
3 -71
3 -71
3 -71
3 -72
3 -71
3 -72
3 -72
3 -71
3 -72
3 -70
3 -70
3 -71
3 -71
3 -71
3 -71
3 -71
3 -72
3 -72
3 -71
3 -71
3 -71
3 -71
3 -71
3 -71
3 -70
3 -71
3 -71
3 -72
3 -72
3 -72
3 -72
3 -72
3 -72
3 -72
3 -70
3 -71
3 -71
3 -71
3 -71
3 -71
3 -70
3 -70
3 -70
3 -70
3 -70
3 -70
3 -70
3 -70
3 -70
3 -70
3 -69
3 -70
3 -70
3 -70
3 -70
3 -70
3 -70
3 -70
3 -71
3 -71
3 -71
3 -72
3 -71
3 -71
3 -71
3 -71
3 -71
3 -71
3 -71
3 -71
3 -72
3 -72
3 -72
3 -73
3 -76
3 -78
3 -80
3 -81
3 -82
3 -84
3 -72
3 -70
3 -70
3 -70
3 -70
3 -69
3 -69
3 -69
3 -70
3 -70
3 -70
3 -71
3 -71
3 -70
3 -71
3 -71
3 -71
3 -71
3 -70
3 -70
3 -70
3 -71
3 -72
3 -71
3 -71
3 -72
3 -72
3 -73
3 -76
3 -76
3 -76
3 -76
3 -76
3 -76
3 -75
3 -75
3 -74
3 -72
3 -72
3 -72
3 -72
3 -72
3 -71
3 -55
3 -72
3 -72
3 -72
3 -72
3 -72
3 -71
3 -67
3 -66
3 -66
3 -66
3 -66
3 -66
3 -66
3 -67
3 -66
3 -67
3 -67
3 -66
3 -66
3 -66
3 -66
3 -68
3 -72
3 -72
3 -70
3 -69
3 -69
3 -69
3 -69
3 -70
3 -70
3 -70
3 -70
3 -70
3 -70
3 -68
3 -70
3 -70
3 -70
3 -69
3 -68
3 -68
3 -69
3 -68
3 -69
3 -30
3 -69
3 -76
3 -68
3 -66
3 -67
3 -67
3 -68
3 -67
3 -68
3 -68
3 -68
3 -68
3 -68
3 -67
3 -67
3 -67
3 -67
3 -67
3 -67
3 -67
3 -67
3 -67
3 -67
3 -67
3 -66
3 -66
3 -66
3 -66
3 -67
3 -67
3 -68
3 -69
3 -70
3 -70
3 -70
3 -70
3 -70
3 -70
3 -70
3 -70
3 -71
3 -71
3 -71
3 -70
3 -70
3 -70
3 -70
3 -70
3 -69
3 -69
3 -69
3 -70
3 -70
3 -70
3 -70
3 -70
3 -70
3 -70
3 -70
3 -70
3 -70
3 -70
3 -70
3 -70
3 -70
3 -70
3 -70
3 -70
3 -70
3 -70
3 -70
3 -60
3 -70
3 -70
3 -70
3 -70
3 -70
3 -70
3 -70
3 -70
3 -70
3 -70
3 -70
3 -70
3 -70
3 -70
3 -70
3 -69
3 -70
3 -70
4 -66
4 -66
4 -66
4 -66
4 -67
4 -66
4 -67
4 -67
4 -67
4 -67
4 -67
4 -68
4 -68
4 -68
4 -69
4 -69
4 -69
4 -69
4 -69
4 -69
4 -68
4 -68
4 -66
4 -66
4 -66
4 -69
4 -73
4 -67
4 -70
4 -70
4 -70
4 -70
4 -72
4 -70
4 -68
4 -72
4 -73
4 -74
4 -74
4 -74
4 -74
4 -74
4 -77
4 -77
4 -72
4 -70
4 -72
4 -78
4 -80
4 -74
4 -72
4 -73
4 -70
4 -70
4 -71
4 -72
4 -72
4 -72
4 -72
4 -72
4 -81
4 -79
4 -82
4 -81
4 -78
4 -76
4 -82
4 -76
4 -72
4 -70
4 -70
4 -70
4 -66
4 -68
4 -66
4 -64
4 -66
4 -64
4 -64
4 -64
4 -64
4 -64
4 -63
4 -63
4 -63
4 -64
4 -65
4 -65
4 -64
4 -62
4 -62
4 -62
4 -62
4 -62
4 -62
4 -64
4 -64
4 -63
4 -62
4 -63
4 -57
4 -64
4 -63
4 -63
4 -63
4 -63
4 -64
4 -64
4 -64
4 -64
4 -64
4 -64
4 -64
4 -64
4 -64
4 -64
4 -64
4 -64
4 -64
4 -64
4 -63
4 -64
4 -64
4 -64
4 -64
4 -64
4 -64
4 -64
4 -65
4 -64
4 -64
4 -64
4 -64
4 -64
4 -64
4 -64
4 -64
4 -64
4 -64
4 -64
4 -64
4 -64
4 -64
4 -64
4 -64
4 -64
4 -64
4 -64
4 -64
4 -65
4 -65
4 -65
4 -66
4 -66
4 -66
4 -66
4 -67
4 -68
4 -68
4 -68
4 -67
4 -66
4 -66
4 -67
4 -67
4 -67
4 -67
4 -67
4 -68
4 -69
4 -69
4 -69
4 -69
4 -69
4 -69
4 -70
4 -70
4 -70
4 -70
4 -70
4 -69
4 -69
4 -68
4 -67
4 -67
4 -66
4 -66
4 -64
4 -66
4 -66
4 -65
4 -65
4 -65
4 -65
4 -65
4 -65
4 -66
4 -66
4 -66
4 -66
4 -66
4 -66
4 -66
4 -66
4 -66
4 -66
4 -66
4 -66
4 -65
4 -66
4 -64
4 -64
4 -64
4 -64
4 -64
4 -64
4 -64
4 -65
4 -65
4 -65
4 -66
4 -66
4 -66
4 -66
4 -66
4 -66
4 -66
4 -66
4 -66
4 -66
4 -66
4 -66
4 -66
4 -66
4 -65
4 -65
4 -65
4 -64
4 -65
4 -64
4 -64
4 -64
4 -65
4 -65
4 -65
4 -66
4 -66
4 -66
4 -65
4 -65
4 -65
4 -65
4 -65
4 -66
4 -66
4 -66
4 -66
4 -66
4 -66
4 -66
4 -66
4 -66
4 -67
4 -67
4 -67
4 -67
4 -67
4 -67
4 -68
4 -68
4 -68
4 -68
4 -69
4 -69
4 -68
4 -68
4 -67
4 -67
4 -66
4 -66
4 -66
4 -66
4 -67
4 -67
4 -67
4 -67
4 -67
4 -67
4 -67
4 -68
4 -69
4 -70
4 -70
4 -70
4 -70
4 -70
4 -69
4 -68
4 -67
4 -66
4 -66
4 -66
4 -66
4 -66
4 -66
4 -66
4 -66
4 -66
4 -66
4 -66
4 -66
4 -65
4 -65
4 -65
4 -65
4 -65
4 -65
4 -64
4 -65
4 -65
4 -66
4 -66
4 -66
4 -66
4 -66
4 -66
4 -65
4 -31
4 -67
4 -67
4 -67
4 -68
4 -68
4 -69
4 -70
4 -68
4 -73
4 -78
4 -78
4 -74
4 -71
4 -70
4 -69
4 -68
4 -70
4 -76
4 -67
4 -66
4 -66
4 -64
4 -63
4 -63
4 -63
4 -64
4 -66
4 -69
4 -69
4 -69
4 -68
4 -69
4 -68
4 -68
4 -68
4 -68
4 -69
4 -70
4 -70
4 -71
4 -70
4 -70
4 -73
4 -81
4 -84
4 -82
4 -80
4 -76
4 -75
4 -75
4 -73
4 -72
4 -71
4 -70
4 -70
4 -70
4 -70
4 -70
4 -70
4 -70
4 -71
4 -70
4 -69
4 -69
4 -69
4 -68
4 -69
4 -69
4 -65
4 -66
4 -65
4 -67
4 -68
4 -68
4 -67
4 -67
4 -66
4 -67
4 -66
4 -66
4 -66
4 -65
4 -64
4 -69
4 -67
4 -63
4 -63
4 -63
4 -63
4 -64
4 -64
4 -64
4 -64
4 -64
4 -64
4 -64
4 -64
4 -64
4 -65
4 -65
4 -64
4 -63
4 -62
4 -62
4 -62
4 -61
4 -61
4 -60
4 -60
4 -60
4 -60
4 -60
4 -60
4 -60
4 -60
4 -60
4 -60
4 -60
4 -60
4 -60
4 -60
4 -60
4 -60
4 -60
4 -60
4 -60
4 -60
4 -60
4 -60
4 -60
4 -60
4 -60
4 -60
4 -60
4 -60
4 -60
4 -60
4 -60
4 -60
4 -60
4 -61
4 -61
4 -62
4 -62
4 -62
4 -62
4 -62
4 -63
4 -70
4 -63
4 -63
4 -64
4 -63
4 -64
4 -63
4 -63
4 -61
4 -61
4 -62
4 -62
4 -62
4 -62
4 -62
4 -61
4 -61
4 -60
4 -61
4 -61
4 -61
4 -61
4 -61
4 -61
4 -61
4 -61
4 -60
4 -50
4 -61
4 -30
4 -61
4 -61
4 -61
4 -61
4 -60
4 -60
4 -60
4 -60
4 -61
4 -61
4 -61
4 -62
4 -62
4 -62
5 -76
5 -76
5 -76
5 -75
5 -76
5 -76
5 -76
5 -75
5 -76
5 -75
5 -75
5 -75
5 -75
5 -75
5 -75
5 -75
5 -75
5 -75
5 -74
5 -74
5 -74
5 -76
5 -76
5 -78
5 -78
5 -76
5 -76
5 -76
5 -75
5 -74
5 -75
5 -79
5 -77
5 -79
5 -76
5 -76
5 -76
5 -76
5 -76
5 -78
5 -79
5 -82
5 -83
5 -84
5 -84
5 -76
5 -79
5 -78
5 -76
5 -75
5 -77
5 -81
5 -83
5 -70
5 -79
5 -79
5 -79
5 -80
5 -80
5 -82
5 -85
5 -81
5 -78
5 -78
5 -78
5 -78
5 -79
5 -79
5 -80
5 -81
5 -82
5 -83
5 -82
5 -82
5 -82
5 -82
5 -81
5 -81
5 -80
5 -78
5 -79
5 -80
5 -82
5 -82
5 -82
5 -82
5 -82
5 -81
5 -82
5 -82
5 -82
5 -82
5 -82
5 -83
5 -84
5 -83
5 -83
5 -82
5 -67
5 -83
5 -82
5 -81
5 -82
5 -82
5 -82
5 -81
5 -80
5 -80
5 -80
5 -82
5 -81
5 -81
5 -81
5 -81
5 -81
5 -81
5 -80
5 -81
5 -80
5 -80
5 -80
5 -80
5 -80
5 -80
5 -80
5 -81
5 -81
5 -82
5 -81
5 -83
5 -84
5 -84
5 -83
5 -83
5 -83
5 -82
5 -82
5 -82
5 -83
5 -83
5 -83
5 -83
5 -82
5 -83
5 -82
5 -82
5 -80
5 -80
5 -81
5 -80
5 -79
5 -81
5 -81
5 -80
5 -79
5 -81
5 -81
5 -81
5 -81
5 -81
5 -82
5 -82
5 -82
5 -81
5 -81
5 -81
5 -83
5 -83
5 -82
5 -82
5 -81
5 -80
5 -81
5 -81
5 -81
5 -80
5 -78
5 -78
5 -78
5 -78
5 -78
5 -78
5 -78
5 -78
5 -78
5 -78
5 -78
5 -78
5 -78
5 -78
5 -78
5 -80
5 -79
5 -80
5 -80
5 -80
5 -78
5 -77
5 -79
5 -79
5 -79
5 -78
5 -79
5 -79
5 -78
5 -77
5 -78
5 -79
5 -79
5 -81
5 -81
5 -81
5 -81
5 -81
5 -81
5 -81
5 -81
5 -81
5 -80
5 -80
5 -79
5 -79
5 -79
5 -79
5 -79
5 -80
5 -79
5 -79
5 -78
5 -78
5 -79
5 -78
5 -78
5 -77
5 -78
5 -78
5 -77
5 -76
5 -76
5 -76
5 -76
5 -76
5 -75
5 -75
5 -75
5 -75
5 -74
5 -73
5 -73
5 -73
5 -72
5 -72
5 -72
5 -72
5 -72
5 -72
5 -72
5 -73
5 -74
5 -74
5 -75
5 -77
5 -79
5 -84
5 -74
5 -82
5 -80
5 -79
5 -78
5 -78
5 -78
5 -77
5 -77
5 -76
5 -76
5 -76
5 -73
5 -75
5 -67
5 -73
5 -75
5 -75
5 -76
5 -76
5 -75
5 -75
5 -75
5 -76
5 -76
5 -76
5 -76
5 -76
5 -76
5 -76
5 -76
5 -75
5 -75
5 -75
5 -75
5 -76
5 -76
5 -76
5 -76
5 -75
5 -76
5 -75
5 -75
5 -77
5 -78
5 -78
5 -79
5 -79
5 -81
5 -85
5 -79
5 -78
5 -81
5 -83
5 -84
5 -83
5 -83
5 -81
5 -83
5 -82
5 -82
5 -81
5 -80
5 -80
5 -80
5 -80
5 -84
5 -83
5 -82
5 -82
5 -82
5 -83
5 -82
5 -83
5 -80
5 -81
5 -81
5 -81
5 -81
5 -82
5 -83
5 -83
5 -83
6 -80
6 -79
6 -79
6 -78
6 -76
6 -77
6 -77
6 -78
6 -77
6 -76
6 -76
6 -76
6 -76
6 -76
6 -76
6 -76
6 -76
6 -76
6 -76
6 -76
6 -76
6 -76
6 -79
6 -76
6 -84
6 -82
6 -84
6 -82
6 -85
6 -77
6 -75
6 -75
6 -75
6 -76
6 -76
6 -76
6 -76
6 -75
6 -76
6 -76
6 -77
6 -79
6 -79
6 -78
6 -78
6 -76
6 -76
6 -77
6 -79
6 -76
6 -76
6 -76
6 -76
6 -76
6 -76
6 -76
6 -76
6 -75
6 -76
6 -76
6 -78
6 -77
6 -76
6 -76
6 -75
6 -74
6 -75
6 -65
6 -76
6 -76
6 -76
6 -77
6 -78
6 -78
6 -77
6 -76
6 -76
6 -78
6 -78
6 -79
6 -80
6 -81
6 -82
6 -79
6 -79
6 -80
6 -79
6 -77
6 -79
6 -79
6 -80
6 -79
6 -79
6 -80
6 -81
6 -80
6 -80
6 -80
6 -79
6 -79
6 -79
6 -79
6 -79
6 -79
6 -78
6 -79
6 -78
6 -79
6 -80
6 -78
6 -79
6 -79
6 -80
6 -78
6 -78
6 -79
6 -79
6 -80
6 -80
6 -80
6 -80
6 -82
6 -79
6 -80
6 -80
6 -80
6 -80
6 -80
6 -80
6 -81
6 -81
6 -80
6 -81
6 -80
6 -81
6 -80
6 -78
6 -79
6 -79
6 -78
6 -78
6 -78
6 -78
6 -78
6 -78
6 -79
6 -79
6 -80
6 -80
6 -81
6 -81
6 -80
6 -81
6 -83
6 -82
6 -83
6 -80
6 -80
6 -79
6 -79
6 -79
6 -78
6 -78
6 -79
6 -78
6 -78
6 -78
6 -78
6 -78
6 -78
6 -77
6 -77
6 -78
6 -77
6 -78
6 -77
6 -78
6 -77
6 -78
6 -78
6 -65
6 -79
6 -79
6 -79
6 -79
6 -79
6 -79
6 -79
6 -79
6 -79
6 -78
6 -78
6 -78
6 -79
6 -78
6 -79
6 -78
6 -78
6 -78
6 -76
6 -78
6 -78
6 -78
6 -78
6 -77
6 -77
6 -77
6 -77
6 -77
6 -77
6 -78
6 -78
6 -77
6 -72
6 -77
6 -77
6 -77
6 -78
6 -78
6 -78
6 -78
6 -78
6 -78
6 -78
6 -78
6 -78
6 -78
6 -78
6 -78
6 -78
6 -78
6 -78
6 -78
6 -78
6 -78
6 -78
6 -78
6 -78
6 -78
6 -76
6 -77
6 -78
6 -77
6 -76
6 -76
6 -77
6 -76
6 -70
6 -76
6 -77
6 -77
6 -77
6 -76
6 -77
6 -77
6 -78
6 -81
6 -81
6 -66
6 -79
6 -78
6 -78
6 -80
6 -80
6 -85
6 -80
6 -80
6 -79
6 -79
6 -78
6 -79
6 -78
6 -79
6 -81
6 -80
6 -81
6 -80
6 -79
6 -80
6 -80
6 -79
6 -79
6 -78
6 -79
6 -78
6 -79
6 -79
6 -80
6 -79
6 -79
6 -81
6 -75
6 -74
6 -74
6 -73
6 -74
6 -74
6 -74
6 -73
6 -73
6 -73
6 -74
6 -74
6 -74
6 -74
6 -72
6 -72
6 -77
6 -78
6 -78
6 -78
6 -76
6 -76
6 -76
6 -76
6 -76
6 -76
6 -76
6 -76
6 -76
6 -76
6 -76
6 -76
6 -76
6 -76
6 -77
6 -76
6 -76
6 -76
6 -76
6 -76
6 -76
6 -76
6 -76
6 -76
6 -76
6 -74
6 -76
6 -75
6 -75
6 -75
6 -75
6 -75
6 -76
6 -76
6 -76
6 -76
6 -76
6 -76
6 -76
6 -75
6 -76
6 -63
6 -75
6 -75
6 -75
6 -75
6 -75
6 -75
6 -75
6 -75
6 -74
6 -75
6 -75
6 -76
6 -76
6 -77
6 -78
6 -76
6 -77
6 -77
6 -78
6 -77
6 -78
6 -78
6 -78
6 -78
6 -79
6 -78
6 -81
6 -79
6 -82
6 -82
6 -84
6 -83
6 -81
6 -82
6 -82
6 -78
6 -82
6 -81
6 -79
6 -81
6 -79
6 -79
6 -78
6 -80
6 -79
6 -80
6 -80
6 -79
6 -81
6 -79
6 -79
6 -80
6 -80
6 -79
6 -79
6 -79
6 -79
6 -78
7 -83
7 -82
7 -83
7 -83
7 -83
7 -83
7 -75
7 -83
7 -83
7 -57
7 -83
7 -81
7 -81
7 -82
7 -82
7 -82
7 -83
7 -83
7 -83
7 -52
7 -82
7 -82
7 -82
7 -82
7 -81
7 -82
7 -82
7 -82
7 -82
7 -81
7 -81
7 -81
7 -79
7 -82
7 -82
7 -82
7 -82
7 -81
7 -82
7 -82
7 -82
7 -82
7 -82
7 -82
7 -82
7 -78
7 -82
7 -82
7 -82
7 -81
7 -81
7 -81
7 -81
7 -82
7 -81
7 -81
7 -81
7 -81
7 -81
7 -82
7 -82
7 -81
7 -82
7 -82
7 -81
7 -80
7 -81
7 -80
7 -81
7 -81
7 -81
7 -81
7 -81
7 -81
7 -81
7 -81
7 -80
7 -82
7 -70
7 -82
7 -82
7 -82
7 -83
7 -82
7 -82
7 -82
7 -82
7 -82
7 -82
7 -82
7 -82
7 -82
7 -81
7 -82
7 -82
7 -82
7 -83
7 -83
7 -83
7 -82
7 -83
7 -83
7 -83
7 -83
7 -83
7 -83
7 -83
7 -83
7 -83
7 -83
7 -83
7 -83
7 -83
7 -83
7 -83
7 -83
7 -83
7 -76
7 -82
7 -82
7 -83
7 -82
7 -83
7 -83
7 -84
7 -83
7 -83
7 -83
7 -82
7 -83
7 -83
7 -83
7 -83
7 -83
7 -83
7 -83
7 -83
7 -82
7 -83
7 -83
7 -83
7 -83
7 -83
7 -82
7 -84
7 -84
7 -84
7 -82
7 -85
7 -84
7 -83
7 -84
7 -81
7 -79
7 -81
7 -72
7 -78
7 -80
7 -78
7 -80
7 -79
7 -83
7 -84
7 -81
7 -82
7 -80
7 -81
7 -76
7 -81
7 -81
7 -82
7 -82
7 -70
7 -83
7 -83
7 -83
7 -84
7 -83
7 -82
7 -82
7 -66
7 -83
7 -83
7 -83
7 -83
7 -84
7 -84
7 -84
7 -84
7 -84
7 -82
7 -80
7 -80
7 -81
7 -81
7 -81
7 -81
7 -79
7 -83
7 -83
7 -84
7 -83
7 -31
7 -83
7 -82
7 -84
7 -76
7 -68
7 -83
7 -83
7 -82
7 -83
7 -83
7 -78
7 -83
7 -83
7 -83
7 -83
7 -83
7 -83
7 -83
7 -83
7 -61
7 -82
7 -82
7 -82
7 -81
7 -83
7 -82
7 -82
7 -82
7 -82
7 -81
7 -82
7 -81
7 -80
7 -81
7 -81
7 -81
7 -80
7 -82
7 -82
7 -82
7 -83
7 -83
7 -83
7 -84
7 -82
7 -83
7 -82
7 -82
7 -83
7 -83
7 -83
7 -84
7 -83
7 -84
7 -81
7 -84
7 -83
7 -82
7 -82
7 -83
7 -70
8 -85
8 -83
8 -85
8 -85
8 -84
8 -84
8 -84
8 -84
8 -86
8 -85
8 -84
8 -85
8 -86
8 -82
8 -85
8 -86
8 -84
8 -85
8 -86
8 -86
8 -87
8 -86
8 -86
8 -86
8 -84
8 -85
8 -85
8 -86
8 -86
8 -86
8 -84
8 -77
8 -84
8 -86
8 -85
8 -86
8 -85
8 -85
8 -87
8 -86
8 -87
8 -86
8 -87
8 -84
8 -85
8 -83
8 -85
8 -85
8 -85
8 -85
8 -85
8 -86
8 -86
8 -86
8 -86
8 -86
8 -86
8 -86
8 -86
8 -80
8 -83
8 -85
8 -86
8 -85
8 -86
8 -85
8 -86
8 -70
8 -86
8 -87
8 -85
8 -87
8 -86
8 -86
8 -85
8 -85
8 -85
8 -84
8 -82
8 -84
8 -83
8 -83
8 -83
8 -84
8 -83
8 -84
8 -84
8 -84
8 -84
8 -84
8 -85
8 -86
8 -85
8 -87
8 -87
8 -86
8 -86
8 -87
8 -87
8 -87
9 -86
9 -86
9 -85
9 -85
9 -85
9 -83
9 -83
9 -83
9 -82
9 -83
9 -82
9 -79
9 -80
9 -82
9 -82
9 -80
9 -81
9 -83
9 -83
9 -83
9 -82
9 -81
9 -80
9 -82
9 -83
9 -84
9 -82
9 -82
9 -82
9 -83
9 -83
9 -81
9 -81
9 -81
9 -80
9 -81
9 -81
9 -84
9 -84
9 -84
9 -85
9 -84
9 -84
9 -83
9 -83
9 -84
9 -82
9 -83
9 -83
9 -84
9 -84
9 -84
9 -84
9 -84
9 -84
9 -84
9 -83
9 -84
9 -84
9 -84
9 -83
9 -83
9 -84
9 -84
9 -84
9 -84
9 -84
9 -84
9 -83
9 -83
9 -83
9 -83
9 -84
9 -83
9 -85
9 -77
9 -84
9 -85
9 -84
9 -84
9 -83
9 -80
9 -83
9 -82
9 -84
9 -84
9 -84
9 -84
9 -84
9 -84
9 -84
9 -84
9 -85
9 -84
9 -84
9 -84
9 -85
9 -84
9 -71
9 -84
9 -84
9 -84
9 -85
9 -86
9 -84
9 -85
9 -84
9 -77
9 -85
9 -87
9 -86
9 -82
9 -86
9 -86
9 -87
9 -86
9 -79
9 -84
9 -79
9 -84
9 -84
9 -84
9 -85
9 -85
9 -83
9 -83
9 -74
9 -86
9 -85
9 -85
9 -85
9 -84
9 -85
9 -84
9 -85
9 -85
9 -85
9 -87
9 -87
9 -87
9 -88
9 -87
9 -81
9 -84
9 -85
9 -80
9 -83
9 -84
9 -84
9 -83
9 -83
9 -83
9 -83
9 -82
9 -82
9 -82
9 -83
9 -83
9 -82
9 -83
9 -79
9 -84
9 -85
9 -84
9 -84
9 -84
9 -85
9 -85
9 -78
9 -85
9 -84
9 -84
9 -84
9 -84
9 -83
9 -83
10 -80
10 -80
10 -81
10 -82
10 -83
10 -83
10 -84
10 -84
10 -85
10 -82
10 -76
10 -78
10 -83
10 -80
10 -74
10 -72
10 -74
10 -82
10 -81
10 -87
10 -81
10 -79
10 -82
10 -83
10 -78
10 -76
10 -74
10 -75
10 -76
10 -73
10 -72
10 -75
10 -78
10 -81
10 -80
10 -81
10 -80
10 -78
10 -78
10 -78
10 -78
10 -78
10 -78
10 -78
10 -78
10 -83
10 -82
10 -81
10 -82
10 -83
10 -81
10 -80
10 -80
10 -79
10 -81
10 -81
10 -81
10 -81
10 -80
10 -81
10 -81
10 -82
10 -82
10 -83
10 -82
10 -82
10 -83
10 -84
10 -82
10 -85
10 -84
10 -83
10 -83
10 -83
10 -82
10 -81
10 -81
10 -82
10 -82
10 -82
10 -81
10 -82
10 -78
10 -80
10 -80
10 -79
10 -79
10 -79
10 -79
10 -79
10 -80
10 -81
10 -81
10 -82
10 -80
10 -82
10 -83
10 -85
10 -84
10 -83
10 -83
10 -83
10 -82
10 -83
10 -83
10 -83
10 -83
10 -82
10 -83
10 -82
10 -82
10 -81
10 -81
10 -82
10 -82
10 -82
10 -82
10 -82
10 -82
10 -82
10 -82
10 -81
10 -81
10 -82
10 -81
10 -82
10 -83
10 -82
10 -82
10 -83
10 -82
10 -82
10 -81
10 -81
10 -81
10 -80
10 -80
10 -80
10 -78
10 -80
10 -80
10 -80
10 -78
10 -80
10 -79
10 -80
10 -79
10 -79
10 -79
10 -79
10 -80
10 -79
10 -79
10 -79
10 -78
10 -78
10 -77
10 -77
10 -78
10 -78
10 -79
10 -80
10 -80
10 -81
10 -81
10 -83
10 -82
10 -82
10 -82
10 -83
10 -81
10 -82
10 -81
10 -81
10 -81
10 -79
10 -79
10 -79
10 -78
10 -78
10 -78
10 -78
10 -79
10 -78
10 -78
10 -77
10 -77
10 -76
10 -75
10 -76
10 -76
10 -78
10 -78
10 -78
10 -78
10 -78
10 -78
10 -78
10 -81
10 -80
10 -79
10 -78
10 -77
10 -77
10 -76
10 -76
10 -78
10 -78
10 -78
10 -78
10 -78
10 -78
10 -79
10 -79
10 -78
10 -80
10 -79
10 -78
10 -78
10 -78
10 -76
10 -76
10 -76
10 -76
10 -76
10 -76
10 -78
10 -79
10 -79
10 -78
10 -69
10 -79
10 -78
10 -78
10 -79
10 -78
10 -79
10 -80
10 -74
10 -74
10 -74
10 -75
10 -75
10 -74
10 -74
10 -72
10 -78
10 -78
10 -79
10 -79
10 -80
10 -79
10 -78
10 -78
10 -78
10 -78
10 -76
10 -78
10 -78
10 -78
10 -80
10 -80
10 -81
10 -69
10 -79
10 -48
10 -78
10 -79
10 -79
10 -80
10 -80
10 -80
10 -81
10 -81
10 -79
10 -79
10 -80
10 -80
10 -31
10 -80
10 -79
10 -78
10 -78
10 -78
10 -78
10 -78
10 -79
10 -80
10 -81
10 -81
10 -81
10 -82
10 -82
10 -82
10 -81
10 -82
10 -81
10 -79
10 -80
10 -80
10 -79
10 -78
10 -79
10 -80
10 -80
10 -81
10 -80
10 -81
10 -81
10 -80
10 -80
10 -80
10 -81
10 -81
10 -80
10 -81
10 -78
10 -80
10 -81
10 -80
10 -80
10 -80
10 -79
10 -78
10 -79
10 -80
10 -79
10 -79
10 -79
10 -78
10 -79
10 -78
10 -79
10 -79
10 -79
10 -78
10 -78
10 -78
10 -78
10 -75
10 -77
10 -77
10 -76
11 -70
11 -70
11 -70
11 -72
11 -73
11 -74
11 -75
11 -72
11 -72
11 -74
11 -77
11 -76
11 -76
11 -76
11 -76
11 -76
11 -76
11 -77
11 -76
11 -74
11 -79
11 -77
11 -77
11 -78
11 -76
11 -76
11 -73
11 -75
11 -72
11 -76
11 -76
11 -69
11 -66
11 -65
11 -71
11 -69
11 -68
11 -67
11 -67
11 -68
11 -69
11 -70
11 -68
11 -70
11 -70
11 -72
11 -74
11 -74
11 -73
11 -72
11 -72
11 -72
11 -72
11 -72
11 -72
11 -73
11 -72
11 -71
11 -70
11 -70
11 -70
11 -71
11 -70
11 -72
11 -73
11 -72
11 -71
11 -76
11 -80
11 -76
11 -76
11 -76
11 -76
11 -81
11 -72
11 -72
11 -73
11 -75
11 -76
11 -76
11 -76
11 -77
11 -74
11 -74
11 -74
11 -75
11 -76
11 -77
11 -78
11 -49
11 -78
11 -76
11 -76
11 -78
11 -76
11 -75
11 -73
11 -75
11 -75
11 -76
11 -76
11 -76
11 -76
11 -76
11 -78
11 -77
11 -72
11 -73
11 -70
11 -72
11 -72
11 -75
11 -76
11 -76
11 -75
11 -74
11 -74
11 -74
11 -74
11 -75
11 -75
11 -74
11 -74
11 -74
11 -74
11 -74
11 -75
11 -75
11 -75
11 -76
11 -76
11 -76
11 -76
11 -75
11 -75
11 -73
11 -73
11 -73
11 -74
11 -75
11 -74
11 -74
11 -75
11 -75
11 -74
11 -74
11 -73
11 -74
11 -74
11 -74
11 -71
11 -73
11 -73
11 -73
11 -73
11 -74
11 -73
11 -74
11 -74
11 -73
11 -73
11 -73
11 -73
11 -73
11 -72
11 -72
11 -72
11 -72
11 -72
11 -72
11 -72
11 -72
11 -72
11 -72
11 -72
11 -71
11 -71
11 -72
11 -70
11 -71
11 -72
11 -72
11 -73
11 -73
11 -73
11 -74
11 -70
11 -74
11 -74
11 -74
11 -74
11 -74
11 -75
11 -75
11 -75
11 -75
11 -75
11 -75
11 -75
11 -75
11 -75
11 -70
11 -75
11 -76
11 -75
11 -76
11 -75
11 -75
11 -76
11 -76
11 -75
11 -75
11 -75
11 -75
11 -74
11 -75
11 -74
11 -74
11 -74
11 -74
11 -74
11 -74
11 -73
11 -74
11 -74
11 -70
11 -74
11 -75
11 -75
11 -74
11 -75
11 -75
11 -75
11 -75
11 -75
11 -75
11 -76
11 -76
11 -76
11 -76
11 -76
11 -76
11 -76
11 -76
11 -76
11 -76
11 -76
11 -76
11 -76
11 -76
11 -76
11 -76
11 -76
11 -76
11 -76
11 -76
11 -76
11 -76
11 -76
11 -74
11 -74
11 -74
11 -73
11 -74
11 -73
11 -72
11 -74
11 -75
11 -75
11 -75
11 -74
11 -74
11 -74
11 -74
11 -74
11 -74
11 -74
11 -72
11 -72
11 -72
11 -72
11 -72
11 -72
11 -71
11 -72
11 -72
11 -72
11 -74
11 -73
11 -74
11 -74
11 -75
11 -75
11 -76
11 -75
11 -74
11 -76
11 -75
11 -76
11 -75
11 -75
11 -75
11 -75
11 -75
11 -74
11 -74
11 -74
11 -74
11 -74
11 -73
11 -73
11 -73
11 -73
11 -73
11 -73
11 -72
11 -72
11 -72
11 -72
11 -72
11 -71
11 -70
11 -70
11 -70
11 -70
11 -70
11 -71
11 -70
11 -70
11 -71
11 -70
11 -69
11 -68
11 -68
11 -67
11 -68
11 -68
11 -69
11 -70
11 -72
11 -76
11 -75
11 -75
11 -76
11 -76
11 -76
11 -78
11 -78
11 -77
11 -76
11 -77
11 -77
11 -77
11 -70
11 -75
11 -72
11 -72
11 -70
11 -70
11 -70
11 -69
11 -68
11 -67
11 -68
11 -66
11 -67
11 -67
11 -67
11 -68
11 -68
11 -69
11 -69
11 -69
11 -70
11 -70
11 -69
11 -69
11 -67
11 -69
11 -69
11 -69
11 -69
11 -70
11 -73
11 -73
11 -78
11 -80
11 -85
11 -82
11 -75
11 -78
11 -78
11 -74
11 -75
11 -74
11 -74
11 -73
11 -74
11 -74
11 -73
11 -72
11 -72
11 -72
11 -72
11 -73
11 -72
11 -73
11 -74
11 -74
11 -67
11 -74
11 -75
11 -75
11 -76
11 -76
11 -75
11 -75
11 -75
11 -74
11 -73
11 -73
11 -73
11 -73
11 -74
11 -74
11 -74
11 -74
11 -74
11 -74
11 -74
11 -74
11 -73
11 -73
11 -72
11 -72
11 -72
11 -72
11 -73
11 -72
11 -72
11 -71
11 -71
11 -70
11 -70
11 -71
11 -72
11 -78
11 -75
11 -74
11 -75
11 -75
11 -76
11 -76
11 -75
11 -75
11 -75
11 -74
11 -73
11 -74
11 -74
11 -74
11 -76
11 -77
11 -78
11 -79
11 -78
11 -78
11 -79
11 -78
11 -61
11 -81
11 -82
11 -83
11 -83
11 -81
11 -82
11 -82
11 -83
11 -84
11 -81
11 -80
11 -78
11 -79
11 -30
11 -78
11 -78
12 -76
12 -78
12 -76
12 -76
12 -76
12 -76
12 -76
12 -74
12 -75
12 -74
12 -73
12 -73
12 -73
12 -73
12 -72
12 -73
12 -73
12 -72
12 -72
12 -72
12 -72
12 -73
12 -72
12 -72
12 -72
12 -70
12 -70
12 -72
12 -70
12 -70
12 -69
12 -72
12 -72
12 -72
12 -70
12 -71
12 -71
12 -70
12 -67
12 -67
12 -69
12 -69
12 -69
12 -70
12 -69
12 -67
12 -67
12 -67
12 -67
12 -67
12 -66
12 -68
12 -68
12 -68
12 -68
12 -69
12 -69
12 -69
12 -69
12 -68
12 -70
12 -69
12 -68
12 -68
12 -69
12 -69
12 -67
12 -67
12 -67
12 -67
12 -68
12 -67
12 -66
12 -66
12 -66
12 -66
12 -66
12 -66
12 -68
12 -70
12 -67
12 -67
12 -66
12 -66
12 -66
12 -66
12 -67
12 -66
12 -66
12 -67
12 -67
12 -67
12 -67
12 -68
12 -68
12 -68
12 -69
12 -69
12 -70
12 -70
12 -69
12 -68
12 -67
12 -67
12 -67
12 -66
12 -67
12 -67
12 -68
12 -68
12 -67
12 -67
12 -67
12 -67
12 -66
12 -66
12 -66
12 -66
12 -62
12 -66
12 -66
12 -66
12 -67
12 -67
12 -67
12 -67
12 -67
12 -67
12 -67
12 -67
12 -67
12 -67
12 -67
12 -67
12 -67
12 -67
12 -64
12 -67
12 -67
12 -66
12 -67
12 -66
12 -31
12 -67
12 -66
12 -66
12 -66
12 -66
12 -66
12 -66
12 -66
12 -66
12 -67
12 -66
12 -66
12 -67
12 -66
12 -67
12 -66
12 -67
12 -67
12 -67
12 -67
12 -66
12 -66
12 -67
12 -67
12 -67
12 -66
12 -67
12 -67
12 -67
12 -67
12 -67
12 -67
12 -67
12 -67
12 -67
12 -67
12 -67
12 -68
12 -67
12 -67
12 -67
12 -67
12 -68
12 -68
12 -68
12 -68
12 -68
12 -68
12 -67
12 -67
12 -67
12 -67
12 -67
12 -67
12 -67
12 -67
12 -67
12 -67
12 -65
12 -67
12 -67
12 -67
12 -67
12 -67
12 -67
12 -67
12 -67
12 -67
12 -67
12 -67
12 -67
12 -67
12 -67
12 -67
12 -67
12 -67
12 -68
12 -68
12 -68
12 -68
12 -67
12 -67
12 -68
12 -67
12 -68
12 -68
12 -68
12 -68
12 -68
12 -68
12 -68
12 -67
12 -68
12 -68
12 -68
12 -68
12 -68
12 -68
12 -68
12 -68
12 -68
12 -68
12 -68
12 -68
12 -67
12 -68
12 -68
12 -68
12 -68
12 -68
12 -68
12 -68
12 -67
12 -53
12 -68
12 -68
12 -68
12 -68
12 -68
12 -68
12 -68
12 -68
12 -68
12 -68
12 -68
12 -68
12 -69
12 -68
12 -68
12 -69
12 -69
12 -69
12 -69
12 -68
12 -67
12 -68
12 -68
12 -68
12 -69
12 -68
12 -68
12 -68
12 -68
12 -68
12 -69
12 -69
12 -69
12 -69
12 -68
12 -69
12 -69
12 -69
12 -68
12 -68
12 -68
12 -68
12 -69
12 -68
12 -68
12 -68
12 -68
12 -68
12 -68
12 -68
12 -68
12 -68
12 -68
12 -68
12 -68
12 -68
12 -68
12 -68
12 -68
12 -68
12 -68
12 -68
12 -68
12 -68
12 -69
12 -68
12 -69
12 -69
12 -69
12 -69
12 -69
12 -69
12 -69
12 -68
12 -69
12 -67
12 -68
12 -68
12 -67
12 -66
12 -66
12 -66
12 -67
12 -67
12 -67
12 -66
12 -66
12 -67
12 -67
12 -67
12 -68
12 -68
12 -69
12 -69
12 -68
12 -67
12 -67
12 -67
12 -67
12 -67
12 -67
12 -67
12 -51
12 -67
12 -67
12 -67
12 -70
12 -68
12 -69
12 -69
12 -68
12 -68
12 -68
12 -68
12 -67
12 -67
12 -67
12 -67
12 -67
12 -67
12 -67
12 -68
12 -68
12 -68
12 -69
12 -68
12 -68
12 -68
12 -68
12 -68
12 -68
12 -68
12 -68
12 -68
12 -68
12 -69
12 -68
12 -68
12 -68
12 -66
12 -63
12 -67
12 -67
12 -67
12 -67
12 -66
12 -66
12 -67
12 -67
12 -67
12 -68
12 -67
12 -66
12 -66
12 -69
12 -69
12 -69
12 -68
12 -68
12 -68
12 -69
12 -69
12 -69
12 -69
12 -69
12 -69
12 -69
12 -70
12 -69
12 -69
12 -70
12 -69
12 -68
12 -68
12 -67
12 -67
12 -67
12 -67
12 -67
12 -67
12 -67
12 -67
12 -67
12 -67
12 -68
12 -68
12 -68
12 -68
12 -68
12 -68
12 -68
12 -68
12 -68
12 -68
12 -67
12 -67
12 -68
12 -67
12 -68
12 -67
12 -67
12 -67
12 -67
12 -67
12 -63
12 -67
12 -67
12 -67
12 -67
12 -67
12 -67
12 -68
12 -68
12 -68
12 -69
12 -70
12 -70
12 -70
12 -70
12 -30
12 -71
12 -71
12 -71
12 -71
12 -70
12 -70
12 -70
12 -69
12 -69
12 -68
12 -67
12 -68
12 -67
12 -67
12 -67
12 -68
12 -67
12 -70
12 -68
12 -68
12 -68
12 -68
12 -68
12 -68
12 -68
12 -68
12 -68
12 -68
12 -69
12 -68
12 -68
12 -68
12 -68
12 -68
12 -69
12 -68
12 -68
12 -68
12 -69
12 -68
12 -68
12 -68
12 -68
12 -68
12 -68
12 -69
12 -69
12 -69
13 -86
13 -86
13 -86
13 -88
13 -89
13 -88
13 -89
13 -89
13 -87
14 -85
14 -85
14 -85
14 -87
14 -83
14 -83
14 -83
14 -82
14 -81
14 -81
14 -82
14 -84
14 -87
14 -84
14 -85
14 -86
14 -85
14 -86
14 -86
14 -84
14 -85
14 -85
14 -85
14 -85
14 -87
14 -87
14 -84
14 -84
14 -85
14 -86
14 -85
14 -87
14 -87
14 -87
14 -87
14 -86
14 -87
14 -88
14 -85
14 -83
14 -83
14 -83
14 -83
14 -81
14 -82
14 -84
14 -84
14 -84
14 -84
14 -86
14 -87
14 -84
14 -86
14 -85
14 -85
14 -85
14 -85
14 -85
14 -82
14 -86
14 -62
14 -87
14 -85
14 -83
14 -83
14 -83
14 -82
14 -77
14 -83
14 -70
14 -70
14 -83
14 -83
14 -84
14 -84
14 -84
14 -85
14 -85
14 -84
14 -86
15 -84
15 -83
15 -84
15 -83
15 -83
15 -83
15 -83
15 -83
15 -83
15 -84
15 -83
15 -84
15 -84
15 -83
15 -84
15 -84
15 -84
15 -84
15 -85
15 -86
15 -88
15 -87
15 -85
15 -86
15 -86
15 -85
15 -86
15 -85
15 -85
15 -86
15 -87
15 -86
15 -84
15 -76
15 -85
15 -89
15 -84
15 -84
15 -83
15 -83
15 -84
15 -84
15 -84
15 -83
15 -84
15 -84
15 -84
15 -84
15 -82
15 -84
15 -86
15 -85
15 -83
15 -84
15 -84
15 -83
15 -83
15 -83
15 -83
15 -84
15 -82
15 -79
15 -84
15 -84
15 -84
15 -86
16 -84
16 -82
16 -82
16 -85
16 -82
16 -81
16 -81
16 -83
16 -83
16 -83
16 -82
16 -83
16 -83
16 -80
16 -81
16 -81
16 -81
16 -81
16 -82
16 -83
16 -85
16 -87
16 -84
16 -85
16 -85
16 -85
16 -86
16 -84
16 -85
16 -84
16 -83
16 -83
16 -82
16 -83
16 -83
16 -84
16 -84
16 -80
16 -79
16 -84
16 -84
16 -83
16 -84
16 -86
16 -86
16 -84
16 -84
16 -84
16 -84
16 -84
16 -84
16 -84
16 -83
16 -83
16 -83
16 -83
16 -83
16 -83
16 -82
16 -81
16 -80
16 -79
16 -57
16 -54
16 -78
16 -78
16 -79
16 -79
16 -78
16 -79
16 -82
16 -84
16 -86
16 -83
16 -82
16 -81
16 -81
16 -73
16 -80
16 -80
16 -75
16 -80
16 -81
16 -80
16 -80
16 -80
16 -81
16 -81
16 -80
16 -80
16 -80
16 -80
16 -80
16 -81
16 -80
16 -81
16 -80
16 -84
16 -86
16 -84
16 -85
16 -85
18 -85
18 -87
18 -86
18 -72
18 -84
18 -80
18 -84
18 -85
18 -84
18 -80
18 -81
18 -81
18 -81
18 -76
18 -75
18 -82
18 -84
18 -85
18 -83
18 -83
18 -83
18 -87
18 -88
18 -84
18 -84
18 -86
18 -86
18 -83
18 -82
18 -82
18 -78
18 -79
18 -78
18 -79
18 -81
18 -83
18 -82
18 -80
18 -81
18 -81
18 -83
18 -85
18 -85
18 -86
18 -85
19 -85
19 -85
19 -85
19 -84
19 -85
19 -83
19 -85
19 -82
19 -85
19 -86
19 -85
19 -86
19 -84
19 -87
19 -85
19 -87
20 -87
20 -86
20 -86
20 -86
20 -85
20 -87
20 -86
20 -85
20 -86
20 -85
20 -87
20 -86
20 -85
20 -85
20 -85
20 -85
20 -60
20 -83
20 -84
20 -83
20 -83
20 -84
20 -83
20 -85
20 -84
20 -84
20 -85
20 -85
20 -87
21 -85
21 -83
21 -82
21 -82
21 -82
21 -86
21 -86
21 -84
21 -84
21 -84
21 -84
21 -84
22 -82
22 -81
22 -80
22 -82
22 -82
22 -79
22 -82
22 -82
22 -82
22 -83
22 -83
22 -82
22 -82
22 -84
22 -83
22 -81
22 -83
22 -78
22 -83
22 -83
22 -83
22 -83
22 -82
22 -81
22 -82
22 -82
22 -82
22 -81
22 -80
22 -79
22 -79
22 -79
22 -79
22 -79
22 -79
22 -78
22 -78
22 -82
22 -78
22 -83
22 -81
22 -79
22 -79
22 -80
22 -80
22 -79
22 -31
22 -78
22 -80
22 -80
22 -78
22 -78
22 -78
22 -78
22 -78
22 -78
22 -78
22 -79
22 -80
22 -79
22 -79
22 -79
22 -80
22 -79
22 -79
22 -78
22 -77
22 -78
22 -77
22 -78
22 -78
22 -78
22 -78
22 -78
22 -64
22 -78
22 -78
22 -78
22 -78
22 -78
22 -78
22 -78
22 -77
22 -78
22 -77
22 -78
22 -77
22 -77
22 -78
22 -78
22 -78
22 -78
22 -77
22 -78
22 -78
22 -77
22 -78
22 -78
22 -78
22 -78
22 -78
22 -78
22 -78
22 -78
22 -78
22 -78
22 -78
22 -78
22 -78
22 -78
22 -78
22 -78
22 -78
22 -77
22 -78
22 -78
22 -78
22 -78
22 -78
22 -78
22 -78
22 -77
22 -78
22 -77
22 -78
22 -78
22 -78
22 -78
22 -78
22 -77
22 -78
22 -78
22 -78
22 -78
22 -78
22 -78
22 -78
22 -78
22 -78
22 -78
22 -78
22 -79
22 -79
22 -78
22 -79
22 -78
22 -78
22 -79
22 -78
22 -78
22 -77
22 -78
22 -78
22 -78
22 -78
22 -78
22 -78
22 -78
22 -79
22 -78
22 -74
22 -78
22 -78
22 -79
22 -78
22 -78
22 -78
22 -78
22 -78
22 -78
22 -78
22 -78
22 -78
22 -78
22 -79
22 -79
22 -78
22 -79
22 -80
22 -79
22 -79
22 -80
22 -75
22 -80
22 -80
22 -79
22 -79
22 -79
22 -79
22 -76
22 -79
22 -79
22 -80
22 -79
22 -80
22 -80
22 -79
22 -80
22 -79
22 -80
22 -80
22 -79
22 -78
22 -80
22 -78
22 -78
22 -78
22 -80
22 -79
22 -79
22 -83
22 -85
22 -83
22 -83
22 -82
22 -81
22 -81
22 -81
22 -81
22 -80
22 -79
22 -80
22 -80
22 -79
22 -80
22 -80
22 -80
22 -80
22 -80
22 -80
22 -80
22 -81
22 -79
22 -81
22 -79
22 -80
22 -79
22 -79
22 -79
22 -79
22 -79
22 -79
22 -79
22 -79
22 -80
22 -80
22 -79
22 -80
22 -81
22 -70
22 -80
22 -81
22 -81
22 -80
22 -80
22 -81
22 -80
22 -80
22 -77
22 -80
22 -80
22 -80
22 -81
22 -82
22 -82
22 -82
22 -81
22 -73
22 -83
22 -83
22 -83
22 -82
22 -81
22 -80
22 -79
22 -80
22 -80
22 -80
22 -80
22 -80
22 -80
22 -79
22 -80
22 -80
22 -80
22 -80
22 -81
22 -81
22 -82
22 -82
22 -82
22 -83
22 -81
22 -81
22 -82
22 -79
22 -82
22 -82
22 -82
22 -82
22 -82
22 -82
22 -81
22 -83
22 -75
22 -80
22 -68
22 -80
22 -79
22 -79
22 -80
22 -80
22 -80
22 -80
22 -81
22 -82
22 -79
22 -81
22 -79
22 -78
22 -78
22 -78
22 -78
22 -78
22 -78
22 -78
22 -78
22 -78
22 -78
22 -78
22 -79
22 -79
22 -78
22 -78
22 -78
22 -78
22 -78
22 -78
22 -77
22 -78
22 -78
22 -78
22 -78
22 -77
22 -78
22 -78
22 -78
22 -78
22 -78
22 -78
22 -78
22 -78
22 -78
22 -78
22 -78
22 -78
22 -78
22 -79
22 -78
22 -78
22 -78
22 -78
22 -78
22 -78
22 -78
22 -79
22 -78
22 -79
22 -79
22 -78
22 -79
22 -79
22 -79
22 -80
22 -80
22 -80
22 -81
22 -81
22 -76
22 -82
22 -82
22 -82
22 -82
22 -81
22 -81
22 -80
22 -79
22 -79
22 -78
22 -78
22 -79
22 -79
22 -79
22 -79
22 -78
22 -79
22 -79
22 -79
22 -79
22 -78
22 -78
22 -78
22 -78
22 -78
22 -78
22 -78
22 -78
22 -78
22 -78
22 -78
22 -78
22 -78
22 -78
22 -78
22 -78
22 -78
22 -78
22 -78
22 -78
22 -78
22 -77
23 -84
23 -85
23 -84
23 -84
23 -84
23 -86
23 -86
23 -84
23 -87
23 -88
23 -87
23 -88
23 -86
23 -84
23 -87
23 -84
23 -84
23 -84
23 -85
23 -85
23 -88
23 -88
23 -88
24 -87
24 -84
24 -83
24 -84
24 -85
24 -78
24 -84
24 -85
24 -85
24 -78
24 -85
24 -86
24 -84
24 -83
24 -83
24 -83
24 -83
24 -83
24 -83
24 -84
24 -83
24 -83
24 -78
24 -83
24 -83
24 -83
24 -83
24 -83
24 -83
24 -83
24 -83
24 -83
24 -84
24 -72
24 -84
24 -84
24 -84
24 -84
24 -84
24 -84
24 -83
24 -83
24 -83
24 -83
24 -84
24 -82
24 -82
24 -82
24 -82
24 -82
24 -83
24 -83
24 -82
24 -82
24 -82
24 -82
24 -83
24 -82
24 -84
24 -83
24 -83
24 -83
24 -84
24 -85
24 -84
24 -84
24 -84
24 -85
24 -84
24 -84
24 -84
24 -84
24 -84
24 -84
24 -83
24 -84
24 -84
24 -84
24 -84
24 -84
24 -85
24 -84
24 -84
24 -84
24 -84
24 -85
24 -85
24 -84
24 -84
24 -84
24 -84
24 -84
24 -83
24 -79
24 -84
24 -84
24 -83
24 -83
24 -83
24 -84
24 -84
24 -76
24 -85
24 -84
24 -83
24 -84
24 -84
24 -85
24 -85
24 -86
24 -85
24 -86
24 -84
24 -84
24 -86
24 -82
24 -84
24 -84
24 -83
24 -84
24 -83
24 -83
24 -83
24 -82
24 -85
24 -84
24 -85
24 -85
24 -84
24 -84
24 -84
24 -83
24 -83
24 -82
24 -83
24 -86
24 -87
24 -85
24 -86
24 -86
24 -84
24 -87
24 -85
24 -84
24 -84
25 -87
25 -86
25 -77
26 -88
26 -82
26 -84
26 -84
26 -86
26 -85
26 -83
26 -84
26 -84
26 -86
26 -85
26 -85
26 -86
26 -86
26 -87
26 -86
26 -85
26 -85
26 -86
26 -84
26 -85
26 -86
26 -86
26 -86
26 -87
26 -84
26 -85
26 -85
26 -86
26 -79
26 -86
26 -87
26 -84
26 -86
26 -85
26 -86
26 -86
26 -85
26 -87
26 -85
26 -84
26 -84
26 -85
26 -85
26 -84
26 -84
26 -84
26 -84
26 -84
26 -83
26 -84
26 -84
26 -84
26 -83
26 -85
26 -85
26 -87
26 -86
26 -87
27 -87
27 -83
27 -85
27 -84
27 -68
27 -86
27 -84
27 -87
27 -85
27 -85
27 -85
27 -85
27 -86
27 -85
27 -85
27 -85
27 -84
27 -84
27 -84
27 -84
27 -80
27 -84
27 -84
27 -84
27 -84
27 -84
27 -85
27 -86
27 -87
27 -84
27 -84
27 -84
27 -85
27 -85
27 -84
27 -84
27 -84
27 -84
27 -84
27 -84
27 -83
27 -84
27 -78
27 -86
27 -85
27 -85
27 -84
27 -84
27 -76
27 -78
27 -85
27 -84
27 -84
27 -84
27 -84
27 -83
27 -84
27 -84
27 -84
27 -84
27 -85
27 -84
27 -84
27 -85
27 -84
27 -85
27 -84
27 -85
27 -86
27 -86
27 -85
27 -84
27 -84
27 -83
27 -84
27 -84
27 -84
27 -84
27 -84
27 -84
27 -85
27 -85
27 -86
27 -85
27 -86
27 -84
28 -85
28 -87
28 -82
28 -82
28 -82
29 -84
29 -84
29 -83
29 -83
29 -85
29 -84
29 -85
29 -86
29 -87
29 -83
29 -82
29 -81
29 -82
29 -86
29 -83
29 -80
29 -82
29 -83
29 -83
29 -81
29 -83
29 -82
29 -81
29 -82
29 -82
29 -83
29 -83
29 -83
29 -78
29 -83
29 -83
29 -83
29 -84
29 -82
29 -82
29 -82
29 -80
29 -80
29 -81
29 -82
29 -82
29 -81
29 -81
29 -82
29 -81
29 -82
29 -82
29 -82
29 -82
29 -81
29 -81
29 -82
29 -79
29 -81
29 -81
29 -82
29 -81
29 -82
29 -82
29 -82
29 -82
29 -82
29 -82
29 -79
29 -82
29 -82
29 -82
29 -80
29 -82
29 -82
29 -81
29 -82
29 -82
29 -82
29 -82
29 -82
29 -81
29 -82
29 -80
29 -82
29 -81
29 -81
29 -81
29 -81
29 -81
29 -81
29 -81
29 -82
29 -82
29 -82
29 -81
29 -83
29 -82
29 -82
29 -82
29 -82
29 -82
29 -82
29 -82
29 -83
29 -83
29 -82
29 -83
29 -82
29 -77
29 -83
29 -83
29 -83
29 -82
29 -82
29 -82
29 -82
29 -82
29 -82
29 -82
29 -82
29 -82
29 -83
29 -82
29 -83
29 -83
29 -82
29 -68
29 -83
29 -82
29 -82
29 -83
29 -84
29 -83
29 -82
29 -83
29 -81
29 -83
29 -82
29 -83
29 -83
29 -83
29 -83
29 -83
29 -83
29 -83
29 -83
29 -83
29 -82
29 -82
29 -83
29 -82
29 -82
29 -83
29 -83
29 -83
29 -82
29 -83
29 -83
29 -82
29 -83
29 -83
29 -83
29 -83
29 -83
29 -83
29 -82
29 -83
29 -82
29 -82
29 -82
29 -83
29 -83
29 -84
29 -83
29 -83
29 -84
29 -81
29 -82
29 -83
29 -83
29 -83
29 -83
29 -83
29 -83
29 -83
29 -83
29 -83
29 -31
29 -81
29 -82
29 -83
29 -84
29 -85
29 -84
29 -83
29 -83
29 -84
29 -84
29 -83
29 -83
29 -83
29 -83
29 -83
29 -81
29 -81
29 -81
29 -82
29 -82
29 -82
29 -82
29 -83
29 -83
29 -83
29 -84
29 -83
29 -83
29 -82
29 -82
29 -81
29 -82
29 -82
29 -82
29 -78
29 -84
29 -83
29 -86
29 -86
29 -85
29 -86
29 -85
29 -85
29 -84
29 -85
29 -86
29 -84
29 -84
29 -84
29 -83
29 -84
29 -82
29 -84
29 -84
29 -86
29 -83
29 -85
29 -84
29 -84
29 -83
29 -82
29 -84
29 -83
29 -83
29 -82
29 -81
29 -82
29 -82
29 -82
30 -87
30 -88
30 -86
30 -89
30 -89
30 -86
30 -86
30 -88
30 -85
30 -88
30 -87
30 -88
30 -87
30 -86
30 -85
30 -85
30 -85
30 -84
30 -84
30 -83
30 -84
30 -87
30 -86
30 -85
30 -86
32 -84
32 -85
32 -88
32 -87
32 -84
32 -84
32 -84
32 -85
32 -86
32 -85
32 -84
32 -84
32 -84
32 -84
32 -84
32 -84
33 -83
33 -80
33 -82
33 -82
33 -82
33 -82
33 -82
33 -82
33 -83
33 -82
33 -82
33 -81
33 -79
33 -83
33 -82
33 -81
33 -80
33 -81
33 -81
33 -82
33 -84
33 -82
33 -83
33 -84
33 -85
33 -86
33 -87
33 -85
33 -84
33 -84
33 -84
33 -83
33 -87
33 -86
33 -84
33 -84
33 -84
33 -85
33 -84
33 -84
33 -84
33 -85
33 -85
33 -85
33 -85
33 -85
33 -85
33 -88
33 -85
34 -84
34 -84
34 -85
34 -84
34 -84
34 -83
34 -83
34 -83
34 -82
34 -82
34 -84
34 -84
34 -82
34 -84
34 -84
34 -83
34 -83
34 -84
34 -84
34 -84
34 -83
34 -81
34 -81
34 -81
34 -81
34 -82
34 -82
34 -83
34 -83
34 -84
34 -84
34 -85
34 -85
34 -84
34 -84
34 -86
34 -85
34 -84
34 -83
34 -84
34 -84
35 -83
35 -85
35 -84
35 -84
35 -84
35 -85
35 -85
35 -86
35 -83
35 -71
35 -86
35 -85
35 -85
35 -85
35 -84
35 -84
35 -83
35 -84
35 -82
35 -84
36 -81
36 -83
36 -82
36 -82
36 -82
36 -82
36 -82
36 -83
36 -82
36 -82
36 -84
36 -83
36 -84
36 -83
36 -85
36 -68
36 -78
36 -77
36 -80
36 -82
36 -78
36 -80
36 -78
36 -80
36 -80
36 -78
36 -82
36 -81
36 -80
36 -80
36 -78
36 -78
36 -77
36 -78
36 -80
36 -79
36 -80
36 -79
36 -80
36 -79
36 -80
36 -81
36 -81
36 -82
36 -83
36 -83
36 -82
36 -81
36 -81
36 -80
36 -81
36 -81
36 -82
36 -81
36 -82
36 -83
36 -81
36 -82
36 -82
36 -81
36 -82
36 -82
36 -82
36 -83
36 -83
36 -82
36 -83
36 -83
36 -83
36 -83
36 -82
36 -82
36 -82
36 -82
36 -82
36 -81
36 -82
36 -82
36 -82
36 -82
36 -82
36 -81
36 -80
36 -81
36 -81
36 -80
36 -80
36 -80
36 -80
36 -78
36 -81
36 -79
36 -82
36 -81
36 -82
36 -79
36 -82
36 -82
36 -81
36 -82
36 -81
36 -73
36 -82
36 -82
36 -80
36 -83
36 -83
36 -82
36 -82
36 -83
36 -82
36 -83
36 -83
36 -82
36 -82
36 -82
36 -82
36 -81
36 -81
36 -80
36 -81
36 -81
36 -80
36 -81
36 -81
36 -81
36 -81
36 -81
36 -81
36 -81
36 -81
36 -80
36 -81
36 -81
36 -81
36 -80
36 -81
36 -81
36 -81
36 -81
36 -81
36 -81
36 -82
36 -82
36 -82
36 -82
36 -82
36 -81
36 -82
36 -82
36 -83
36 -82
36 -82
36 -82
36 -81
36 -81
36 -81
36 -81
36 -81
36 -82
36 -82
36 -81
36 -82
36 -81
36 -80
36 -81
36 -81
36 -81
36 -81
36 -81
36 -81
36 -81
36 -81
36 -80
36 -81
36 -81
36 -81
36 -81
36 -81
36 -82
36 -82
36 -82
36 -82
36 -82
36 -82
36 -81
36 -82
36 -82
36 -82
36 -83
36 -81
36 -82
36 -83
36 -83
36 -83
36 -82
36 -83
36 -83
36 -83
36 -83
36 -83
36 -82
36 -82
36 -81
36 -82
36 -82
36 -81
36 -82
36 -81
36 -81
36 -82
36 -81
36 -82
36 -83
36 -83
36 -83
36 -83
36 -83
36 -83
36 -77
36 -82
36 -82
36 -80
36 -81
36 -67
36 -78
36 -78
36 -78
36 -78
36 -78
36 -78
36 -71
36 -82
36 -83
36 -82
36 -80
36 -79
36 -80
36 -79
36 -79
36 -79
36 -81
36 -81
36 -54
36 -83
36 -83
36 -83
36 -82
36 -80
36 -81
36 -81
36 -81
36 -81
36 -82
36 -83
36 -82
36 -82
36 -83
36 -83
36 -83
36 -83
36 -81
36 -80
36 -80
36 -80
36 -80
36 -80
36 -79
36 -80
36 -81
36 -81
36 -80
36 -80
36 -81
36 -81
36 -83
36 -83
36 -83
36 -84
36 -84
36 -83
36 -83
36 -81
36 -80
36 -79
36 -78
36 -79
36 -78
36 -75
36 -79
36 -79
36 -79
36 -79
36 -79
36 -79
36 -79
36 -78
36 -79
36 -79
36 -79
36 -80
36 -79
36 -78
36 -79
36 -70
36 -79
36 -78
36 -78
36 -78
36 -78
36 -78
36 -76
36 -78
36 -78
36 -78
36 -78
36 -78
36 -78
36 -78
36 -78
36 -78
36 -78
36 -78
36 -78
36 -63
36 -78
36 -73
36 -79
36 -78
36 -74
36 -80
36 -80
36 -79
36 -80
36 -75
36 -80
36 -79
36 -80
36 -80
36 -80
36 -80
36 -81
36 -80
36 -80
36 -81
36 -81
36 -80
36 -81
36 -81
36 -80
36 -81
36 -81
36 -83
37 -85
37 -84
37 -84
37 -82
37 -80
37 -83
37 -84
37 -82
37 -81
37 -81
37 -82
37 -82
37 -83
37 -82
37 -83
37 -83
37 -82
37 -82
37 -83
37 -84
37 -85
37 -86
37 -86
37 -84
37 -84
37 -84
37 -86
37 -87
37 -85
37 -85
37 -84
37 -84
37 -53
37 -84
37 -84
37 -84
37 -84
37 -85
37 -84
37 -84
37 -84
37 -85
37 -84
37 -84
37 -84
37 -85
37 -84
37 -85
37 -85
37 -84
37 -84
37 -84
37 -84
37 -84
37 -84
37 -84
37 -84
37 -84
37 -85
37 -84
37 -84
37 -84
37 -85
37 -83
37 -84
37 -84
37 -84
37 -84
37 -85
37 -84
37 -84
37 -84
37 -84
37 -78
37 -85
37 -84
37 -84
37 -84
37 -85
37 -84
37 -84
37 -77
37 -84
37 -84
37 -84
37 -84
37 -84
37 -84
37 -84
37 -84
37 -84
37 -83
37 -84
37 -84
37 -84
37 -84
37 -84
37 -84
37 -84
37 -84
37 -83
37 -84
37 -84
37 -84
37 -83
37 -85
37 -84
37 -85
37 -85
37 -85
37 -85
37 -86
37 -85
37 -85
37 -85
37 -84
37 -84
37 -84
37 -85
37 -84
37 -85
37 -84
37 -84
37 -84
37 -84
37 -84
37 -84
37 -84
37 -85
37 -85
37 -84
37 -83
37 -83
37 -83
37 -83
37 -84
37 -84
37 -84
37 -83
37 -83
37 -84
37 -85
37 -85
37 -86
37 -85
37 -86
37 -86
37 -84
37 -84
37 -84
37 -85
37 -84
37 -84
37 -84
37 -84
37 -84
37 -84
38 -84
38 -82
38 -82
38 -78
38 -78
38 -79
38 -79
38 -78
38 -78
38 -78
38 -79
38 -80
38 -78
38 -77
38 -76
38 -77
38 -77
38 -77
38 -77
38 -78
38 -77
38 -78
38 -81
38 -80
38 -81
38 -82
38 -82
38 -81
38 -80
38 -78
38 -78
38 -78
38 -78
38 -77
38 -78
38 -81
38 -79
38 -80
38 -80
38 -80
38 -81
38 -81
38 -80
38 -80
38 -80
38 -79
38 -79
38 -79
38 -79
38 -79
38 -80
38 -80
38 -80
38 -78
38 -80
38 -81
38 -81
38 -81
38 -80
38 -80
38 -80
38 -80
38 -80
38 -80
38 -80
38 -80
38 -80
38 -80
38 -80
38 -80
38 -79
38 -80
38 -80
38 -81
38 -80
38 -80
38 -80
38 -80
38 -80
38 -80
38 -79
38 -79
38 -79
38 -80
38 -79
38 -79
38 -80
38 -79
38 -80
38 -80
38 -80
38 -81
38 -81
38 -81
38 -81
38 -81
38 -82
38 -81
38 -82
38 -82
38 -81
38 -81
38 -82
38 -83
38 -82
38 -82
38 -82
38 -82
38 -67
38 -81
38 -80
38 -80
38 -80
38 -81
38 -80
38 -80
38 -81
38 -81
38 -81
38 -81
38 -81
38 -82
38 -82
38 -81
38 -82
38 -81
38 -81
38 -81
38 -81
38 -81
38 -81
38 -81
38 -81
38 -81
38 -81
38 -82
38 -82
38 -81
38 -82
38 -82
38 -56
38 -82
38 -82
38 -81
38 -82
38 -81
38 -81
38 -81
38 -82
38 -81
38 -82
38 -82
38 -81
38 -81
38 -82
38 -82
38 -78
38 -82
38 -82
38 -81
38 -79
38 -83
38 -82
38 -83
38 -71
38 -82
38 -83
38 -83
38 -83
38 -80
38 -82
38 -82
38 -82
38 -82
38 -83
38 -83
38 -82
38 -82
38 -83
38 -83
38 -83
38 -82
38 -82
38 -83
38 -82
38 -82
38 -81
38 -82
38 -82
38 -82
38 -80
38 -82
38 -79
38 -82
38 -82
38 -82
38 -82
38 -83
38 -83
38 -82
38 -82
38 -82
38 -82
38 -82
38 -83
38 -82
38 -82
38 -83
38 -84
38 -83
38 -83
38 -83
38 -83
38 -83
38 -83
38 -83
38 -84
38 -85
38 -86
38 -84
38 -84
38 -83
38 -82
38 -83
38 -83
38 -83
38 -83
38 -83
38 -83
38 -82
38 -81
38 -80
38 -81
38 -77
38 -79
38 -79
38 -80
38 -80
38 -78
38 -80
38 -82
38 -82
38 -81
38 -81
38 -80
38 -79
38 -79
38 -79
38 -79
38 -79
38 -79
38 -80
38 -79
38 -79
38 -79
38 -79
38 -79
38 -80
38 -81
38 -80
38 -81
38 -79
38 -80
38 -68
38 -79
38 -80
38 -80
38 -81
38 -80
38 -80
38 -76
38 -80
38 -78
38 -80
38 -80
38 -80
38 -80
38 -76
38 -82
38 -83
38 -54
38 -84
38 -86
38 -86
38 -84
38 -81
38 -84
38 -84
38 -84
38 -52
38 -82
38 -80
38 -80
38 -76
38 -80
38 -80
38 -81
38 -80
38 -79
38 -80
38 -81
38 -80
38 -80
38 -79
38 -80
38 -80
38 -76
38 -81
38 -80
38 -80
