Beacon Rssi
1 -78
1 -78
1 -70
1 -78
1 -78
1 -78
1 -78
1 -81
1 -81
1 -81
1 -82
1 -84
1 -84
1 -84
1 -83
1 -81
1 -80
1 -78
1 -76
1 -76
1 -73
1 -75
1 -75
1 -76
1 -76
1 -78
1 -79
1 -77
1 -77
1 -81
1 -80
1 -76
1 -77
1 -76
1 -74
1 -72
1 -71
1 -71
1 -72
1 -73
1 -74
1 -75
1 -76
1 -77
1 -79
1 -79
1 -78
1 -76
1 -76
1 -77
1 -79
1 -78
1 -76
1 -75
1 -70
1 -54
1 -76
1 -75
1 -74
1 -74
1 -74
1 -74
1 -74
1 -75
1 -75
1 -75
1 -75
1 -76
1 -80
1 -30
1 -72
1 -72
1 -73
1 -73
1 -73
1 -73
1 -73
1 -73
1 -73
1 -73
1 -72
1 -73
1 -73
1 -72
1 -72
1 -72
1 -73
1 -73
1 -72
1 -72
1 -73
1 -73
1 -72
1 -73
1 -72
1 -72
1 -72
1 -72
1 -72
1 -72
1 -72
1 -71
1 -72
1 -72
1 -72
1 -69
1 -72
1 -72
1 -72
1 -72
1 -70
1 -72
1 -73
1 -72
1 -67
1 -73
1 -72
1 -71
1 -71
1 -71
1 -72
1 -72
1 -71
1 -72
1 -72
1 -72
1 -71
1 -71
1 -71
1 -71
1 -70
1 -70
1 -70
1 -70
1 -70
1 -71
1 -70
1 -70
1 -70
1 -71
1 -70
1 -70
1 -70
1 -70
1 -70
1 -70
1 -70
1 -70
1 -70
1 -70
1 -70
1 -70
1 -70
1 -70
1 -70
1 -70
1 -70
1 -70
1 -70
1 -70
1 -70
1 -70
1 -70
1 -70
1 -70
1 -70
1 -70
1 -70
1 -70
1 -70
1 -70
1 -70
1 -67
1 -70
1 -70
1 -70
1 -71
1 -70
1 -70
1 -70
1 -70
1 -70
1 -70
1 -70
1 -70
1 -70
1 -70
1 -70
1 -70
1 -70
1 -70
1 -70
1 -70
1 -70
1 -71
1 -70
1 -70
1 -70
1 -70
1 -70
1 -70
1 -70
1 -69
1 -70
1 -70
1 -70
1 -70
1 -70
1 -70
1 -70
1 -70
1 -70
1 -70
1 -70
1 -70
1 -70
1 -70
1 -70
1 -70
1 -70
1 -70
1 -70
1 -70
1 -70
1 -70
1 -70
1 -70
1 -56
1 -70
1 -70
1 -69
1 -70
1 -70
1 -70
1 -70
1 -70
1 -70
1 -70
1 -70
1 -69
1 -70
1 -70
1 -70
1 -70
1 -70
1 -70
1 -70
1 -70
1 -70
1 -70
1 -70
1 -70
1 -70
1 -70
1 -70
1 -70
1 -69
1 -70
1 -70
1 -70
1 -70
1 -70
1 -70
1 -70
1 -70
1 -70
1 -70
1 -70
1 -69
1 -69
1 -69
1 -69
1 -70
1 -70
1 -69
1 -70
1 -70
1 -70
1 -70
1 -70
1 -70
1 -70
1 -70
1 -70
1 -70
1 -70
1 -70
1 -70
1 -70
1 -70
1 -70
1 -70
1 -70
1 -70
1 -70
1 -70
1 -70
1 -70
1 -70
1 -70
1 -69
1 -70
1 -70
1 -70
1 -70
1 -70
1 -70
1 -70
1 -70
1 -70
1 -70
1 -70
1 -70
1 -70
1 -70
1 -70
1 -70
1 -70
1 -70
1 -70
1 -70
1 -70
1 -70
1 -70
1 -70
1 -70
1 -70
1 -70
1 -70
1 -70
1 -70
1 -70
1 -70
1 -70
1 -70
1 -70
1 -70
1 -70
1 -70
1 -70
1 -70
1 -70
1 -70
1 -70
1 -70
1 -70
1 -70
1 -70
1 -70
1 -70
1 -70
1 -70
1 -70
1 -70
1 -70
1 -70
1 -70
1 -70
1 -70
1 -69
1 -70
1 -70
1 -70
1 -70
1 -70
1 -70
1 -70
1 -70
1 -70
1 -70
1 -70
1 -70
1 -71
1 -71
1 -70
1 -70
1 -70
1 -70
1 -70
1 -70
1 -70
1 -70
1 -70
1 -70
1 -70
1 -70
1 -70
1 -70
1 -70
1 -70
1 -70
1 -70
1 -70
1 -70
1 -70
1 -70
1 -70
1 -70
1 -70
1 -70
1 -70
1 -70
1 -70
1 -70
1 -70
1 -70
1 -70
1 -70
1 -70
1 -70
1 -70
1 -70
1 -70
1 -70
1 -70
1 -70
1 -70
1 -70
1 -70
1 -70
1 -70
1 -70
1 -70
1 -70
1 -70
1 -70
1 -70
1 -70
1 -70
1 -70
1 -70
1 -70
1 -70
1 -70
1 -70
1 -70
1 -70
1 -70
1 -70
1 -70
1 -70
1 -70
1 -70
1 -70
1 -70
1 -70
1 -70
1 -70
1 -70
1 -70
1 -71
1 -71
1 -71
1 -72
1 -72
1 -72
1 -72
1 -71
1 -71
1 -70
1 -70
1 -70
1 -70
1 -70
1 -70
1 -70
1 -70
1 -70
1 -70
1 -70
1 -70
1 -70
1 -70
1 -70
1 -70
1 -70
1 -70
1 -70
1 -70
1 -70
1 -70
1 -70
1 -70
1 -70
1 -70
1 -70
1 -70
1 -70
1 -70
1 -70
1 -70
1 -71
1 -70
1 -70
1 -70
1 -70
1 -71
1 -70
1 -66
2 -75
2 -75
2 -75
2 -74
2 -76
2 -75
2 -76
2 -76
2 -76
2 -76
2 -76
2 -76
2 -76
2 -76
2 -77
2 -77
2 -76
2 -76
2 -76
2 -76
2 -76
2 -76
2 -78
2 -77
2 -77
2 -76
2 -76
2 -76
2 -75
2 -75
2 -76
2 -75
2 -76
2 -76
2 -76
2 -76
2 -76
2 -77
2 -76
2 -80
2 -84
2 -82
2 -76
2 -75
2 -74
2 -76
2 -79
2 -82
2 -84
2 -86
2 -84
2 -78
2 -80
2 -80
2 -78
2 -76
2 -76
2 -76
2 -76
2 -77
2 -80
2 -79
2 -79
2 -80
2 -82
2 -81
2 -80
2 -81
2 -79
2 -78
2 -78
2 -77
2 -72
2 -76
2 -76
2 -79
2 -82
2 -78
2 -77
2 -80
2 -81
2 -82
2 -79
2 -82
2 -82
2 -81
2 -81
2 -77
2 -80
2 -80
2 -79
2 -79
2 -80
2 -68
2 -78
2 -79
2 -79
2 -83
2 -82
2 -79
2 -79
2 -78
2 -78
2 -80
2 -80
2 -80
2 -80
2 -79
2 -80
2 -78
2 -80
2 -78
2 -78
2 -78
2 -79
2 -79
2 -78
2 -78
2 -78
2 -78
2 -79
2 -78
2 -78
2 -77
2 -78
2 -78
2 -78
2 -78
2 -77
2 -77
2 -77
2 -77
2 -76
2 -77
2 -78
2 -77
2 -76
2 -77
2 -76
2 -77
2 -76
2 -78
2 -77
2 -78
2 -76
2 -76
2 -76
2 -75
2 -75
2 -74
2 -74
2 -70
2 -75
2 -74
2 -74
2 -74
2 -74
2 -75
2 -75
2 -75
2 -75
2 -75
2 -75
2 -75
2 -75
2 -75
2 -76
2 -75
2 -76
2 -76
2 -76
2 -76
2 -78
2 -78
2 -78
2 -78
2 -79
2 -78
2 -78
2 -76
2 -76
2 -76
2 -76
2 -76
2 -76
2 -76
2 -76
2 -76
2 -76
2 -75
2 -76
2 -76
2 -64
2 -76
2 -76
2 -76
2 -77
2 -76
2 -77
2 -78
2 -77
2 -76
2 -76
2 -76
2 -76
2 -75
2 -73
2 -48
2 -75
2 -75
2 -72
2 -75
2 -75
2 -75
2 -75
2 -76
2 -76
2 -76
2 -76
2 -76
2 -77
2 -77
2 -76
2 -76
2 -75
2 -74
2 -73
2 -73
2 -72
2 -72
2 -72
2 -73
2 -74
2 -75
2 -75
2 -75
2 -75
2 -76
2 -76
2 -76
2 -76
2 -76
2 -76
2 -76
2 -76
2 -76
2 -76
2 -76
2 -76
2 -76
2 -76
2 -76
2 -76
2 -76
2 -76
2 -76
2 -76
2 -76
2 -76
2 -70
2 -76
2 -76
2 -76
2 -76
2 -76
2 -76
2 -76
2 -76
2 -76
2 -76
2 -76
2 -76
2 -76
2 -76
2 -76
2 -76
2 -76
2 -76
2 -75
2 -76
2 -76
2 -30
2 -75
2 -76
2 -75
2 -76
2 -75
2 -75
2 -75
2 -76
2 -76
2 -76
2 -76
2 -76
2 -76
2 -76
2 -76
2 -76
2 -76
2 -76
2 -74
2 -73
2 -74
2 -75
2 -74
2 -75
2 -74
2 -74
2 -69
2 -74
2 -74
2 -75
2 -75
2 -75
2 -75
2 -75
2 -76
2 -75
2 -75
2 -76
2 -76
2 -76
2 -76
2 -75
2 -75
2 -74
2 -70
2 -74
2 -74
2 -73
2 -73
2 -73
2 -73
2 -73
2 -73
2 -73
2 -73
2 -73
2 -73
2 -73
2 -70
2 -73
2 -73
2 -73
2 -72
2 -73
2 -73
2 -69
2 -73
2 -73
2 -73
2 -72
2 -74
2 -74
2 -74
2 -74
2 -74
2 -73
2 -74
2 -74
2 -74
2 -73
2 -74
2 -72
2 -73
2 -73
2 -73
2 -73
2 -73
2 -73
2 -73
2 -73
2 -73
2 -73
2 -73
2 -73
2 -73
2 -73
2 -73
2 -74
2 -74
2 -73
2 -73
2 -74
2 -73
2 -73
2 -73
2 -74
2 -73
2 -73
2 -73
2 -73
2 -73
2 -73
2 -72
2 -73
2 -73
2 -73
2 -73
2 -73
2 -73
2 -73
2 -73
2 -72
2 -72
2 -72
2 -72
2 -72
2 -72
2 -73
2 -73
2 -73
2 -73
2 -73
2 -73
2 -72
2 -72
2 -72
2 -72
2 -72
2 -72
2 -72
2 -72
2 -72
2 -72
2 -72
2 -72
2 -72
2 -72
2 -73
2 -73
2 -72
2 -72
2 -73
2 -73
2 -72
2 -73
2 -73
2 -73
2 -73
2 -73
2 -73
2 -73
2 -73
2 -73
2 -73
2 -73
2 -73
2 -73
2 -73
2 -73
2 -73
2 -72
2 -72
2 -72
2 -53
2 -72
3 -85
3 -85
3 -82
3 -31
3 -84
3 -83
3 -84
3 -81
3 -63
3 -86
3 -87
3 -83
3 -86
3 -81
3 -78
3 -83
3 -79
3 -86
3 -85
3 -82
4 -80
4 -80
4 -79
4 -79
4 -83
4 -80
4 -80
4 -79
4 -80
4 -79
4 -79
4 -80
4 -80
4 -76
4 -81
4 -47
4 -76
4 -80
4 -80
4 -81
4 -81
4 -81
4 -79
4 -79
4 -82
4 -82
4 -80
4 -81
4 -83
4 -87
4 -83
4 -83
4 -81
4 -81
4 -81
4 -83
4 -72
4 -84
4 -84
4 -85
4 -85
4 -85
4 -84
4 -84
4 -85
4 -84
4 -83
4 -84
4 -85
4 -85
4 -59
4 -87
4 -88
4 -86
5 -88
6 -84
6 -60
6 -85
6 -82
6 -85
6 -85
6 -84
6 -84
6 -83
6 -85
6 -84
6 -85
6 -86
6 -84
6 -84
6 -83
6 -84
6 -86
6 -87
6 -85
6 -85
6 -86
6 -85
6 -77
6 -87
6 -84
6 -87
6 -85
6 -86
6 -87
6 -86
6 -86
6 -84
6 -84
6 -85
6 -86
6 -84
6 -85
6 -86
6 -85
6 -85
6 -85
6 -85
6 -85
6 -84
6 -85
6 -81
6 -85
6 -85
6 -70
6 -85
6 -69
6 -84
6 -85
6 -85
6 -84
6 -85
6 -85
6 -84
6 -84
6 -73
6 -84
6 -84
6 -84
6 -84
6 -83
6 -86
6 -84
6 -85
6 -84
6 -84
6 -83
6 -84
6 -84
6 -85
6 -85
6 -86
6 -85
6 -85
6 -86
8 -83
8 -76
8 -84
8 -83
8 -84
8 -84
8 -74
8 -85
8 -86
8 -86
8 -85
8 -86
8 -84
8 -84
8 -89
8 -85
8 -87
8 -88
9 -89
9 -88
9 -85
9 -85
9 -86
9 -86
9 -87
9 -86
9 -86
9 -85
9 -85
9 -73
9 -83
9 -85
9 -85
9 -85
9 -85
9 -86
9 -86
9 -87
10 -87
10 -87
10 -85
10 -85
10 -87
10 -87
10 -86
10 -86
10 -85
10 -85
10 -86
10 -85
10 -85
10 -84
10 -85
10 -86
10 -86
10 -84
10 -85
10 -85
10 -84
10 -85
10 -85
10 -84
10 -84
10 -84
10 -84
10 -84
10 -84
10 -84
10 -84
10 -85
10 -85
10 -84
10 -84
11 -77
11 -87
11 -87
11 -87
13 -83
13 -83
13 -82
13 -82
13 -81
13 -82
13 -74
13 -82
13 -82
13 -82
13 -82
13 -81
13 -82
13 -81
13 -83
13 -83
13 -82
13 -82
13 -82
13 -81
13 -79
13 -76
13 -72
13 -75
13 -76
13 -76
13 -76
13 -79
13 -76
13 -78
13 -84
13 -78
13 -75
13 -73
13 -73
13 -72
13 -73
13 -74
13 -73
13 -71
13 -72
13 -72
13 -72
13 -72
13 -72
13 -74
13 -75
13 -75
13 -73
13 -73
13 -74
13 -76
13 -78
13 -79
13 -79
13 -76
13 -76
13 -75
13 -75
13 -75
13 -75
13 -76
13 -76
13 -77
13 -76
13 -75
13 -73
13 -73
13 -72
13 -73
13 -73
13 -72
13 -72
13 -72
13 -72
13 -71
13 -72
13 -71
13 -72
13 -78
13 -83
13 -79
13 -76
13 -76
13 -77
13 -76
13 -76
13 -77
13 -76
13 -77
13 -76
13 -76
13 -76
13 -76
13 -76
13 -76
13 -76
13 -76
13 -76
13 -76
13 -76
13 -76
13 -76
13 -76
13 -76
13 -76
13 -76
13 -76
13 -76
13 -77
13 -77
13 -76
13 -77
13 -77
13 -77
13 -77
13 -48
13 -78
13 -78
13 -78
13 -78
13 -78
13 -77
13 -77
13 -77
13 -76
13 -75
13 -76
13 -76
13 -76
13 -76
13 -76
13 -76
13 -76
13 -76
13 -76
13 -76
13 -76
13 -76
13 -77
13 -78
13 -78
13 -77
13 -76
13 -76
13 -76
13 -76
13 -76
13 -77
13 -76
13 -78
13 -78
13 -78
13 -78
13 -78
13 -78
13 -78
13 -78
13 -78
13 -78
13 -78
13 -78
13 -78
13 -78
13 -78
13 -78
13 -77
13 -77
13 -78
13 -78
13 -77
13 -78
13 -78
13 -78
13 -78
13 -76
13 -78
13 -77
13 -77
13 -76
13 -76
13 -78
13 -76
13 -76
13 -76
13 -76
13 -78
13 -78
13 -78
13 -77
13 -77
13 -77
13 -77
13 -78
13 -78
13 -77
13 -78
13 -78
13 -78
13 -78
13 -77
13 -78
13 -77
13 -77
13 -77
13 -76
13 -76
13 -76
13 -76
13 -76
13 -76
13 -75
13 -76
13 -76
13 -76
13 -76
13 -76
13 -76
13 -76
13 -76
13 -76
13 -62
13 -76
13 -76
13 -75
13 -75
13 -75
13 -76
13 -76
13 -75
13 -76
13 -76
13 -76
13 -76
13 -76
13 -76
13 -77
13 -76
13 -76
13 -75
13 -76
13 -76
13 -76
13 -76
13 -77
13 -77
13 -77
13 -77
13 -76
13 -77
13 -77
13 -78
13 -77
13 -77
13 -77
13 -76
13 -76
13 -76
13 -76
13 -76
13 -77
13 -79
13 -78
13 -77
13 -76
13 -77
13 -76
13 -78
13 -78
13 -78
13 -78
13 -78
13 -78
13 -76
13 -78
13 -78
13 -78
13 -78
13 -78
13 -79
13 -79
13 -78
13 -79
13 -80
13 -80
13 -79
13 -79
13 -79
13 -78
13 -79
13 -78
13 -78
13 -78
13 -78
13 -78
13 -78
13 -78
13 -78
13 -78
13 -78
13 -78
13 -78
13 -78
13 -78
13 -78
13 -78
13 -78
13 -78
13 -78
13 -78
13 -78
13 -77
13 -78
13 -77
13 -78
13 -78
13 -78
13 -78
13 -78
13 -78
13 -78
13 -78
13 -78
13 -78
13 -78
13 -79
13 -79
13 -78
13 -77
13 -79
13 -79
13 -78
13 -79
13 -79
13 -79
13 -78
13 -79
13 -78
13 -79
13 -79
13 -78
13 -78
13 -78
13 -78
13 -79
13 -78
13 -81
13 -83
13 -83
13 -83
13 -82
13 -81
13 -81
13 -81
13 -80
13 -80
13 -79
13 -79
13 -78
13 -78
13 -78
13 -78
13 -78
13 -78
13 -78
13 -78
13 -78
13 -78
13 -78
13 -78
13 -78
13 -78
13 -79
13 -79
13 -79
13 -80
13 -80
13 -79
13 -80
13 -79
13 -79
13 -78
13 -79
13 -79
13 -78
13 -79
13 -79
13 -78
13 -78
13 -79
13 -78
13 -79
13 -79
13 -78
13 -78
13 -78
13 -78
13 -79
13 -78
13 -78
13 -78
13 -78
13 -78
13 -78
13 -78
13 -78
13 -78
13 -78
13 -77
13 -77
13 -77
13 -78
13 -78
13 -78
13 -78
13 -78
13 -78
13 -78
13 -78
13 -78
13 -78
13 -78
13 -78
13 -77
13 -78
13 -78
13 -78
13 -78
13 -77
13 -77
13 -77
13 -77
13 -77
13 -77
13 -78
13 -77
13 -77
13 -77
13 -77
13 -79
13 -77
13 -76
13 -76
13 -76
13 -76
13 -76
13 -75
13 -75
13 -75
13 -76
13 -77
13 -76
13 -76
13 -78
13 -77
13 -78
13 -78
13 -78
13 -78
13 -78
13 -78
13 -78
13 -77
13 -78
13 -78
13 -78
13 -78
13 -79
13 -78
13 -78
13 -78
13 -78
13 -78
13 -78
13 -78
13 -78
13 -78
13 -78
13 -77
13 -76
13 -77
13 -77
14 -64
14 -64
14 -64
14 -64
14 -64
14 -64
14 -64
14 -64
14 -64
14 -64
14 -64
14 -64
14 -65
14 -65
14 -65
14 -66
14 -65
14 -65
14 -65
14 -65
14 -65
14 -65
14 -66
14 -66
14 -66
14 -65
14 -66
14 -66
14 -66
14 -66
14 -65
14 -65
14 -65
14 -64
14 -64
14 -64
14 -63
14 -64
14 -63
14 -63
14 -62
14 -62
14 -62
14 -63
14 -64
14 -66
14 -71
14 -71
14 -68
14 -64
14 -64
14 -63
14 -65
14 -67
14 -76
14 -76
14 -73
14 -73
14 -72
14 -70
14 -52
14 -70
14 -70
14 -71
14 -75
14 -76
14 -78
14 -84
14 -73
14 -70
14 -68
14 -67
14 -67
14 -68
14 -68
14 -70
14 -70
14 -70
14 -70
14 -70
14 -70
14 -67
14 -66
14 -67
14 -76
14 -78
14 -76
14 -76
14 -77
14 -78
14 -76
14 -81
14 -83
14 -82
14 -72
14 -71
14 -66
14 -68
14 -69
14 -68
14 -68
14 -69
14 -69
14 -69
14 -69
14 -70
14 -70
14 -71
14 -71
14 -70
14 -70
14 -71
14 -71
14 -71
14 -70
14 -70
14 -70
14 -70
14 -70
14 -70
14 -69
14 -68
14 -69
14 -69
14 -69
14 -69
14 -68
14 -68
14 -68
14 -68
14 -68
14 -68
14 -69
14 -69
14 -70
14 -70
14 -72
14 -77
14 -76
14 -77
14 -75
14 -74
14 -72
14 -70
14 -70
14 -70
14 -72
14 -72
14 -74
14 -76
14 -76
14 -78
14 -80
14 -81
14 -82
14 -80
14 -78
14 -79
14 -71
14 -70
14 -70
14 -70
14 -70
14 -71
14 -71
14 -71
14 -72
14 -72
14 -72
14 -72
14 -72
14 -71
14 -71
14 -70
14 -70
14 -70
14 -70
14 -70
14 -70
14 -69
14 -69
14 -69
14 -69
14 -69
14 -69
14 -69
14 -68
14 -69
14 -68
14 -68
14 -72
14 -73
14 -73
14 -71
14 -70
14 -69
14 -68
14 -67
14 -68
14 -67
14 -66
14 -65
14 -65
14 -65
14 -65
14 -65
14 -65
14 -65
14 -65
14 -66
14 -66
14 -66
14 -66
14 -66
14 -66
14 -66
14 -66
14 -66
14 -66
14 -66
14 -66
14 -66
14 -66
14 -67
14 -68
14 -69
14 -70
14 -70
14 -70
14 -70
14 -69
14 -68
14 -68
14 -67
14 -67
14 -68
14 -67
14 -67
14 -66
14 -65
14 -65
14 -56
14 -64
14 -64
14 -64
14 -64
14 -64
14 -64
14 -65
14 -65
14 -65
14 -65
14 -66
14 -66
14 -66
14 -66
14 -66
14 -66
14 -66
14 -66
14 -66
14 -66
14 -66
14 -66
14 -66
14 -66
14 -65
14 -65
14 -65
14 -65
14 -64
14 -64
14 -65
14 -65
14 -66
14 -66
14 -67
14 -67
14 -68
14 -69
14 -72
14 -73
14 -75
14 -76
14 -78
14 -77
14 -76
14 -76
14 -76
14 -74
14 -73
14 -72
14 -73
14 -73
14 -74
14 -73
14 -69
14 -72
14 -70
14 -70
14 -70
14 -70
14 -70
14 -70
14 -70
14 -70
14 -70
14 -71
14 -71
14 -71
14 -71
14 -72
14 -71
14 -71
14 -71
14 -72
14 -71
14 -71
14 -70
14 -70
14 -70
14 -70
14 -70
14 -71
14 -71
14 -71
14 -71
14 -70
14 -70
14 -70
14 -69
14 -69
14 -69
14 -68
14 -68
14 -68
14 -68
14 -68
14 -68
14 -68
14 -68
14 -68
14 -68
14 -68
14 -68
14 -68
14 -68
14 -67
14 -67
14 -67
14 -67
14 -67
14 -67
14 -68
14 -68
14 -69
14 -69
14 -69
14 -69
14 -70
14 -70
14 -70
14 -70
14 -70
14 -71
14 -70
14 -69
14 -70
14 -70
14 -70
14 -70
14 -70
14 -70
14 -70
14 -70
14 -70
14 -71
14 -72
14 -72
14 -72
14 -72
14 -72
14 -71
14 -72
14 -72
14 -73
14 -72
14 -71
14 -70
14 -68
14 -68
14 -68
14 -67
14 -67
14 -67
14 -67
14 -67
14 -67
14 -66
14 -66
14 -66
14 -67
14 -67
14 -67
14 -67
14 -67
14 -67
14 -67
14 -67
14 -66
14 -66
14 -67
14 -66
14 -67
14 -67
14 -67
14 -68
14 -68
14 -68
14 -68
14 -68
14 -68
14 -68
14 -68
14 -68
14 -68
14 -67
14 -67
14 -66
14 -66
14 -66
14 -66
14 -67
14 -66
14 -67
14 -66
14 -66
14 -66
14 -66
14 -66
14 -67
14 -67
14 -67
14 -67
14 -67
14 -66
14 -66
14 -66
14 -66
14 -66
14 -66
14 -66
14 -66
14 -66
14 -66
14 -66
14 -66
14 -67
14 -66
14 -66
14 -66
14 -67
14 -67
14 -67
14 -66
14 -66
14 -66
14 -66
14 -66
14 -66
14 -67
14 -66
14 -66
14 -66
14 -67
14 -68
14 -68
14 -69
14 -67
14 -69
14 -69
14 -67
14 -66
14 -66
14 -66
14 -66
14 -66
14 -66
14 -66
14 -66
14 -66
14 -66
14 -67
14 -67
14 -67
14 -67
14 -67
14 -67
14 -67
14 -67
14 -68
14 -68
14 -68
14 -68
14 -68
14 -68
14 -68
14 -68
14 -67
14 -67
14 -67
14 -68
14 -67
14 -67
14 -67
14 -67
14 -66
14 -66
14 -66
14 -66
14 -66
14 -66
15 -70
15 -75
15 -75
15 -74
15 -74
15 -74
15 -74
15 -75
15 -72
15 -75
15 -75
15 -75
15 -76
15 -75
15 -75
15 -75
15 -75
15 -75
15 -75
15 -75
15 -74
15 -73
15 -75
15 -75
15 -75
15 -76
15 -75
15 -76
15 -76
15 -76
15 -72
15 -75
15 -83
15 -82
15 -79
15 -78
15 -83
15 -80
15 -75
15 -71
15 -70
15 -70
15 -70
15 -70
15 -71
15 -73
15 -73
15 -72
15 -72
15 -72
15 -83
15 -81
15 -79
15 -85
15 -76
15 -75
15 -75
15 -76
15 -77
15 -74
15 -71
15 -70
15 -70
15 -71
15 -70
15 -70
15 -70
15 -70
15 -70
15 -69
15 -68
15 -68
15 -68
15 -69
15 -70
15 -69
15 -68
15 -69
15 -70
15 -70
15 -70
15 -70
15 -70
15 -70
15 -69
15 -69
15 -69
15 -68
15 -68
15 -68
15 -68
15 -68
15 -69
15 -68
15 -68
15 -68
15 -68
15 -68
15 -68
15 -69
15 -69
15 -69
15 -69
15 -68
15 -69
15 -69
15 -69
15 -69
15 -69
15 -69
15 -70
15 -70
15 -70
15 -70
15 -69
15 -69
15 -69
15 -68
15 -68
15 -67
15 -68
15 -67
15 -69
15 -70
15 -70
15 -70
15 -70
15 -70
15 -70
15 -70
15 -70
15 -70
15 -69
15 -69
15 -70
15 -69
15 -70
15 -70
15 -70
15 -70
15 -70
15 -70
15 -70
15 -69
15 -69
15 -70
15 -69
15 -69
15 -69
15 -69
15 -69
15 -69
15 -69
15 -69
15 -69
15 -69
15 -69
15 -69
15 -69
15 -69
15 -69
15 -69
15 -69
15 -69
15 -69
15 -69
15 -69
15 -69
15 -69
15 -69
15 -69
15 -69
15 -69
15 -69
15 -69
15 -69
15 -69
15 -68
15 -68
15 -70
15 -71
15 -72
15 -72
15 -73
15 -74
15 -71
15 -76
15 -76
15 -76
15 -76
15 -76
15 -75
15 -75
15 -74
15 -75
15 -74
15 -74
15 -73
15 -73
15 -73
15 -72
15 -72
15 -71
15 -71
15 -71
15 -70
15 -70
15 -69
15 -69
15 -69
15 -69
15 -69
15 -69
15 -69
15 -69
15 -69
15 -69
15 -69
15 -69
15 -70
15 -70
15 -70
15 -70
15 -70
15 -69
15 -70
15 -70
15 -70
15 -70
15 -69
15 -69
15 -69
15 -68
15 -68
15 -69
15 -68
15 -69
15 -69
15 -69
15 -69
15 -69
15 -70
15 -70
15 -70
15 -70
15 -70
15 -71
15 -71
15 -72
15 -72
15 -72
15 -72
15 -72
15 -72
15 -72
15 -71
15 -70
15 -70
15 -70
15 -69
15 -69
15 -69
15 -68
15 -68
15 -68
15 -69
15 -70
15 -71
15 -71
15 -71
15 -70
15 -70
15 -70
15 -70
15 -69
15 -69
15 -70
15 -69
15 -70
15 -70
15 -70
15 -70
15 -70
15 -70
15 -70
15 -70
15 -70
15 -70
15 -70
15 -70
15 -71
15 -71
15 -70
15 -70
15 -70
15 -70
15 -70
15 -70
15 -69
15 -69
15 -69
15 -69
15 -69
15 -69
15 -69
15 -69
15 -69
15 -69
15 -69
15 -69
15 -69
15 -70
15 -70
15 -70
15 -70
15 -70
15 -70
15 -70
15 -70
15 -70
15 -70
15 -70
15 -70
15 -70
15 -70
15 -70
15 -70
15 -70
15 -70
15 -70
15 -70
15 -70
15 -70
15 -70
15 -70
15 -69
15 -69
15 -69
15 -69
15 -69
15 -69
15 -69
15 -72
15 -74
15 -74
15 -73
15 -72
15 -72
15 -73
15 -75
15 -75
15 -75
15 -75
15 -74
15 -72
15 -71
15 -71
15 -70
15 -70
15 -70
15 -69
15 -70
15 -69
15 -68
15 -69
15 -69
15 -69
15 -69
15 -69
15 -70
15 -70
15 -72
15 -72
15 -73
15 -74
15 -74
15 -75
15 -75
15 -76
15 -75
15 -76
15 -76
15 -76
15 -76
15 -76
15 -76
15 -75
15 -76
15 -75
15 -75
15 -74
15 -73
15 -73
15 -73
15 -72
15 -72
15 -72
15 -72
15 -72
15 -72
15 -72
15 -72
15 -72
15 -72
15 -73
15 -73
15 -73
15 -73
15 -73
15 -73
15 -74
15 -73
15 -74
15 -74
15 -73
15 -74
15 -74
15 -74
15 -74
15 -74
15 -73
15 -74
15 -74
15 -74
15 -73
15 -30
15 -74
15 -74
15 -73
15 -74
15 -73
15 -74
15 -75
15 -75
15 -75
15 -75
15 -75
15 -75
15 -75
15 -75
15 -75
15 -75
15 -75
15 -75
15 -73
15 -75
15 -75
15 -76
15 -77
15 -73
15 -72
15 -71
15 -73
15 -73
15 -74
15 -76
15 -77
15 -76
15 -77
15 -76
15 -76
15 -77
15 -77
15 -78
15 -78
15 -78
15 -78
15 -78
15 -76
15 -77
15 -77
15 -78
15 -78
15 -77
15 -78
15 -78
15 -77
15 -76
15 -77
15 -77
15 -76
15 -76
15 -76
15 -76
15 -76
15 -76
15 -76
15 -76
15 -77
15 -77
15 -76
15 -76
15 -76
15 -76
16 -78
16 -78
16 -78
16 -78
16 -78
16 -79
16 -81
16 -80
16 -81
16 -81
16 -81
16 -82
16 -82
16 -76
16 -81
16 -80
16 -78
16 -74
16 -73
16 -75
16 -76
16 -76
16 -76
16 -78
16 -81
16 -85
16 -83
16 -82
16 -81
16 -76
16 -81
16 -79
16 -77
16 -73
16 -82
16 -80
16 -82
16 -83
16 -82
16 -82
16 -81
16 -79
16 -79
16 -79
16 -52
16 -76
16 -76
16 -77
16 -76
16 -72
16 -75
16 -76
16 -75
16 -76
16 -76
16 -74
16 -75
16 -75
16 -72
16 -74
16 -74
16 -74
16 -74
16 -74
16 -74
16 -74
16 -74
16 -74
16 -75
16 -75
16 -75
16 -75
16 -74
16 -74
16 -74
16 -75
16 -74
16 -74
16 -74
16 -73
16 -73
16 -73
16 -73
16 -73
16 -73
16 -75
16 -74
16 -74
16 -74
16 -74
16 -74
16 -74
16 -73
16 -73
16 -73
16 -73
16 -72
16 -72
16 -72
16 -72
16 -72
16 -72
16 -72
16 -72
16 -71
16 -71
16 -71
16 -71
16 -70
16 -71
16 -71
16 -71
16 -71
16 -71
16 -71
16 -71
16 -70
16 -71
16 -70
16 -70
16 -70
16 -70
16 -70
16 -70
16 -70
16 -70
16 -71
16 -70
16 -71
16 -71
16 -70
16 -70
16 -71
16 -71
16 -71
16 -70
16 -70
16 -70
16 -70
16 -71
16 -71
16 -71
16 -71
16 -72
16 -72
16 -68
16 -72
16 -73
16 -73
16 -73
16 -73
16 -72
16 -73
16 -73
16 -73
16 -73
16 -72
16 -73
16 -72
16 -72
16 -72
16 -72
16 -72
16 -72
16 -72
16 -71
16 -71
16 -71
16 -72
16 -72
16 -72
16 -72
16 -72
16 -72
16 -72
16 -72
16 -72
16 -73
16 -74
16 -74
16 -74
16 -73
16 -74
16 -74
16 -72
16 -72
16 -72
16 -72
16 -72
16 -72
16 -73
16 -74
16 -74
16 -74
16 -73
16 -74
16 -73
16 -73
16 -73
16 -73
16 -73
16 -72
16 -72
16 -72
16 -72
16 -72
16 -72
16 -72
16 -72
16 -72
16 -72
16 -72
16 -71
16 -72
16 -72
16 -72
16 -72
16 -72
16 -72
16 -72
16 -72
16 -73
16 -72
16 -72
16 -72
16 -72
16 -72
16 -72
16 -71
16 -72
16 -71
16 -70
16 -71
16 -71
16 -70
16 -71
16 -70
16 -70
16 -70
16 -70
16 -70
16 -61
16 -70
16 -71
16 -71
16 -70
16 -71
16 -71
16 -71
16 -71
16 -71
16 -71
16 -71
16 -70
16 -71
16 -72
16 -72
16 -72
16 -72
16 -72
16 -72
16 -70
16 -72
16 -72
16 -70
16 -72
16 -72
16 -72
16 -71
16 -71
16 -70
16 -71
16 -71
16 -70
16 -71
16 -71
16 -71
16 -71
16 -71
16 -71
16 -71
16 -71
16 -71
16 -71
16 -71
16 -71
16 -71
16 -71
16 -71
16 -72
16 -72
16 -72
16 -71
16 -71
16 -71
16 -71
16 -71
16 -72
16 -72
16 -71
16 -72
16 -72
16 -71
16 -71
16 -71
16 -71
16 -71
16 -71
16 -70
16 -70
16 -70
16 -70
16 -70
16 -70
16 -70
16 -71
16 -72
16 -72
16 -72
16 -72
16 -72
16 -72
16 -72
16 -72
16 -73
16 -72
16 -72
16 -72
16 -71
16 -71
16 -70
16 -70
16 -70
16 -70
16 -70
16 -70
16 -70
16 -70
16 -70
16 -70
16 -70
16 -71
16 -70
16 -70
16 -70
16 -70
16 -70
16 -71
16 -71
16 -70
16 -71
16 -71
16 -71
16 -72
16 -72
16 -72
16 -72
16 -72
16 -72
16 -72
16 -72
16 -72
16 -72
16 -72
16 -72
16 -72
16 -71
16 -71
16 -71
16 -71
16 -71
16 -70
16 -70
16 -71
16 -70
16 -70
16 -70
16 -70
16 -71
16 -70
16 -70
16 -70
16 -70
16 -70
16 -71
16 -71
16 -70
16 -70
16 -71
16 -71
16 -71
16 -71
16 -70
16 -71
16 -71
16 -71
16 -71
16 -71
16 -71
16 -71
16 -70
16 -71
16 -71
16 -71
16 -71
16 -70
16 -68
16 -71
16 -71
16 -71
16 -71
16 -71
16 -71
16 -71
16 -71
16 -71
16 -71
16 -71
16 -71
16 -71
16 -71
16 -71
16 -72
16 -72
16 -72
16 -72
16 -72
16 -72
16 -72
16 -72
16 -72
16 -72
16 -73
16 -75
16 -76
16 -76
16 -78
16 -76
16 -76
16 -75
16 -74
16 -75
16 -74
16 -74
16 -74
16 -73
16 -73
16 -74
16 -73
16 -73
16 -73
16 -72
16 -72
16 -73
16 -72
16 -72
16 -72
16 -72
16 -72
16 -72
16 -72
16 -72
16 -72
16 -72
16 -72
16 -72
16 -71
16 -71
16 -72
16 -72
16 -72
16 -71
16 -69
16 -72
16 -72
16 -72
16 -72
16 -72
16 -72
16 -73
16 -73
17 -83
17 -84
17 -84
17 -84
17 -85
17 -85
17 -85
17 -84
17 -73
17 -83
17 -83
17 -82
17 -81
17 -76
17 -85
17 -77
17 -82
17 -84
17 -87
17 -85
17 -86
17 -82
17 -87
17 -85
17 -85
17 -85
17 -84
17 -85
17 -85
17 -85
17 -87
17 -85
17 -85
17 -85
17 -87
17 -84
17 -84
17 -84
17 -84
17 -84
17 -84
17 -84
17 -84
17 -84
17 -85
17 -89
17 -88
18 -81
18 -81
18 -81
18 -82
18 -85
18 -85
18 -81
18 -86
18 -85
18 -84
18 -81
18 -80
18 -81
18 -75
18 -73
18 -75
18 -76
18 -80
18 -78
18 -76
18 -79
18 -83
18 -72
18 -73
18 -72
18 -72
18 -71
18 -73
18 -75
18 -77
18 -76
18 -74
18 -74
18 -74
18 -73
18 -72
18 -78
18 -78
18 -77
18 -76
18 -75
18 -74
18 -73
18 -72
18 -72
18 -72
18 -70
18 -74
18 -74
18 -73
18 -72
18 -72
18 -76
18 -73
18 -72
18 -72
18 -72
18 -73
18 -73
18 -76
18 -78
18 -81
18 -82
18 -80
18 -79
18 -77
18 -74
18 -74
18 -72
18 -72
18 -72
18 -72
18 -72
18 -72
18 -72
18 -72
18 -73
18 -73
18 -74
18 -74
18 -73
18 -73
18 -73
18 -73
18 -73
18 -73
18 -72
18 -72
18 -72
18 -72
18 -72
18 -72
18 -73
18 -73
18 -72
18 -72
18 -72
18 -72
18 -72
18 -72
18 -72
18 -72
18 -72
18 -72
18 -72
18 -72
18 -72
18 -73
18 -76
18 -79
18 -78
18 -76
18 -74
18 -75
18 -74
18 -74
18 -72
18 -73
18 -73
18 -72
18 -72
18 -73
18 -73
18 -72
18 -72
18 -72
18 -72
18 -73
18 -72
18 -72
18 -73
18 -72
18 -72
18 -73
18 -73
18 -73
18 -72
18 -73
18 -72
18 -73
18 -73
18 -72
18 -72
18 -72
18 -72
18 -72
18 -72
18 -72
18 -72
18 -72
18 -72
18 -72
18 -72
18 -72
18 -72
18 -72
18 -72
18 -72
18 -72
18 -72
18 -72
18 -71
18 -72
18 -72
18 -72
18 -73
18 -72
18 -72
18 -72
18 -72
18 -65
18 -73
18 -72
18 -72
18 -72
18 -72
18 -72
18 -72
18 -71
18 -72
18 -71
18 -71
18 -71
18 -71
18 -71
18 -71
18 -71
18 -72
18 -71
18 -71
18 -72
18 -72
18 -72
18 -72
18 -72
18 -72
18 -73
18 -73
18 -72
18 -73
18 -73
18 -73
18 -73
18 -73
18 -72
18 -72
18 -72
18 -72
18 -70
18 -72
18 -72
18 -72
18 -72
18 -72
18 -72
18 -72
18 -72
18 -72
18 -72
18 -72
18 -72
18 -72
18 -72
18 -72
18 -70
18 -71
18 -72
18 -71
18 -71
18 -71
18 -71
18 -72
18 -71
18 -71
18 -71
18 -71
18 -71
18 -70
18 -70
18 -70
18 -70
18 -70
18 -70
18 -70
18 -71
18 -71
18 -71
18 -71
18 -71
18 -72
18 -72
18 -72
18 -72
18 -71
18 -71
18 -71
18 -70
18 -71
18 -72
18 -71
18 -72
18 -72
18 -67
18 -72
18 -72
18 -72
18 -72
18 -72
18 -71
18 -71
18 -72
18 -72
18 -71
18 -71
18 -71
18 -72
18 -72
18 -72
18 -72
18 -72
18 -72
18 -72
18 -71
18 -71
18 -72
18 -72
18 -72
18 -72
18 -72
18 -72
18 -72
18 -72
18 -72
18 -72
18 -72
18 -72
18 -72
18 -72
18 -72
18 -72
18 -72
18 -71
18 -71
18 -71
18 -71
18 -71
18 -71
18 -71
18 -71
18 -71
18 -71
18 -71
18 -71
18 -71
18 -31
18 -71
18 -71
18 -66
18 -71
18 -71
18 -71
18 -71
18 -72
18 -71
18 -71
18 -72
18 -71
18 -72
18 -72
18 -70
18 -72
18 -71
18 -71
18 -70
18 -70
18 -71
18 -63
18 -70
18 -70
18 -71
18 -70
18 -70
18 -70
18 -70
18 -70
18 -70
18 -70
18 -70
18 -71
18 -71
18 -71
18 -71
18 -72
18 -71
18 -71
18 -71
18 -71
18 -71
18 -70
18 -70
18 -70
18 -70
18 -70
18 -70
18 -70
18 -70
18 -70
18 -70
18 -70
18 -70
18 -70
18 -70
18 -70
18 -70
18 -70
18 -70
18 -70
18 -70
18 -70
18 -70
18 -70
18 -70
18 -70
18 -70
18 -70
18 -70
18 -69
18 -70
18 -70
18 -70
18 -70
18 -70
18 -70
18 -70
18 -70
18 -70
18 -70
18 -70
18 -70
18 -70
18 -70
18 -70
18 -70
18 -70
18 -70
18 -70
18 -70
18 -70
18 -70
18 -70
18 -70
18 -70
18 -70
18 -70
18 -70
18 -70
18 -70
18 -70
18 -70
18 -70
18 -70
18 -70
18 -70
18 -70
18 -70
18 -70
18 -70
18 -70
18 -70
18 -70
18 -70
18 -70
18 -70
18 -70
18 -70
18 -70
18 -70
18 -70
18 -68
18 -70
18 -70
18 -70
18 -70
18 -72
18 -72
18 -73
18 -75
18 -75
18 -76
18 -75
18 -73
18 -72
18 -71
18 -71
18 -30
18 -71
18 -71
18 -71
18 -71
18 -70
18 -70
18 -70
18 -70
18 -70
18 -70
18 -70
18 -70
18 -70
18 -70
18 -70
18 -70
18 -70
18 -70
18 -70
18 -70
18 -70
18 -71
18 -71
18 -70
18 -70
18 -70
18 -70
18 -70
18 -70
18 -70
18 -71
18 -71
19 -74
19 -74
19 -74
19 -75
19 -74
19 -83
19 -74
19 -74
19 -74
19 -75
19 -74
19 -76
19 -76
19 -77
19 -77
19 -77
19 -78
19 -77
19 -77
19 -77
19 -77
19 -76
19 -74
19 -76
19 -74
19 -76
19 -76
19 -76
19 -76
19 -75
19 -72
19 -70
19 -71
19 -72
19 -74
19 -74
19 -76
19 -76
19 -76
19 -75
19 -76
19 -72
19 -70
19 -72
19 -69
19 -70
19 -76
19 -72
19 -74
19 -75
19 -76
19 -73
19 -70
19 -66
19 -66
19 -66
19 -66
19 -66
19 -66
19 -66
19 -66
19 -68
19 -68
19 -67
19 -68
19 -70
19 -69
19 -69
19 -69
19 -70
19 -70
19 -70
19 -70
19 -70
19 -70
19 -70
19 -70
19 -70
19 -69
19 -68
19 -67
19 -69
19 -72
19 -73
19 -75
19 -72
19 -71
19 -70
19 -68
19 -71
19 -71
19 -72
19 -72
19 -72
19 -72
19 -71
19 -70
19 -69
19 -68
19 -71
19 -71
19 -70
19 -70
19 -69
19 -70
19 -70
19 -70
19 -70
19 -70
19 -70
19 -70
19 -70
19 -70
19 -70
19 -70
19 -70
19 -70
19 -70
19 -70
19 -70
19 -70
19 -70
19 -70
19 -70
19 -70
19 -70
19 -71
19 -71
19 -70
19 -71
19 -71
19 -70
19 -71
19 -70
19 -70
19 -70
19 -70
19 -70
19 -70
19 -70
19 -70
19 -70
19 -70
19 -70
19 -69
19 -70
19 -74
19 -70
19 -70
19 -69
19 -69
19 -68
19 -68
19 -68
19 -69
19 -69
19 -69
19 -69
19 -70
19 -70
19 -69
19 -68
19 -68
19 -68
19 -69
19 -69
19 -70
19 -70
19 -70
19 -70
19 -70
19 -70
19 -70
19 -70
19 -70
19 -70
19 -70
19 -70
19 -70
19 -70
19 -70
19 -70
19 -69
19 -70
19 -70
19 -70
19 -70
19 -70
19 -70
19 -70
19 -70
19 -70
19 -70
19 -70
19 -70
19 -70
19 -69
19 -69
19 -70
19 -72
19 -72
19 -70
19 -70
19 -70
19 -70
19 -69
19 -69
19 -69
19 -70
19 -70
19 -70
19 -70
19 -70
19 -70
19 -70
19 -70
19 -70
19 -70
19 -70
19 -70
19 -70
19 -70
19 -70
19 -70
19 -70
19 -70
19 -70
19 -70
19 -70
19 -70
19 -70
19 -71
19 -70
19 -70
19 -69
19 -70
19 -69
19 -70
19 -70
19 -70
19 -72
19 -73
19 -74
19 -75
19 -76
19 -76
19 -74
19 -73
19 -74
19 -75
19 -75
19 -75
19 -75
19 -75
19 -75
19 -75
19 -74
19 -74
19 -74
19 -74
19 -73
19 -73
19 -73
19 -72
19 -72
19 -72
19 -72
19 -72
19 -72
19 -72
19 -72
19 -72
19 -72
19 -73
19 -72
19 -73
19 -72
19 -72
19 -70
19 -72
19 -72
19 -72
19 -72
19 -72
19 -72
19 -72
19 -72
19 -72
19 -72
19 -71
19 -71
19 -72
19 -72
19 -72
19 -72
19 -72
19 -72
19 -72
19 -71
19 -71
19 -70
19 -70
19 -70
19 -70
19 -70
19 -70
19 -70
19 -70
19 -70
19 -70
19 -70
19 -69
19 -69
19 -70
19 -70
19 -71
19 -71
19 -71
19 -71
19 -71
19 -71
19 -70
19 -69
19 -70
19 -70
19 -70
19 -70
19 -70
19 -70
19 -70
19 -70
19 -70
19 -70
19 -70
19 -70
19 -70
19 -70
19 -70
19 -70
19 -70
19 -70
19 -70
19 -70
19 -70
19 -70
19 -70
19 -70
19 -70
19 -70
19 -70
19 -70
19 -70
19 -70
19 -70
19 -70
19 -70
19 -70
19 -70
19 -70
19 -70
19 -70
19 -70
19 -70
19 -70
19 -70
19 -63
19 -70
19 -71
19 -70
19 -70
19 -70
19 -70
19 -70
19 -70
19 -70
19 -70
19 -62
19 -70
19 -69
19 -70
19 -70
19 -70
19 -71
19 -71
19 -71
19 -72
19 -72
19 -71
19 -71
19 -72
19 -72
19 -72
19 -72
19 -72
19 -71
19 -71
19 -70
19 -70
19 -70
19 -70
19 -70
19 -70
19 -70
19 -70
19 -70
19 -70
19 -70
19 -71
19 -70
19 -70
19 -71
19 -71
19 -70
19 -70
19 -70
19 -70
19 -71
19 -70
19 -71
19 -70
19 -71
19 -70
19 -70
19 -70
19 -70
19 -70
19 -71
19 -70
19 -70
19 -70
19 -70
19 -70
19 -70
19 -70
19 -70
19 -70
19 -71
19 -71
19 -72
19 -71
19 -71
19 -71
19 -71
19 -71
19 -66
19 -71
19 -66
19 -71
19 -71
19 -71
19 -70
19 -71
19 -71
19 -71
19 -71
19 -71
19 -70
19 -71
19 -71
19 -71
19 -71
19 -71
19 -72
19 -72
19 -72
19 -72
19 -72
19 -72
19 -72
19 -72
19 -72
19 -71
19 -70
19 -70
19 -72
19 -72
19 -73
19 -75
19 -75
19 -73
19 -71
19 -72
19 -72
19 -72
19 -72
19 -72
19 -72
19 -72
19 -72
19 -71
19 -71
19 -71
19 -71
19 -71
19 -71
19 -71
19 -71
19 -70
19 -70
19 -70
19 -67
19 -70
19 -70
19 -70
19 -70
19 -70
19 -70
19 -70
19 -70
19 -71
19 -70
19 -70
19 -70
19 -71
19 -70
19 -71
19 -71
19 -71
19 -71
19 -71
20 -72
20 -71
20 -72
20 -72
20 -72
20 -72
20 -72
20 -72
20 -72
20 -72
20 -73
20 -72
20 -74
20 -73
20 -73
20 -73
20 -72
20 -72
20 -72
20 -72
20 -73
20 -73
20 -73
20 -73
20 -73
20 -73
20 -73
20 -72
20 -72
20 -72
20 -72
20 -72
20 -72
20 -74
20 -72
20 -72
20 -73
20 -72
20 -72
20 -72
20 -72
20 -71
20 -70
20 -72
20 -72
20 -72
20 -71
20 -71
20 -71
20 -72
20 -72
20 -73
20 -75
20 -74
20 -70
20 -70
20 -70
20 -70
20 -71
20 -70
20 -70
20 -70
20 -70
20 -70
20 -70
20 -71
20 -72
20 -70
20 -70
20 -72
20 -72
20 -73
20 -75
20 -74
20 -74
20 -73
20 -75
20 -75
20 -75
20 -71
20 -71
20 -73
20 -71
20 -78
20 -77
20 -76
20 -77
20 -78
20 -73
20 -77
20 -76
20 -74
20 -74
20 -73
20 -72
20 -73
20 -75
20 -76
20 -79
20 -78
20 -78
20 -78
20 -78
20 -78
20 -77
20 -78
20 -78
20 -78
20 -78
20 -77
20 -77
20 -78
20 -78
20 -78
20 -78
20 -78
20 -78
20 -78
20 -78
20 -78
20 -79
20 -79
20 -78
20 -79
20 -78
20 -78
20 -78
20 -78
20 -78
20 -78
20 -78
20 -78
20 -78
20 -77
20 -77
20 -79
20 -76
20 -76
20 -77
20 -78
20 -76
20 -76
20 -76
20 -76
20 -76
20 -76
20 -76
20 -75
20 -75
20 -74
20 -74
20 -74
20 -74
20 -76
20 -77
20 -77
20 -77
20 -78
20 -78
20 -79
20 -78
20 -79
20 -78
20 -78
20 -78
20 -78
20 -78
20 -78
20 -78
20 -78
20 -78
20 -78
20 -78
20 -78
20 -69
20 -78
20 -78
20 -78
20 -78
20 -78
20 -78
20 -78
20 -78
20 -78
20 -78
20 -78
20 -78
20 -77
20 -77
20 -77
20 -76
20 -78
20 -76
20 -76
20 -76
20 -76
20 -76
20 -73
20 -75
20 -74
20 -75
20 -76
20 -76
20 -76
20 -76
20 -76
20 -76
20 -76
20 -76
20 -76
20 -76
20 -76
20 -76
20 -76
20 -76
20 -76
20 -76
20 -76
20 -76
20 -76
20 -75
20 -75
20 -75
20 -75
20 -74
20 -74
20 -74
20 -74
20 -74
20 -74
20 -73
20 -73
20 -73
20 -74
20 -74
20 -73
20 -73
20 -74
20 -74
20 -74
20 -74
20 -75
20 -75
20 -74
20 -75
20 -75
20 -75
20 -75
20 -75
20 -76
20 -75
20 -76
20 -76
20 -70
20 -76
20 -76
20 -76
20 -76
20 -76
20 -76
20 -76
20 -76
20 -76
20 -76
20 -76
20 -76
20 -76
20 -76
20 -75
20 -76
20 -76
20 -76
20 -76
20 -76
20 -76
20 -76
20 -74
20 -74
20 -73
20 -72
20 -72
20 -72
20 -72
20 -72
20 -72
20 -72
20 -74
20 -75
20 -75
20 -75
20 -75
20 -75
20 -75
20 -75
20 -75
20 -75
20 -75
20 -75
20 -75
20 -75
20 -75
20 -76
20 -75
20 -75
20 -75
20 -75
20 -76
20 -75
20 -76
20 -75
20 -76
20 -75
20 -75
20 -75
20 -75
20 -75
20 -75
20 -76
20 -75
20 -76
20 -76
20 -76
20 -76
20 -76
20 -76
20 -76
20 -75
20 -76
20 -76
20 -75
20 -75
20 -75
20 -76
20 -74
20 -76
20 -76
20 -75
20 -76
20 -76
20 -76
20 -76
20 -76
20 -76
20 -51
20 -76
20 -76
20 -76
20 -76
20 -76
20 -76
20 -76
20 -75
20 -75
20 -75
20 -74
20 -74
20 -74
20 -75
20 -75
20 -74
20 -75
20 -74
20 -73
20 -74
20 -74
20 -74
20 -74
20 -74
20 -74
20 -74
20 -74
20 -74
20 -74
20 -74
20 -74
20 -74
20 -75
20 -76
20 -76
20 -76
20 -76
20 -76
20 -76
20 -76
20 -76
20 -76
20 -76
20 -76
20 -76
20 -76
20 -76
20 -76
20 -75
20 -76
20 -76
20 -76
20 -76
20 -76
20 -76
20 -76
20 -76
20 -76
20 -76
20 -76
20 -76
20 -76
20 -59
20 -76
20 -75
20 -75
20 -75
20 -75
20 -76
20 -76
20 -76
20 -76
20 -76
20 -75
20 -76
20 -76
20 -76
20 -76
20 -76
20 -76
20 -75
20 -76
20 -75
20 -76
20 -76
20 -76
20 -75
20 -76
20 -75
20 -76
20 -76
20 -75
20 -76
20 -75
20 -76
20 -76
20 -76
20 -76
20 -76
20 -76
20 -76
20 -76
20 -76
20 -74
20 -76
20 -75
20 -75
20 -75
20 -72
20 -76
20 -76
20 -75
20 -75
20 -75
20 -75
20 -76
20 -76
20 -76
20 -75
20 -74
20 -75
20 -74
20 -74
20 -73
20 -72
20 -73
20 -74
20 -75
20 -75
20 -75
20 -75
20 -75
20 -76
20 -76
20 -76
20 -76
20 -76
20 -76
20 -75
20 -76
20 -76
20 -76
20 -76
20 -76
20 -76
20 -76
20 -76
20 -76
20 -76
20 -76
20 -76
20 -76
20 -76
20 -76
20 -76
20 -76
20 -76
20 -76
20 -70
20 -71
20 -76
20 -75
20 -75
20 -75
20 -76
21 -76
21 -64
21 -73
21 -74
21 -64
21 -74
21 -74
21 -74
21 -75
21 -73
21 -71
21 -74
21 -74
21 -74
21 -74
21 -75
21 -75
21 -75
21 -76
21 -75
21 -65
21 -75
21 -75
21 -75
21 -75
21 -75
21 -75
21 -75
21 -75
21 -76
21 -76
21 -77
21 -76
21 -77
21 -79
21 -76
21 -78
21 -78
21 -78
21 -76
21 -78
21 -76
21 -76
21 -78
21 -83
21 -82
21 -77
21 -81
21 -79
21 -77
21 -73
21 -75
21 -74
21 -74
21 -76
21 -76
21 -76
21 -76
21 -76
21 -80
21 -79
21 -76
21 -76
21 -76
21 -75
21 -75
21 -76
21 -76
21 -76
21 -77
21 -74
21 -75
21 -76
21 -77
21 -77
21 -78
21 -77
21 -76
21 -75
21 -74
21 -74
21 -76
21 -75
21 -75
21 -76
21 -74
21 -74
21 -75
21 -75
21 -76
21 -75
21 -75
21 -75
21 -75
21 -75
21 -75
21 -75
21 -75
21 -75
21 -74
21 -75
21 -75
21 -75
21 -75
21 -75
21 -75
21 -75
21 -75
21 -76
21 -75
21 -76
21 -75
21 -76
21 -75
21 -76
21 -75
21 -75
21 -75
21 -75
21 -76
21 -75
21 -75
21 -75
21 -75
21 -75
21 -75
21 -75
21 -75
21 -75
21 -75
21 -75
21 -73
21 -73
21 -73
21 -73
21 -74
21 -74
21 -75
21 -75
21 -73
21 -76
21 -76
21 -76
21 -76
21 -76
21 -77
21 -75
21 -76
21 -76
21 -76
21 -76
21 -75
21 -76
21 -74
21 -75
21 -74
21 -74
21 -74
21 -74
21 -73
21 -74
21 -75
21 -74
21 -74
21 -75
21 -75
21 -70
21 -75
21 -75
21 -75
21 -69
21 -75
21 -75
21 -76
21 -76
21 -76
21 -75
21 -76
21 -75
21 -76
21 -76
21 -76
21 -76
21 -76
21 -76
21 -76
21 -77
21 -76
21 -75
21 -74
21 -75
21 -75
21 -75
21 -76
21 -76
21 -76
21 -76
21 -76
21 -76
21 -76
21 -76
21 -76
21 -76
21 -77
21 -76
21 -77
21 -76
21 -76
21 -76
21 -76
21 -76
21 -76
21 -76
21 -76
21 -76
21 -76
21 -76
21 -76
21 -76
21 -76
21 -76
21 -77
21 -76
21 -76
21 -77
21 -77
21 -77
21 -76
21 -77
21 -78
21 -78
21 -78
21 -78
21 -78
21 -77
21 -76
21 -76
21 -76
21 -76
21 -76
21 -76
21 -76
21 -76
21 -76
21 -76
21 -76
21 -75
21 -76
21 -75
21 -76
21 -76
21 -76
21 -76
21 -76
21 -76
21 -76
21 -75
21 -76
21 -76
21 -77
21 -77
21 -77
21 -76
21 -77
21 -77
21 -77
21 -77
21 -77
21 -77
21 -77
21 -77
21 -78
21 -78
21 -79
21 -77
21 -78
21 -78
21 -78
21 -78
21 -78
21 -78
21 -78
21 -77
21 -78
21 -78
21 -77
21 -78
21 -78
21 -77
21 -77
21 -76
21 -76
21 -76
21 -76
21 -75
21 -76
21 -75
21 -76
21 -76
21 -76
21 -76
21 -76
21 -76
21 -76
21 -76
21 -76
21 -77
21 -77
21 -76
21 -77
21 -77
21 -77
21 -78
21 -61
21 -78
21 -78
21 -78
21 -78
21 -78
21 -78
21 -78
21 -78
21 -78
21 -78
21 -77
21 -78
21 -78
21 -78
21 -78
21 -78
21 -78
21 -77
21 -77
21 -77
21 -78
21 -78
21 -77
21 -77
21 -77
21 -77
21 -76
21 -78
21 -78
21 -77
21 -77
21 -71
21 -77
21 -78
21 -78
21 -77
21 -77
21 -44
21 -75
21 -75
21 -76
21 -78
21 -76
21 -77
21 -76
21 -77
21 -76
21 -76
21 -76
21 -76
21 -76
21 -76
21 -76
21 -76
21 -76
21 -76
21 -76
21 -78
21 -77
21 -76
21 -77
21 -78
21 -78
21 -78
21 -77
21 -77
21 -77
21 -77
21 -77
21 -77
21 -77
21 -77
21 -76
21 -77
21 -77
21 -77
21 -77
21 -76
21 -77
21 -76
21 -76
21 -76
21 -77
21 -76
21 -77
21 -78
21 -77
21 -73
21 -76
21 -77
21 -77
21 -78
21 -77
21 -77
21 -77
21 -77
21 -77
21 -77
21 -78
21 -76
21 -77
21 -78
21 -78
21 -78
21 -78
21 -77
21 -77
21 -77
21 -77
21 -78
21 -78
21 -78
21 -78
21 -78
21 -78
21 -78
21 -78
21 -78
21 -77
21 -76
21 -78
21 -78
21 -78
21 -78
21 -78
21 -78
21 -78
21 -78
21 -78
21 -78
21 -78
21 -78
21 -78
21 -78
21 -78
21 -70
21 -77
21 -76
21 -77
21 -72
21 -78
21 -77
21 -76
21 -78
21 -78
21 -78
21 -77
21 -77
21 -78
21 -78
21 -78
21 -77
21 -78
21 -77
21 -78
21 -77
21 -78
21 -71
21 -77
21 -70
21 -77
21 -76
21 -76
21 -76
21 -76
21 -76
21 -76
21 -77
21 -77
21 -77
21 -78
21 -77
21 -77
21 -77
21 -77
21 -78
21 -78
21 -78
21 -77
22 -80
22 -79
22 -79
22 -78
22 -79
22 -78
22 -80
22 -80
22 -80
22 -80
22 -80
22 -80
22 -80
22 -80
22 -81
22 -78
22 -79
22 -79
22 -77
22 -77
22 -76
22 -70
22 -76
22 -76
22 -76
22 -75
22 -69
22 -75
22 -76
22 -76
22 -67
22 -84
22 -82
22 -76
22 -75
22 -73
22 -72
22 -73
22 -75
22 -75
22 -75
22 -75
22 -75
22 -75
22 -76
22 -77
22 -77
22 -76
22 -77
22 -76
22 -76
22 -78
22 -81
22 -82
22 -79
22 -79
22 -80
22 -78
22 -78
22 -78
22 -77
22 -77
22 -78
22 -77
22 -77
22 -71
22 -78
22 -78
22 -78
22 -77
22 -78
22 -78
22 -78
22 -77
22 -78
22 -78
22 -78
22 -78
22 -77
22 -78
22 -78
22 -78
22 -78
22 -78
22 -77
22 -77
22 -77
22 -77
22 -76
22 -77
22 -77
22 -78
22 -77
22 -76
22 -79
22 -80
22 -77
22 -76
22 -75
22 -76
22 -76
22 -75
22 -76
22 -76
22 -76
22 -76
22 -76
22 -76
22 -76
22 -76
22 -76
22 -70
22 -76
22 -76
22 -77
22 -76
22 -76
22 -76
22 -76
22 -76
22 -76
22 -76
22 -76
22 -76
22 -77
22 -76
22 -76
22 -76
22 -77
22 -77
22 -76
22 -76
22 -76
22 -77
22 -77
22 -77
22 -77
22 -77
22 -77
22 -77
22 -76
22 -77
22 -77
22 -77
22 -77
22 -77
22 -78
22 -79
22 -77
22 -77
22 -78
22 -77
22 -78
22 -77
22 -77
22 -77
22 -77
22 -78
22 -77
22 -78
22 -77
22 -78
22 -78
22 -76
22 -78
22 -78
22 -78
22 -78
22 -77
22 -78
22 -78
22 -78
22 -77
22 -78
22 -78
22 -78
22 -78
22 -78
22 -78
22 -78
22 -79
22 -79
22 -80
22 -80
22 -80
22 -81
22 -82
22 -82
22 -83
22 -83
22 -81
22 -81
22 -81
22 -80
22 -81
22 -79
22 -79
22 -79
22 -79
22 -79
22 -79
22 -78
22 -78
22 -78
22 -79
22 -78
22 -78
22 -75
22 -78
22 -78
22 -78
22 -78
22 -78
22 -79
22 -80
22 -80
22 -79
22 -79
22 -79
22 -78
22 -79
22 -80
22 -79
22 -79
22 -79
22 -78
22 -78
22 -78
22 -78
22 -78
22 -78
22 -78
22 -78
22 -78
22 -78
22 -78
22 -77
22 -78
22 -78
22 -78
22 -78
22 -78
22 -78
22 -78
22 -70
22 -79
22 -79
22 -79
22 -79
22 -79
22 -78
22 -78
22 -78
22 -79
22 -80
22 -79
22 -71
22 -78
22 -78
22 -78
22 -78
22 -78
22 -78
22 -78
22 -78
22 -78
22 -78
22 -78
22 -78
22 -78
22 -79
22 -78
22 -78
22 -79
22 -78
22 -78
22 -78
22 -78
22 -78
22 -78
22 -78
22 -78
22 -78
22 -78
22 -78
22 -78
22 -78
22 -78
22 -78
22 -78
22 -79
22 -70
22 -78
22 -78
22 -78
22 -78
22 -78
22 -78
22 -79
22 -79
22 -78
22 -78
22 -78
22 -78
22 -80
22 -79
22 -79
22 -80
22 -80
22 -80
22 -81
22 -79
22 -78
22 -79
22 -78
22 -78
22 -78
22 -78
22 -78
22 -78
22 -79
22 -79
22 -79
22 -79
22 -79
22 -78
22 -79
22 -78
22 -79
22 -79
22 -78
22 -78
22 -79
22 -78
22 -78
22 -79
22 -79
22 -79
22 -79
22 -79
22 -79
22 -78
22 -78
22 -78
22 -79
22 -78
22 -79
22 -78
22 -78
22 -79
22 -78
22 -78
22 -79
22 -78
22 -79
22 -79
22 -79
22 -79
22 -79
22 -79
22 -79
22 -79
22 -79
22 -78
22 -79
22 -79
22 -78
22 -79
22 -79
22 -79
22 -78
22 -79
22 -79
22 -79
22 -79
22 -80
22 -80
22 -79
22 -79
22 -80
22 -79
22 -79
22 -79
22 -79
22 -79
22 -79
22 -79
22 -79
22 -78
22 -79
22 -79
22 -73
22 -79
22 -79
22 -79
22 -79
22 -79
22 -80
22 -80
22 -79
22 -80
22 -79
22 -79
22 -79
22 -79
22 -80
22 -79
22 -79
22 -78
22 -78
22 -78
22 -76
22 -81
22 -81
22 -84
22 -83
22 -82
22 -81
22 -80
22 -80
22 -78
22 -79
22 -79
22 -79
22 -79
22 -79
22 -75
22 -78
22 -79
22 -78
22 -79
22 -78
22 -79
22 -78
22 -78
22 -79
22 -78
22 -80
22 -81
22 -79
22 -79
22 -79
22 -78
22 -79
22 -78
22 -78
22 -79
22 -78
22 -78
22 -78
22 -78
22 -79
22 -79
22 -79
22 -79
23 -84
23 -84
23 -83
23 -83
23 -84
23 -84
23 -84
23 -84
23 -84
23 -85
23 -84
23 -86
23 -87
23 -86
23 -86
23 -86
23 -86
23 -85
23 -88
23 -86
23 -85
23 -84
23 -71
23 -87
23 -86
23 -88
24 -85
24 -83
24 -82
24 -83
24 -84
24 -84
24 -82
24 -83
24 -85
24 -84
24 -84
24 -85
24 -85
24 -85
24 -88
24 -69
24 -83
24 -82
24 -81
24 -82
24 -81
24 -82
24 -82
24 -82
24 -81
24 -82
24 -81
24 -82
24 -81
24 -82
24 -81
24 -82
24 -82
24 -80
24 -81
24 -82
24 -82
24 -82
24 -81
24 -82
24 -82
24 -82
24 -80
24 -81
24 -81
24 -80
24 -80
24 -81
24 -81
24 -81
24 -81
24 -82
24 -72
24 -81
24 -81
24 -81
24 -80
24 -80
24 -81
24 -80
24 -80
24 -80
24 -80
24 -80
24 -80
24 -80
24 -80
24 -78
24 -79
24 -79
24 -80
24 -80
24 -80
24 -81
24 -81
24 -81
24 -81
24 -80
24 -81
24 -81
24 -81
24 -80
24 -80
24 -80
24 -80
24 -80
24 -80
24 -81
24 -80
24 -80
24 -80
24 -81
24 -80
24 -79
24 -80
24 -79
24 -79
24 -79
24 -80
24 -79
24 -81
24 -81
24 -80
24 -80
24 -80
24 -79
24 -79
24 -79
24 -78
24 -79
24 -78
24 -79
24 -79
24 -80
24 -79
24 -79
24 -31
24 -79
24 -79
24 -80
24 -79
24 -79
24 -80
24 -80
24 -81
24 -81
24 -81
24 -81
24 -81
24 -79
24 -80
24 -80
24 -80
24 -81
24 -81
24 -81
24 -81
24 -79
24 -80
24 -80
24 -80
24 -79
24 -79
24 -79
24 -79
24 -80
24 -79
24 -79
24 -79
24 -79
24 -79
24 -79
24 -79
24 -79
24 -79
24 -79
24 -79
24 -79
24 -79
24 -79
24 -79
24 -80
24 -79
24 -80
24 -80
24 -80
24 -79
24 -78
24 -78
24 -79
24 -78
24 -78
24 -78
24 -78
24 -79
24 -79
24 -79
24 -79
24 -78
24 -78
24 -79
24 -78
24 -79
24 -79
24 -79
24 -79
24 -80
24 -80
24 -80
24 -80
24 -80
24 -80
24 -80
24 -80
24 -79
24 -80
24 -80
24 -80
24 -79
24 -79
24 -79
24 -79
24 -78
24 -79
24 -79
24 -79
24 -79
24 -79
24 -80
24 -79
24 -79
24 -79
24 -79
24 -78
24 -79
24 -79
24 -79
24 -78
24 -79
24 -80
24 -79
24 -79
24 -79
24 -79
24 -80
24 -80
24 -79
24 -79
24 -79
24 -80
24 -80
24 -80
24 -80
24 -80
24 -79
24 -80
24 -79
24 -81
24 -80
24 -80
24 -79
24 -80
24 -79
24 -81
24 -80
24 -79
24 -79
24 -80
24 -80
24 -79
24 -80
24 -80
24 -80
24 -79
24 -79
24 -79
24 -79
24 -70
24 -78
24 -79
24 -79
24 -79
24 -78
24 -78
24 -78
24 -78
24 -78
24 -78
24 -78
24 -78
24 -78
24 -78
24 -78
24 -78
24 -78
24 -73
24 -77
24 -78
24 -78
24 -78
24 -79
24 -78
24 -78
24 -78
24 -78
24 -78
24 -78
24 -78
24 -78
24 -78
24 -78
24 -78
24 -78
24 -78
24 -79
24 -78
24 -78
24 -78
24 -78
24 -79
24 -78
24 -78
24 -78
24 -78
24 -78
24 -78
24 -78
24 -78
24 -78
24 -78
24 -78
24 -79
24 -78
24 -78
24 -78
24 -79
24 -78
24 -79
24 -78
24 -78
24 -78
24 -78
24 -78
24 -78
24 -78
24 -79
24 -78
24 -78
24 -78
24 -78
24 -70
24 -78
24 -71
24 -79
24 -78
24 -79
24 -78
24 -79
24 -80
24 -80
24 -80
24 -80
24 -80
24 -80
24 -79
24 -79
24 -78
24 -78
24 -78
24 -78
24 -78
24 -79
24 -78
24 -78
24 -77
24 -76
24 -78
24 -78
24 -78
24 -78
24 -79
24 -78
24 -78
24 -79
24 -78
24 -78
24 -78
24 -78
24 -79
24 -75
24 -77
24 -76
24 -78
24 -79
24 -78
24 -78
24 -79
24 -78
26 -87
26 -85
26 -86
26 -83
26 -82
26 -82
26 -84
26 -82
26 -82
26 -81
26 -79
26 -79
26 -80
26 -79
26 -78
26 -78
26 -78
26 -81
26 -82
26 -83
26 -81
26 -80
26 -78
26 -80
26 -80
26 -83
26 -82
26 -82
26 -82
26 -84
26 -79
26 -79
26 -79
26 -80
26 -85
26 -83
26 -82
26 -79
26 -78
26 -79
26 -78
26 -79
26 -79
26 -80
26 -80
26 -76
26 -82
26 -83
26 -83
26 -83
26 -82
26 -82
26 -80
26 -80
26 -79
26 -79
26 -79
26 -79
26 -79
26 -79
26 -79
26 -79
26 -80
26 -79
26 -79
26 -79
26 -79
26 -80
26 -80
26 -79
26 -78
26 -79
26 -79
26 -78
26 -78
26 -78
26 -78
26 -78
26 -79
26 -75
26 -79
26 -80
26 -81
26 -81
26 -82
26 -82
26 -81
26 -81
26 -79
26 -79
26 -78
26 -80
26 -83
26 -83
26 -78
26 -78
26 -78
26 -82
26 -78
26 -83
26 -81
26 -81
26 -80
26 -77
26 -81
26 -81
26 -81
26 -84
26 -83
26 -81
26 -81
26 -82
26 -81
26 -80
26 -79
26 -79
26 -76
26 -83
26 -83
26 -80
26 -82
26 -83
26 -80
26 -82
26 -82
26 -82
26 -83
26 -85
26 -84
26 -83
26 -83
26 -78
26 -85
26 -84
26 -83
26 -83
26 -84
26 -85
26 -81
26 -84
26 -86
26 -84
26 -83
26 -86
26 -83
26 -86
26 -83
26 -77
26 -81
26 -85
26 -83
26 -83
26 -83
26 -83
26 -83
26 -83
26 -85
26 -84
26 -83
26 -80
26 -83
26 -50
26 -82
26 -83
26 -82
26 -83
26 -82
26 -83
26 -82
26 -82
26 -82
26 -84
26 -82
26 -83
26 -83
26 -83
26 -81
26 -82
26 -81
26 -81
26 -82
26 -80
26 -81
26 -81
26 -82
26 -81
26 -81
26 -81
26 -83
26 -83
26 -82
26 -81
26 -82
26 -81
26 -79
26 -81
26 -83
26 -80
26 -77
26 -80
26 -80
26 -82
26 -81
26 -81
26 -81
26 -81
26 -81
26 -82
26 -81
26 -83
26 -82
26 -82
26 -83
26 -84
26 -84
26 -83
26 -84
26 -82
26 -83
26 -51
26 -82
26 -81
26 -82
26 -83
26 -83
26 -82
26 -83
26 -82
26 -81
26 -82
26 -82
26 -82
26 -81
26 -82
26 -82
26 -82
26 -82
26 -82
26 -81
26 -81
26 -82
26 -74
26 -81
26 -81
26 -82
26 -81
26 -81
26 -81
26 -81
26 -81
26 -79
26 -80
26 -80
26 -73
26 -80
26 -79
26 -82
26 -83
26 -83
26 -82
26 -82
26 -81
26 -83
26 -82
26 -82
26 -82
26 -81
26 -81
26 -80
26 -82
26 -82
26 -82
26 -82
26 -81
26 -81
26 -81
26 -82
26 -82
26 -82
26 -82
26 -83
26 -81
26 -82
26 -81
26 -81
26 -80
26 -80
27 -82
27 -83
27 -83
27 -80
27 -83
27 -83
27 -84
27 -79
27 -83
27 -82
27 -82
27 -83
27 -84
27 -83
27 -83
27 -83
27 -83
27 -83
27 -83
27 -86
27 -83
27 -86
27 -83
27 -83
27 -83
27 -84
27 -84
27 -84
27 -84
27 -79
27 -65
27 -85
27 -84
27 -84
27 -86
27 -84
27 -84
27 -83
27 -84
27 -82
27 -82
27 -82
27 -80
27 -81
27 -81
27 -80
27 -82
27 -81
27 -80
27 -83
27 -81
27 -82
27 -73
27 -82
27 -83
27 -82
27 -82
27 -83
27 -83
27 -81
27 -81
27 -82
27 -82
27 -82
27 -82
27 -82
27 -82
27 -81
27 -81
27 -81
27 -82
27 -81
27 -82
27 -83
27 -83
27 -82
27 -82
27 -82
27 -81
27 -82
27 -82
27 -81
27 -81
27 -82
27 -83
27 -84
27 -83
27 -83
27 -83
27 -84
27 -80
27 -85
27 -84
27 -83
27 -83
27 -84
27 -83
27 -83
27 -84
27 -84
27 -71
27 -85
27 -84
27 -84
27 -85
27 -85
27 -85
27 -87
27 -84
27 -84
27 -82
27 -84
27 -83
27 -82
27 -76
27 -82
27 -82
27 -83
27 -84
27 -83
27 -84
27 -83
27 -83
27 -86
27 -84
27 -82
27 -84
27 -84
27 -84
27 -83
27 -84
27 -83
27 -86
27 -86
27 -84
27 -85
27 -84
27 -84
27 -84
27 -85
27 -85
27 -88
27 -85
27 -86
27 -84
27 -85
27 -83
27 -82
27 -84
27 -84
27 -82
27 -84
27 -83
27 -84
27 -83
27 -83
27 -84
27 -84
27 -84
27 -88
27 -86
27 -83
27 -83
27 -88
27 -82
27 -85
27 -83
27 -83
27 -73
27 -85
27 -84
27 -84
27 -85
27 -84
27 -86
27 -72
27 -84
27 -84
27 -85
28 -88
28 -87
28 -87
28 -84
28 -83
28 -83
28 -84
28 -83
28 -83
28 -84
28 -84
28 -84
28 -84
28 -85
28 -74
28 -87
28 -86
28 -87
28 -87
29 -85
29 -84
29 -86
29 -84
29 -87
29 -87
29 -79
29 -87
29 -87
29 -87
29 -87
29 -85
29 -87
29 -83
29 -85
30 -85
30 -85
30 -87
30 -86
30 -86
30 -86
30 -87
30 -86
30 -87
30 -86
30 -86
30 -84
30 -76
30 -85
30 -85
30 -86
30 -85
30 -84
30 -85
30 -84
30 -83
30 -86
30 -87
30 -87
30 -84
30 -83
30 -85
30 -86
30 -86
30 -86
30 -85
30 -86
30 -84
30 -85
30 -84
30 -70
30 -85
30 -85
30 -86
30 -82
30 -72
30 -84
30 -85
30 -84
30 -75
30 -84
30 -83
30 -84
30 -84
30 -85
30 -85
30 -85
30 -86
30 -77
30 -85
30 -85
30 -85
30 -85
30 -86
30 -84
30 -85
30 -84
30 -84
30 -85
30 -84
30 -85
30 -85
30 -71
30 -84
30 -86
30 -87
30 -87
30 -85
30 -85
30 -85
30 -84
30 -85
30 -84
30 -85
30 -84
31 -87
31 -86
31 -85
31 -82
31 -84
31 -86
32 -76
32 -76
32 -76
32 -76
32 -76
32 -75
32 -76
32 -76
32 -75
32 -75
32 -75
32 -76
32 -76
32 -76
32 -76
32 -76
32 -76
32 -75
32 -76
32 -77
32 -74
32 -76
32 -76
32 -76
32 -76
32 -76
32 -76
32 -76
32 -76
32 -76
32 -76
32 -76
32 -79
32 -78
32 -78
32 -78
32 -78
32 -78
32 -77
32 -77
32 -78
32 -78
32 -76
32 -76
32 -74
32 -73
32 -75
32 -70
32 -83
32 -84
32 -81
32 -77
32 -76
32 -76
32 -76
32 -76
32 -76
32 -76
32 -77
32 -77
32 -78
32 -78
32 -77
32 -78
32 -78
32 -80
32 -80
32 -81
32 -81
32 -80
32 -81
32 -80
32 -80
32 -80
32 -82
32 -82
32 -81
32 -82
32 -82
32 -79
32 -76
32 -77
32 -78
32 -78
32 -79
32 -79
32 -79
32 -80
32 -80
32 -81
32 -81
32 -80
32 -80
32 -81
32 -80
32 -81
32 -80
32 -80
32 -79
32 -79
32 -79
32 -79
32 -78
32 -78
32 -77
32 -76
32 -78
32 -78
32 -53
32 -84
32 -84
32 -84
32 -83
32 -83
32 -84
32 -83
32 -83
32 -83
32 -81
32 -79
32 -78
32 -78
32 -77
32 -76
32 -76
32 -77
32 -77
32 -77
32 -77
32 -77
32 -78
32 -78
32 -78
32 -76
32 -78
32 -78
32 -78
32 -69
32 -79
32 -78
32 -73
32 -78
32 -78
32 -77
32 -79
32 -81
32 -80
32 -79
32 -79
32 -79
32 -78
32 -78
32 -78
32 -82
32 -81
32 -86
32 -79
32 -78
32 -78
32 -77
32 -77
32 -77
32 -76
32 -77
32 -78
32 -76
32 -78
32 -71
32 -77
32 -78
32 -76
32 -77
32 -78
32 -83
32 -79
32 -81
32 -81
32 -78
32 -76
32 -78
32 -76
32 -76
32 -76
32 -75
32 -76
32 -76
32 -76
32 -76
32 -76
32 -76
32 -76
32 -76
32 -76
32 -77
32 -76
32 -77
32 -76
32 -76
32 -77
32 -77
32 -77
32 -77
32 -78
32 -78
32 -78
32 -78
32 -78
32 -79
32 -81
32 -81
32 -80
32 -78
32 -78
32 -78
32 -78
32 -77
32 -78
32 -78
32 -78
32 -78
32 -79
32 -79
32 -78
32 -80
32 -81
32 -81
32 -78
32 -76
32 -78
32 -79
32 -79
32 -78
32 -81
32 -82
32 -82
32 -80
32 -82
32 -82
32 -79
32 -79
32 -78
32 -79
32 -78
32 -79
32 -80
32 -79
32 -81
32 -78
32 -80
32 -79
32 -78
32 -79
32 -79
32 -80
32 -78
32 -78
32 -70
32 -77
32 -78
32 -78
32 -78
32 -79
32 -78
32 -78
32 -79
32 -79
32 -76
32 -80
32 -73
32 -80
32 -79
32 -79
32 -79
32 -79
32 -79
32 -79
32 -80
32 -80
32 -80
32 -80
32 -84
32 -84
32 -82
32 -83
32 -82
32 -83
32 -83
32 -83
32 -82
32 -82
32 -82
32 -80
32 -80
32 -79
32 -79
32 -80
32 -81
32 -80
32 -79
32 -79
32 -80
32 -79
32 -79
32 -81
32 -80
32 -80
32 -80
32 -81
32 -81
32 -68
32 -83
32 -81
32 -81
32 -80
32 -80
32 -80
32 -81
32 -81
32 -81
32 -80
32 -80
32 -81
32 -80
32 -80
32 -81
32 -79
32 -46
32 -79
32 -80
32 -79
32 -79
32 -80
32 -80
32 -74
32 -79
32 -79
32 -80
32 -59
32 -78
32 -78
32 -79
32 -79
32 -79
32 -81
32 -80
32 -80
32 -81
32 -80
32 -80
32 -80
32 -80
32 -79
32 -80
32 -80
32 -80
32 -80
32 -80
32 -80
32 -78
32 -80
32 -81
32 -80
32 -83
32 -84
32 -73
32 -80
32 -81
32 -82
32 -81
32 -82
32 -82
32 -78
32 -82
32 -80
32 -82
32 -82
32 -83
32 -83
32 -83
32 -83
32 -78
32 -81
32 -82
32 -80
32 -82
32 -80
32 -80
32 -80
33 -84
33 -82
33 -83
33 -82
33 -81
33 -83
33 -83
33 -82
33 -83
33 -82
33 -82
33 -84
33 -87
33 -82
33 -81
33 -79
33 -79
33 -80
33 -80
33 -79
33 -77
33 -78
33 -78
33 -82
33 -82
33 -81
33 -84
33 -83
33 -83
33 -82
33 -82
33 -82
33 -83
33 -83
33 -83
33 -84
33 -83
33 -80
33 -84
33 -83
33 -84
33 -83
33 -80
33 -80
33 -81
33 -81
33 -86
33 -87
33 -84
33 -83
33 -83
33 -84
33 -83
33 -83
33 -84
33 -85
33 -84
33 -84
33 -85
33 -84
33 -85
33 -84
33 -84
33 -86
33 -85
33 -84
33 -84
33 -82
33 -82
33 -82
33 -84
33 -84
33 -84
33 -84
33 -83
33 -85
33 -83
33 -84
33 -84
33 -83
33 -84
33 -84
33 -84
33 -82
33 -83
33 -82
33 -82
33 -83
33 -82
33 -83
33 -82
33 -83
33 -83
33 -84
33 -83
33 -83
33 -83
33 -84
33 -84
33 -84
33 -84
33 -84
33 -84
33 -83
33 -84
33 -83
33 -82
33 -83
33 -83
33 -82
33 -83
33 -83
33 -82
33 -82
33 -84
33 -83
33 -84
33 -79
33 -83
33 -83
33 -83
33 -82
33 -82
33 -81
33 -81
33 -81
33 -80
33 -80
33 -80
33 -80
33 -80
33 -80
33 -81
33 -80
33 -80
33 -81
33 -80
33 -81
33 -82
33 -82
33 -82
33 -82
33 -82
33 -82
33 -83
33 -82
33 -82
33 -83
33 -82
33 -81
33 -81
33 -81
33 -81
33 -80
33 -81
33 -82
33 -81
33 -82
33 -82
33 -82
33 -82
33 -82
33 -82
33 -83
33 -83
33 -83
33 -83
33 -82
33 -80
33 -83
33 -82
33 -82
33 -81
33 -83
33 -83
33 -82
33 -83
33 -83
33 -83
33 -83
33 -83
33 -83
33 -83
33 -83
33 -83
33 -82
33 -83
33 -85
33 -84
33 -83
33 -83
33 -82
33 -82
33 -82
33 -82
33 -82
33 -82
33 -82
33 -82
33 -81
33 -82
33 -81
33 -82
33 -82
33 -82
33 -82
33 -82
33 -81
33 -82
33 -82
33 -83
33 -83
34 -81
34 -79
34 -78
34 -79
34 -78
34 -78
34 -78
34 -78
34 -78
34 -78
34 -78
34 -78
34 -78
34 -79
34 -78
34 -78
34 -78
34 -76
34 -78
34 -78
34 -77
34 -77
34 -78
34 -78
34 -78
34 -78
34 -80
34 -81
34 -83
34 -82
34 -81
34 -79
34 -80
34 -79
34 -75
34 -74
34 -76
34 -76
34 -78
34 -82
34 -83
34 -83
34 -83
34 -83
34 -80
34 -78
34 -78
34 -76
34 -78
34 -77
34 -78
34 -77
34 -77
34 -76
34 -76
34 -76
34 -76
34 -76
34 -78
34 -78
34 -81
34 -82
34 -82
34 -81
34 -81
34 -81
34 -81
34 -81
34 -79
34 -79
34 -80
34 -81
34 -82
34 -83
34 -81
34 -79
34 -79
34 -79
34 -79
34 -79
34 -79
34 -80
34 -80
34 -72
34 -80
34 -80
34 -75
34 -80
34 -81
34 -81
34 -80
34 -79
34 -80
34 -79
34 -72
34 -80
34 -80
34 -79
34 -80
34 -79
34 -80
34 -81
34 -81
34 -79
34 -82
34 -81
34 -79
34 -81
34 -80
34 -30
34 -82
34 -83
34 -83
34 -31
34 -84
34 -87
34 -84
34 -84
34 -83
34 -83
34 -83
34 -83
34 -82
34 -83
34 -83
34 -78
34 -81
34 -82
34 -84
34 -84
34 -85
34 -85
34 -85
34 -84
34 -84
34 -82
34 -83
34 -82
34 -82
34 -82
34 -81
34 -82
34 -82
34 -81
34 -81
34 -82
34 -81
34 -81
34 -80
34 -81
34 -83
34 -82
34 -82
34 -83
34 -83
34 -82
34 -83
34 -83
34 -83
34 -83
34 -84
34 -84
34 -84
34 -83
34 -84
34 -83
34 -84
34 -83
34 -83
34 -84
34 -85
34 -84
34 -84
34 -84
34 -70
34 -84
34 -87
34 -87
34 -86
34 -86
34 -84
34 -86
34 -86
34 -83
34 -84
34 -86
34 -85
34 -86
35 -77
35 -78
35 -67
35 -77
35 -78
35 -78
35 -77
35 -78
35 -78
35 -78
35 -78
35 -78
35 -78
35 -78
35 -78
35 -78
35 -78
35 -78
35 -77
35 -77
35 -77
35 -78
35 -78
35 -75
35 -78
35 -77
35 -77
35 -77
35 -79
35 -77
35 -72
35 -79
35 -79
35 -56
35 -78
35 -79
35 -78
35 -79
35 -80
35 -80
35 -84
35 -82
35 -81
35 -83
35 -82
35 -82
35 -80
35 -81
35 -79
35 -78
35 -77
35 -76
35 -78
35 -78
35 -79
35 -78
35 -80
35 -80
35 -83
35 -86
35 -83
35 -81
35 -82
35 -81
35 -82
35 -82
35 -82
35 -80
35 -81
35 -81
35 -81
35 -81
35 -82
35 -82
35 -82
35 -82
35 -48
35 -82
35 -81
35 -82
35 -82
35 -81
35 -81
35 -82
35 -82
35 -82
35 -63
35 -82
35 -82
35 -82
35 -82
35 -82
35 -83
35 -82
35 -82
35 -81
35 -81
35 -81
35 -81
35 -81
35 -81
35 -80
35 -79
35 -79
35 -80
35 -80
35 -70
35 -80
35 -76
35 -80
35 -70
35 -81
35 -81
35 -81
35 -80
35 -81
35 -80
35 -70
35 -80
35 -81
35 -81
35 -78
35 -82
35 -80
35 -70
35 -81
35 -80
35 -81
35 -81
35 -30
35 -81
35 -81
35 -80
35 -81
35 -81
35 -82
35 -82
35 -79
35 -81
35 -81
35 -81
35 -79
35 -78
35 -78
35 -78
35 -79
35 -79
35 -79
35 -79
35 -79
35 -78
35 -78
35 -79
35 -79
35 -79
35 -80
35 -80
35 -80
35 -80
35 -80
35 -80
35 -79
35 -80
35 -80
35 -81
35 -81
35 -80
35 -80
35 -80
35 -81
35 -81
35 -81
35 -81
35 -81
35 -81
35 -70
35 -81
35 -81
35 -82
35 -81
35 -82
35 -82
35 -82
35 -81
35 -81
35 -81
35 -81
35 -81
35 -81
35 -80
35 -81
35 -82
35 -80
35 -81
35 -80
35 -80
35 -79
35 -80
35 -80
35 -81
35 -82
35 -83
35 -82
35 -82
35 -81
35 -81
35 -81
35 -79
35 -79
35 -80
35 -80
35 -80
35 -82
35 -80
35 -81
35 -81
35 -81
35 -80
35 -81
35 -79
35 -81
35 -81
35 -80
35 -81
35 -80
35 -81
35 -82
35 -80
35 -80
35 -81
35 -81
35 -81
35 -80
35 -80
35 -80
35 -80
35 -80
35 -80
35 -81
35 -80
35 -80
35 -80
35 -80
35 -80
35 -80
35 -80
35 -80
35 -80
35 -80
35 -80
35 -80
35 -79
35 -80
35 -80
35 -79
35 -79
35 -79
35 -80
35 -80
35 -80
35 -80
35 -80
35 -80
35 -80
35 -81
35 -81
35 -80
35 -81
35 -81
35 -80
35 -79
35 -80
35 -78
35 -79
35 -80
35 -63
35 -77
35 -80
35 -78
35 -80
35 -70
35 -80
35 -81
35 -79
35 -80
35 -79
35 -81
35 -81
35 -80
35 -81
35 -81
35 -81
35 -81
35 -81
35 -79
35 -79
35 -78
35 -78
35 -79
35 -79
35 -78
35 -81
35 -80
35 -81
35 -79
35 -78
35 -78
35 -79
35 -79
35 -79
35 -79
35 -78
35 -78
35 -78
35 -78
35 -78
35 -80
35 -80
35 -79
35 -56
35 -80
35 -80
35 -79
35 -78
35 -79
35 -79
35 -78
35 -78
35 -79
35 -77
35 -78
35 -78
35 -78
35 -78
35 -78
35 -78
35 -79
35 -78
35 -78
35 -78
35 -78
35 -78
35 -78
35 -78
35 -78
35 -78
35 -78
35 -79
35 -78
35 -78
35 -78
35 -78
35 -78
35 -78
35 -78
35 -78
35 -78
35 -78
35 -78
35 -78
35 -78
35 -78
35 -78
35 -77
35 -78
35 -78
35 -78
35 -78
35 -78
35 -78
35 -78
35 -78
35 -76
35 -77
35 -78
35 -77
35 -74
35 -77
35 -77
35 -77
35 -76
35 -77
35 -77
35 -78
35 -71
35 -78
35 -78
35 -78
35 -78
35 -78
35 -78
35 -79
35 -78
35 -78
35 -78
35 -77
35 -78
35 -78
35 -79
35 -82
35 -82
35 -83
35 -80
35 -78
35 -76
35 -77
36 -87
36 -86
36 -82
36 -87
36 -62
36 -84
36 -83
36 -82
36 -77
36 -79
36 -79
36 -79
36 -83
36 -84
36 -86
36 -85
36 -84
36 -83
36 -85
36 -84
36 -83
36 -83
36 -84
36 -75
36 -83
36 -82
36 -82
36 -82
36 -83
36 -83
36 -84
36 -84
36 -84
36 -83
36 -85
36 -86
36 -83
36 -84
36 -85
36 -85
36 -86
36 -84
36 -84
36 -87
36 -85
36 -87
36 -88
36 -85
36 -83
36 -80
36 -81
36 -82
36 -83
36 -82
36 -81
36 -81
36 -82
36 -82
36 -74
36 -81
36 -81
36 -79
36 -81
36 -81
36 -82
36 -81
36 -81
36 -82
36 -83
36 -83
36 -83
36 -83
36 -79
36 -85
37 -85
37 -83
37 -84
37 -83
37 -84
37 -84
37 -84
37 -84
37 -80
37 -84
37 -84
37 -82
37 -82
37 -79
37 -81
37 -81
37 -81
37 -83
37 -84
37 -83
37 -83
37 -84
37 -83
37 -66
37 -84
37 -85
37 -86
37 -85
37 -84
37 -70
37 -84
37 -30
37 -84
37 -83
37 -83
37 -83
37 -81
37 -84
37 -84
37 -83
37 -84
37 -83
37 -83
37 -81
37 -83
37 -83
37 -83
37 -83
37 -82
37 -82
37 -82
37 -81
37 -82
37 -80
37 -81
37 -81
37 -81
37 -81
37 -81
37 -83
37 -83
37 -83
37 -83
37 -83
37 -83
37 -83
37 -83
37 -83
37 -83
37 -82
37 -83
37 -83
37 -83
37 -83
37 -84
37 -83
37 -84
37 -82
37 -82
37 -83
37 -83
37 -83
37 -84
37 -86
37 -86
37 -83
37 -84
37 -83
37 -83
37 -83
37 -85
37 -88
37 -86
37 -85
37 -86
37 -85
37 -85
37 -86
37 -77
37 -84
37 -84
37 -80
37 -83
37 -84
37 -83
37 -84
37 -84
37 -30
37 -82
37 -83
37 -83
37 -83
37 -70
37 -83
37 -84
37 -84
37 -83
37 -84
37 -83
37 -83
37 -84
37 -83
37 -83
37 -83
37 -83
37 -84
37 -84
37 -84
37 -84
37 -84
37 -84
37 -84
37 -85
37 -83
37 -84
37 -83
37 -84
37 -84
37 -84
37 -84
37 -84
37 -83
37 -83
37 -85
37 -84
37 -84
37 -83
37 -84
37 -86
37 -85
37 -87
37 -86
37 -86
37 -86
37 -86
38 -84
38 -85
38 -85
38 -86
38 -85
38 -86
38 -84
38 -87
38 -86
38 -86
38 -86
38 -83
38 -87
38 -87
38 -86
38 -88
38 -86
38 -88
38 -86
38 -84
38 -87
38 -87
38 -73
38 -86
