5.0291999999999994,2.54
5.0291999999999994,2.54
5.0291999999999994,2.54
5.0291999999999994,2.54
8.6868,1.016
8.686799999999998,2.54
5.0291999999999994,2.54
5.0291999999999994,2.54
5.0291999999999994,1.016
5.0291999999999994,1.016
5.0291999999999994,1.016
5.0291999999999994,1.016
5.0291999999999994,2.54
5.0291999999999994,2.54
5.0291999999999994,2.54
5.0291999999999994,2.54
5.0291999999999994,2.54
5.0291999999999994,2.54
5.0291999999999994,2.54
5.0291999999999994,2.54
5.0291999999999994,2.54
5.0291999999999994,2.54
5.029859413327399,2.5396702933363
6.858000000052263,4.089399999340194
5.0291999999999994,2.54
