Beacon Rssi
1 -56
1 -56
1 -58
1 -57
1 -54
1 -57
1 -58
1 -58
1 -57
1 -57
1 -59
1 -58
1 -58
1 -58
1 -58
1 -60
1 -58
1 -57
1 -58
1 -57
1 -58
1 -59
1 -59
1 -60
1 -61
1 -62
1 -62
1 -61
1 -61
1 -61
1 -60
1 -60
1 -59
1 -60
1 -58
1 -58
1 -58
1 -58
1 -57
1 -57
1 -56
1 -57
1 -57
1 -58
1 -57
1 -57
1 -58
1 -58
1 -58
1 -57
1 -57
1 -58
1 -58
1 -58
1 -59
1 -59
1 -58
1 -58
1 -69
1 -57
1 -58
1 -58
1 -57
1 -57
1 -57
1 -58
1 -57
1 -57
1 -57
1 -59
1 -60
1 -60
1 -59
1 -59
1 -59
1 -58
1 -58
1 -58
1 -58
1 -58
1 -58
1 -60
1 -61
1 -61
1 -60
1 -60
1 -59
1 -59
1 -60
1 -60
1 -60
1 -59
1 -58
1 -60
1 -60
1 -60
1 -60
1 -60
1 -60
1 -59
1 -59
1 -59
2 -58
2 -57
2 -54
2 -56
2 -56
2 -54
2 -54
2 -56
2 -56
2 -57
2 -64
2 -64
2 -63
2 -65
2 -62
2 -62
2 -61
2 -60
2 -58
2 -58
2 -58
2 -57
2 -56
2 -55
2 -55
2 -56
2 -57
2 -58
2 -57
2 -59
2 -59
2 -58
2 -59
2 -58
2 -60
2 -60
2 -58
2 -58
2 -60
2 -64
2 -61
2 -62
2 -48
2 -63
2 -63
2 -61
2 -61
2 -62
2 -63
2 -63
2 -61
2 -61
2 -61
2 -61
2 -62
2 -63
2 -60
2 -60
2 -58
2 -58
2 -58
2 -58
2 -58
2 -58
2 -58
2 -58
2 -58
2 -58
2 -58
2 -57
2 -58
2 -58
2 -59
2 -57
2 -56
2 -55
2 -55
2 -54
2 -54
2 -55
2 -54
2 -56
2 -57
2 -56
2 -56
2 -56
2 -56
2 -56
2 -57
2 -58
2 -59
2 -60
2 -59
2 -58
2 -58
2 -58
2 -58
2 -59
2 -59
2 -58
3 -64
3 -62
3 -64
3 -65
3 -60
3 -60
3 -61
3 -64
3 -69
3 -70
3 -71
3 -70
3 -62
3 -61
3 -62
3 -61
3 -61
3 -62
3 -63
3 -64
3 -64
3 -64
3 -63
3 -64
3 -64
3 -64
3 -64
3 -64
3 -64
3 -64
3 -64
3 -64
3 -64
3 -64
3 -66
3 -75
3 -73
3 -72
3 -74
3 -75
3 -77
3 -78
3 -75
3 -70
3 -69
3 -77
3 -78
3 -60
3 -72
3 -70
3 -66
3 -64
3 -63
3 -64
3 -63
3 -64
3 -64
3 -66
3 -66
3 -64
3 -62
3 -62
3 -63
3 -64
3 -69
3 -78
3 -70
3 -63
3 -61
3 -63
3 -63
3 -63
3 -62
3 -62
3 -63
3 -63
3 -64
3 -64
3 -64
3 -64
3 -64
3 -64
3 -65
3 -65
3 -66
3 -67
3 -68
3 -68
3 -69
3 -68
3 -69
3 -70
3 -74
3 -75
3 -73
4 -65
4 -64
4 -63
4 -68
4 -66
4 -64
4 -64
4 -65
4 -64
4 -64
4 -64
4 -63
4 -64
4 -66
4 -66
4 -66
4 -66
4 -65
4 -65
4 -65
4 -65
4 -64
4 -65
4 -64
4 -64
4 -64
4 -64
4 -64
4 -64
4 -64
4 -64
4 -64
4 -64
4 -64
4 -64
4 -64
4 -64
4 -64
4 -64
4 -65
4 -64
4 -65
4 -65
4 -65
4 -65
4 -64
4 -64
4 -65
4 -64
4 -66
4 -66
4 -65
4 -65
4 -66
4 -66
4 -66
4 -65
4 -66
4 -66
4 -66
4 -64
4 -64
4 -65
4 -66
4 -66
4 -65
4 -66
4 -66
4 -66
4 -68
4 -68
4 -66
4 -66
4 -65
4 -66
4 -66
4 -66
4 -66
4 -66
4 -65
4 -65
4 -65
4 -64
4 -64
4 -65
4 -64
4 -64
4 -64
4 -64
4 -64
4 -64
4 -65
4 -64
4 -66
4 -66
4 -66
4 -66
4 -67
4 -67
4 -66
4 -66
4 -66
4 -66
5 -81
5 -73
5 -75
5 -68
5 -68
5 -70
5 -70
5 -69
5 -66
5 -68
5 -73
5 -70
5 -73
5 -69
5 -76
5 -76
5 -74
5 -70
5 -72
5 -72
5 -72
5 -72
5 -70
5 -69
5 -68
5 -69
5 -69
5 -69
5 -69
5 -70
5 -70
5 -69
5 -72
5 -72
5 -73
5 -76
5 -71
5 -70
5 -72
5 -77
5 -82
5 -82
5 -80
5 -81
5 -80
5 -80
5 -79
5 -77
5 -78
5 -77
5 -76
5 -76
5 -76
5 -77
5 -77
5 -77
5 -76
5 -78
5 -73
5 -72
5 -72
5 -73
5 -76
5 -74
5 -71
5 -70
5 -70
5 -69
5 -72
5 -71
5 -83
5 -72
5 -74
5 -76
5 -72
5 -71
5 -70
5 -70
5 -71
5 -72
5 -72
5 -72
5 -71
5 -70
5 -71
5 -71
5 -73
5 -72
5 -74
5 -78
5 -80
5 -82
5 -84
5 -81
5 -80
6 -66
6 -70
6 -69
6 -70
6 -68
6 -68
6 -69
6 -69
6 -67
6 -67
6 -68
6 -68
6 -66
6 -64
6 -64
6 -64
6 -65
6 -66
6 -65
6 -64
6 -65
6 -66
6 -67
6 -70
6 -70
6 -70
6 -69
6 -69
6 -68
6 -68
6 -66
6 -66
6 -65
6 -65
6 -65
6 -65
6 -64
6 -64
6 -63
6 -63
6 -65
6 -66
6 -66
6 -65
6 -64
6 -64
6 -64
6 -64
6 -64
6 -64
6 -65
6 -64
6 -64
6 -64
6 -64
6 -64
6 -64
6 -65
6 -64
6 -64
6 -64
6 -64
6 -64
6 -63
6 -64
6 -64
6 -63
6 -63
6 -63
6 -72
6 -63
6 -64
6 -66
6 -66
6 -66
6 -68
6 -70
6 -69
6 -64
6 -66
6 -66
6 -67
6 -68
6 -69
6 -70
6 -70
6 -70
6 -69
6 -67
6 -67
6 -69
6 -70
6 -70
6 -70
6 -67
6 -66
6 -66
6 -66
6 -68
6 -67
6 -66
6 -64
6 -65
6 -64
6 -64
7 -78
7 -76
7 -56
7 -77
7 -78
7 -76
7 -72
7 -76
7 -82
7 -80
7 -78
7 -78
7 -78
7 -78
7 -78
7 -78
7 -78
7 -78
7 -78
7 -78
7 -79
7 -78
7 -79
7 -78
7 -76
7 -79
7 -79
7 -79
7 -80
7 -79
7 -80
7 -81
7 -82
7 -81
7 -80
7 -82
7 -81
7 -80
7 -80
7 -80
7 -80
7 -80
7 -80
7 -80
7 -79
7 -79
7 -79
7 -78
7 -81
7 -81
7 -82
7 -82
7 -80
7 -80
7 -80
7 -81
7 -81
7 -72
7 -77
7 -78
7 -78
7 -78
7 -78
7 -79
7 -77
7 -77
7 -79
7 -78
7 -78
7 -78
7 -78
7 -78
7 -79
7 -79
7 -79
7 -76
7 -80
7 -80
7 -81
7 -83
7 -83
7 -82
8 -80
8 -76
8 -77
8 -82
8 -84
8 -83
8 -81
8 -79
8 -79
8 -78
8 -78
8 -78
8 -78
8 -78
8 -78
8 -79
8 -80
8 -81
8 -82
8 -79
8 -82
8 -83
8 -81
8 -80
8 -79
8 -79
8 -81
8 -82
8 -83
8 -85
8 -84
8 -82
8 -80
8 -79
8 -80
8 -78
8 -75
8 -79
8 -79
8 -78
8 -78
8 -78
8 -78
8 -77
8 -78
8 -77
8 -77
8 -76
8 -76
8 -78
8 -79
8 -80
8 -78
8 -78
8 -79
8 -79
8 -78
8 -82
9 -70
9 -73
9 -72
9 -73
9 -72
9 -73
9 -84
9 -72
9 -75
9 -75
9 -73
9 -75
9 -75
9 -76
9 -76
9 -75
9 -76
9 -76
9 -76
9 -76
9 -76
9 -75
9 -75
9 -76
9 -76
9 -74
9 -74
9 -74
9 -76
9 -75
9 -76
9 -76
9 -75
9 -76
9 -75
9 -74
9 -75
9 -76
9 -75
9 -76
9 -75
9 -75
9 -75
9 -78
9 -78
9 -78
9 -76
9 -72
9 -76
9 -79
9 -74
9 -75
9 -74
9 -73
9 -73
9 -74
9 -74
9 -74
9 -74
9 -74
9 -76
9 -77
9 -76
9 -76
9 -75
9 -79
9 -77
9 -78
9 -78
9 -78
9 -77
9 -77
9 -78
9 -78
9 -78
9 -78
9 -76
9 -76
9 -78
9 -78
9 -77
9 -76
9 -76
9 -75
9 -74
9 -74
9 -74
9 -75
10 -77
10 -77
10 -78
10 -81
10 -81
10 -82
10 -82
10 -82
10 -83
10 -83
10 -85
10 -84
10 -85
10 -85
10 -85
10 -84
10 -83
10 -85
10 -84
11 -77
11 -81
11 -77
11 -78
11 -78
11 -82
11 -78
11 -83
11 -81
11 -80
11 -78
11 -77
11 -82
11 -80
11 -83
11 -81
11 -83
11 -83
12 -79
12 -79
12 -79
12 -78
12 -79
12 -81
12 -77
12 -79
12 -79
12 -79
12 -79
12 -81
12 -80
12 -78
12 -77
12 -75
12 -79
12 -79
12 -79
12 -78
12 -79
12 -81
12 -81
12 -81
12 -81
12 -82
12 -82
12 -82
12 -84
12 -85
12 -85
12 -85
12 -81
12 -78
12 -65
12 -80
12 -83
13 -83
13 -83
13 -84
13 -84
13 -83
13 -84
13 -82
13 -84
13 -83
13 -83
13 -79
13 -82
13 -82
13 -82
13 -83
13 -83
13 -83
13 -83
13 -83
13 -83
13 -83
13 -83
13 -62
13 -72
13 -84
13 -85
13 -85
13 -83
13 -85
13 -84
13 -83
13 -82
13 -83
13 -82
13 -83
13 -82
13 -83
13 -82
13 -82
13 -82
13 -82
13 -58
13 -82
13 -81
14 -86
15 -86
16 -69
16 -78
16 -76
16 -77
16 -78
16 -81
16 -80
16 -80
16 -80
16 -81
16 -80
16 -80
16 -82
16 -82
16 -81
16 -82
16 -81
16 -81
16 -81
16 -80
16 -80
16 -80
16 -81
16 -81
16 -81
16 -80
16 -81
16 -81
16 -81
16 -82
16 -81
16 -80
16 -80
16 -79
16 -79
16 -80
16 -80
16 -82
16 -81
16 -80
16 -79
16 -78
16 -78
16 -78
16 -77
16 -74
16 -71
16 -78
16 -78
16 -78
16 -78
16 -82
16 -79
16 -79
16 -81
16 -81
16 -82
16 -81
16 -81
16 -81
16 -80
16 -82
16 -83
16 -83
16 -84
17 -84
17 -81
17 -82
17 -85
17 -86
17 -83
17 -54
17 -82
17 -85
17 -83
17 -83
17 -83
17 -84
17 -84
17 -86
18 -77
18 -76
18 -76
18 -77
18 -78
18 -78
18 -76
18 -77
18 -64
18 -80
18 -79
18 -81
18 -81
18 -81
18 -79
18 -79
18 -81
18 -80
18 -80
18 -80
18 -81
18 -79
18 -80
18 -81
18 -80
18 -81
18 -81
18 -81
18 -78
18 -80
18 -79
18 -79
18 -80
18 -80
18 -78
18 -79
18 -80
18 -82
18 -77
18 -81
18 -80
18 -81
18 -81
18 -80
18 -81
18 -81
18 -80
18 -81
18 -81
18 -80
18 -78
18 -79
18 -78
18 -78
18 -78
18 -78
18 -82
18 -81
18 -80
18 -78
18 -78
18 -81
18 -88
18 -84
18 -84
18 -84
18 -82
18 -82
18 -83
18 -83
18 -82
18 -81
19 -77
19 -77
19 -78
19 -76
19 -77
19 -80
19 -79
19 -78
19 -75
19 -81
19 -77
19 -78
19 -78
19 -78
19 -76
19 -76
19 -77
19 -77
19 -76
19 -76
19 -76
19 -76
19 -76
19 -76
19 -76
19 -76
19 -76
19 -76
19 -77
19 -76
19 -76
19 -76
19 -76
19 -78
19 -79
19 -78
19 -76
19 -78
19 -78
19 -80
19 -78
19 -78
19 -79
19 -79
19 -78
19 -66
19 -78
19 -78
19 -78
19 -79
19 -78
19 -78
19 -78
19 -83
19 -80
19 -78
19 -78
19 -78
19 -79
19 -79
19 -78
19 -77
19 -78
19 -78
19 -77
19 -77
19 -78
19 -78
19 -78
19 -77
19 -77
19 -78
19 -77
19 -77
19 -77
19 -77
19 -76
19 -77
19 -76
19 -77
19 -76
19 -76
19 -77
19 -75
19 -77
19 -77
19 -77
19 -77
19 -66
19 -78
19 -79
19 -79
20 -82
20 -82
20 -84
21 -74
21 -78
21 -76
21 -70
21 -73
21 -74
21 -76
21 -74
21 -80
21 -76
21 -74
21 -72
21 -72
21 -72
21 -72
21 -72
21 -72
21 -73
21 -73
21 -72
21 -73
21 -74
21 -74
21 -73
21 -73
21 -73
21 -74
21 -73
21 -74
21 -74
21 -73
21 -73
21 -73
21 -72
21 -72
21 -72
21 -75
21 -76
21 -75
21 -75
21 -75
21 -75
21 -76
21 -76
21 -76
21 -75
21 -75
21 -75
21 -76
21 -76
21 -76
21 -76
21 -76
21 -75
21 -75
21 -74
21 -75
21 -74
21 -73
21 -73
21 -73
21 -74
21 -73
21 -73
21 -73
21 -74
21 -75
21 -74
21 -76
21 -77
21 -75
21 -73
21 -73
21 -74
21 -75
21 -74
21 -74
21 -73
21 -73
21 -74
21 -75
21 -75
21 -76
21 -75
21 -75
21 -73
21 -73
21 -73
21 -75
21 -76
21 -76
21 -76
21 -76
21 -76
21 -77
21 -77
21 -76
22 -72
22 -74
22 -76
22 -74
22 -74
22 -74
22 -74
22 -77
22 -77
22 -77
22 -72
22 -77
22 -76
22 -77
22 -81
22 -82
22 -80
22 -87
22 -83
22 -80
22 -83
22 -75
22 -72
22 -75
22 -75
22 -77
22 -79
22 -83
22 -78
22 -76
22 -76
22 -83
22 -79
22 -79
22 -80
22 -78
22 -76
22 -76
22 -76
22 -76
22 -75
22 -75
22 -77
22 -79
22 -78
22 -78
22 -80
22 -76
22 -77
22 -76
22 -81
22 -76
22 -76
22 -76
22 -77
22 -77
22 -78
22 -78
22 -78
22 -80
22 -75
22 -78
22 -78
22 -79
23 -75
23 -72
23 -78
23 -76
23 -70
23 -70
23 -72
23 -76
23 -75
23 -75
23 -75
23 -75
23 -74
23 -72
23 -72
23 -73
23 -73
23 -73
23 -73
23 -74
23 -75
23 -76
23 -54
23 -77
23 -77
23 -77
23 -77
23 -76
23 -75
23 -74
23 -74
23 -74
23 -74
23 -73
23 -73
23 -73
23 -73
23 -75
23 -76
23 -73
23 -72
23 -73
23 -74
23 -73
23 -74
23 -75
23 -75
23 -73
23 -73
23 -72
23 -75
23 -74
23 -74
23 -74
23 -74
23 -73
23 -74
23 -74
23 -72
23 -72
23 -72
23 -72
23 -71
23 -71
23 -72
23 -73
23 -76
23 -77
23 -78
23 -76
23 -81
23 -76
23 -75
23 -76
23 -76
23 -77
23 -77
23 -78
23 -77
23 -78
23 -76
23 -76
23 -76
23 -76
23 -76
23 -76
23 -76
23 -75
23 -76
23 -76
23 -78
23 -76
23 -76
23 -75
23 -75
23 -74
23 -73
24 -77
24 -48
24 -74
24 -79
24 -75
24 -75
24 -74
24 -74
24 -70
24 -71
24 -76
24 -75
24 -75
24 -75
24 -77
24 -79
24 -78
24 -76
24 -76
24 -76
24 -76
24 -76
24 -75
24 -72
24 -72
24 -72
24 -76
24 -75
24 -72
24 -71
24 -71
24 -73
24 -75
24 -74
24 -75
24 -75
24 -74
24 -73
24 -73
24 -71
24 -74
24 -74
24 -72
24 -72
24 -69
24 -72
24 -72
24 -71
24 -72
24 -72
24 -72
24 -73
24 -72
24 -70
24 -70
24 -72
24 -74
24 -75
24 -77
24 -79
24 -77
24 -76
24 -76
24 -78
24 -77
24 -76
24 -77
24 -80
24 -82
24 -82
24 -80
24 -79
24 -76
24 -60
24 -77
24 -76
24 -76
24 -76
24 -75
24 -76
24 -75
24 -75
25 -72
25 -74
25 -74
25 -75
25 -72
25 -70
25 -70
25 -70
25 -72
25 -74
25 -67
25 -79
25 -69
25 -69
25 -69
25 -69
25 -70
25 -71
25 -72
25 -72
25 -73
25 -73
25 -72
25 -71
25 -72
25 -71
25 -70
25 -70
25 -70
25 -70
25 -69
25 -69
25 -68
25 -70
25 -71
25 -71
25 -71
25 -68
25 -69
25 -70
25 -72
25 -72
25 -72
25 -70
25 -70
25 -70
25 -69
25 -70
25 -73
25 -73
25 -73
25 -74
25 -73
25 -71
25 -70
25 -68
25 -68
25 -68
25 -68
25 -67
25 -66
25 -66
25 -66
25 -67
25 -66
25 -66
25 -69
25 -69
25 -70
25 -72
25 -73
25 -72
25 -76
25 -76
25 -76
25 -75
25 -75
25 -75
25 -79
25 -79
25 -76
25 -74
25 -72
25 -71
25 -70
25 -70
25 -72
25 -72
25 -73
25 -72
25 -72
25 -70
25 -71
25 -70
25 -70
26 -72
26 -78
26 -77
26 -76
26 -71
26 -71
26 -71
26 -72
26 -76
26 -83
26 -76
26 -74
26 -72
26 -72
26 -72
26 -72
26 -72
26 -72
26 -72
26 -71
26 -72
26 -72
26 -74
26 -74
26 -73
26 -73
26 -73
26 -74
26 -74
26 -73
26 -73
26 -75
26 -74
26 -73
26 -72
26 -72
26 -72
26 -77
26 -78
26 -80
26 -78
26 -74
26 -76
26 -78
26 -79
26 -79
26 -83
26 -78
26 -77
26 -77
26 -76
26 -76
26 -78
26 -77
26 -76
26 -74
26 -75
26 -76
26 -74
26 -73
26 -74
26 -75
26 -73
26 -74
26 -76
26 -75
26 -75
26 -73
26 -73
26 -72
26 -84
26 -77
26 -73
26 -72
26 -71
26 -70
26 -72
26 -72
26 -72
26 -73
26 -73
26 -74
26 -73
26 -74
26 -73
26 -73
26 -74
26 -74
26 -78
26 -81
26 -80
26 -80
26 -79
26 -78
26 -78
26 -76
26 -75
26 -75
27 -72
27 -69
27 -70
27 -67
27 -70
27 -72
27 -70
27 -50
27 -64
27 -64
27 -64
27 -64
27 -63
27 -62
27 -63
27 -64
27 -64
27 -66
27 -66
27 -65
27 -66
27 -66
27 -66
27 -66
27 -66
27 -65
27 -66
27 -66
27 -65
27 -64
27 -65
27 -65
27 -65
27 -65
27 -65
27 -64
27 -64
27 -64
27 -64
27 -64
27 -64
27 -64
27 -64
27 -63
27 -64
27 -64
27 -64
27 -64
27 -64
27 -64
27 -64
27 -63
27 -63
27 -64
27 -64
27 -64
27 -64
27 -64
27 -64
27 -63
27 -63
27 -64
27 -63
27 -63
27 -64
27 -75
27 -64
27 -63
27 -64
27 -64
27 -67
27 -66
27 -66
27 -66
27 -66
27 -65
27 -65
27 -66
27 -66
27 -66
27 -66
27 -68
27 -67
27 -66
27 -66
27 -64
27 -66
27 -66
27 -66
27 -66
27 -66
27 -66
27 -65
27 -65
27 -65
27 -64
27 -64
27 -67
27 -68
27 -69
27 -70
27 -70
27 -70
27 -68
27 -67
27 -67
27 -67
28 -76
28 -76
28 -77
28 -75
28 -74
28 -76
28 -75
28 -72
28 -71
28 -72
28 -72
28 -73
28 -73
28 -72
28 -73
28 -74
28 -75
28 -75
28 -75
28 -75
28 -75
28 -75
28 -75
28 -75
28 -75
28 -75
28 -74
28 -74
28 -73
28 -73
28 -73
28 -72
28 -76
28 -76
28 -74
28 -73
28 -72
28 -75
28 -75
28 -75
28 -75
28 -74
28 -74
28 -73
28 -75
28 -75
28 -76
28 -75
28 -75
28 -74
28 -73
28 -74
28 -73
28 -72
28 -70
28 -72
28 -75
28 -76
28 -76
28 -75
28 -75
28 -78
28 -82
28 -82
28 -79
28 -77
28 -75
28 -84
28 -84
28 -79
28 -79
28 -78
28 -79
28 -77
28 -76
28 -76
28 -79
28 -82
28 -83
28 -82
28 -82
28 -82
28 -78
28 -78
29 -70
29 -71
29 -73
29 -72
29 -70
29 -70
29 -72
29 -71
29 -72
29 -75
29 -75
29 -74
29 -75
29 -74
29 -75
29 -74
29 -74
29 -74
29 -75
29 -74
29 -75
29 -75
29 -75
29 -74
29 -73
29 -74
29 -75
29 -75
29 -75
29 -74
29 -74
29 -74
29 -74
29 -75
29 -75
29 -75
29 -75
29 -75
29 -75
29 -55
29 -74
29 -76
29 -73
29 -74
29 -74
29 -76
29 -76
29 -76
29 -76
29 -76
29 -76
29 -75
29 -75
29 -75
29 -75
29 -76
29 -76
29 -76
29 -76
29 -77
29 -77
29 -77
29 -76
29 -74
29 -73
29 -75
29 -75
29 -76
29 -75
29 -75
29 -75
29 -77
29 -77
29 -76
29 -75
29 -75
29 -76
29 -79
29 -82
29 -77
29 -77
29 -78
29 -79
29 -80
29 -77
29 -77
29 -76
29 -78
29 -78
29 -79
29 -79
29 -79
29 -79
29 -78
29 -78
29 -79
29 -80
30 -82
30 -82
30 -85
30 -87
30 -85
31 -80
31 -76
31 -78
31 -78
31 -82
31 -78
31 -81
31 -80
31 -80
31 -81
31 -80
31 -78
31 -78
31 -78
31 -78
31 -79
31 -78
31 -78
31 -78
31 -78
31 -78
31 -78
31 -77
31 -77
31 -81
31 -79
31 -81
31 -82
31 -82
31 -83
31 -80
31 -79
31 -78
31 -78
31 -78
31 -78
31 -73
31 -78
31 -78
31 -77
31 -78
31 -79
31 -79
31 -77
31 -78
31 -78
31 -76
31 -77
31 -77
31 -78
31 -76
31 -77
31 -78
31 -78
31 -77
31 -79
31 -81
31 -78
31 -79
31 -77
31 -77
31 -78
31 -77
31 -78
31 -77
31 -77
31 -77
31 -77
31 -78
31 -78
31 -78
31 -82
31 -80
31 -80
31 -78
31 -78
32 -80
32 -79
32 -83
32 -82
32 -83
32 -83
32 -82
32 -81
32 -81
32 -85
32 -79
32 -81
32 -80
32 -79
32 -81
32 -81
32 -79
32 -78
32 -78
32 -82
32 -76
32 -80
32 -80
32 -81
32 -79
32 -80
32 -82
32 -79
32 -83
32 -83
32 -82
32 -63
32 -78
32 -81
32 -81
32 -79
32 -78
32 -78
32 -78
32 -78
32 -79
32 -80
32 -79
33 -81
33 -82
33 -81
33 -82
33 -82
33 -83
33 -83
33 -82
33 -82
33 -82
33 -81
33 -81
33 -82
33 -83
33 -65
33 -80
33 -80
33 -80
33 -80
33 -80
33 -80
33 -80
33 -80
33 -80
33 -80
33 -80
33 -80
33 -79
33 -79
33 -81
33 -80
33 -80
33 -80
33 -80
33 -78
33 -79
33 -79
33 -79
33 -80
33 -84
33 -79
33 -79
33 -80
33 -81
33 -81
33 -82
33 -82
33 -79
33 -79
33 -80
33 -80
33 -80
33 -80
33 -79
33 -79
34 -86
34 -84
34 -83
34 -85
34 -84
34 -85
35 -84
35 -84
36 -86
36 -83
36 -83
36 -83
36 -83
36 -82
36 -83
36 -81
36 -81
36 -83
36 -87
39 -83
39 -83
39 -83
39 -85
39 -84
39 -85
39 -82
39 -82
41 -82
41 -84
41 -87
41 -83
41 -83
41 -83
41 -85
41 -84
41 -85
41 -85
41 -87
41 -86
42 -83
42 -84
42 -83
42 -84
42 -80
43 -79
43 -74
43 -79
43 -78
43 -76
43 -75
43 -79
43 -78
43 -78
43 -78
43 -80
43 -77
43 -78
43 -79
43 -78
43 -78
43 -76
43 -77
43 -79
43 -79
43 -78
43 -77
43 -77
43 -78
43 -78
43 -78
43 -76
43 -77
43 -78
43 -77
43 -78
43 -77
43 -78
43 -79
43 -78
43 -79
43 -78
43 -80
43 -80
43 -79
43 -79
43 -78
43 -77
43 -77
43 -77
43 -79
43 -76
43 -77
43 -77
43 -77
43 -78
43 -78
43 -79
43 -78
43 -80
43 -80
43 -79
43 -79
43 -78
43 -78
43 -78
43 -79
43 -78
43 -76
43 -76
43 -76
43 -76
43 -76
43 -76
43 -75
43 -76
43 -76
43 -76
43 -76
43 -76
43 -77
43 -76
43 -76
43 -76
43 -76
43 -76
43 -76
43 -76
43 -77
43 -77
43 -76
43 -76
43 -75
43 -75
43 -75
43 -76
43 -76
43 -77
43 -77
43 -77
44 -76
44 -80
44 -79
44 -83
44 -84
44 -81
44 -80
44 -80
44 -79
44 -79
44 -78
44 -78
44 -77
44 -77
44 -78
44 -78
44 -79
44 -78
44 -79
44 -79
44 -80
44 -79
44 -80
44 -80
44 -80
44 -80
44 -81
44 -84
44 -83
44 -82
44 -81
44 -82
44 -82
44 -80
44 -81
44 -82
44 -83
44 -81
44 -81
44 -80
44 -82
44 -80
44 -77
44 -75
44 -75
44 -76
44 -76
44 -80
44 -82
44 -79
44 -76
44 -75
44 -75
44 -75
44 -74
44 -74
44 -76
44 -76
44 -76
44 -76
44 -75
44 -75
44 -75
44 -76
44 -76
44 -76
44 -76
44 -78
44 -77
44 -76
44 -77
44 -76
44 -78
44 -80
44 -68
45 -77
45 -78
45 -80
45 -81
45 -78
45 -80
45 -78
45 -79
45 -81
45 -80
45 -81
45 -82
45 -82
45 -85
45 -82
45 -83
45 -81
45 -86
45 -84
45 -82
45 -81
45 -78
45 -79
45 -79
45 -81
45 -80
45 -79
45 -76
45 -76
45 -77
45 -77
45 -78
45 -78
45 -78
45 -78
45 -75
45 -76
45 -77
45 -78
45 -80
45 -78
45 -76
45 -77
45 -76
45 -78
45 -79
45 -79
45 -80
46 -76
46 -78
46 -77
46 -77
46 -78
46 -76
46 -76
46 -78
46 -80
46 -77
46 -83
46 -80
46 -78
46 -76
46 -78
46 -79
46 -76
46 -78
46 -79
46 -81
46 -79
46 -80
46 -80
46 -81
46 -79
46 -82
46 -82
46 -85
46 -84
46 -86
46 -78
46 -77
46 -82
46 -84
46 -49
47 -69
47 -73
47 -76
47 -76
47 -72
47 -74
47 -75
47 -74
47 -72
47 -72
47 -72
47 -71
47 -70
47 -70
47 -65
47 -71
47 -70
47 -72
47 -72
47 -72
47 -73
47 -73
47 -73
47 -73
47 -74
47 -73
47 -73
47 -72
47 -72
47 -73
47 -73
47 -72
47 -72
47 -72
47 -72
47 -72
47 -72
47 -72
47 -72
47 -72
47 -72
47 -72
47 -71
47 -71
47 -71
47 -58
47 -72
47 -72
47 -72
47 -73
47 -72
47 -71
47 -72
47 -72
47 -72
47 -72
47 -72
47 -71
47 -71
47 -71
47 -72
47 -72
47 -72
47 -72
47 -72
47 -71
47 -71
47 -71
47 -72
47 -71
47 -63
47 -72
47 -73
47 -74
47 -74
47 -75
47 -76
47 -76
47 -76
47 -76
47 -74
47 -74
47 -75
47 -75
47 -74
47 -74
47 -75
47 -74
47 -73
47 -72
47 -74
47 -74
47 -74
47 -74
47 -73
47 -72
47 -72
47 -72
47 -72
48 -74
48 -78
48 -79
48 -80
48 -81
48 -84
48 -84
48 -83
48 -81
48 -80
48 -81
48 -82
48 -56
48 -82
48 -82
48 -81
48 -81
48 -82
48 -79
48 -80
48 -80
48 -80
48 -80
48 -79
48 -79
48 -78
48 -78
48 -79
48 -78
48 -78
48 -81
48 -79
48 -78
48 -79
48 -81
48 -81
48 -84
48 -82
48 -81
48 -81
48 -81
48 -83
48 -80
48 -79
48 -80
48 -81
48 -82
48 -82
48 -79
49 -73
49 -76
49 -74
49 -73
49 -74
49 -75
49 -76
49 -78
49 -75
49 -72
49 -72
49 -74
49 -72
49 -72
49 -72
49 -73
49 -73
49 -75
49 -75
49 -76
49 -75
49 -75
49 -75
49 -75
49 -74
49 -66
49 -73
49 -73
49 -73
49 -73
49 -72
49 -72
49 -72
49 -72
49 -75
49 -76
49 -76
49 -76
49 -76
49 -75
49 -75
49 -76
49 -75
49 -75
49 -74
49 -74
49 -74
49 -74
49 -74
49 -72
49 -73
49 -74
49 -75
49 -74
49 -76
49 -76
49 -75
49 -75
49 -74
49 -74
49 -74
49 -75
49 -74
49 -73
49 -72
49 -72
49 -74
49 -74
49 -76
49 -78
49 -76
49 -76
49 -75
49 -77
49 -77
49 -76
49 -75
49 -75
49 -75
49 -75
49 -75
49 -76
49 -77
49 -76
49 -75
49 -74
49 -73
49 -75
49 -76
49 -77
49 -78
49 -77
49 -75
49 -76
49 -76
49 -76
50 -70
50 -71
50 -72
50 -68
50 -69
50 -72
50 -72
50 -71
50 -69
50 -70
50 -47
50 -70
50 -70
50 -70
50 -71
50 -71
50 -70
50 -68
50 -69
50 -69
50 -69
50 -69
50 -68
50 -69
50 -69
50 -68
50 -68
50 -68
50 -69
50 -69
50 -69
50 -70
50 -69
50 -70
50 -70
50 -70
50 -70
50 -70
50 -69
50 -69
50 -70
50 -72
50 -73
50 -72
50 -72
50 -72
50 -72
50 -72
50 -72
50 -72
50 -71
50 -72
50 -71
50 -71
50 -72
50 -72
50 -73
50 -73
50 -73
50 -73
50 -70
50 -70
50 -70
50 -70
50 -70
50 -69
50 -70
50 -70
50 -69
50 -70
50 -69
50 -69
50 -68
50 -69
50 -70
50 -70
50 -70
50 -70
50 -70
50 -70
50 -70
50 -70
50 -70
50 -70
50 -69
50 -69
50 -69
50 -70
50 -70
50 -70
50 -70
50 -69
50 -69
50 -70
50 -70
50 -49
50 -72
50 -72
50 -74
50 -73
50 -74
50 -75
50 -75
50 -76
51 -72
51 -72
51 -67
51 -70
51 -71
51 -71
51 -70
51 -69
51 -69
51 -68
51 -68
51 -68
51 -69
51 -70
51 -72
51 -72
51 -61
51 -74
51 -70
51 -70
51 -70
51 -69
51 -68
51 -67
51 -66
51 -66
51 -66
51 -67
51 -67
51 -67
51 -67
51 -68
51 -68
51 -68
51 -66
51 -69
51 -69
51 -70
51 -70
51 -66
51 -71
51 -70
51 -70
51 -72
51 -73
51 -72
51 -70
51 -70
51 -70
51 -70
51 -70
51 -71
51 -71
51 -71
51 -70
51 -70
51 -70
51 -70
51 -71
51 -70
51 -70
51 -73
51 -73
51 -72
51 -72
51 -70
51 -70
51 -72
51 -71
51 -68
51 -67
51 -67
51 -67
51 -66
51 -67
51 -67
51 -67
51 -68
51 -67
51 -67
51 -67
51 -67
51 -67
51 -67
51 -67
51 -68
51 -68
51 -67
51 -67
51 -67
51 -67
51 -67
51 -68
51 -69
51 -69
51 -69
51 -68
51 -68
51 -66
51 -67
51 -67
51 -67
51 -69
51 -69
51 -69
52 -70
52 -76
52 -78
52 -71
52 -69
52 -71
52 -73
52 -73
52 -76
52 -76
52 -75
52 -75
52 -78
52 -77
52 -75
52 -73
52 -73
52 -75
52 -76
52 -76
52 -76
52 -74
52 -74
52 -74
52 -76
52 -75
52 -75
52 -75
52 -76
52 -76
52 -49
52 -77
52 -76
52 -76
52 -76
52 -76
52 -76
52 -76
52 -74
52 -74
52 -73
52 -79
52 -66
52 -76
52 -76
52 -76
52 -77
52 -74
52 -78
52 -76
52 -74
52 -76
52 -78
52 -78
52 -79
52 -80
52 -79
52 -76
52 -74
52 -75
52 -73
52 -72
52 -73
52 -74
52 -75
52 -74
52 -72
52 -73
52 -73
52 -74
52 -75
52 -76
52 -74
52 -73
52 -76
52 -74
52 -74
52 -75
52 -76
52 -76
52 -76
52 -75
52 -75
52 -76
52 -76
52 -77
52 -78
52 -78
52 -78
52 -78
52 -77
52 -77
52 -68
52 -76
52 -73
52 -74
52 -75
52 -76
52 -77
52 -75
52 -79
52 -79
52 -81
52 -79
53 -68
53 -68
53 -67
53 -70
53 -69
53 -69
53 -69
53 -51
53 -70
53 -70
53 -70
53 -70
53 -67
53 -68
53 -68
53 -67
53 -69
53 -69
53 -68
53 -69
53 -68
53 -69
53 -70
53 -69
53 -70
53 -69
53 -69
53 -69
53 -68
53 -68
53 -67
53 -68
53 -68
53 -67
53 -67
53 -66
53 -68
53 -70
53 -68
53 -67
53 -67
53 -67
53 -68
53 -68
53 -68
53 -67
53 -68
53 -67
53 -67
53 -67
53 -68
53 -68
53 -68
53 -67
53 -67
53 -67
53 -67
53 -66
53 -67
53 -67
53 -68
53 -67
53 -67
53 -67
53 -67
53 -67
53 -68
53 -69
53 -69
53 -68
53 -69
53 -70
53 -69
53 -67
53 -69
53 -70
53 -70
53 -70
53 -70
53 -70
53 -70
53 -69
53 -69
53 -69
53 -69
53 -69
53 -68
53 -68
53 -69
53 -69
53 -69
53 -69
53 -68
53 -67
53 -67
54 -72
54 -72
54 -72
54 -71
54 -72
54 -73
54 -76
54 -72
54 -76
54 -75
54 -76
54 -75
54 -72
54 -72
54 -63
54 -70
54 -70
54 -70
54 -70
54 -71
54 -70
54 -71
54 -72
54 -72
54 -72
54 -71
54 -71
54 -72
54 -72
54 -73
54 -73
54 -72
54 -72
54 -72
54 -72
54 -72
54 -72
54 -72
54 -72
54 -71
54 -75
54 -74
54 -72
54 -72
54 -76
54 -58
54 -76
54 -76
54 -75
54 -72
54 -73
54 -73
54 -73
54 -73
54 -75
54 -75
54 -74
54 -72
54 -69
54 -73
54 -72
54 -71
54 -72
54 -73
54 -73
54 -72
54 -70
54 -70
54 -71
54 -71
54 -72
54 -75
54 -76
54 -72
54 -70
54 -72
54 -72
54 -71
54 -70
54 -70
54 -71
54 -72
54 -72
54 -72
54 -72
54 -72
54 -71
54 -72
54 -72
54 -72
54 -72
54 -72
54 -74
54 -74
54 -74
54 -76
54 -76
55 -70
55 -67
55 -70
55 -70
55 -65
55 -66
55 -67
55 -69
55 -62
55 -76
55 -78
55 -77
55 -78
55 -73
55 -71
55 -69
55 -68
55 -70
55 -71
55 -70
55 -70
55 -72
55 -72
55 -71
55 -70
55 -70
55 -72
55 -73
55 -73
55 -73
55 -73
55 -73
55 -73
55 -73
55 -73
55 -73
55 -73
55 -72
55 -71
55 -70
55 -70
55 -74
55 -76
55 -72
55 -69
55 -70
55 -71
55 -72
55 -72
55 -72
55 -72
55 -71
55 -70
55 -70
55 -70
55 -72
55 -71
55 -72
55 -71
55 -70
55 -69
55 -70
55 -70
55 -69
55 -67
55 -69
55 -69
55 -68
55 -67
55 -67
55 -68
55 -68
55 -70
55 -70
55 -70
55 -74
55 -76
55 -72
55 -70
55 -69
55 -70
55 -70
55 -70
55 -70
55 -70
55 -70
55 -71
55 -72
55 -72
55 -72
55 -75
55 -76
55 -76
55 -75
55 -74
55 -73
55 -72
55 -75
55 -75
55 -75
55 -75
55 -75
55 -72
55 -70
55 -70
55 -70
56 -82
56 -82
56 -81
56 -82
56 -84
56 -83
56 -82
56 -82
56 -78
56 -82
56 -81
56 -84
56 -83
56 -83
56 -73
56 -83
56 -81
56 -81
56 -72
56 -82
56 -82
56 -80
56 -80
56 -83
58 -78
58 -81
58 -83
58 -82
58 -80
58 -82
58 -79
58 -81
58 -81
58 -79
58 -82
58 -84
58 -82
58 -82
58 -82
58 -82
58 -81
58 -81
58 -82
58 -80
58 -81
58 -81
58 -82
58 -80
58 -83
58 -81
58 -82
58 -83
58 -82
58 -82
58 -84
58 -83
58 -85
58 -83
58 -83
59 -84
59 -84
59 -86
59 -85
59 -84
59 -84
59 -85
59 -82
59 -82
59 -84
59 -84
59 -83
59 -83
59 -40
59 -80
59 -83
59 -84
59 -83
59 -84
59 -83
59 -82
59 -83
59 -83
60 -74
60 -75
60 -75
60 -72
60 -71
60 -75
60 -72
60 -72
60 -70
60 -70
60 -70
60 -76
60 -76
60 -77
60 -74
60 -73
60 -74
60 -74
60 -74
60 -73
60 -72
60 -72
60 -71
60 -72
60 -72
60 -72
60 -72
60 -72
60 -73
60 -74
60 -67
60 -74
60 -75
60 -75
60 -76
60 -78
60 -78
60 -76
60 -71
60 -73
60 -80
60 -80
60 -79
60 -82
60 -81
60 -81
60 -76
60 -80
60 -82
60 -83
60 -79
60 -76
60 -80
60 -78
60 -78
60 -80
60 -77
60 -76
60 -76
60 -75
60 -74
60 -70
60 -80
60 -77
60 -78
60 -76
60 -78
60 -79
60 -76
60 -78
60 -78
60 -79
60 -80
60 -81
60 -83
