Beacon Rssi
1 -84
1 -83
1 -84
1 -81
1 -84
1 -84
1 -84
1 -84
1 -83
1 -83
1 -86
1 -86
1 -87
3 -86
3 -85
3 -86
3 -87
3 -88
3 -86
3 -68
3 -84
5 -85
5 -86
5 -85
5 -84
5 -84
5 -83
5 -83
5 -83
5 -83
5 -83
5 -83
5 -81
5 -80
5 -80
5 -81
5 -82
5 -82
5 -80
5 -84
5 -82
5 -80
5 -78
5 -79
5 -79
5 -79
5 -80
5 -79
5 -80
5 -79
5 -60
5 -80
5 -80
5 -80
5 -80
5 -79
5 -80
5 -80
5 -80
5 -79
5 -79
5 -80
5 -80
5 -76
5 -79
5 -80
5 -80
5 -64
5 -81
5 -80
5 -81
5 -81
5 -80
5 -81
5 -81
5 -81
5 -72
5 -80
5 -80
5 -80
5 -80
5 -80
5 -80
5 -80
5 -79
5 -80
5 -80
5 -80
5 -80
5 -79
5 -79
5 -79
5 -79
5 -79
5 -78
5 -78
5 -78
5 -78
5 -78
5 -78
5 -78
5 -78
5 -78
5 -70
5 -78
5 -78
5 -79
5 -79
5 -79
5 -78
5 -78
5 -78
5 -73
5 -79
5 -74
5 -79
5 -80
5 -79
5 -79
5 -80
5 -79
5 -78
5 -79
5 -80
5 -80
5 -80
5 -80
5 -80
5 -80
5 -80
5 -79
5 -80
5 -80
5 -79
5 -80
5 -79
5 -81
5 -81
5 -73
5 -81
5 -81
5 -80
5 -80
5 -81
5 -81
5 -81
5 -81
5 -81
5 -74
5 -81
5 -47
5 -80
5 -80
5 -80
5 -80
5 -81
5 -80
5 -80
5 -81
5 -81
5 -80
5 -81
5 -81
5 -80
5 -80
5 -80
5 -79
5 -79
5 -78
5 -78
5 -79
5 -43
5 -78
5 -79
5 -78
5 -79
5 -79
5 -79
5 -78
5 -79
5 -79
5 -79
5 -76
5 -78
5 -79
5 -79
5 -80
5 -80
5 -80
5 -77
5 -79
5 -79
5 -80
5 -79
5 -79
5 -79
5 -78
5 -79
5 -78
5 -78
5 -78
5 -76
5 -77
5 -78
5 -79
5 -79
5 -79
5 -80
5 -79
5 -80
5 -46
5 -80
5 -79
5 -80
5 -80
5 -80
5 -80
5 -80
5 -80
5 -81
5 -80
5 -80
5 -80
5 -81
5 -81
5 -81
5 -81
5 -81
5 -81
5 -82
5 -81
5 -82
5 -81
5 -81
5 -81
5 -80
5 -49
5 -79
5 -79
5 -80
5 -80
5 -80
5 -80
5 -79
5 -79
5 -79
5 -79
5 -79
5 -79
5 -80
5 -79
5 -80
5 -80
5 -80
5 -81
5 -80
5 -80
5 -81
5 -75
5 -42
5 -80
5 -79
5 -78
5 -79
5 -78
5 -80
5 -78
5 -80
5 -81
5 -82
5 -81
5 -81
5 -78
5 -77
5 -79
5 -76
5 -78
5 -80
5 -82
5 -83
5 -83
5 -83
5 -84
5 -83
5 -48
5 -83
5 -82
6 -82
6 -82
6 -81
6 -80
6 -80
6 -80
6 -81
6 -81
6 -82
6 -79
6 -82
6 -81
6 -74
6 -80
6 -81
6 -81
6 -82
6 -82
6 -81
6 -82
6 -82
6 -81
6 -80
6 -81
6 -86
6 -86
6 -85
6 -84
6 -83
6 -84
6 -82
6 -82
6 -83
6 -84
6 -85
6 -83
6 -82
6 -81
6 -82
6 -82
6 -83
6 -82
6 -82
6 -82
6 -82
6 -81
6 -82
6 -81
6 -81
6 -81
6 -81
6 -81
6 -81
6 -79
6 -78
6 -80
6 -80
6 -80
6 -80
6 -80
6 -81
6 -81
6 -80
6 -81
6 -48
6 -81
6 -81
6 -79
6 -80
6 -77
6 -81
6 -81
6 -81
6 -79
6 -79
6 -80
6 -80
6 -81
6 -78
6 -80
6 -80
6 -80
6 -80
6 -80
6 -80
6 -80
6 -79
6 -79
6 -73
6 -78
6 -65
6 -79
6 -79
6 -79
6 -79
6 -78
6 -78
6 -78
6 -78
6 -78
6 -79
6 -79
6 -79
6 -78
6 -79
6 -79
6 -78
6 -79
6 -80
6 -79
6 -79
6 -48
6 -78
6 -79
6 -78
6 -78
6 -78
6 -78
6 -78
6 -78
6 -78
6 -78
6 -78
6 -78
6 -78
6 -78
6 -79
6 -80
6 -79
6 -75
6 -79
6 -77
6 -79
6 -79
6 -80
6 -80
6 -80
6 -80
6 -80
6 -80
6 -79
6 -80
6 -80
6 -81
6 -81
6 -81
6 -43
6 -82
6 -83
6 -83
6 -84
6 -83
6 -83
6 -82
6 -82
6 -81
6 -82
6 -82
6 -83
6 -82
6 -82
6 -82
6 -82
6 -83
6 -83
6 -83
6 -83
6 -82
6 -82
6 -83
6 -83
6 -83
6 -83
6 -82
6 -82
6 -82
6 -82
6 -80
6 -82
6 -82
6 -82
6 -82
6 -81
6 -82
6 -82
6 -82
6 -82
6 -83
6 -77
6 -83
6 -83
6 -82
6 -79
6 -83
6 -83
6 -83
6 -84
6 -78
6 -84
6 -83
6 -83
6 -83
6 -82
6 -82
6 -82
6 -83
6 -84
6 -80
6 -79
6 -78
6 -75
6 -75
6 -75
6 -74
6 -73
6 -78
6 -78
6 -78
6 -78
6 -78
6 -78
6 -78
6 -78
6 -78
6 -78
6 -79
6 -79
6 -79
6 -79
6 -79
6 -78
8 -83
8 -68
8 -84
8 -80
8 -83
8 -81
8 -82
8 -81
8 -78
8 -80
8 -81
8 -82
8 -82
8 -82
8 -82
8 -83
8 -70
8 -78
8 -83
8 -82
8 -82
8 -82
8 -82
8 -82
8 -82
8 -82
8 -81
8 -84
8 -81
8 -82
8 -73
8 -82
8 -82
8 -83
8 -83
8 -83
8 -84
8 -84
8 -84
8 -84
8 -87
8 -85
8 -85
8 -84
8 -84
8 -83
8 -83
8 -83
8 -83
8 -82
8 -85
8 -81
8 -84
8 -83
8 -83
8 -83
8 -83
8 -82
8 -83
8 -83
8 -83
9 -84
9 -83
9 -82
9 -83
9 -83
9 -84
9 -84
9 -83
9 -83
9 -81
9 -76
9 -83
9 -83
9 -84
9 -84
9 -83
9 -83
9 -83
9 -83
9 -83
9 -84
9 -85
9 -85
9 -84
9 -84
9 -84
9 -83
9 -81
9 -84
9 -84
9 -84
9 -85
9 -84
9 -76
9 -84
9 -85
9 -84
9 -83
9 -84
9 -84
9 -84
9 -83
9 -84
9 -83
9 -83
9 -83
9 -83
9 -79
9 -78
9 -80
9 -86
9 -83
9 -83
9 -84
9 -84
9 -48
9 -84
9 -84
9 -85
9 -79
9 -84
9 -85
9 -82
9 -83
9 -84
9 -84
9 -84
9 -83
9 -83
9 -83
9 -83
9 -83
9 -82
9 -83
9 -83
9 -47
9 -82
9 -83
9 -83
9 -83
9 -82
9 -83
9 -83
9 -82
9 -83
9 -82
9 -52
9 -83
9 -83
9 -83
9 -84
9 -84
9 -83
9 -81
9 -84
9 -86
9 -83
9 -73
9 -74
10 -87
10 -81
10 -85
10 -84
10 -83
10 -82
10 -82
10 -82
10 -82
10 -82
10 -82
10 -82
10 -82
10 -82
10 -78
10 -82
10 -82
10 -82
10 -82
10 -82
10 -82
10 -82
10 -78
10 -81
10 -79
10 -82
10 -54
10 -73
10 -82
10 -82
10 -81
10 -83
10 -82
10 -82
10 -81
10 -81
10 -82
10 -82
10 -82
10 -82
10 -83
10 -82
10 -83
10 -83
10 -61
10 -82
10 -79
10 -83
10 -49
10 -82
10 -83
10 -81
10 -82
10 -83
10 -83
10 -83
10 -82
10 -83
10 -83
10 -72
10 -83
10 -83
10 -83
10 -83
10 -83
10 -83
10 -84
10 -84
10 -84
10 -84
10 -84
10 -84
10 -81
10 -83
10 -83
10 -83
10 -82
10 -83
10 -83
10 -82
10 -84
10 -85
10 -84
10 -84
10 -83
10 -82
10 -82
10 -82
10 -82
10 -81
10 -82
10 -82
10 -82
10 -82
10 -82
10 -82
10 -82
10 -82
10 -82
10 -82
10 -83
10 -83
10 -63
10 -82
10 -82
10 -82
10 -83
10 -82
10 -82
10 -82
10 -83
10 -82
10 -83
10 -83
10 -82
10 -82
10 -82
10 -59
10 -83
10 -48
10 -83
10 -82
10 -82
10 -83
10 -82
10 -83
10 -82
10 -83
10 -82
10 -82
10 -48
10 -82
10 -83
10 -83
10 -83
10 -83
10 -83
10 -83
10 -49
10 -84
10 -84
10 -83
10 -83
10 -84
10 -84
10 -83
10 -83
10 -84
10 -83
10 -83
10 -79
10 -80
10 -81
10 -82
10 -82
10 -69
10 -79
10 -51
10 -74
10 -83
10 -83
10 -84
10 -84
10 -86
10 -86
10 -77
13 -85
13 -86
14 -85
14 -84
14 -83
14 -83
14 -84
14 -83
14 -84
14 -84
14 -85
14 -84
14 -85
14 -83
14 -84
14 -86
14 -85
14 -88
14 -85
14 -84
14 -83
14 -85
14 -87
14 -84
14 -86
14 -81
14 -84
14 -84
14 -86
14 -84
14 -88
14 -84
14 -84
15 -87
15 -86
15 -86
15 -86
15 -86
16 -75
16 -76
16 -76
16 -76
16 -76
16 -76
16 -76
16 -76
16 -75
16 -75
16 -76
16 -76
16 -76
16 -51
16 -76
16 -76
16 -75
16 -75
16 -75
16 -75
16 -75
16 -75
16 -75
16 -75
16 -76
16 -75
16 -75
16 -75
16 -76
16 -76
16 -75
16 -74
16 -76
16 -76
16 -75
16 -73
16 -77
16 -76
16 -76
16 -76
16 -76
16 -76
16 -77
16 -78
16 -78
16 -80
16 -79
16 -81
16 -80
16 -81
16 -80
16 -80
16 -80
16 -80
16 -80
16 -74
16 -79
16 -81
16 -80
16 -78
16 -79
16 -80
16 -79
16 -78
16 -80
16 -80
16 -80
16 -81
16 -81
16 -81
16 -81
16 -81
16 -82
16 -81
16 -80
16 -81
16 -80
16 -81
16 -81
16 -81
16 -80
16 -81
16 -81
16 -81
16 -80
16 -81
16 -80
16 -81
16 -80
16 -81
16 -48
16 -80
16 -80
16 -81
16 -80
16 -80
16 -80
16 -80
16 -79
16 -80
16 -79
16 -80
16 -80
16 -78
16 -80
16 -81
16 -80
16 -80
16 -81
16 -82
16 -81
16 -82
16 -82
16 -71
16 -82
16 -82
16 -82
16 -84
16 -83
16 -83
16 -83
16 -83
16 -83
16 -82
16 -82
16 -82
16 -82
16 -82
16 -82
16 -82
16 -82
16 -82
16 -82
16 -82
16 -82
16 -81
16 -81
16 -81
16 -82
16 -82
16 -81
16 -80
16 -80
16 -80
16 -80
16 -79
16 -80
16 -79
16 -79
16 -79
16 -80
16 -79
16 -80
16 -79
16 -79
16 -79
16 -79
16 -79
16 -80
16 -80
16 -79
16 -79
16 -74
16 -80
16 -78
16 -79
16 -79
16 -79
16 -79
16 -79
16 -78
16 -79
16 -79
16 -79
16 -79
16 -79
16 -78
16 -78
16 -78
16 -78
16 -78
16 -77
16 -77
16 -77
16 -77
16 -77
16 -78
16 -78
16 -78
16 -78
16 -78
16 -78
16 -78
16 -78
16 -78
16 -68
16 -77
16 -76
16 -76
16 -76
16 -76
16 -76
16 -76
16 -76
16 -76
16 -76
16 -75
16 -76
16 -76
16 -75
16 -75
16 -76
16 -75
16 -49
16 -75
16 -75
16 -76
16 -76
16 -75
16 -76
16 -76
16 -76
16 -73
16 -78
16 -78
16 -78
16 -78
16 -80
16 -79
16 -80
16 -80
16 -79
16 -81
16 -79
16 -83
16 -81
16 -78
16 -76
16 -80
16 -80
16 -82
16 -83
16 -83
16 -84
16 -82
16 -80
16 -81
16 -78
16 -79
16 -57
16 -81
16 -76
16 -79
16 -80
16 -81
16 -80
16 -81
16 -67
16 -81
16 -80
16 -68
17 -86
17 -84
17 -84
17 -85
17 -84
17 -83
17 -83
17 -84
17 -84
17 -83
17 -83
17 -83
17 -87
17 -87
17 -85
17 -80
17 -84
17 -84
17 -84
17 -84
17 -84
17 -82
17 -82
17 -80
17 -82
17 -82
17 -81
17 -79
17 -79
17 -81
17 -80
17 -81
17 -79
17 -80
17 -83
18 -76
18 -76
18 -76
18 -76
18 -51
18 -77
18 -77
18 -81
18 -81
18 -82
18 -80
18 -80
18 -80
18 -79
18 -78
18 -78
18 -78
18 -76
18 -78
18 -78
18 -77
18 -76
18 -76
18 -77
18 -79
18 -79
18 -78
18 -80
18 -78
18 -78
18 -78
18 -78
18 -50
18 -78
18 -81
18 -81
18 -80
18 -82
18 -79
18 -79
18 -81
18 -84
18 -76
18 -83
18 -83
18 -84
18 -81
18 -83
18 -84
18 -84
18 -84
18 -84
18 -84
18 -84
18 -83
18 -81
18 -83
18 -83
18 -82
18 -82
18 -80
18 -78
18 -80
18 -80
18 -81
18 -80
18 -81
18 -81
18 -73
18 -81
18 -79
18 -84
18 -85
18 -83
18 -83
18 -83
18 -83
18 -81
18 -84
18 -86
18 -89
18 -85
18 -85
18 -84
18 -84
18 -83
18 -66
18 -82
18 -80
18 -81
18 -48
18 -81
18 -81
18 -81
18 -76
18 -81
18 -80
18 -80
18 -80
18 -76
18 -77
18 -80
18 -81
18 -79
18 -78
18 -80
18 -80
18 -80
18 -81
18 -81
18 -81
18 -81
18 -50
18 -83
18 -83
18 -86
18 -81
18 -78
18 -78
18 -78
18 -78
18 -77
18 -82
18 -80
18 -78
18 -76
18 -77
18 -77
18 -76
18 -77
18 -78
18 -78
18 -79
18 -80
18 -81
18 -81
18 -73
18 -80
18 -80
19 -81
19 -81
19 -74
19 -82
19 -82
19 -83
19 -83
19 -82
19 -80
19 -80
19 -81
19 -81
19 -83
19 -84
19 -81
19 -81
19 -80
19 -80
19 -79
19 -79
19 -79
19 -79
19 -78
19 -78
19 -78
19 -78
19 -78
19 -80
19 -76
19 -74
19 -79
19 -77
19 -50
19 -80
19 -78
19 -78
19 -79
19 -78
19 -78
19 -79
19 -83
19 -83
19 -82
19 -79
19 -81
19 -76
19 -81
19 -81
19 -79
19 -78
19 -78
19 -79
19 -80
19 -79
19 -79
19 -79
19 -80
19 -80
19 -79
19 -79
19 -80
19 -79
19 -78
19 -78
19 -75
19 -78
19 -78
19 -78
19 -78
19 -79
19 -79
19 -79
19 -78
19 -79
19 -79
19 -79
19 -79
19 -80
19 -79
19 -78
19 -79
19 -76
19 -77
19 -75
19 -78
19 -78
19 -77
19 -77
19 -78
19 -78
19 -76
19 -77
19 -77
19 -78
19 -78
19 -79
19 -79
19 -81
19 -83
19 -82
19 -48
19 -81
19 -82
19 -82
19 -82
19 -80
19 -80
19 -80
19 -78
19 -78
19 -77
19 -78
19 -79
19 -78
19 -78
19 -76
19 -76
19 -75
19 -75
19 -75
19 -74
19 -74
19 -74
19 -74
19 -73
19 -74
19 -74
19 -74
19 -73
19 -74
19 -73
19 -73
19 -73
19 -73
19 -73
19 -73
19 -73
19 -74
19 -74
19 -75
19 -48
19 -75
19 -76
19 -76
19 -76
19 -76
19 -76
19 -76
19 -76
19 -76
19 -76
19 -76
19 -76
19 -76
19 -76
19 -76
19 -76
19 -76
19 -76
19 -76
19 -76
19 -76
19 -77
19 -78
19 -78
19 -79
19 -79
19 -81
19 -55
19 -83
19 -83
19 -84
19 -84
19 -83
19 -83
19 -83
19 -82
19 -83
19 -82
19 -82
19 -79
19 -77
19 -78
19 -77
19 -77
19 -76
19 -76
19 -76
19 -76
19 -76
19 -76
19 -76
19 -75
19 -75
19 -73
19 -74
19 -74
19 -74
19 -75
19 -74
19 -75
19 -74
19 -74
19 -74
19 -74
19 -75
19 -74
19 -75
19 -75
19 -75
19 -75
19 -75
19 -75
19 -72
19 -76
19 -76
19 -76
19 -76
19 -76
19 -76
19 -76
19 -76
19 -76
19 -76
19 -76
19 -76
19 -71
19 -74
19 -74
19 -73
19 -74
19 -73
19 -72
19 -72
19 -72
19 -71
19 -71
19 -70
19 -70
19 -70
19 -70
19 -70
19 -71
19 -70
19 -70
19 -71
19 -72
19 -70
19 -76
19 -76
19 -79
19 -83
19 -47
19 -77
19 -83
19 -50
19 -84
19 -80
19 -78
19 -50
19 -76
19 -76
19 -78
19 -66
19 -76
19 -77
19 -84
19 -74
19 -76
19 -79
19 -72
19 -79
19 -78
19 -78
19 -80
19 -79
19 -80
19 -72
19 -80
19 -80
19 -80
19 -80
19 -80
19 -79
20 -64
20 -69
20 -69
20 -70
20 -69
20 -70
20 -69
20 -69
20 -69
20 -70
20 -70
20 -71
20 -72
20 -72
20 -73
20 -74
20 -74
20 -72
20 -72
20 -58
20 -70
20 -70
20 -70
20 -70
20 -70
20 -69
20 -69
20 -69
20 -69
20 -70
20 -70
20 -70
20 -71
20 -73
20 -74
20 -70
20 -70
20 -69
20 -64
20 -69
20 -69
20 -70
20 -69
20 -69
20 -69
20 -69
20 -69
20 -70
20 -48
20 -70
20 -70
20 -70
20 -70
20 -70
20 -70
20 -70
20 -70
20 -70
20 -70
20 -70
20 -70
20 -70
20 -70
20 -70
20 -70
20 -70
20 -71
20 -71
20 -72
20 -58
20 -72
20 -72
20 -71
20 -70
20 -70
20 -70
20 -70
20 -70
20 -70
20 -70
20 -71
20 -69
20 -71
20 -67
20 -71
20 -72
20 -72
20 -72
20 -72
20 -72
20 -72
20 -73
20 -73
20 -74
20 -74
20 -73
20 -74
20 -74
20 -74
20 -74
20 -75
20 -75
20 -75
20 -74
20 -73
20 -73
20 -73
20 -73
20 -73
20 -73
20 -72
20 -72
20 -72
20 -70
20 -72
20 -72
20 -72
20 -73
20 -72
20 -72
20 -72
20 -72
20 -72
20 -72
20 -72
20 -73
20 -74
20 -74
20 -74
20 -70
20 -74
20 -74
20 -73
20 -73
20 -73
20 -72
20 -74
20 -74
20 -75
20 -74
20 -78
20 -78
20 -76
20 -80
20 -80
20 -80
20 -79
20 -82
20 -83
20 -80
20 -79
20 -78
20 -77
20 -47
20 -76
20 -74
20 -73
20 -72
20 -72
20 -72
20 -72
20 -71
20 -72
20 -72
20 -72
20 -72
20 -71
20 -71
20 -71
20 -71
20 -48
20 -71
20 -72
20 -72
20 -72
20 -72
20 -48
20 -73
20 -74
20 -48
20 -74
20 -74
20 -73
20 -72
20 -72
20 -72
20 -71
20 -71
20 -65
20 -72
20 -71
20 -71
20 -72
20 -72
20 -72
20 -68
20 -72
20 -72
20 -72
20 -72
20 -72
20 -72
20 -72
20 -72
20 -72
20 -71
20 -70
20 -70
20 -70
20 -69
20 -69
20 -52
20 -69
20 -69
20 -70
20 -70
20 -69
20 -69
20 -69
20 -70
20 -69
20 -70
20 -70
20 -70
20 -70
20 -70
20 -70
20 -70
20 -70
20 -70
20 -70
20 -70
20 -70
20 -70
20 -70
20 -70
20 -70
20 -70
20 -70
20 -70
20 -70
20 -70
20 -70
20 -69
20 -70
20 -70
20 -70
20 -70
20 -70
20 -70
20 -70
20 -70
20 -70
20 -70
20 -70
20 -70
20 -70
20 -70
20 -70
20 -70
20 -70
20 -70
20 -70
20 -70
20 -70
20 -70
20 -70
20 -69
20 -70
20 -69
20 -69
20 -70
20 -69
20 -69
20 -70
20 -70
20 -49
20 -70
20 -70
20 -47
20 -70
20 -70
20 -70
20 -60
20 -70
20 -70
20 -70
20 -70
20 -70
20 -70
20 -71
20 -71
20 -70
20 -71
20 -71
20 -70
20 -70
20 -70
20 -70
20 -70
20 -70
20 -70
20 -70
20 -70
20 -70
20 -70
20 -70
20 -70
20 -70
20 -70
20 -70
20 -70
20 -70
20 -70
20 -70
20 -70
20 -70
20 -70
20 -70
20 -70
20 -70
20 -70
20 -70
20 -70
20 -70
20 -71
20 -71
20 -71
20 -70
20 -70
20 -68
20 -68
20 -67
20 -69
20 -70
20 -70
20 -71
20 -74
20 -78
20 -76
20 -73
20 -72
20 -71
20 -70
20 -69
20 -66
20 -70
20 -71
20 -70
20 -70
20 -70
20 -70
20 -70
20 -70
20 -70
20 -70
20 -70
20 -70
20 -70
20 -69
20 -69
20 -69
20 -69
20 -69
20 -69
20 -69
21 -80
21 -81
21 -78
21 -81
21 -85
21 -82
21 -82
21 -84
21 -81
21 -80
21 -81
21 -83
21 -84
21 -78
21 -83
21 -83
21 -82
21 -81
21 -82
21 -78
21 -81
21 -80
21 -81
21 -80
21 -80
21 -80
21 -80
21 -81
21 -81
21 -80
21 -82
21 -82
21 -82
21 -82
21 -83
21 -83
21 -83
21 -83
21 -83
21 -83
21 -83
21 -83
21 -83
21 -83
21 -83
21 -82
21 -82
21 -82
21 -81
21 -81
21 -81
21 -80
21 -47
21 -80
21 -80
21 -80
21 -81
21 -84
21 -84
21 -84
21 -84
21 -85
21 -77
21 -83
21 -84
21 -85
21 -82
21 -83
21 -84
21 -81
21 -78
21 -80
21 -79
21 -80
21 -81
21 -83
21 -84
21 -74
21 -81
21 -81
21 -80
21 -81
21 -81
21 -81
21 -80
21 -79
21 -79
21 -79
21 -78
21 -78
21 -79
23 -50
23 -82
23 -82
23 -83
23 -83
23 -83
23 -82
23 -83
23 -83
23 -83
23 -80
23 -83
23 -83
23 -83
23 -70
23 -79
23 -83
23 -83
23 -84
23 -81
23 -82
23 -50
23 -81
23 -83
23 -83
23 -76
23 -77
23 -82
23 -82
23 -81
23 -81
23 -80
23 -79
23 -81
23 -81
23 -82
23 -82
23 -79
23 -78
23 -79
23 -79
23 -79
23 -79
23 -80
23 -80
23 -79
23 -80
23 -79
23 -71
23 -78
23 -80
23 -79
23 -78
23 -79
23 -79
23 -79
23 -79
23 -78
23 -46
23 -79
23 -78
23 -78
23 -79
23 -78
23 -78
23 -79
23 -78
23 -78
23 -78
23 -78
23 -78
23 -78
23 -78
23 -68
23 -78
23 -78
23 -79
23 -78
23 -78
23 -78
23 -78
23 -78
23 -78
23 -78
23 -78
23 -78
23 -78
23 -78
23 -76
23 -78
23 -78
23 -78
23 -78
23 -78
23 -78
23 -77
23 -78
23 -76
23 -77
23 -78
23 -78
23 -78
23 -78
23 -77
23 -77
23 -77
23 -77
23 -78
23 -78
23 -72
23 -78
23 -78
23 -79
23 -78
23 -79
23 -80
23 -80
23 -79
23 -79
23 -80
23 -79
23 -79
23 -80
23 -79
23 -78
23 -79
23 -78
23 -77
23 -78
23 -78
23 -78
23 -78
23 -79
23 -79
23 -78
23 -78
23 -79
23 -80
23 -79
23 -80
23 -80
23 -80
23 -78
23 -79
23 -79
23 -79
23 -78
23 -78
23 -79
23 -79
23 -79
23 -78
23 -79
23 -79
23 -80
23 -68
23 -81
23 -82
23 -81
23 -81
23 -79
23 -80
23 -80
23 -78
23 -80
23 -81
23 -81
23 -80
23 -79
23 -77
23 -78
23 -78
23 -79
23 -79
23 -79
23 -58
23 -82
23 -82
23 -82
23 -82
23 -82
23 -81
23 -82
23 -82
23 -81
23 -82
23 -80
23 -82
23 -82
23 -82
23 -82
23 -82
23 -79
23 -83
23 -83
23 -83
23 -82
23 -82
23 -83
23 -82
23 -82
23 -81
23 -82
23 -81
23 -82
23 -82
23 -82
23 -81
23 -82
23 -81
23 -81
23 -82
23 -81
23 -82
23 -82
23 -49
23 -78
23 -48
23 -83
23 -83
23 -83
23 -60
23 -83
23 -82
23 -79
23 -82
23 -78
23 -79
23 -80
23 -81
23 -79
23 -78
23 -79
23 -78
23 -77
23 -76
23 -78
23 -82
23 -70
23 -82
23 -80
23 -78
23 -78
23 -78
23 -78
23 -79
23 -78
23 -79
23 -57
23 -78
23 -78
23 -78
23 -79
23 -79
23 -79
23 -80
23 -79
23 -80
23 -77
23 -80
23 -79
23 -78
23 -80
25 -84
25 -83
25 -85
25 -82
25 -83
25 -84
25 -83
25 -83
25 -83
25 -83
25 -84
25 -84
25 -85
25 -85
25 -85
25 -86
25 -85
25 -84
25 -85
25 -84
25 -83
25 -83
25 -85
25 -85
25 -85
25 -83
25 -82
25 -85
25 -84
25 -84
25 -69
25 -83
25 -48
25 -83
25 -83
25 -82
25 -83
25 -83
25 -83
25 -82
25 -84
25 -83
25 -83
25 -85
25 -83
25 -84
25 -84
25 -84
25 -84
25 -84
25 -84
25 -83
25 -83
25 -83
25 -72
25 -83
26 -75
26 -75
26 -75
26 -74
26 -74
26 -74
26 -72
26 -74
26 -74
26 -74
26 -74
26 -74
26 -74
26 -50
26 -74
26 -75
26 -74
26 -74
26 -74
26 -71
26 -74
26 -74
26 -73
26 -73
26 -74
26 -73
26 -73
26 -74
26 -74
26 -73
26 -73
26 -72
26 -74
26 -75
26 -73
26 -74
26 -72
26 -74
26 -75
26 -74
26 -74
26 -74
26 -74
26 -74
26 -74
26 -74
26 -73
26 -73
26 -74
26 -72
26 -74
26 -74
26 -74
26 -74
26 -74
26 -75
26 -76
26 -77
26 -76
26 -76
26 -75
26 -75
26 -74
26 -75
26 -75
26 -75
26 -75
26 -75
26 -74
26 -74
26 -75
26 -74
26 -75
26 -75
26 -75
26 -75
26 -76
26 -76
26 -74
26 -73
26 -76
26 -75
26 -74
26 -47
26 -75
26 -75
26 -75
26 -75
26 -75
26 -75
26 -75
26 -75
26 -75
26 -75
26 -75
26 -75
26 -75
26 -75
26 -75
26 -75
26 -76
26 -76
26 -76
26 -75
26 -75
26 -75
26 -75
26 -75
26 -75
26 -75
26 -75
26 -76
26 -76
26 -76
26 -76
26 -76
26 -76
26 -76
26 -76
26 -76
26 -76
26 -76
26 -76
26 -76
26 -75
26 -76
26 -76
26 -76
26 -76
26 -76
26 -76
26 -76
26 -76
26 -47
26 -76
26 -76
26 -76
26 -58
26 -76
26 -75
26 -74
26 -75
26 -67
26 -74
26 -74
26 -74
26 -74
26 -74
26 -74
26 -74
26 -74
26 -74
26 -70
26 -74
26 -73
26 -74
26 -74
26 -75
26 -74
26 -74
26 -74
26 -74
26 -74
26 -74
26 -47
26 -70
26 -74
26 -74
26 -74
26 -74
26 -72
26 -74
26 -74
26 -73
26 -74
26 -73
26 -73
26 -47
26 -74
26 -74
26 -75
26 -75
26 -74
26 -75
26 -75
26 -75
26 -74
26 -75
26 -75
26 -43
26 -75
26 -76
26 -75
26 -75
26 -73
26 -75
26 -75
26 -75
26 -75
26 -74
26 -74
26 -74
26 -74
26 -74
26 -74
26 -74
26 -75
26 -75
26 -74
26 -75
26 -75
26 -75
26 -75
26 -74
26 -75
26 -75
26 -76
26 -75
26 -75
26 -75
26 -75
26 -75
26 -75
26 -75
26 -75
26 -75
26 -75
26 -75
26 -75
26 -74
26 -74
26 -74
26 -75
26 -74
26 -74
26 -74
26 -74
26 -74
26 -46
26 -74
26 -74
26 -74
26 -74
26 -74
26 -74
26 -73
26 -74
26 -74
26 -73
26 -74
26 -73
26 -73
26 -73
26 -73
26 -73
26 -73
26 -73
26 -73
26 -73
26 -73
26 -73
26 -73
26 -73
26 -74
26 -73
26 -73
26 -73
26 -74
26 -73
26 -73
26 -73
26 -74
26 -72
26 -74
26 -74
26 -74
26 -74
26 -74
26 -75
26 -74
26 -75
26 -64
26 -75
26 -75
26 -75
26 -75
26 -75
26 -74
26 -74
26 -74
26 -74
26 -74
26 -73
26 -74
26 -75
26 -75
26 -75
26 -47
26 -75
26 -75
26 -75
26 -75
26 -75
26 -76
26 -76
26 -76
26 -76
26 -76
26 -76
26 -76
26 -76
26 -75
26 -73
26 -74
26 -73
26 -72
26 -73
26 -72
26 -72
26 -72
26 -72
26 -72
26 -72
26 -72
26 -72
26 -72
26 -72
26 -73
26 -72
26 -73
26 -72
26 -73
26 -73
26 -73
26 -73
27 -75
27 -76
27 -76
27 -76
27 -76
27 -76
27 -77
27 -78
27 -78
27 -78
27 -78
27 -64
27 -78
27 -78
27 -78
27 -78
27 -78
27 -78
27 -78
27 -79
27 -78
27 -78
27 -78
27 -79
27 -79
27 -79
27 -78
27 -78
27 -79
27 -82
27 -80
27 -80
27 -78
27 -80
27 -80
27 -81
27 -80
27 -80
27 -80
27 -80
27 -80
27 -80
27 -78
27 -80
27 -81
27 -81
27 -84
27 -79
27 -79
27 -82
27 -82
27 -79
27 -76
27 -77
27 -77
27 -78
27 -79
27 -76
27 -78
27 -70
27 -78
27 -78
27 -78
27 -78
27 -74
27 -77
27 -73
27 -77
27 -77
27 -76
27 -77
27 -76
27 -76
27 -76
27 -76
27 -76
27 -76
27 -76
27 -76
27 -76
27 -76
27 -48
27 -76
27 -76
27 -76
27 -76
27 -76
27 -76
27 -76
27 -76
27 -76
27 -76
27 -76
27 -76
27 -76
27 -73
27 -76
27 -76
27 -76
27 -77
27 -77
27 -77
27 -74
27 -76
27 -76
27 -76
27 -76
27 -57
27 -76
27 -64
27 -76
27 -76
27 -76
27 -48
27 -76
27 -76
27 -76
27 -75
27 -75
27 -75
27 -68
27 -74
27 -74
27 -73
27 -74
27 -74
27 -74
27 -74
27 -74
27 -73
27 -74
27 -72
27 -75
27 -74
27 -75
27 -63
27 -72
27 -77
27 -77
27 -78
27 -78
27 -77
27 -77
27 -78
27 -78
27 -78
27 -60
27 -78
27 -71
27 -78
27 -78
27 -76
27 -77
27 -77
27 -76
27 -77
27 -76
27 -77
27 -77
27 -78
27 -77
27 -77
27 -78
27 -78
27 -79
27 -78
27 -79
27 -79
27 -79
27 -78
27 -79
27 -78
27 -78
27 -73
27 -76
27 -78
27 -76
27 -77
27 -78
27 -79
27 -79
27 -81
27 -80
27 -81
27 -80
27 -76
27 -80
27 -81
27 -80
27 -81
27 -80
27 -81
27 -81
27 -79
27 -79
27 -79
27 -80
27 -81
27 -79
27 -79
27 -77
27 -79
27 -79
27 -78
27 -78
27 -79
27 -79
27 -79
27 -80
27 -81
27 -80
27 -80
27 -81
27 -81
27 -81
27 -46
27 -82
27 -80
27 -82
27 -82
27 -83
27 -83
27 -81
27 -82
27 -78
27 -82
27 -81
27 -81
27 -81
27 -82
27 -81
27 -81
27 -82
27 -81
27 -81
27 -82
27 -81
27 -81
27 -80
27 -80
27 -80
27 -81
27 -82
27 -80
27 -82
27 -83
27 -85
27 -81
27 -80
27 -79
27 -78
27 -80
27 -80
27 -80
27 -77
27 -76
27 -75
27 -75
27 -75
27 -76
27 -76
27 -76
27 -75
27 -74
27 -73
27 -74
27 -76
27 -76
27 -77
27 -76
27 -76
27 -77
27 -76
27 -77
27 -78
27 -76
27 -78
27 -78
27 -76
27 -77
27 -78
27 -77
27 -78
27 -78
27 -76
27 -78
27 -78
27 -78
27 -78
27 -78
27 -77
27 -78
28 -84
28 -84
28 -83
28 -82
28 -82
28 -81
28 -80
28 -78
28 -79
28 -75
28 -79
28 -79
28 -81
28 -81
28 -82
28 -82
28 -82
28 -78
28 -82
28 -82
28 -82
28 -79
28 -80
28 -82
28 -80
28 -82
28 -83
28 -80
28 -62
28 -82
28 -83
28 -82
28 -82
28 -81
28 -83
28 -80
28 -81
28 -80
28 -78
28 -82
28 -78
28 -83
28 -83
28 -83
28 -83
28 -84
28 -81
28 -83
28 -83
28 -83
28 -83
28 -82
28 -83
28 -83
28 -83
28 -78
28 -82
28 -84
28 -84
28 -84
28 -49
28 -85
28 -85
28 -85
28 -82
28 -82
28 -81
28 -82
28 -82
28 -82
28 -82
28 -82
28 -81
28 -83
28 -80
28 -83
28 -83
28 -83
28 -82
28 -82
28 -82
28 -82
28 -80
28 -82
28 -82
28 -83
28 -83
28 -83
28 -84
28 -83
28 -83
28 -83
28 -82
28 -82
28 -82
28 -73
28 -81
28 -84
28 -83
28 -83
28 -83
28 -84
28 -85
28 -83
28 -83
28 -83
28 -83
28 -82
28 -83
28 -82
28 -82
28 -81
28 -82
28 -81
28 -82
28 -82
28 -82
28 -82
28 -81
28 -84
28 -84
28 -85
28 -86
28 -83
28 -83
28 -83
28 -82
28 -82
28 -78
28 -82
28 -82
28 -81
28 -82
28 -84
28 -84
28 -83
28 -83
28 -84
28 -84
28 -85
28 -85
28 -84
29 -70
29 -69
29 -69
29 -69
29 -69
29 -69
29 -70
29 -70
29 -71
29 -72
29 -73
29 -74
29 -73
29 -73
29 -72
29 -73
29 -73
29 -72
29 -73
29 -73
29 -72
29 -52
29 -72
29 -72
29 -72
29 -72
29 -72
29 -72
29 -71
29 -71
29 -72
29 -74
29 -75
29 -76
29 -76
29 -73
29 -72
29 -75
29 -72
29 -54
29 -78
29 -70
29 -70
29 -70
29 -71
29 -71
29 -72
29 -71
29 -72
29 -72
29 -72
29 -72
29 -73
29 -74
29 -74
29 -74
29 -75
29 -76
29 -74
29 -74
29 -76
29 -75
29 -74
29 -76
29 -80
29 -81
29 -82
29 -80
29 -78
29 -76
29 -76
29 -76
29 -76
29 -76
29 -76
29 -76
29 -76
29 -76
29 -76
29 -76
29 -76
29 -77
29 -77
29 -77
29 -78
29 -79
29 -78
29 -78
29 -78
29 -78
29 -78
29 -77
29 -77
29 -77
29 -76
29 -76
29 -76
29 -76
29 -75
29 -75
29 -76
29 -76
29 -76
29 -77
29 -48
29 -76
29 -76
29 -76
29 -76
29 -76
29 -77
29 -76
29 -77
29 -76
29 -74
29 -76
29 -71
29 -76
29 -77
29 -77
29 -78
29 -76
29 -78
29 -78
29 -78
29 -78
29 -78
29 -77
29 -78
29 -78
29 -78
29 -43
29 -77
29 -78
29 -78
29 -78
29 -77
29 -76
29 -76
29 -76
29 -76
29 -76
29 -75
29 -75
29 -75
29 -75
29 -74
29 -75
29 -75
29 -75
29 -74
29 -49
29 -74
29 -75
29 -75
29 -75
29 -76
29 -76
29 -76
29 -76
29 -76
29 -76
29 -76
29 -47
29 -75
29 -75
29 -74
29 -74
29 -75
29 -50
29 -75
29 -75
29 -75
29 -75
29 -74
29 -74
29 -62
29 -73
29 -73
29 -73
29 -73
29 -73
29 -75
29 -74
29 -74
29 -73
29 -73
29 -73
29 -72
29 -73
29 -73
29 -72
29 -73
29 -74
29 -74
29 -74
29 -75
29 -75
29 -76
29 -71
29 -75
29 -75
29 -74
29 -74
29 -74
29 -74
29 -74
29 -74
29 -74
29 -74
29 -74
29 -75
29 -74
29 -74
29 -82
29 -75
29 -75
29 -75
29 -75
29 -75
29 -75
29 -75
29 -75
29 -75
29 -75
29 -76
29 -76
29 -76
29 -75
29 -76
29 -75
29 -76
29 -76
29 -75
29 -75
29 -74
29 -74
29 -75
29 -75
29 -74
29 -75
29 -75
29 -75
29 -75
29 -75
29 -75
29 -75
29 -75
29 -75
29 -74
29 -73
29 -75
29 -73
29 -75
29 -75
29 -74
29 -75
29 -75
29 -74
29 -74
29 -74
29 -74
29 -74
29 -74
29 -74
29 -47
29 -74
29 -74
29 -74
29 -47
29 -74
29 -74
29 -74
29 -74
29 -73
29 -74
29 -73
29 -72
29 -72
29 -72
29 -72
29 -72
29 -71
29 -71
29 -70
29 -70
29 -70
29 -70
29 -70
29 -70
29 -70
29 -70
29 -70
29 -70
29 -70
29 -70
29 -70
29 -70
29 -70
29 -71
29 -72
29 -72
29 -73
29 -73
29 -73
29 -73
29 -74
29 -74
29 -74
29 -75
29 -76
29 -76
29 -47
29 -75
29 -76
29 -75
29 -75
29 -76
29 -76
29 -77
29 -76
29 -73
29 -72
29 -71
29 -71
29 -71
29 -72
29 -73
29 -75
29 -66
29 -74
29 -73
29 -72
29 -71
29 -70
29 -72
29 -74
29 -74
29 -72
29 -71
29 -70
29 -70
29 -70
29 -71
29 -71
29 -71
29 -72
29 -72
29 -72
29 -72
29 -46
29 -72
29 -72
29 -48
29 -72
29 -48
29 -72
29 -47
29 -72
29 -72
30 -66
30 -80
30 -49
30 -80
30 -79
30 -80
30 -81
30 -81
30 -81
30 -81
30 -81
30 -81
30 -80
30 -76
30 -81
30 -78
30 -78
30 -76
30 -79
30 -80
30 -82
30 -80
30 -79
30 -81
30 -83
30 -83
30 -83
30 -82
30 -82
30 -78
30 -82
30 -82
30 -82
30 -84
30 -85
30 -84
30 -84
30 -85
30 -48
30 -84
30 -82
30 -83
30 -82
30 -83
30 -83
30 -82
30 -63
30 -80
30 -77
30 -79
30 -79
30 -79
30 -78
30 -59
30 -80
30 -82
30 -82
30 -82
30 -83
30 -75
30 -82
30 -82
30 -82
30 -82
30 -79
30 -79
30 -77
30 -78
30 -76
30 -78
30 -47
30 -79
30 -79
30 -80
30 -79
30 -80
30 -83
30 -83
30 -83
30 -77
30 -83
30 -81
30 -80
30 -81
30 -75
30 -83
30 -83
30 -83
30 -83
30 -83
30 -82
30 -82
30 -82
30 -82
30 -83
30 -82
30 -84
30 -83
30 -82
30 -82
30 -82
30 -82
30 -82
30 -82
30 -84
30 -80
30 -82
30 -80
30 -81
30 -80
30 -79
30 -80
30 -83
30 -78
30 -76
30 -75
30 -78
30 -79
30 -80
30 -77
30 -78
30 -79
30 -81
30 -81
30 -82
30 -81
30 -68
31 -65
31 -66
31 -66
31 -66
31 -66
31 -66
31 -66
31 -66
31 -67
31 -67
31 -69
31 -69
31 -70
31 -71
31 -71
31 -70
31 -70
31 -69
31 -69
31 -68
31 -68
31 -68
31 -68
31 -68
31 -68
31 -68
31 -68
31 -68
31 -69
31 -70
31 -70
31 -69
31 -68
31 -66
31 -66
31 -66
31 -68
31 -67
31 -66
31 -66
31 -66
31 -66
31 -68
31 -68
31 -68
31 -69
31 -70
31 -80
31 -80
31 -71
31 -70
31 -72
31 -76
31 -81
31 -76
31 -73
31 -73
31 -77
31 -80
31 -81
31 -80
31 -80
31 -81
31 -81
31 -80
31 -80
31 -80
31 -80
31 -78
31 -74
31 -72
31 -72
31 -73
31 -73
31 -73
31 -73
31 -74
31 -73
31 -74
31 -74
31 -75
31 -76
31 -75
31 -74
31 -75
31 -76
31 -76
31 -76
31 -76
31 -76
31 -76
31 -75
31 -73
31 -73
31 -73
31 -73
31 -50
31 -75
31 -75
31 -75
31 -76
31 -75
31 -75
31 -75
31 -75
31 -74
31 -74
31 -74
31 -48
31 -72
31 -71
31 -70
31 -51
31 -69
31 -69
31 -70
31 -70
31 -70
31 -70
31 -70
31 -70
31 -70
31 -70
31 -70
31 -70
31 -70
31 -69
31 -69
31 -68
31 -69
31 -69
31 -69
31 -69
31 -70
31 -69
31 -69
31 -69
31 -68
31 -69
31 -70
31 -70
31 -70
31 -71
31 -71
31 -72
31 -73
31 -72
31 -73
31 -74
31 -75
31 -73
31 -73
31 -73
31 -75
31 -74
31 -74
31 -74
31 -75
31 -74
31 -74
31 -73
31 -72
31 -72
31 -53
31 -71
31 -71
31 -71
31 -71
31 -71
31 -71
31 -72
31 -72
31 -72
31 -73
31 -63
31 -48
31 -74
31 -75
31 -76
31 -76
31 -77
31 -77
31 -78
31 -78
31 -80
31 -78
31 -76
31 -74
31 -75
31 -75
31 -76
31 -76
31 -76
31 -76
31 -78
31 -78
31 -78
31 -78
31 -78
31 -78
31 -77
31 -76
31 -76
31 -76
31 -76
31 -76
31 -76
31 -76
31 -76
31 -76
31 -76
31 -76
31 -78
31 -78
31 -77
31 -77
31 -78
31 -78
31 -78
31 -80
31 -79
31 -79
31 -78
31 -78
31 -78
31 -78
31 -77
31 -78
31 -78
31 -78
31 -78
31 -77
31 -46
31 -76
31 -76
31 -76
31 -76
31 -76
31 -76
31 -76
31 -76
31 -75
31 -75
31 -75
31 -75
31 -75
31 -74
31 -74
31 -67
31 -74
31 -74
31 -74
31 -73
31 -74
31 -74
31 -73
31 -73
31 -73
31 -74
31 -76
31 -76
31 -76
31 -76
31 -76
31 -76
31 -76
31 -74
31 -76
31 -75
31 -74
31 -75
31 -74
31 -72
31 -72
31 -71
31 -71
31 -71
31 -72
31 -72
31 -72
31 -71
31 -71
31 -70
31 -70
31 -70
31 -70
31 -70
31 -70
31 -70
31 -70
31 -70
31 -71
31 -72
31 -75
31 -76
31 -81
31 -82
31 -82
31 -83
31 -80
31 -75
31 -72
31 -71
31 -71
31 -73
31 -76
31 -74
31 -69
31 -66
31 -66
31 -66
31 -76
31 -72
31 -70
31 -69
31 -67
31 -71
31 -70
31 -70
31 -72
31 -72
31 -73
31 -72
31 -72
31 -72
31 -72
31 -72
31 -72
31 -72
31 -72
31 -72
31 -72
31 -63
31 -73
31 -73
31 -74
31 -74
31 -74
32 -81
32 -80
32 -78
32 -82
32 -83
32 -82
32 -72
32 -81
32 -81
32 -80
32 -80
32 -79
32 -79
32 -79
32 -80
32 -81
32 -80
32 -79
32 -80
32 -79
32 -68
32 -79
32 -79
32 -79
32 -79
32 -79
32 -81
32 -85
32 -82
32 -81
32 -78
32 -79
32 -46
32 -77
32 -70
32 -77
32 -78
32 -79
32 -78
32 -79
32 -82
32 -83
32 -82
32 -80
32 -78
32 -79
32 -79
32 -81
32 -80
32 -80
32 -81
32 -81
32 -81
32 -82
32 -82
32 -81
32 -81
32 -80
32 -80
32 -80
32 -80
32 -80
32 -80
32 -80
32 -80
32 -79
32 -80
32 -80
32 -79
32 -72
32 -78
32 -78
32 -78
32 -78
32 -78
32 -79
32 -79
32 -80
32 -80
32 -80
32 -81
32 -48
32 -81
32 -82
32 -81
32 -81
32 -81
32 -72
32 -82
32 -83
32 -83
32 -54
32 -77
32 -83
32 -82
32 -83
32 -80
32 -82
32 -81
32 -81
32 -80
32 -80
32 -79
32 -80
32 -78
32 -80
32 -81
32 -79
32 -80
32 -78
32 -82
32 -82
32 -82
32 -82
32 -84
32 -84
32 -83
32 -83
32 -83
32 -83
32 -82
32 -82
32 -82
32 -83
32 -83
32 -87
32 -84
32 -84
32 -84
32 -84
32 -86
32 -86
32 -87
32 -84
32 -83
32 -78
32 -77
32 -81
32 -84
32 -81
32 -73
32 -83
32 -83
32 -86
32 -83
32 -84
32 -83
32 -80
32 -82
32 -81
32 -81
32 -81
32 -82
32 -48
32 -82
32 -81
33 -46
33 -84
33 -84
33 -87
33 -86
33 -84
33 -84
33 -84
33 -84
33 -86
33 -86
33 -86
33 -79
33 -86
33 -82
33 -84
33 -83
33 -85
33 -85
34 -84
34 -86
34 -87
34 -86
34 -87
34 -87
34 -67
34 -85
34 -85
34 -84
34 -88
34 -85
34 -85
34 -86
34 -87
35 -85
35 -63
35 -85
35 -85
35 -58
35 -85
35 -64
35 -70
39 -85
39 -86
39 -85
39 -85
39 -72
39 -86
39 -48
39 -85
39 -80
39 -87
39 -86
39 -86
39 -85
39 -85
39 -86
39 -84
39 -84
39 -84
40 -83
40 -84
40 -83
40 -83
40 -83
40 -84
40 -81
40 -83
40 -83
40 -83
40 -83
40 -83
40 -82
40 -80
40 -82
40 -82
40 -82
40 -83
40 -82
40 -84
40 -83
40 -82
40 -82
40 -83
40 -81
40 -83
40 -82
40 -83
40 -83
40 -84
40 -83
40 -83
40 -82
40 -83
40 -83
40 -83
40 -83
40 -83
40 -83
40 -83
40 -84
40 -84
40 -84
40 -83
40 -83
40 -84
40 -84
40 -84
40 -81
40 -83
40 -84
40 -83
40 -83
40 -83
40 -84
40 -83
40 -83
40 -83
40 -84
40 -82
40 -84
40 -84
40 -83
40 -84
40 -84
40 -83
40 -83
40 -83
40 -83
40 -83
40 -83
40 -83
40 -83
40 -83
40 -80
40 -83
40 -83
40 -83
40 -82
40 -82
40 -82
40 -83
40 -80
40 -82
40 -72
40 -82
40 -82
40 -82
40 -83
40 -82
40 -82
40 -82
40 -82
40 -78
40 -78
40 -82
40 -82
40 -83
40 -82
40 -82
40 -83
40 -82
40 -83
40 -82
40 -82
40 -82
40 -82
40 -82
40 -61
40 -80
40 -82
40 -82
40 -82
40 -82
40 -82
40 -83
40 -83
40 -83
40 -84
40 -83
40 -84
40 -84
40 -84
40 -74
40 -84
40 -82
40 -83
40 -82
40 -82
40 -47
40 -81
40 -82
40 -81
40 -83
40 -87
41 -80
42 -75
42 -75
42 -75
42 -76
42 -76
42 -76
42 -76
42 -74
42 -75
42 -75
42 -76
42 -76
42 -76
42 -78
42 -77
42 -76
42 -73
42 -76
42 -76
42 -74
42 -76
42 -76
42 -76
42 -76
42 -76
42 -76
42 -78
42 -76
42 -76
42 -77
42 -77
42 -72
42 -77
42 -75
42 -58
42 -76
42 -78
42 -77
42 -77
42 -78
42 -78
42 -79
42 -80
42 -81
42 -81
42 -81
42 -81
42 -80
42 -72
42 -83
42 -81
42 -82
42 -80
42 -81
42 -81
42 -80
42 -81
42 -79
42 -80
42 -80
42 -80
42 -80
42 -80
42 -80
42 -80
42 -80
42 -80
42 -81
42 -80
42 -80
42 -79
42 -79
42 -79
42 -80
42 -80
42 -80
42 -80
42 -80
42 -80
42 -80
42 -80
42 -80
42 -81
42 -80
42 -79
42 -80
42 -79
42 -47
42 -79
42 -79
42 -79
42 -80
42 -79
42 -79
42 -79
42 -79
42 -79
42 -77
42 -79
42 -79
42 -78
42 -79
42 -79
42 -79
42 -79
42 -78
42 -66
42 -79
42 -80
42 -79
42 -79
42 -80
42 -78
42 -80
42 -48
42 -80
42 -80
42 -80
42 -80
42 -80
42 -80
42 -80
42 -79
42 -79
42 -79
42 -79
42 -78
42 -78
42 -78
42 -79
42 -78
42 -79
42 -79
42 -47
42 -79
42 -79
42 -78
42 -78
42 -78
42 -78
42 -78
42 -78
42 -78
42 -78
42 -78
42 -77
42 -76
42 -77
42 -76
42 -77
42 -48
42 -77
42 -53
42 -78
42 -78
42 -78
42 -78
42 -78
42 -78
42 -78
42 -78
42 -79
42 -78
42 -78
42 -78
42 -78
42 -78
42 -78
42 -79
42 -79
42 -79
42 -80
42 -71
42 -80
42 -79
42 -79
42 -79
42 -79
42 -79
42 -70
42 -79
42 -79
42 -80
42 -80
42 -81
42 -81
42 -80
42 -80
42 -81
42 -81
42 -80
42 -80
42 -79
42 -79
42 -80
42 -80
42 -81
42 -80
42 -81
42 -79
42 -77
42 -81
42 -81
42 -81
42 -81
42 -79
42 -80
42 -80
42 -80
42 -80
42 -80
42 -80
42 -80
42 -79
42 -80
42 -80
42 -79
42 -79
42 -80
42 -79
42 -79
42 -52
42 -79
42 -78
42 -79
42 -79
42 -78
42 -79
42 -78
42 -78
42 -79
42 -79
42 -79
42 -80
42 -79
42 -79
42 -79
42 -79
42 -79
42 -79
42 -79
42 -79
42 -79
42 -79
42 -79
42 -78
42 -79
42 -78
42 -78
42 -78
42 -78
42 -78
42 -78
42 -76
42 -78
42 -78
42 -78
42 -78
42 -78
42 -78
42 -78
42 -76
42 -78
42 -77
42 -77
42 -77
42 -78
42 -78
42 -79
42 -79
42 -81
42 -81
42 -81
42 -84
42 -82
42 -80
42 -78
42 -79
42 -63
42 -76
42 -76
42 -76
42 -76
42 -75
42 -75
42 -78
42 -78
42 -76
42 -75
42 -73
42 -75
42 -75
42 -75
42 -75
42 -75
42 -75
42 -75
42 -76
42 -76
42 -76
42 -63
42 -76
42 -76
42 -75
42 -76
42 -75
42 -75
42 -76
42 -76
43 -74
43 -75
43 -74
43 -76
43 -75
43 -76
43 -74
43 -76
43 -77
43 -78
43 -78
43 -78
43 -79
43 -79
43 -79
43 -80
43 -80
43 -79
43 -79
43 -78
43 -78
43 -78
43 -79
43 -79
43 -79
43 -79
43 -79
43 -79
43 -79
43 -77
43 -78
43 -77
43 -77
43 -79
43 -78
43 -78
43 -78
43 -77
43 -77
43 -76
43 -76
43 -77
43 -77
43 -78
43 -79
43 -82
43 -81
43 -78
43 -78
43 -76
43 -77
43 -77
43 -77
43 -76
43 -79
43 -79
43 -79
43 -79
43 -78
43 -78
43 -78
43 -78
43 -78
43 -78
43 -70
43 -78
43 -78
43 -78
43 -78
43 -77
43 -77
43 -77
43 -78
43 -78
43 -76
43 -77
43 -79
43 -79
43 -78
43 -78
43 -78
43 -78
43 -79
43 -76
43 -78
43 -78
43 -78
43 -78
43 -78
43 -78
43 -77
43 -78
43 -78
43 -78
43 -78
43 -78
43 -78
43 -78
43 -78
43 -78
43 -77
43 -75
43 -78
43 -77
43 -78
43 -77
43 -78
43 -78
43 -78
43 -77
43 -77
43 -78
43 -77
43 -78
43 -78
43 -77
43 -77
43 -77
43 -78
43 -77
43 -78
43 -78
43 -77
43 -78
43 -78
43 -78
43 -78
43 -77
43 -78
43 -78
43 -78
43 -78
43 -77
43 -77
43 -77
43 -77
43 -77
43 -77
43 -77
43 -77
43 -77
43 -77
43 -76
43 -70
43 -76
43 -76
43 -76
43 -76
43 -77
43 -76
43 -77
43 -76
43 -78
43 -77
43 -77
43 -77
43 -77
43 -70
43 -76
43 -76
43 -77
43 -77
43 -77
43 -76
43 -76
43 -77
43 -77
43 -78
43 -77
43 -76
43 -78
43 -78
43 -78
43 -78
43 -78
43 -77
43 -77
43 -77
43 -77
43 -51
43 -78
43 -78
43 -78
43 -77
43 -78
43 -78
43 -78
43 -79
43 -79
43 -79
43 -80
43 -80
43 -80
43 -80
43 -80
43 -80
43 -53
43 -79
43 -79
43 -79
43 -77
43 -80
43 -79
43 -79
43 -78
43 -78
43 -78
43 -78
43 -78
43 -78
43 -78
43 -78
43 -78
43 -79
43 -78
43 -78
43 -47
43 -79
43 -79
43 -80
43 -79
43 -80
43 -79
43 -79
43 -77
43 -79
43 -78
43 -79
43 -79
43 -79
43 -80
43 -79
43 -79
43 -80
43 -79
43 -79
43 -80
43 -74
43 -78
43 -80
43 -80
43 -80
43 -80
43 -81
43 -80
43 -80
43 -79
43 -80
43 -79
43 -79
43 -78
43 -78
43 -77
43 -77
43 -77
43 -71
43 -71
43 -76
43 -77
43 -78
43 -71
43 -77
43 -76
43 -76
43 -69
43 -76
43 -78
43 -78
43 -78
43 -78
43 -78
43 -77
43 -78
43 -79
43 -79
43 -47
43 -78
43 -78
43 -79
43 -80
43 -77
43 -77
43 -77
43 -76
43 -75
43 -76
43 -78
43 -78
43 -77
43 -78
43 -77
43 -77
43 -76
43 -76
43 -76
43 -77
43 -78
43 -78
43 -78
43 -80
43 -82
43 -82
43 -82
43 -82
43 -80
43 -80
43 -79
43 -80
43 -81
43 -82
43 -81
43 -80
43 -80
43 -81
43 -80
43 -48
43 -80
44 -87
44 -84
44 -83
44 -82
44 -82
44 -81
44 -79
44 -78
44 -78
44 -78
44 -78
44 -78
44 -78
44 -79
44 -81
44 -80
44 -74
44 -78
44 -74
44 -78
44 -81
44 -82
44 -75
44 -82
44 -81
44 -81
44 -80
44 -79
44 -80
44 -80
44 -81
44 -81
44 -78
44 -78
44 -78
44 -79
44 -79
44 -80
44 -81
44 -81
44 -81
44 -81
44 -80
44 -80
44 -80
44 -79
44 -79
44 -78
44 -76
44 -78
44 -78
44 -78
44 -79
44 -78
44 -79
44 -47
44 -80
44 -80
44 -80
44 -79
44 -80
44 -80
44 -80
44 -80
44 -80
44 -79
44 -79
44 -79
44 -79
44 -79
44 -79
44 -80
44 -80
44 -79
44 -78
44 -79
44 -78
44 -79
44 -78
44 -78
44 -77
44 -76
44 -78
44 -78
44 -78
44 -78
44 -78
44 -78
44 -78
44 -77
44 -79
44 -78
44 -79
44 -80
44 -80
44 -80
44 -80
44 -81
44 -78
44 -81
44 -80
44 -80
44 -81
44 -81
44 -78
44 -81
44 -81
44 -78
44 -80
44 -81
44 -81
44 -81
44 -81
44 -47
44 -82
44 -76
44 -82
44 -81
44 -81
44 -82
44 -82
44 -82
44 -82
44 -80
44 -82
44 -82
44 -82
44 -46
44 -80
44 -81
44 -81
44 -75
44 -81
44 -80
44 -80
44 -80
44 -81
44 -81
44 -81
44 -82
44 -82
44 -82
44 -83
44 -82
44 -83
44 -82
44 -83
44 -83
44 -82
44 -83
44 -83
44 -82
44 -82
44 -81
44 -81
44 -82
44 -82
44 -83
44 -83
44 -82
44 -83
44 -82
44 -83
44 -48
44 -83
44 -83
44 -83
44 -85
44 -81
44 -85
44 -82
44 -82
44 -81
44 -82
44 -81
44 -81
44 -81
44 -81
44 -81
44 -46
44 -79
44 -83
44 -81
44 -80
44 -82
44 -81
44 -78
44 -78
44 -78
44 -79
44 -83
44 -83
44 -81
44 -79
44 -79
44 -80
44 -79
44 -68
44 -79
44 -78
44 -78
44 -79
44 -78
44 -78
44 -77
44 -78
44 -75
44 -61
44 -51
44 -77
44 -78
45 -84
45 -85
45 -82
45 -83
45 -83
45 -83
45 -82
45 -84
45 -86
46 -85
48 -86
48 -86
48 -86
48 -86
48 -84
48 -84
48 -84
48 -84
48 -84
48 -84
48 -83
48 -84
48 -84
48 -84
48 -84
48 -84
48 -84
48 -84
48 -83
48 -84
48 -84
48 -83
48 -83
48 -83
48 -84
48 -84
48 -84
48 -84
48 -84
48 -84
48 -84
48 -83
48 -84
48 -83
48 -84
48 -84
48 -84
48 -84
48 -83
48 -83
48 -78
48 -84
48 -83
48 -83
48 -84
48 -83
48 -83
48 -83
48 -83
48 -84
48 -77
48 -84
48 -60
48 -83
48 -83
48 -83
48 -84
48 -84
48 -84
48 -84
48 -82
48 -83
48 -83
48 -83
48 -83
48 -84
48 -83
48 -83
48 -85
48 -84
48 -84
48 -86
48 -84
48 -84
48 -84
48 -83
48 -83
48 -85
48 -83
48 -84
48 -48
48 -85
49 -85
49 -84
49 -83
49 -82
49 -83
49 -84
49 -83
49 -82
49 -82
50 -80
50 -79
50 -79
50 -80
50 -78
50 -79
50 -79
50 -80
50 -80
50 -80
50 -81
50 -82
50 -82
50 -69
50 -82
50 -82
50 -81
50 -82
50 -82
50 -82
50 -82
50 -82
50 -81
50 -84
50 -82
50 -81
50 -80
50 -78
50 -79
50 -79
50 -79
50 -80
50 -82
50 -82
50 -76
50 -81
50 -82
50 -81
50 -81
50 -81
50 -80
50 -81
50 -81
50 -86
50 -83
50 -83
50 -83
50 -83
50 -84
50 -82
50 -83
50 -79
50 -82
50 -82
50 -83
50 -82
50 -82
50 -81
50 -81
50 -83
50 -83
50 -84
50 -83
50 -82
50 -80
50 -83
50 -83
50 -83
50 -83
50 -81
50 -82
50 -82
50 -82
50 -81
50 -78
50 -81
50 -81
50 -81
50 -81
50 -81
50 -82
50 -82
50 -82
50 -81
50 -81
50 -81
50 -82
50 -47
50 -81
50 -81
50 -81
50 -80
50 -80
50 -77
50 -80
50 -80
50 -81
50 -70
50 -81
50 -79
50 -80
50 -81
50 -81
50 -81
50 -80
50 -81
50 -77
50 -82
50 -82
50 -84
50 -82
50 -82
50 -82
50 -82
50 -48
50 -82
50 -82
50 -82
50 -83
50 -83
50 -82
50 -82
50 -83
50 -82
50 -83
50 -82
50 -84
50 -84
50 -83
50 -84
50 -83
50 -81
50 -82
50 -82
50 -83
50 -83
50 -84
50 -83
50 -83
50 -83
50 -83
50 -82
50 -83
50 -83
50 -83
50 -60
50 -83
50 -82
50 -83
50 -82
50 -82
50 -81
50 -58
50 -82
50 -82
50 -82
50 -81
50 -81
50 -73
50 -76
50 -81
50 -81
50 -80
50 -80
50 -79
50 -80
50 -80
50 -70
50 -78
50 -79
50 -78
50 -80
50 -79
50 -78
50 -79
50 -79
50 -57
50 -80
50 -80
50 -80
50 -80
50 -80
50 -72
50 -81
50 -78
50 -82
50 -81
50 -82
50 -83
50 -81
50 -80
50 -79
50 -79
50 -82
50 -83
50 -80
50 -81
50 -83
50 -82
50 -79
50 -78
50 -80
50 -80
50 -80
50 -80
50 -78
50 -79
50 -72
50 -80
50 -80
50 -80
50 -81
50 -81
50 -82
51 -85
51 -83
51 -82
51 -83
51 -82
51 -84
51 -88
51 -84
51 -83
51 -86
51 -84
51 -84
51 -83
51 -83
51 -83
51 -83
51 -82
51 -83
51 -83
51 -83
51 -83
51 -81
51 -79
51 -80
51 -82
51 -81
51 -85
51 -66
51 -84
51 -84
51 -78
51 -83
51 -77
51 -81
51 -82
51 -82
51 -82
51 -82
51 -82
51 -81
51 -82
51 -82
51 -83
51 -82
51 -83
51 -80
51 -83
51 -83
51 -82
51 -82
51 -82
51 -82
51 -80
51 -80
51 -79
51 -79
51 -77
51 -79
51 -80
51 -80
51 -80
51 -80
51 -80
51 -80
51 -81
51 -81
51 -82
51 -83
51 -83
51 -82
51 -74
51 -81
51 -83
51 -81
51 -83
51 -83
51 -82
51 -82
51 -82
51 -74
51 -82
51 -48
51 -82
51 -79
51 -82
51 -80
51 -78
51 -82
51 -82
51 -83
51 -83
51 -84
51 -83
51 -83
51 -82
51 -82
51 -84
51 -83
51 -84
51 -83
51 -83
51 -83
51 -55
51 -83
51 -82
51 -83
51 -82
51 -82
51 -83
51 -82
51 -82
51 -46
51 -82
51 -83
51 -83
51 -82
51 -83
51 -83
51 -82
51 -82
51 -82
51 -82
51 -81
51 -82
51 -82
51 -81
51 -82
51 -82
51 -78
51 -81
51 -81
51 -81
51 -82
51 -82
51 -82
51 -79
51 -82
51 -82
51 -83
51 -83
51 -84
52 -69
52 -69
52 -68
52 -68
52 -67
52 -67
52 -50
52 -66
52 -66
52 -66
52 -66
52 -66
52 -66
52 -66
52 -66
52 -66
52 -66
52 -66
52 -66
52 -66
52 -66
52 -66
52 -66
52 -67
52 -66
52 -67
52 -67
52 -67
52 -67
52 -66
52 -66
52 -67
52 -66
52 -66
52 -66
52 -68
52 -68
52 -69
52 -69
52 -68
52 -68
52 -68
52 -69
52 -69
52 -57
52 -69
52 -69
52 -70
52 -69
52 -70
52 -70
52 -70
52 -70
52 -70
52 -70
52 -70
52 -70
52 -69
52 -70
52 -70
52 -72
52 -73
52 -74
52 -73
52 -72
52 -72
52 -49
52 -70
52 -70
52 -70
52 -70
52 -70
52 -70
52 -70
52 -71
52 -71
52 -71
52 -70
52 -71
52 -71
52 -72
52 -72
52 -72
52 -70
52 -72
52 -72
52 -72
52 -72
52 -72
52 -72
52 -72
52 -72
52 -72
52 -72
52 -72
52 -72
52 -72
52 -72
52 -72
52 -72
52 -72
52 -72
52 -72
52 -71
52 -72
52 -72
52 -72
52 -72
52 -72
52 -72
52 -72
52 -72
52 -72
52 -72
52 -72
52 -72
52 -73
52 -72
52 -73
52 -73
52 -73
52 -73
52 -73
52 -73
52 -73
52 -73
52 -73
52 -73
52 -73
52 -73
52 -74
52 -74
52 -74
52 -74
52 -73
52 -74
52 -73
52 -74
52 -74
52 -74
52 -74
52 -42
52 -73
52 -72
52 -72
52 -72
52 -72
52 -71
52 -71
52 -70
52 -71
52 -71
52 -70
52 -71
52 -70
52 -70
52 -71
52 -70
52 -45
52 -70
52 -70
52 -70
52 -69
52 -48
52 -70
52 -70
52 -70
52 -70
52 -71
52 -48
52 -71
52 -71
52 -71
52 -71
52 -70
52 -70
52 -63
52 -70
52 -70
52 -70
52 -70
52 -70
52 -70
52 -70
52 -70
52 -70
52 -70
52 -70
52 -70
52 -70
52 -70
52 -70
52 -70
52 -70
52 -70
52 -70
52 -70
52 -70
52 -70
52 -69
52 -69
52 -69
52 -69
52 -69
52 -69
52 -69
52 -69
52 -69
52 -69
52 -69
52 -68
52 -69
52 -69
52 -69
52 -69
52 -78
52 -70
52 -70
52 -70
52 -70
52 -70
52 -70
52 -70
52 -70
52 -47
52 -70
52 -70
52 -70
52 -71
52 -70
52 -70
52 -70
52 -70
52 -70
52 -69
52 -69
52 -69
52 -69
52 -48
52 -69
52 -69
52 -69
52 -69
52 -69
52 -69
52 -69
52 -69
52 -70
52 -69
52 -68
52 -69
52 -69
52 -69
52 -69
52 -69
52 -69
52 -69
52 -69
52 -69
52 -69
52 -69
52 -69
52 -69
52 -69
52 -70
52 -69
52 -69
52 -69
52 -70
52 -69
52 -70
52 -70
52 -69
52 -69
52 -47
52 -69
52 -69
52 -68
52 -69
52 -69
52 -70
52 -69
52 -69
52 -69
52 -69
52 -70
52 -70
52 -70
52 -70
52 -67
52 -70
52 -70
52 -70
52 -71
52 -70
52 -70
52 -70
52 -70
52 -70
52 -70
52 -70
52 -70
52 -70
52 -70
52 -70
52 -70
52 -70
52 -70
52 -70
52 -70
52 -70
52 -70
52 -69
52 -69
52 -47
52 -69
52 -70
52 -70
52 -69
52 -69
52 -70
52 -70
52 -70
52 -70
52 -67
52 -68
52 -49
52 -69
52 -68
52 -68
52 -69
52 -70
52 -70
52 -70
52 -71
52 -73
52 -71
52 -69
52 -68
52 -68
52 -67
52 -68
52 -69
52 -67
52 -68
52 -68
52 -68
52 -68
52 -68
52 -68
52 -68
52 -68
52 -67
52 -67
52 -67
52 -67
52 -67
52 -67
52 -67
52 -67
52 -67
52 -67
52 -67
52 -67
52 -67
53 -77
53 -76
53 -76
53 -39
53 -76
53 -76
53 -76
53 -76
53 -76
53 -77
53 -77
53 -78
53 -79
53 -50
53 -78
53 -75
53 -76
53 -76
53 -76
53 -75
53 -75
53 -76
53 -76
53 -76
53 -75
53 -75
53 -75
53 -75
53 -81
53 -80
53 -75
53 -75
53 -76
53 -76
53 -75
53 -75
53 -75
53 -75
53 -75
53 -75
53 -74
53 -73
53 -74
53 -73
53 -74
53 -74
53 -74
53 -74
53 -75
53 -76
53 -75
53 -74
53 -73
53 -73
53 -72
53 -72
53 -72
53 -72
53 -71
53 -72
53 -72
53 -72
53 -72
53 -72
53 -72
53 -72
53 -72
53 -72
53 -72
53 -72
53 -72
53 -72
53 -72
53 -72
53 -71
53 -57
53 -72
53 -72
53 -72
53 -71
53 -72
53 -71
53 -51
53 -71
53 -72
53 -72
53 -71
53 -72
53 -72
53 -72
53 -63
53 -72
53 -72
53 -71
53 -72
53 -72
53 -72
53 -72
53 -72
53 -72
53 -72
53 -72
53 -72
53 -72
53 -72
53 -72
53 -72
53 -72
53 -72
53 -72
53 -72
53 -72
53 -72
53 -72
53 -48
53 -71
53 -70
53 -72
53 -72
53 -72
53 -72
53 -72
53 -72
53 -72
53 -72
53 -72
53 -72
53 -72
53 -72
53 -72
53 -67
53 -72
53 -72
53 -62
53 -72
53 -72
53 -71
53 -72
53 -72
53 -72
53 -72
53 -72
53 -72
53 -72
53 -72
53 -72
53 -72
53 -49
53 -72
53 -72
53 -72
53 -72
53 -72
53 -72
53 -72
53 -72
53 -73
53 -72
53 -72
53 -72
53 -71
53 -72
53 -72
53 -72
53 -72
53 -72
53 -72
53 -72
53 -72
53 -72
53 -72
53 -72
53 -72
53 -70
53 -72
53 -72
53 -72
53 -72
53 -72
53 -69
53 -72
53 -72
53 -72
53 -72
53 -72
53 -72
53 -46
53 -72
53 -72
53 -72
53 -72
53 -72
53 -72
53 -72
53 -72
53 -72
53 -72
53 -72
53 -72
53 -72
53 -73
53 -73
53 -73
53 -74
53 -74
53 -74
53 -74
53 -74
53 -74
53 -74
53 -74
53 -74
53 -73
53 -73
53 -73
53 -73
53 -73
53 -73
53 -72
53 -72
53 -73
53 -72
53 -72
53 -72
53 -72
53 -72
53 -72
53 -72
53 -72
53 -73
53 -72
53 -62
53 -73
53 -74
53 -73
53 -73
53 -74
53 -74
53 -73
53 -74
53 -73
53 -74
53 -73
53 -73
53 -72
53 -73
53 -74
53 -70
53 -73
53 -73
53 -74
53 -73
53 -74
53 -73
53 -74
53 -73
53 -74
53 -74
53 -74
53 -74
53 -74
53 -74
53 -74
53 -74
53 -73
53 -75
53 -75
53 -75
53 -76
53 -75
53 -75
53 -74
53 -74
53 -73
53 -74
53 -73
53 -73
53 -73
53 -73
53 -74
53 -73
53 -73
53 -73
53 -73
53 -72
53 -72
53 -72
53 -72
53 -73
53 -72
53 -73
53 -73
53 -73
53 -73
53 -73
53 -73
53 -75
53 -75
53 -76
53 -76
53 -75
53 -75
53 -74
53 -73
53 -72
53 -72
53 -72
53 -72
53 -73
53 -48
53 -74
53 -74
53 -75
53 -75
53 -75
53 -74
53 -73
53 -73
53 -74
53 -75
53 -75
53 -74
53 -78
53 -78
53 -81
53 -79
53 -78
53 -77
53 -77
53 -76
53 -76
53 -76
53 -75
53 -76
53 -77
53 -77
53 -77
53 -76
53 -76
53 -76
53 -76
53 -76
53 -75
53 -75
53 -76
53 -76
54 -83
54 -79
54 -79
54 -78
54 -77
54 -70
54 -77
54 -78
54 -79
54 -81
54 -80
54 -81
54 -81
54 -79
54 -81
54 -82
54 -83
54 -81
54 -76
54 -76
54 -78
54 -75
54 -76
54 -74
54 -79
54 -76
54 -76
54 -76
54 -75
54 -76
54 -73
54 -77
54 -76
54 -73
54 -78
54 -78
54 -78
54 -77
54 -76
54 -77
54 -77
54 -77
54 -75
54 -74
54 -73
54 -75
54 -75
54 -76
54 -76
54 -77
54 -78
54 -79
54 -78
54 -78
54 -78
54 -77
54 -77
54 -76
54 -78
54 -78
54 -78
54 -78
54 -78
54 -79
54 -78
54 -79
54 -79
54 -79
54 -80
54 -81
54 -81
54 -81
54 -81
54 -81
54 -81
54 -81
54 -79
54 -79
54 -79
54 -79
54 -79
54 -77
54 -79
54 -78
54 -77
54 -78
54 -78
54 -78
54 -78
54 -78
54 -79
54 -79
54 -78
54 -79
54 -63
54 -78
54 -77
54 -79
54 -78
54 -76
54 -80
54 -81
54 -81
54 -83
54 -83
54 -83
54 -84
54 -83
54 -83
54 -83
54 -82
54 -79
54 -79
54 -79
54 -79
54 -79
54 -79
54 -78
54 -78
54 -77
54 -77
54 -70
54 -78
54 -78
54 -79
54 -80
54 -80
54 -80
54 -81
54 -82
54 -81
54 -81
54 -82
54 -81
54 -79
54 -79
54 -79
54 -79
54 -78
54 -78
54 -79
54 -79
54 -80
54 -80
54 -79
54 -78
54 -79
54 -79
54 -79
54 -79
54 -79
54 -78
54 -78
54 -76
54 -76
54 -76
54 -76
54 -75
54 -76
54 -76
54 -76
54 -76
54 -76
54 -75
54 -76
54 -76
54 -76
54 -76
54 -76
54 -52
54 -77
54 -76
54 -77
54 -76
54 -76
54 -76
54 -76
54 -76
54 -76
54 -75
54 -76
54 -76
54 -76
54 -76
54 -70
54 -75
54 -72
54 -75
54 -75
54 -75
54 -75
54 -75
54 -75
54 -75
54 -75
54 -75
54 -75
54 -75
54 -76
54 -76
54 -74
54 -76
54 -76
54 -76
54 -76
54 -76
54 -75
54 -76
54 -71
54 -76
54 -77
54 -77
54 -77
54 -75
54 -77
54 -77
54 -77
54 -76
54 -78
54 -80
54 -80
54 -79
54 -78
54 -79
54 -74
54 -78
54 -79
54 -79
54 -79
54 -79
54 -81
54 -81
54 -78
54 -82
54 -84
54 -83
54 -81
54 -80
54 -79
54 -78
54 -73
54 -78
54 -77
54 -77
54 -78
54 -78
54 -69
54 -76
54 -76
54 -75
54 -69
54 -75
54 -74
54 -73
54 -72
54 -75
54 -75
54 -76
54 -81
54 -76
54 -75
54 -76
54 -73
54 -74
54 -78
54 -77
54 -76
54 -76
54 -77
54 -77
54 -77
54 -77
54 -76
54 -76
54 -76
54 -76
54 -76
54 -75
54 -76
54 -76
54 -76
55 -50
55 -74
55 -74
55 -74
55 -72
55 -72
55 -72
55 -69
55 -69
55 -68
55 -67
55 -67
55 -67
55 -67
55 -67
55 -67
55 -67
55 -67
55 -49
55 -67
55 -67
55 -67
55 -68
55 -68
55 -68
55 -68
55 -68
55 -68
55 -68
55 -68
55 -68
55 -67
55 -67
55 -66
55 -66
55 -67
55 -58
55 -67
55 -66
55 -68
55 -69
55 -70
55 -69
55 -71
55 -70
55 -70
55 -70
55 -70
55 -69
55 -68
55 -67
55 -66
55 -66
55 -67
55 -68
55 -70
55 -70
55 -70
55 -70
55 -70
55 -69
55 -69
55 -69
55 -68
55 -68
55 -69
55 -70
55 -70
55 -70
55 -70
55 -70
55 -70
55 -71
55 -72
55 -72
55 -71
55 -72
55 -72
55 -72
55 -70
55 -72
55 -72
55 -72
55 -72
55 -60
55 -72
55 -72
55 -71
55 -71
55 -70
55 -70
55 -70
55 -70
55 -70
55 -70
55 -71
55 -70
55 -71
55 -71
55 -72
55 -72
55 -71
55 -71
55 -72
55 -72
55 -72
55 -73
55 -72
55 -68
55 -72
55 -72
55 -72
55 -72
55 -72
55 -72
55 -72
55 -72
55 -73
55 -72
55 -72
55 -73
55 -73
55 -73
55 -74
55 -74
55 -74
55 -73
55 -73
55 -73
55 -73
55 -73
55 -73
55 -74
55 -74
55 -74
55 -74
55 -73
55 -73
55 -71
55 -72
55 -72
55 -72
55 -72
55 -72
55 -47
55 -72
55 -72
55 -72
55 -72
55 -72
55 -72
55 -72
55 -72
55 -72
55 -71
55 -72
55 -72
55 -72
55 -72
55 -72
55 -47
55 -72
55 -71
55 -73
55 -74
55 -74
55 -74
55 -74
55 -74
55 -75
55 -75
55 -75
55 -75
55 -75
55 -76
55 -76
55 -75
55 -75
55 -76
55 -76
55 -76
55 -76
55 -75
55 -75
55 -76
55 -75
55 -75
55 -74
55 -74
55 -74
55 -74
55 -74
55 -73
55 -70
55 -73
55 -73
55 -72
55 -72
55 -72
55 -72
55 -72
55 -72
55 -72
55 -72
55 -72
55 -73
55 -73
55 -73
55 -73
55 -72
55 -72
55 -72
55 -72
55 -72
55 -71
55 -72
55 -70
55 -71
55 -71
55 -70
55 -70
55 -70
55 -70
55 -70
55 -70
55 -70
55 -70
55 -70
55 -70
55 -70
55 -71
55 -71
55 -71
55 -72
55 -72
55 -72
55 -72
55 -72
55 -72
55 -72
55 -72
55 -72
55 -72
55 -72
55 -56
55 -71
55 -71
55 -70
55 -70
55 -70
55 -70
55 -70
55 -70
55 -70
55 -70
55 -70
55 -70
55 -70
55 -69
55 -69
55 -69
55 -69
55 -69
55 -69
55 -69
55 -69
55 -68
55 -69
55 -69
55 -69
55 -69
55 -68
55 -69
55 -68
55 -68
55 -68
55 -68
55 -68
55 -68
55 -68
55 -67
55 -67
55 -67
55 -67
55 -68
55 -67
55 -67
55 -68
55 -67
55 -67
55 -67
55 -67
55 -68
55 -68
55 -51
55 -69
55 -67
55 -68
55 -68
55 -69
55 -69
55 -69
55 -68
55 -70
55 -70
55 -70
55 -50
55 -69
55 -69
55 -69
55 -69
55 -68
55 -68
55 -67
55 -67
55 -67
55 -67
55 -66
55 -66
55 -67
55 -67
55 -67
55 -68
55 -68
55 -68
55 -68
55 -68
55 -68
55 -69
55 -69
55 -69
55 -69
55 -69
55 -70
55 -71
55 -78
55 -76
55 -72
55 -71
55 -71
55 -74
55 -76
55 -79
55 -73
55 -73
55 -69
55 -70
55 -72
55 -79
55 -77
55 -74
55 -72
55 -72
55 -72
55 -72
55 -72
55 -63
55 -72
55 -72
55 -72
55 -72
55 -72
55 -64
55 -71
55 -71
55 -71
55 -68
55 -71
55 -71
55 -72
55 -72
56 -77
56 -77
56 -77
56 -77
56 -77
56 -77
56 -77
56 -77
56 -76
56 -76
56 -76
56 -76
56 -76
56 -75
56 -76
56 -76
56 -76
56 -75
56 -76
56 -76
56 -76
56 -76
56 -76
56 -73
56 -76
56 -76
56 -76
56 -76
56 -77
56 -76
56 -77
56 -76
56 -76
56 -75
56 -76
56 -76
56 -75
56 -76
56 -74
56 -76
56 -76
56 -75
56 -76
56 -76
56 -76
56 -76
56 -76
56 -76
56 -76
56 -76
56 -76
56 -75
56 -76
56 -76
56 -76
56 -76
56 -76
56 -76
56 -77
56 -78
56 -78
56 -78
56 -77
56 -78
56 -78
56 -78
56 -77
56 -77
56 -78
56 -78
56 -79
56 -78
56 -78
56 -78
56 -78
56 -78
56 -78
56 -78
56 -78
56 -78
56 -78
56 -78
56 -77
56 -77
56 -77
56 -77
56 -76
56 -77
56 -78
56 -77
56 -78
56 -79
56 -78
56 -79
56 -78
56 -79
56 -77
56 -78
56 -79
56 -78
56 -79
56 -78
56 -78
56 -78
56 -78
56 -78
56 -78
56 -77
56 -77
56 -77
56 -76
56 -77
56 -77
56 -77
56 -77
56 -76
56 -77
56 -76
56 -77
56 -76
56 -76
56 -76
56 -76
56 -72
56 -76
56 -75
56 -74
56 -48
56 -76
56 -76
56 -76
56 -76
56 -76
56 -48
56 -76
56 -77
56 -76
56 -48
56 -76
56 -76
56 -76
56 -76
56 -76
56 -77
56 -77
56 -76
56 -76
56 -76
56 -76
56 -77
56 -78
56 -78
56 -77
56 -73
56 -77
56 -77
56 -77
56 -77
56 -76
56 -76
56 -76
56 -76
56 -76
56 -76
56 -76
56 -55
56 -72
56 -77
56 -77
56 -77
56 -49
56 -77
56 -77
56 -77
56 -77
56 -77
56 -76
56 -77
56 -77
56 -76
56 -76
56 -76
56 -76
56 -56
56 -76
56 -76
56 -56
56 -76
56 -76
56 -77
56 -76
56 -76
56 -77
56 -77
56 -78
56 -77
56 -77
56 -48
56 -78
56 -78
56 -78
56 -77
56 -77
56 -77
56 -76
56 -77
56 -76
56 -76
56 -77
56 -77
56 -77
56 -76
56 -77
56 -59
56 -75
56 -77
56 -78
56 -77
56 -77
56 -77
56 -77
56 -78
56 -78
56 -78
56 -79
56 -78
56 -78
56 -57
56 -78
56 -78
56 -77
56 -78
56 -78
56 -77
56 -78
56 -77
56 -69
56 -77
56 -78
56 -78
56 -77
56 -78
56 -78
56 -78
56 -77
56 -77
56 -77
56 -78
56 -77
56 -77
56 -53
56 -77
56 -76
56 -76
56 -76
56 -77
56 -77
56 -76
56 -76
56 -76
56 -76
56 -76
56 -76
56 -76
56 -76
56 -76
56 -76
56 -77
56 -77
56 -77
56 -76
56 -77
56 -77
56 -77
56 -77
56 -48
56 -78
56 -78
56 -78
56 -78
56 -78
56 -77
56 -78
56 -74
56 -76
56 -78
56 -78
56 -77
56 -76
56 -76
56 -76
56 -76
56 -76
56 -76
56 -76
56 -76
56 -76
56 -76
56 -76
56 -76
56 -76
56 -76
56 -75
56 -75
56 -76
56 -76
56 -76
56 -77
56 -76
56 -64
56 -77
56 -76
56 -78
56 -77
56 -78
56 -78
56 -78
56 -78
56 -79
56 -81
56 -78
56 -77
56 -77
56 -78
56 -78
56 -79
56 -79
56 -73
56 -78
56 -52
56 -76
56 -76
56 -77
56 -77
56 -77
56 -76
56 -76
56 -78
56 -79
56 -76
56 -76
56 -76
56 -77
56 -77
56 -76
56 -66
56 -76
56 -76
56 -77
56 -78
56 -76
56 -76
56 -76
56 -76
56 -76
56 -76
56 -76
57 -83
57 -84
57 -84
57 -82
57 -83
57 -83
57 -82
57 -82
57 -81
57 -82
57 -83
57 -83
57 -84
57 -84
57 -86
57 -85
57 -84
57 -85
57 -71
57 -79
57 -64
57 -84
58 -80
58 -79
58 -78
58 -78
58 -78
58 -78
58 -79
58 -80
58 -85
58 -84
58 -84
58 -85
58 -77
58 -79
58 -82
58 -83
58 -83
58 -83
58 -81
58 -80
58 -73
58 -80
58 -80
58 -80
58 -81
58 -77
58 -81
58 -80
58 -80
58 -81
58 -80
58 -79
58 -79
58 -80
58 -80
58 -81
58 -81
58 -81
58 -81
58 -43
58 -82
58 -82
58 -81
58 -82
58 -83
58 -82
58 -81
58 -81
58 -82
58 -82
58 -77
58 -82
58 -82
58 -82
58 -81
58 -82
58 -82
58 -82
58 -82
58 -78
58 -82
58 -82
58 -81
58 -81
58 -81
58 -80
58 -52
58 -81
58 -80
58 -80
58 -80
58 -80
58 -81
58 -51
58 -80
58 -81
58 -82
58 -82
58 -82
58 -83
58 -82
58 -83
58 -83
58 -77
58 -74
58 -83
58 -83
58 -83
58 -83
58 -76
58 -83
58 -82
58 -81
58 -82
58 -82
58 -81
58 -81
58 -81
58 -82
58 -81
58 -80
58 -81
58 -81
58 -81
58 -80
58 -81
58 -82
58 -82
58 -81
58 -81
58 -81
58 -80
58 -81
58 -81
58 -81
58 -81
58 -81
58 -82
58 -82
58 -82
58 -81
58 -81
58 -80
58 -80
58 -80
58 -80
58 -80
58 -79
58 -80
58 -80
58 -81
58 -82
58 -85
58 -84
58 -80
58 -83
58 -82
58 -81
58 -81
58 -79
58 -82
58 -83
58 -82
58 -83
58 -84
58 -79
58 -82
58 -82
58 -81
58 -82
58 -81
58 -79
58 -80
58 -81
58 -81
58 -80
58 -81
58 -80
58 -81
58 -81
58 -79
58 -81
58 -81
58 -81
58 -81
58 -81
58 -81
58 -80
58 -80
58 -81
58 -80
58 -81
58 -79
58 -80
58 -80
58 -80
58 -80
58 -79
58 -79
58 -79
58 -79
58 -78
58 -78
58 -78
58 -78
58 -78
58 -78
58 -78
58 -72
58 -79
58 -48
58 -79
58 -79
58 -79
58 -79
58 -79
58 -79
58 -80
58 -81
58 -79
58 -81
58 -80
58 -81
58 -81
58 -81
58 -82
58 -82
58 -83
58 -82
58 -83
58 -81
58 -77
58 -82
58 -83
58 -82
58 -82
58 -82
58 -83
58 -83
58 -83
58 -81
58 -81
58 -81
58 -83
58 -82
58 -82
58 -82
58 -83
58 -84
58 -81
58 -51
59 -83
59 -83
59 -84
59 -84
59 -82
59 -85
59 -85
59 -83
59 -83
59 -82
59 -81
59 -82
59 -82
59 -83
59 -83
59 -83
59 -83
59 -83
59 -82
59 -84
59 -83
59 -83
59 -83
59 -83
59 -83
59 -83
59 -84
59 -84
59 -47
59 -81
59 -83
59 -83
59 -83
59 -84
59 -54
59 -84
59 -83
59 -84
59 -83
59 -83
59 -82
59 -83
59 -83
59 -84
59 -84
59 -84
59 -86
59 -84
59 -84
59 -83
59 -83
59 -83
59 -83
59 -82
59 -84
59 -84
59 -84
59 -83
59 -83
59 -83
59 -82
59 -82
59 -82
59 -82
59 -82
59 -82
59 -48
59 -82
59 -82
59 -83
59 -83
59 -82
59 -84
59 -84
59 -84
59 -84
59 -86
59 -86
59 -84
59 -84
59 -82
59 -83
59 -82
59 -82
59 -83
59 -84
59 -83
59 -84
60 -85
60 -47
60 -84
60 -61
