Beacon Rssi
5 -86
5 -87
6 -84
6 -84
6 -84
6 -86
6 -87
6 -85
6 -85
6 -85
6 -85
6 -85
6 -85
7 -84
7 -83
7 -83
7 -85
7 -85
7 -84
7 -83
7 -84
7 -84
7 -84
7 -84
7 -84
7 -85
7 -84
7 -84
7 -60
7 -84
7 -85
7 -87
7 -86
7 -86
7 -88
9 -85
9 -84
9 -84
9 -84
9 -83
9 -83
9 -83
9 -86
9 -86
9 -84
9 -85
9 -83
9 -84
9 -84
9 -83
14 -84
14 -85
14 -85
14 -83
14 -83
14 -83
14 -81
14 -82
14 -82
14 -82
14 -81
14 -82
14 -82
14 -83
14 -84
14 -83
14 -83
14 -83
14 -83
14 -83
14 -84
14 -76
14 -83
14 -83
14 -82
14 -83
14 -83
14 -83
14 -84
14 -83
14 -84
14 -83
14 -84
14 -83
14 -82
14 -82
14 -82
14 -82
14 -72
14 -49
14 -83
14 -83
14 -82
14 -82
14 -83
14 -82
14 -81
14 -82
14 -82
14 -84
14 -84
14 -83
14 -78
14 -78
14 -82
14 -83
14 -83
14 -81
14 -81
14 -81
14 -81
14 -82
14 -82
14 -82
14 -82
14 -82
14 -82
14 -83
14 -83
14 -82
14 -82
14 -82
14 -83
14 -83
14 -84
14 -83
14 -84
14 -84
14 -84
14 -84
14 -85
14 -80
14 -83
14 -83
14 -76
14 -83
14 -83
14 -81
14 -83
14 -83
14 -83
14 -82
14 -82
14 -83
14 -83
14 -83
14 -83
14 -83
14 -82
14 -82
14 -82
14 -82
14 -83
14 -81
14 -82
14 -79
14 -82
14 -82
14 -48
14 -80
14 -84
14 -79
14 -83
14 -84
14 -83
14 -83
14 -82
14 -84
14 -83
14 -48
14 -85
15 -82
15 -83
15 -84
15 -84
15 -84
15 -83
15 -82
15 -80
15 -79
15 -81
15 -80
15 -81
15 -81
15 -80
15 -83
15 -83
15 -83
15 -83
15 -81
15 -84
15 -81
15 -80
15 -79
15 -78
15 -76
15 -70
15 -76
15 -76
15 -76
15 -76
15 -76
15 -76
15 -76
15 -76
15 -76
15 -76
15 -76
15 -49
15 -76
15 -76
15 -76
15 -76
15 -76
15 -76
15 -76
15 -74
15 -75
15 -76
15 -76
15 -76
15 -76
15 -76
15 -76
15 -76
15 -77
15 -76
15 -77
15 -76
15 -77
15 -76
15 -77
15 -77
15 -77
15 -77
15 -77
15 -76
15 -76
15 -76
15 -76
15 -76
15 -76
15 -76
15 -76
15 -76
15 -76
15 -77
15 -77
15 -76
15 -76
15 -76
15 -76
15 -76
15 -77
15 -76
15 -76
15 -76
15 -76
15 -76
15 -76
15 -77
15 -76
15 -76
15 -76
15 -76
15 -78
15 -78
15 -78
15 -78
15 -79
15 -78
15 -78
15 -78
15 -72
15 -79
15 -78
15 -78
15 -78
15 -78
15 -78
15 -77
15 -53
15 -77
15 -77
15 -76
15 -76
15 -77
15 -78
15 -78
15 -78
15 -78
15 -79
15 -78
15 -78
15 -78
15 -77
15 -77
15 -76
15 -77
15 -78
15 -78
15 -78
15 -76
15 -76
15 -70
15 -76
15 -76
15 -76
15 -76
15 -76
15 -76
15 -78
15 -78
15 -76
15 -77
15 -77
15 -78
15 -77
15 -77
15 -77
15 -72
15 -76
15 -76
15 -76
15 -76
15 -76
15 -76
15 -76
15 -77
15 -77
15 -77
15 -76
15 -64
15 -77
15 -77
15 -77
15 -76
15 -77
15 -77
15 -77
15 -78
15 -71
15 -78
15 -78
15 -77
15 -77
15 -78
15 -78
15 -78
15 -77
15 -76
15 -76
15 -76
15 -76
15 -76
15 -76
15 -76
15 -76
15 -77
15 -77
15 -78
15 -78
15 -78
15 -79
15 -78
15 -78
15 -78
15 -78
15 -78
15 -78
15 -76
15 -76
15 -76
15 -76
15 -76
15 -77
15 -78
15 -77
15 -49
15 -78
15 -77
15 -77
15 -78
15 -77
15 -77
15 -77
15 -78
15 -77
15 -77
15 -75
15 -77
15 -76
15 -76
15 -76
15 -76
15 -76
15 -76
15 -76
15 -76
15 -76
15 -76
15 -76
15 -76
15 -77
15 -76
15 -78
15 -77
15 -78
15 -78
15 -78
15 -78
15 -78
15 -78
15 -79
15 -78
16 -72
16 -73
16 -72
16 -72
16 -72
16 -72
16 -73
16 -72
16 -72
16 -72
16 -72
16 -72
16 -72
16 -72
16 -72
16 -73
16 -73
16 -72
16 -72
16 -72
16 -72
16 -73
16 -72
16 -72
16 -72
16 -72
16 -72
16 -72
16 -72
16 -72
16 -71
16 -70
16 -72
16 -71
16 -72
16 -72
16 -72
16 -72
16 -73
16 -72
16 -72
16 -71
16 -72
16 -72
16 -73
16 -73
16 -72
16 -73
16 -73
16 -74
16 -74
16 -74
16 -73
16 -73
16 -73
16 -73
16 -74
16 -73
16 -74
16 -73
16 -74
16 -74
16 -76
16 -77
16 -78
16 -76
16 -73
16 -72
16 -72
16 -72
16 -72
16 -71
16 -72
16 -72
16 -72
16 -72
16 -72
16 -72
16 -72
16 -72
16 -72
16 -72
16 -72
16 -72
16 -72
16 -72
16 -73
16 -72
16 -73
16 -73
16 -73
16 -72
16 -65
16 -72
16 -72
16 -73
16 -73
16 -73
16 -73
16 -73
16 -73
16 -74
16 -73
16 -73
16 -73
16 -73
16 -73
16 -73
16 -73
16 -72
16 -73
16 -72
16 -73
16 -73
16 -72
16 -73
16 -73
16 -73
16 -74
16 -73
16 -73
16 -73
16 -73
16 -73
16 -74
16 -73
16 -73
16 -74
16 -73
16 -72
16 -72
16 -73
16 -73
16 -72
16 -73
16 -72
16 -72
16 -72
16 -72
16 -72
16 -72
16 -72
16 -71
16 -71
16 -72
16 -72
16 -71
16 -71
16 -72
16 -71
16 -72
16 -71
16 -72
16 -72
16 -71
16 -72
16 -72
16 -72
16 -72
16 -72
16 -72
16 -71
16 -72
16 -72
16 -72
16 -72
16 -71
16 -71
16 -48
16 -72
16 -72
16 -47
16 -71
16 -72
16 -68
16 -72
16 -71
16 -70
16 -60
16 -71
16 -70
16 -72
16 -72
16 -71
16 -72
16 -72
16 -72
16 -72
16 -72
16 -72
16 -72
16 -72
16 -72
16 -72
16 -72
16 -72
16 -72
16 -72
16 -72
16 -71
16 -72
16 -71
16 -71
16 -72
16 -72
16 -72
16 -72
16 -72
16 -72
16 -72
16 -72
16 -72
16 -72
16 -72
16 -72
16 -72
16 -72
16 -72
16 -66
16 -72
16 -72
16 -72
16 -72
16 -71
16 -31
16 -72
16 -72
16 -72
16 -72
16 -72
16 -72
16 -72
16 -72
16 -72
16 -72
16 -71
16 -72
16 -72
16 -72
16 -72
16 -71
16 -72
16 -72
16 -71
16 -72
16 -72
16 -72
16 -72
16 -72
16 -72
16 -72
16 -72
16 -72
16 -72
16 -72
16 -72
16 -72
16 -72
16 -72
16 -73
16 -73
16 -72
16 -72
16 -72
16 -73
16 -73
16 -61
16 -73
16 -73
16 -72
16 -72
16 -73
16 -73
16 -72
16 -72
16 -73
16 -73
16 -72
16 -49
16 -72
16 -72
16 -73
16 -73
16 -72
16 -72
16 -73
16 -72
16 -73
16 -72
16 -73
16 -72
16 -73
16 -73
16 -73
16 -73
17 -81
17 -81
17 -81
17 -81
17 -81
17 -82
17 -82
17 -82
17 -83
17 -82
17 -82
17 -81
17 -81
17 -65
17 -82
17 -83
17 -83
17 -84
17 -83
17 -84
17 -82
17 -65
17 -86
17 -78
17 -84
17 -85
17 -85
17 -84
17 -84
17 -83
17 -83
17 -82
17 -81
17 -81
17 -80
17 -80
17 -80
17 -70
17 -83
17 -84
17 -84
17 -86
17 -85
17 -86
17 -85
17 -86
17 -84
17 -84
17 -84
17 -84
17 -84
17 -72
17 -85
17 -85
17 -84
17 -85
17 -84
17 -85
17 -86
17 -88
17 -87
17 -86
18 -78
18 -77
18 -77
18 -74
18 -77
18 -77
18 -76
18 -78
18 -76
18 -78
18 -77
18 -78
18 -78
18 -76
18 -77
18 -77
18 -77
18 -78
18 -76
18 -78
18 -78
18 -76
18 -71
18 -77
18 -78
18 -78
18 -78
18 -77
18 -78
18 -77
18 -71
18 -77
18 -77
18 -79
18 -78
18 -78
18 -52
18 -77
18 -78
18 -77
18 -77
18 -76
18 -78
18 -77
18 -76
18 -77
18 -45
18 -77
18 -54
18 -76
18 -77
18 -77
18 -77
18 -77
18 -76
18 -76
18 -76
18 -77
18 -80
18 -81
18 -81
18 -79
18 -78
18 -78
18 -78
18 -79
18 -78
18 -78
18 -78
18 -78
18 -78
18 -78
18 -78
18 -52
18 -78
18 -78
18 -76
18 -78
18 -78
18 -78
18 -77
18 -77
18 -78
18 -80
18 -82
18 -81
18 -82
18 -82
18 -82
18 -81
18 -78
18 -81
18 -81
18 -80
18 -57
18 -81
18 -81
18 -80
18 -80
18 -79
18 -80
18 -80
18 -79
18 -79
18 -79
18 -78
18 -81
18 -81
18 -48
18 -81
18 -81
18 -79
18 -80
18 -79
18 -71
18 -78
18 -79
18 -78
18 -77
18 -76
18 -76
18 -76
18 -76
18 -76
18 -77
18 -77
18 -78
18 -78
18 -79
18 -80
18 -80
18 -79
18 -78
18 -51
18 -77
18 -77
18 -78
18 -78
18 -77
18 -77
18 -76
18 -76
18 -76
18 -76
18 -76
18 -76
18 -77
18 -77
18 -77
18 -78
18 -59
18 -78
18 -78
18 -78
18 -78
18 -78
18 -78
18 -78
18 -78
18 -78
18 -78
18 -78
18 -75
18 -81
18 -73
18 -78
18 -81
18 -81
18 -82
18 -81
18 -81
18 -57
18 -82
18 -82
18 -82
18 -82
18 -81
18 -80
18 -80
18 -82
18 -81
18 -80
18 -81
18 -80
18 -81
18 -80
18 -81
18 -79
18 -81
18 -81
18 -80
18 -80
18 -80
18 -81
18 -81
18 -81
18 -82
18 -79
18 -80
18 -77
18 -79
18 -80
18 -80
18 -80
18 -78
18 -81
18 -82
18 -73
18 -82
18 -82
18 -82
18 -82
18 -81
18 -79
18 -80
18 -79
18 -78
18 -79
18 -79
18 -78
18 -78
18 -78
18 -78
18 -78
18 -79
18 -78
18 -79
18 -80
18 -79
18 -82
18 -82
18 -83
18 -83
18 -83
18 -83
19 -75
19 -74
19 -75
19 -75
19 -75
19 -75
19 -75
19 -76
19 -76
19 -76
19 -76
19 -77
19 -75
19 -79
19 -78
19 -78
19 -78
19 -78
19 -77
19 -77
19 -77
19 -78
19 -78
19 -77
19 -76
19 -76
19 -74
19 -74
19 -74
19 -73
19 -72
19 -72
19 -74
19 -74
19 -76
19 -76
19 -75
19 -75
19 -75
19 -75
19 -76
19 -77
19 -77
19 -78
19 -78
19 -78
19 -78
19 -76
19 -77
19 -77
19 -78
19 -78
19 -78
19 -76
19 -77
19 -78
19 -80
19 -83
19 -82
19 -79
19 -78
19 -77
19 -79
19 -80
19 -79
19 -76
19 -77
19 -66
19 -77
19 -76
19 -77
19 -77
19 -76
19 -76
19 -75
19 -75
19 -74
19 -75
19 -75
19 -75
19 -74
19 -74
19 -74
19 -74
19 -74
19 -73
19 -73
19 -73
19 -63
19 -72
19 -72
19 -50
19 -72
19 -72
19 -72
19 -72
19 -73
19 -73
19 -73
19 -74
19 -74
19 -74
19 -75
19 -75
19 -75
19 -75
19 -75
19 -75
19 -75
19 -75
19 -75
19 -75
19 -75
19 -75
19 -48
19 -74
19 -74
19 -74
19 -73
19 -73
19 -73
19 -73
19 -73
19 -74
19 -73
19 -73
19 -73
19 -73
19 -74
19 -74
19 -74
19 -74
19 -75
19 -74
19 -74
19 -74
19 -75
19 -73
19 -75
19 -75
19 -76
19 -76
19 -76
19 -75
19 -76
19 -76
19 -76
19 -76
19 -76
19 -76
19 -75
19 -75
19 -75
19 -75
19 -49
19 -49
19 -74
19 -74
19 -74
19 -74
19 -74
19 -75
19 -76
19 -76
19 -77
19 -77
19 -78
19 -76
19 -67
19 -76
19 -75
19 -76
19 -77
19 -78
19 -78
19 -76
19 -76
19 -76
19 -75
19 -74
19 -74
19 -74
19 -49
19 -73
19 -74
19 -75
19 -75
19 -76
19 -76
19 -76
19 -76
19 -75
19 -74
19 -74
19 -74
19 -74
19 -74
19 -74
19 -75
19 -75
19 -75
19 -75
19 -76
19 -76
19 -75
19 -75
19 -75
19 -75
19 -76
19 -75
19 -76
19 -76
19 -76
19 -76
19 -76
19 -76
19 -76
19 -76
19 -76
19 -65
19 -76
19 -76
19 -76
19 -75
19 -76
19 -76
19 -76
19 -75
19 -76
19 -76
19 -75
19 -75
19 -75
19 -75
19 -76
19 -76
19 -75
19 -76
19 -76
19 -76
19 -76
19 -75
19 -75
19 -75
19 -75
19 -74
19 -73
19 -75
19 -70
19 -74
19 -75
19 -76
19 -75
19 -75
19 -76
19 -76
19 -48
19 -76
19 -76
19 -75
19 -76
19 -75
19 -76
19 -75
19 -75
19 -75
19 -75
19 -75
19 -75
19 -75
19 -75
19 -75
19 -75
19 -74
19 -75
19 -74
19 -74
19 -75
19 -75
19 -75
19 -75
19 -75
19 -75
19 -76
19 -76
19 -76
19 -76
19 -76
19 -76
19 -76
19 -76
19 -76
19 -76
20 -59
20 -77
20 -76
20 -77
20 -77
20 -77
20 -77
20 -77
20 -77
20 -77
20 -78
20 -78
20 -78
20 -78
20 -78
20 -78
20 -78
20 -78
20 -78
20 -78
20 -74
20 -77
20 -78
20 -78
20 -78
20 -80
20 -82
20 -80
20 -80
20 -67
20 -73
20 -81
20 -78
20 -82
20 -83
20 -79
20 -80
20 -81
20 -78
20 -76
20 -83
20 -85
20 -83
20 -46
20 -82
20 -81
20 -80
20 -79
20 -79
20 -79
20 -78
20 -77
20 -81
20 -84
21 -79
21 -78
21 -78
21 -78
21 -78
21 -78
21 -78
21 -78
21 -78
21 -78
21 -77
21 -78
21 -80
21 -81
21 -82
21 -83
21 -83
21 -82
21 -82
21 -82
21 -78
21 -78
21 -78
21 -77
21 -78
21 -76
21 -76
21 -76
21 -75
21 -76
21 -76
21 -76
21 -79
21 -79
21 -70
21 -76
21 -76
21 -77
21 -77
21 -79
21 -82
21 -81
21 -79
21 -84
21 -79
21 -56
21 -76
21 -75
21 -76
21 -75
21 -75
21 -74
21 -73
21 -74
21 -74
21 -74
21 -73
21 -73
21 -73
21 -73
21 -74
21 -74
21 -73
21 -73
21 -74
21 -74
21 -74
21 -71
21 -74
21 -74
21 -72
21 -74
21 -73
21 -74
21 -73
21 -60
21 -73
21 -74
21 -74
21 -74
21 -74
21 -74
21 -73
21 -73
21 -73
21 -73
21 -73
21 -74
21 -73
21 -74
21 -74
21 -74
21 -74
21 -75
21 -74
21 -74
21 -75
21 -74
21 -75
21 -74
21 -75
21 -74
21 -74
21 -74
21 -74
21 -74
21 -73
21 -74
21 -74
21 -73
21 -49
21 -73
21 -73
21 -74
21 -73
21 -73
21 -73
21 -74
21 -73
21 -74
21 -74
21 -75
21 -76
21 -75
21 -75
21 -75
21 -75
21 -75
21 -74
21 -74
21 -75
21 -75
21 -74
21 -74
21 -76
21 -76
21 -76
21 -76
21 -75
21 -75
21 -76
21 -76
21 -76
21 -76
21 -75
21 -76
21 -76
21 -76
21 -75
21 -76
21 -76
21 -76
21 -77
21 -48
21 -76
21 -76
21 -77
21 -77
21 -77
21 -76
21 -76
21 -76
21 -76
21 -76
21 -75
21 -75
21 -75
21 -75
21 -58
21 -74
21 -74
21 -74
21 -74
21 -74
21 -75
21 -75
21 -75
21 -75
21 -75
21 -74
21 -75
21 -75
21 -75
21 -74
21 -74
21 -74
21 -74
21 -74
21 -74
21 -74
21 -74
21 -74
21 -74
21 -74
21 -74
21 -72
21 -74
21 -74
21 -74
21 -72
21 -74
21 -75
21 -74
21 -74
21 -74
21 -74
21 -73
21 -74
21 -73
21 -74
21 -74
21 -74
21 -72
21 -73
21 -73
21 -73
21 -73
21 -73
21 -73
21 -74
21 -75
21 -74
21 -75
21 -75
21 -74
21 -74
21 -74
21 -83
21 -74
21 -73
21 -73
21 -73
21 -72
21 -73
21 -72
21 -73
21 -73
21 -73
21 -73
21 -73
21 -73
21 -73
21 -73
21 -74
21 -73
21 -73
21 -74
21 -74
21 -74
21 -73
21 -73
21 -73
21 -73
21 -73
21 -73
21 -73
21 -72
21 -72
21 -73
21 -73
21 -73
21 -73
21 -73
21 -72
21 -73
21 -73
21 -73
21 -73
21 -73
21 -73
21 -73
21 -73
21 -74
21 -74
21 -74
21 -74
21 -74
22 -85
23 -86
23 -84
23 -81
23 -82
23 -83
23 -83
23 -82
23 -84
23 -84
23 -85
23 -77
23 -75
23 -78
23 -78
23 -76
23 -78
23 -78
23 -77
23 -76
23 -78
23 -78
23 -76
23 -78
23 -77
23 -78
23 -78
23 -75
23 -78
23 -78
23 -78
23 -78
23 -78
23 -78
23 -78
23 -78
23 -74
23 -78
23 -78
23 -80
23 -79
23 -79
23 -79
23 -78
23 -79
23 -78
23 -78
23 -78
23 -78
23 -78
23 -78
23 -77
23 -78
23 -78
23 -78
23 -79
23 -78
23 -78
23 -78
23 -78
23 -78
23 -78
23 -78
23 -78
23 -78
23 -78
23 -79
23 -79
23 -78
23 -78
23 -78
23 -78
23 -78
23 -78
23 -78
23 -78
23 -78
23 -78
23 -78
23 -77
23 -78
23 -77
23 -77
23 -77
23 -76
23 -77
23 -77
23 -77
23 -73
23 -75
23 -76
23 -77
23 -78
23 -78
23 -78
23 -78
23 -78
23 -78
23 -78
23 -78
23 -78
23 -78
23 -79
23 -80
23 -79
23 -69
23 -78
23 -78
23 -77
23 -77
23 -48
23 -77
23 -77
23 -78
23 -79
23 -78
23 -78
23 -78
23 -78
23 -78
23 -78
23 -70
23 -77
23 -76
23 -78
23 -77
23 -77
23 -78
23 -76
23 -77
23 -76
23 -76
23 -76
23 -76
23 -76
23 -77
23 -78
23 -78
23 -79
23 -79
23 -79
23 -79
23 -64
23 -66
23 -78
23 -78
23 -79
23 -78
23 -78
23 -76
23 -78
23 -65
23 -78
23 -78
23 -78
23 -78
23 -78
23 -79
23 -78
23 -79
23 -78
23 -79
23 -79
23 -78
23 -79
23 -79
23 -79
23 -78
23 -78
23 -78
23 -78
23 -78
23 -78
23 -78
23 -77
23 -78
23 -77
23 -78
23 -78
23 -78
23 -78
23 -78
23 -76
23 -80
23 -80
23 -79
23 -80
23 -76
23 -82
23 -81
23 -76
23 -79
23 -79
23 -80
23 -79
23 -80
23 -48
23 -80
23 -79
23 -79
23 -80
23 -80
23 -80
23 -78
23 -81
23 -81
23 -81
23 -80
23 -80
23 -80
23 -79
23 -79
23 -79
23 -78
23 -78
23 -78
23 -76
23 -78
23 -78
23 -78
24 -87
26 -84
26 -82
26 -84
26 -83
26 -83
26 -69
26 -82
26 -82
26 -82
26 -83
26 -83
26 -82
26 -82
29 -72
29 -67
29 -56
29 -76
29 -76
29 -76
29 -76
29 -74
29 -76
29 -76
29 -76
29 -76
29 -76
29 -76
29 -75
29 -58
29 -76
29 -74
29 -74
29 -73
29 -69
29 -73
29 -73
29 -69
29 -74
29 -75
29 -73
29 -73
29 -74
29 -75
29 -85
29 -75
29 -76
29 -77
29 -76
29 -76
29 -77
29 -80
29 -60
29 -81
29 -79
29 -49
29 -74
29 -74
29 -76
29 -78
29 -83
29 -80
29 -51
29 -79
29 -78
29 -76
29 -76
29 -76
29 -76
29 -76
29 -76
29 -76
29 -77
29 -76
29 -75
29 -78
29 -79
29 -82
29 -83
29 -82
29 -81
29 -78
29 -80
29 -80
29 -80
29 -81
29 -80
29 -79
29 -48
29 -79
29 -77
29 -78
29 -78
29 -79
29 -79
29 -80
29 -80
29 -80
29 -80
29 -80
29 -79
29 -79
29 -76
29 -78
29 -79
29 -79
29 -79
29 -79
29 -79
29 -80
29 -78
29 -78
29 -78
29 -78
29 -78
29 -78
29 -78
29 -78
29 -79
29 -80
29 -81
29 -83
29 -82
29 -81
29 -80
29 -80
29 -80
29 -80
29 -80
29 -81
29 -81
29 -81
29 -82
29 -81
29 -48
29 -81
29 -82
29 -82
29 -83
29 -83
29 -82
29 -82
29 -81
29 -81
29 -81
29 -81
29 -49
29 -83
29 -83
29 -82
29 -83
29 -49
29 -79
29 -84
29 -83
29 -83
29 -83
29 -82
29 -83
29 -82
29 -80
29 -79
29 -81
29 -81
29 -81
29 -82
29 -82
29 -82
29 -81
29 -78
29 -79
29 -78
29 -79
29 -78
29 -77
29 -78
29 -77
29 -77
29 -78
29 -78
29 -78
29 -77
29 -78
29 -78
29 -78
29 -72
29 -78
29 -78
29 -57
29 -78
29 -78
29 -45
29 -78
29 -78
29 -78
29 -78
29 -79
29 -81
29 -81
29 -82
29 -81
29 -81
29 -81
29 -81
29 -80
29 -80
29 -79
29 -78
29 -76
29 -76
29 -78
29 -78
29 -78
29 -79
29 -79
29 -78
29 -78
29 -78
29 -78
29 -78
29 -78
29 -78
29 -78
29 -78
29 -78
29 -78
29 -78
29 -78
29 -78
29 -78
29 -78
29 -78
29 -77
29 -78
29 -73
29 -78
29 -76
29 -78
29 -78
29 -77
29 -72
29 -76
30 -83
30 -84
30 -83
30 -83
30 -84
30 -84
30 -85
30 -86
30 -84
30 -83
30 -83
30 -83
30 -83
30 -84
30 -83
30 -84
30 -83
30 -83
30 -82
30 -78
30 -83
30 -82
30 -83
30 -83
30 -84
30 -85
30 -80
30 -83
30 -84
30 -84
30 -86
30 -84
30 -84
30 -84
30 -84
30 -85
30 -83
30 -83
30 -83
30 -82
30 -81
30 -82
30 -82
30 -83
30 -84
30 -84
30 -84
30 -83
30 -83
30 -48
30 -83
30 -83
30 -83
30 -83
30 -83
31 -84
31 -84
31 -84
31 -83
31 -40
31 -83
31 -82
31 -80
31 -80
31 -80
31 -80
31 -76
31 -80
31 -80
31 -81
31 -81
31 -83
31 -82
31 -82
31 -74
31 -83
31 -78
31 -81
31 -80
31 -79
31 -78
31 -76
31 -78
31 -80
31 -83
31 -83
31 -82
31 -81
31 -78
31 -80
31 -81
31 -81
31 -80
31 -80
31 -80
31 -80
31 -80
31 -80
31 -48
31 -50
31 -80
31 -80
31 -79
31 -72
31 -81
31 -83
31 -80
31 -80
31 -81
31 -80
31 -82
31 -85
31 -85
31 -75
31 -83
31 -84
31 -81
31 -82
31 -82
31 -82
31 -84
31 -83
32 -82
32 -83
32 -84
32 -83
32 -84
32 -84
32 -86
32 -84
32 -83
32 -82
32 -82
32 -82
32 -84
32 -83
32 -82
32 -82
32 -82
32 -81
32 -81
32 -81
32 -81
32 -81
32 -81
32 -82
32 -82
32 -82
32 -83
32 -83
32 -82
32 -78
32 -83
32 -86
32 -81
32 -83
32 -82
32 -83
32 -82
32 -83
32 -81
32 -82
32 -82
32 -82
32 -82
32 -81
32 -81
32 -81
32 -80
32 -81
32 -81
32 -82
32 -82
32 -81
32 -84
32 -83
32 -83
32 -82
32 -82
32 -83
32 -83
32 -83
32 -65
32 -58
32 -56
32 -84
32 -82
32 -82
32 -82
32 -83
32 -83
32 -82
32 -82
32 -82
32 -81
32 -81
32 -81
32 -81
32 -80
32 -82
32 -82
32 -83
32 -79
32 -79
32 -82
32 -83
32 -82
32 -82
32 -76
32 -83
32 -82
32 -74
32 -83
32 -83
32 -83
32 -84
32 -84
32 -83
32 -79
32 -84
32 -84
32 -85
34 -56
34 -72
34 -86
34 -82
34 -84
34 -83
34 -81
34 -85
34 -86
34 -83
34 -86
34 -86
34 -86
35 -66
35 -87
36 -84
36 -84
36 -84
36 -84
36 -84
36 -84
36 -82
36 -83
36 -85
36 -81
36 -84
36 -83
36 -83
36 -80
36 -83
36 -83
36 -83
36 -83
36 -84
36 -87
36 -87
36 -84
36 -70
36 -48
36 -85
36 -83
36 -84
36 -84
36 -84
36 -85
36 -85
36 -84
36 -86
36 -86
36 -87
37 -83
37 -83
37 -83
37 -84
37 -84
37 -83
37 -83
37 -44
37 -83
37 -82
37 -84
37 -84
37 -83
37 -82
37 -42
37 -81
37 -80
37 -80
37 -80
37 -81
37 -82
37 -82
37 -76
37 -66
37 -83
37 -84
37 -84
37 -83
37 -82
37 -79
37 -83
37 -83
37 -84
37 -84
37 -73
37 -85
37 -85
37 -85
37 -83
37 -84
37 -80
37 -83
37 -83
37 -84
37 -83
37 -53
37 -82
37 -82
37 -80
37 -83
37 -83
37 -83
37 -48
37 -83
37 -82
37 -83
37 -83
37 -83
37 -84
37 -84
37 -84
37 -64
37 -83
37 -84
37 -84
37 -83
37 -83
37 -84
37 -84
37 -83
37 -84
37 -84
37 -83
37 -83
37 -83
37 -84
37 -84
37 -83
37 -84
37 -84
37 -83
37 -83
37 -84
37 -83
37 -74
37 -84
37 -84
37 -83
37 -84
37 -84
37 -84
37 -84
37 -84
37 -73
37 -84
37 -83
37 -84
37 -85
37 -84
37 -83
37 -83
37 -84
37 -84
37 -84
37 -84
37 -80
37 -84
37 -76
37 -83
37 -83
37 -83
38 -82
38 -82
38 -77
38 -82
38 -82
38 -82
38 -82
38 -82
38 -82
38 -82
38 -82
38 -82
38 -82
38 -83
38 -83
38 -83
38 -83
38 -57
38 -82
38 -82
38 -81
38 -81
38 -82
38 -80
38 -81
38 -81
38 -81
38 -50
38 -81
38 -80
38 -80
38 -80
38 -79
38 -79
38 -79
38 -79
38 -79
38 -79
38 -80
38 -63
38 -80
38 -80
38 -70
38 -79
38 -80
38 -80
38 -81
38 -80
38 -81
38 -82
38 -84
38 -81
38 -72
38 -82
38 -83
38 -82
38 -84
38 -73
38 -81
38 -82
38 -81
38 -81
38 -81
38 -81
38 -81
38 -80
38 -80
38 -80
38 -81
38 -80
38 -80
38 -81
38 -80
38 -81
38 -80
38 -81
38 -81
38 -81
38 -81
38 -82
38 -82
38 -82
38 -80
38 -81
38 -81
38 -81
38 -81
38 -82
38 -81
38 -81
38 -82
38 -81
38 -82
38 -82
38 -83
38 -83
38 -82
38 -82
38 -79
38 -82
38 -82
38 -82
38 -82
38 -81
38 -82
38 -82
38 -81
38 -81
38 -81
38 -80
38 -79
38 -79
38 -77
38 -80
38 -80
38 -82
38 -82
38 -83
38 -84
38 -83
38 -84
38 -83
38 -83
38 -84
38 -83
38 -83
38 -82
38 -82
38 -83
38 -84
38 -75
38 -83
38 -48
38 -82
38 -81
38 -81
38 -81
38 -80
38 -80
38 -81
38 -80
38 -80
38 -81
38 -81
38 -81
38 -80
38 -80
38 -70
38 -81
38 -81
38 -79
38 -81
38 -81
38 -81
38 -81
38 -82
38 -82
38 -82
38 -81
38 -82
38 -83
38 -82
38 -83
38 -82
38 -83
38 -79
38 -78
38 -82
38 -82
38 -82
38 -81
38 -81
38 -75
38 -80
38 -81
38 -81
38 -81
38 -80
38 -81
38 -81
38 -81
38 -81
38 -80
38 -70
38 -80
38 -72
38 -81
38 -81
38 -81
38 -81
38 -82
38 -81
38 -81
38 -81
38 -72
38 -81
38 -81
38 -81
38 -81
38 -81
38 -81
38 -81
38 -80
38 -77
40 -82
40 -81
40 -82
40 -82
40 -82
40 -80
40 -81
40 -82
40 -81
40 -80
40 -81
40 -81
40 -81
40 -82
40 -83
40 -84
40 -83
40 -83
40 -82
40 -83
40 -82
40 -84
40 -83
40 -83
40 -82
40 -82
40 -80
40 -78
40 -70
40 -80
40 -81
40 -82
40 -80
40 -82
40 -83
40 -82
40 -82
40 -83
40 -83
40 -81
40 -82
40 -82
40 -83
40 -80
40 -80
40 -80
40 -80
40 -80
40 -80
40 -80
40 -82
40 -81
40 -81
40 -80
40 -81
40 -81
40 -81
40 -83
40 -82
40 -83
40 -82
40 -81
40 -80
40 -81
40 -81
40 -82
40 -81
40 -82
40 -82
40 -82
40 -82
40 -81
40 -81
40 -82
40 -82
40 -81
40 -80
40 -81
40 -80
40 -81
40 -80
40 -81
40 -80
40 -81
40 -80
40 -75
40 -80
40 -80
40 -80
40 -81
40 -81
40 -81
40 -81
40 -73
40 -82
40 -82
40 -82
40 -81
40 -81
40 -82
40 -82
40 -82
40 -81
40 -74
40 -80
40 -80
40 -80
40 -80
40 -81
40 -78
40 -80
40 -81
40 -58
40 -80
40 -44
40 -79
40 -58
40 -79
40 -82
40 -82
40 -82
40 -82
40 -81
40 -81
40 -82
40 -81
40 -81
40 -78
40 -71
40 -81
40 -81
40 -80
40 -80
40 -79
40 -78
40 -79
40 -79
40 -80
40 -80
40 -80
40 -79
40 -80
40 -80
40 -80
40 -80
40 -80
40 -81
40 -80
40 -80
40 -80
40 -48
40 -80
40 -80
40 -80
40 -80
40 -80
40 -81
40 -81
40 -81
40 -81
40 -81
40 -81
40 -81
40 -80
40 -80
40 -80
40 -82
40 -81
40 -81
40 -81
40 -82
40 -80
40 -80
40 -80
40 -79
40 -80
40 -81
40 -80
40 -81
40 -79
40 -81
40 -81
40 -82
40 -82
40 -81
40 -80
40 -80
40 -80
40 -80
40 -79
40 -80
40 -81
40 -81
40 -81
40 -81
40 -83
40 -83
40 -83
40 -83
40 -83
40 -81
40 -82
40 -82
40 -81
40 -81
40 -81
40 -81
40 -80
40 -81
40 -81
40 -80
40 -81
40 -81
40 -80
40 -81
40 -81
40 -81
40 -71
40 -81
40 -81
40 -81
40 -82
40 -81
40 -81
40 -82
40 -81
40 -82
40 -81
40 -81
40 -81
40 -81
40 -81
40 -80
40 -75
40 -81
41 -83
41 -83
41 -84
41 -82
41 -82
41 -80
41 -80
41 -81
41 -81
41 -81
41 -80
41 -79
41 -80
41 -80
41 -80
41 -79
41 -79
41 -80
41 -80
41 -82
41 -82
41 -82
41 -81
41 -79
41 -81
41 -81
41 -78
41 -77
41 -81
41 -84
41 -80
41 -82
41 -79
41 -78
41 -77
41 -76
41 -75
41 -75
41 -75
41 -76
41 -76
41 -76
41 -76
41 -76
41 -77
41 -78
41 -78
41 -76
41 -76
41 -77
41 -76
41 -77
41 -78
41 -78
41 -82
41 -82
41 -82
41 -83
41 -84
41 -84
41 -81
41 -67
41 -80
41 -50
41 -80
41 -71
41 -80
41 -79
41 -79
41 -79
41 -80
41 -81
41 -80
41 -79
41 -80
41 -80
41 -80
41 -79
41 -79
41 -80
41 -80
41 -80
41 -81
41 -81
41 -81
41 -82
41 -72
41 -78
41 -79
41 -79
41 -80
41 -80
41 -80
41 -83
41 -84
41 -83
41 -83
41 -81
41 -80
41 -80
41 -81
41 -80
41 -79
41 -80
41 -80
41 -80
41 -81
41 -81
41 -79
41 -79
41 -48
41 -82
41 -82
41 -68
41 -82
41 -49
41 -82
41 -81
41 -81
41 -68
41 -80
41 -80
41 -79
41 -78
41 -78
41 -78
41 -78
41 -78
41 -78
41 -78
41 -78
41 -78
41 -78
41 -78
41 -78
41 -78
41 -78
41 -79
41 -70
41 -78
41 -78
41 -78
41 -75
41 -78
41 -78
41 -78
41 -78
41 -78
41 -70
41 -78
41 -78
41 -78
41 -78
41 -78
41 -78
41 -78
41 -78
41 -78
41 -78
41 -78
41 -78
41 -79
41 -78
41 -79
41 -78
41 -79
41 -80
41 -80
41 -81
41 -82
41 -82
41 -81
41 -81
41 -81
41 -80
41 -79
41 -79
41 -80
41 -78
41 -79
41 -79
41 -80
41 -80
41 -81
41 -81
41 -79
41 -78
41 -78
41 -78
41 -79
41 -79
41 -78
41 -78
41 -79
41 -50
41 -78
41 -79
41 -79
41 -78
41 -78
41 -78
41 -78
41 -78
41 -79
41 -79
41 -79
41 -80
41 -79
41 -49
41 -79
41 -79
41 -79
41 -78
41 -78
41 -78
41 -78
41 -78
41 -79
41 -78
41 -78
41 -78
41 -78
41 -78
41 -78
41 -48
42 -76
42 -76
42 -76
42 -76
42 -77
42 -76
42 -76
42 -77
42 -76
42 -76
42 -76
42 -76
42 -76
42 -76
42 -75
42 -75
42 -75
42 -74
42 -73
42 -73
42 -72
42 -72
42 -72
42 -72
42 -72
42 -72
42 -72
42 -73
42 -73
42 -73
42 -75
42 -75
42 -75
42 -79
42 -80
42 -82
42 -82
42 -80
42 -80
42 -82
42 -81
42 -81
42 -48
42 -78
42 -76
42 -75
42 -73
42 -74
42 -73
42 -73
42 -75
42 -76
42 -74
42 -74
42 -74
42 -75
42 -75
42 -78
42 -78
42 -82
42 -83
42 -80
42 -84
42 -81
42 -80
42 -78
42 -77
42 -76
42 -78
42 -64
42 -78
42 -77
42 -76
42 -76
42 -76
42 -76
42 -77
42 -76
42 -76
42 -76
42 -76
42 -77
42 -76
42 -78
42 -77
42 -76
42 -75
42 -76
42 -76
42 -76
42 -76
42 -76
42 -75
42 -74
42 -74
42 -73
42 -73
42 -73
42 -73
42 -72
42 -72
42 -73
42 -73
42 -73
42 -73
42 -73
42 -72
42 -72
42 -72
42 -72
42 -72
42 -72
42 -73
42 -72
42 -71
42 -73
42 -73
42 -74
42 -73
42 -74
42 -73
42 -74
42 -74
42 -73
42 -74
42 -72
42 -74
42 -74
42 -75
42 -63
42 -76
42 -77
42 -77
42 -78
42 -76
42 -77
42 -78
42 -76
42 -78
42 -77
42 -78
42 -78
42 -78
42 -78
42 -78
42 -77
42 -77
42 -77
42 -76
42 -76
42 -76
42 -75
42 -76
42 -75
42 -75
42 -74
42 -73
42 -74
42 -73
42 -73
42 -73
42 -73
42 -73
42 -73
42 -74
42 -74
42 -75
42 -77
42 -78
42 -77
42 -78
42 -78
42 -78
42 -78
42 -79
42 -80
42 -80
42 -81
42 -81
42 -81
42 -80
42 -80
42 -80
42 -79
42 -78
42 -76
42 -78
42 -78
42 -57
42 -78
42 -77
42 -77
42 -75
42 -71
42 -74
42 -74
42 -74
42 -73
42 -74
42 -69
42 -74
42 -75
42 -74
42 -74
42 -74
42 -72
42 -73
42 -73
42 -72
42 -72
42 -73
42 -73
42 -74
42 -74
42 -73
42 -74
42 -75
42 -75
42 -75
42 -75
42 -76
42 -76
42 -76
42 -79
42 -80
42 -78
42 -79
42 -79
42 -80
42 -80
42 -79
42 -80
42 -78
42 -78
42 -76
42 -76
42 -75
42 -76
42 -76
42 -75
42 -49
42 -74
42 -74
42 -74
42 -74
42 -74
42 -74
42 -74
42 -74
42 -74
42 -74
42 -74
42 -74
42 -74
42 -75
42 -75
42 -75
42 -75
42 -75
42 -75
42 -75
42 -73
42 -75
42 -75
42 -73
42 -73
42 -74
42 -74
42 -74
42 -73
42 -73
42 -73
42 -73
42 -73
42 -72
42 -72
42 -72
42 -72
42 -73
43 -75
43 -75
43 -75
43 -75
43 -75
43 -75
43 -75
43 -75
43 -76
43 -76
43 -76
43 -76
43 -77
43 -78
43 -78
43 -80
43 -79
43 -80
43 -80
43 -80
43 -80
43 -80
43 -81
43 -78
43 -78
43 -75
43 -75
43 -72
43 -73
43 -70
43 -72
43 -70
43 -72
43 -74
43 -71
43 -70
43 -70
43 -70
43 -70
43 -70
43 -71
43 -71
43 -72
43 -73
43 -72
43 -75
43 -76
43 -77
43 -79
43 -81
43 -78
43 -77
43 -77
43 -75
43 -75
43 -74
43 -73
43 -74
43 -74
43 -75
43 -75
43 -76
43 -79
43 -51
43 -70
43 -72
43 -76
43 -66
43 -78
43 -77
43 -79
43 -82
43 -84
43 -84
43 -82
43 -80
43 -81
43 -80
43 -79
43 -80
43 -80
43 -80
43 -80
43 -80
43 -48
43 -79
43 -78
43 -78
43 -78
43 -78
43 -79
43 -79
43 -80
43 -81
43 -82
43 -78
43 -79
43 -80
43 -79
43 -80
43 -80
43 -80
43 -80
43 -80
43 -82
43 -81
43 -80
43 -79
43 -79
43 -78
43 -78
43 -78
43 -78
43 -78
43 -78
43 -77
43 -78
43 -80
43 -80
43 -71
43 -80
43 -80
43 -80
43 -80
43 -78
43 -80
43 -79
43 -77
43 -77
43 -76
43 -76
43 -76
43 -76
43 -77
43 -78
43 -78
43 -79
43 -78
43 -76
43 -83
43 -82
43 -81
43 -80
43 -78
43 -77
43 -49
43 -77
43 -78
43 -78
43 -79
43 -80
43 -84
43 -84
43 -70
43 -83
43 -84
43 -84
43 -82
43 -81
43 -79
43 -79
43 -79
43 -79
43 -79
43 -78
43 -78
43 -78
43 -56
43 -78
43 -78
43 -78
43 -78
43 -78
43 -78
43 -78
43 -80
43 -80
43 -81
43 -80
43 -79
43 -79
43 -79
43 -79
43 -79
43 -78
43 -79
43 -79
43 -79
43 -80
43 -80
43 -80
43 -79
43 -78
43 -77
43 -78
43 -78
43 -78
43 -79
43 -80
43 -81
43 -84
43 -82
43 -82
43 -82
43 -81
43 -82
43 -84
43 -83
43 -81
43 -81
43 -49
43 -78
43 -78
43 -78
43 -78
44 -68
44 -67
44 -68
44 -68
44 -68
44 -68
44 -68
44 -67
44 -67
44 -68
44 -68
44 -68
44 -68
44 -68
44 -68
44 -68
44 -68
44 -70
44 -70
44 -70
44 -70
44 -70
44 -70
44 -70
44 -70
44 -70
44 -70
44 -70
44 -69
44 -69
44 -69
44 -69
44 -70
44 -71
44 -72
44 -71
44 -70
44 -70
44 -70
44 -70
44 -70
44 -70
44 -67
44 -68
44 -66
44 -70
44 -70
44 -70
44 -70
44 -70
44 -70
44 -70
44 -70
44 -69
44 -69
44 -69
44 -69
44 -70
44 -64
44 -73
44 -70
44 -69
44 -70
44 -70
44 -74
44 -77
44 -76
44 -74
44 -75
44 -75
44 -72
44 -72
44 -72
44 -72
44 -72
44 -73
44 -45
44 -73
44 -73
44 -73
44 -74
44 -76
44 -77
44 -78
44 -79
44 -79
44 -78
44 -76
44 -76
44 -76
44 -76
44 -76
44 -76
44 -76
44 -76
44 -75
44 -54
44 -76
44 -76
44 -49
44 -76
44 -76
44 -76
44 -77
44 -77
44 -77
44 -77
44 -78
44 -78
44 -79
44 -78
44 -78
44 -79
44 -79
44 -79
44 -78
44 -78
44 -77
44 -76
44 -76
44 -76
44 -76
44 -76
44 -72
44 -76
44 -76
44 -76
44 -76
44 -76
44 -76
44 -77
44 -77
44 -78
44 -78
44 -79
44 -79
44 -79
44 -80
44 -81
44 -81
44 -83
44 -83
44 -83
44 -83
44 -84
44 -83
44 -81
44 -81
44 -83
44 -77
44 -79
44 -81
44 -82
44 -48
44 -70
44 -80
44 -79
44 -78
44 -78
44 -77
44 -77
44 -78
44 -79
44 -79
44 -79
44 -81
44 -83
44 -84
44 -83
44 -80
44 -79
44 -78
44 -78
44 -76
44 -78
44 -79
44 -80
44 -79
44 -79
44 -79
44 -81
44 -82
44 -83
44 -83
44 -81
44 -77
44 -76
44 -76
44 -76
44 -76
44 -79
44 -79
44 -78
44 -78
44 -79
44 -78
44 -79
44 -79
44 -79
44 -79
44 -78
44 -79
44 -79
44 -80
44 -80
44 -64
44 -81
44 -81
44 -79
44 -79
44 -79
44 -79
44 -78
44 -77
44 -76
44 -78
44 -78
44 -79
44 -81
44 -84
44 -83
44 -83
44 -84
44 -82
44 -78
44 -64
44 -76
44 -76
44 -76
44 -76
44 -77
44 -77
44 -78
44 -78
44 -78
44 -77
44 -79
44 -78
44 -79
44 -81
44 -80
44 -81
44 -81
44 -80
44 -79
44 -78
44 -78
44 -78
44 -77
44 -77
44 -75
44 -76
44 -76
44 -76
44 -76
44 -75
44 -75
44 -75
44 -75
44 -75
44 -76
44 -76
44 -76
44 -76
44 -78
44 -78
44 -78
44 -78
44 -78
44 -79
44 -80
44 -80
45 -75
45 -74
45 -75
45 -75
45 -75
45 -75
45 -76
45 -75
45 -76
45 -76
45 -76
45 -76
45 -76
45 -75
45 -78
45 -78
45 -78
45 -77
45 -78
45 -78
45 -78
45 -78
45 -77
45 -76
45 -76
45 -77
45 -76
45 -73
45 -75
45 -75
45 -76
45 -76
45 -76
45 -79
45 -87
45 -72
45 -74
45 -76
45 -76
45 -48
45 -78
45 -78
45 -76
45 -78
45 -83
45 -83
45 -82
45 -80
45 -78
45 -78
45 -70
45 -76
45 -75
45 -76
45 -76
45 -76
45 -77
45 -77
45 -76
45 -76
45 -80
45 -83
45 -81
45 -81
45 -83
45 -83
45 -78
45 -78
45 -78
45 -79
45 -79
45 -78
45 -78
45 -78
45 -78
45 -78
45 -78
45 -78
45 -78
45 -78
45 -78
45 -78
45 -79
45 -78
45 -78
45 -78
45 -48
45 -78
45 -78
45 -78
45 -78
45 -78
45 -78
45 -78
45 -78
45 -78
45 -78
45 -78
45 -78
45 -79
45 -78
45 -79
45 -62
45 -75
45 -80
45 -79
45 -78
45 -77
45 -67
45 -77
45 -76
45 -77
45 -49
45 -77
45 -76
45 -77
45 -78
45 -78
45 -78
45 -78
45 -78
45 -78
45 -78
45 -78
45 -78
45 -78
45 -44
45 -80
45 -80
45 -79
45 -48
45 -78
45 -78
45 -80
45 -79
45 -78
45 -78
45 -79
45 -59
45 -79
45 -79
45 -79
45 -81
45 -81
45 -81
45 -81
45 -81
45 -50
45 -80
45 -81
45 -80
45 -80
45 -80
45 -79
45 -81
45 -81
45 -81
45 -81
45 -81
45 -82
45 -84
45 -84
45 -77
45 -79
45 -79
45 -79
45 -73
45 -81
45 -81
45 -81
45 -81
45 -81
45 -80
45 -80
45 -80
45 -80
45 -79
45 -80
45 -66
45 -81
45 -81
45 -83
45 -83
45 -78
45 -78
45 -77
45 -77
45 -78
45 -78
45 -79
45 -73
45 -81
45 -82
45 -81
45 -82
45 -82
45 -81
45 -82
45 -81
45 -80
45 -77
45 -81
45 -79
45 -79
45 -79
45 -79
45 -79
45 -79
45 -49
45 -80
45 -80
45 -81
45 -80
45 -73
45 -81
45 -82
45 -81
45 -81
45 -81
45 -80
45 -81
45 -79
45 -48
45 -79
45 -79
45 -78
45 -79
46 -75
46 -74
46 -74
46 -74
46 -74
46 -74
46 -67
46 -74
46 -74
46 -74
46 -74
46 -76
46 -75
46 -75
46 -75
46 -76
46 -76
46 -69
46 -76
46 -76
46 -76
46 -76
46 -76
46 -76
46 -75
46 -75
46 -74
46 -73
46 -73
46 -73
46 -70
46 -74
46 -74
46 -73
46 -73
46 -73
46 -74
46 -74
46 -74
46 -75
46 -74
46 -74
46 -74
46 -75
46 -76
46 -76
46 -76
46 -77
46 -77
46 -76
46 -77
46 -77
46 -77
46 -77
46 -77
46 -77
46 -77
46 -48
46 -77
46 -77
46 -76
46 -76
46 -75
46 -76
46 -77
46 -76
46 -77
46 -79
46 -82
46 -82
46 -83
46 -82
46 -82
46 -81
46 -81
46 -81
46 -82
46 -82
46 -82
46 -82
46 -81
46 -82
46 -82
46 -82
46 -82
46 -81
46 -81
46 -82
46 -82
46 -82
46 -80
46 -79
46 -80
46 -80
46 -80
46 -80
46 -80
46 -81
46 -80
46 -81
46 -80
46 -81
46 -80
46 -81
46 -81
46 -80
46 -82
46 -81
46 -80
46 -80
46 -81
46 -58
46 -81
46 -84
46 -85
46 -49
46 -85
46 -83
46 -84
46 -84
46 -86
47 -73
47 -69
47 -82
47 -82
47 -82
47 -80
47 -85
47 -85
47 -83
47 -83
47 -83
47 -86
47 -87
47 -86
47 -76
47 -86
47 -85
47 -84
47 -84
47 -84
47 -84
47 -85
47 -83
47 -85
47 -84
47 -84
47 -85
47 -87
47 -85
47 -85
47 -84
47 -86
47 -85
47 -83
47 -82
48 -81
48 -81
48 -81
48 -81
48 -80
48 -80
48 -81
48 -81
48 -82
48 -82
48 -82
48 -82
48 -83
48 -84
48 -84
48 -85
48 -84
48 -58
48 -81
48 -80
48 -77
48 -79
48 -79
48 -79
48 -79
48 -81
48 -80
48 -81
48 -80
48 -82
48 -58
48 -80
48 -83
48 -78
48 -80
48 -79
48 -82
48 -68
48 -80
48 -71
48 -57
48 -83
48 -84
48 -84
48 -80
48 -80
48 -80
48 -76
48 -79
48 -80
48 -80
48 -80
48 -80
48 -80
48 -80
48 -79
48 -78
48 -79
48 -68
48 -73
48 -73
48 -79
48 -81
48 -80
48 -80
48 -81
48 -80
48 -80
48 -81
48 -81
48 -81
48 -81
48 -79
48 -81
48 -82
48 -81
48 -72
48 -80
48 -81
48 -81
48 -69
48 -81
48 -81
48 -65
48 -80
48 -81
48 -81
48 -81
48 -81
48 -82
48 -81
48 -81
48 -82
48 -81
48 -79
48 -81
48 -81
48 -80
48 -81
48 -81
48 -81
48 -81
48 -81
48 -80
48 -80
48 -80
48 -82
48 -52
48 -82
48 -81
48 -80
48 -80
48 -77
48 -80
48 -80
48 -80
48 -80
48 -80
48 -81
48 -75
48 -76
48 -79
48 -78
48 -79
48 -80
48 -80
48 -49
48 -79
48 -79
48 -79
48 -79
48 -78
48 -80
48 -79
48 -57
48 -80
48 -79
48 -79
48 -80
48 -79
48 -55
48 -80
48 -78
48 -81
48 -81
48 -81
48 -81
48 -81
48 -82
48 -81
48 -81
48 -80
48 -81
48 -81
48 -81
48 -81
48 -81
48 -80
48 -81
48 -81
48 -81
48 -64
48 -81
48 -81
48 -81
48 -80
48 -81
48 -82
48 -81
48 -81
48 -81
48 -81
48 -80
48 -80
48 -81
48 -82
48 -79
48 -79
48 -81
48 -74
48 -80
48 -80
48 -81
48 -82
48 -80
48 -82
48 -82
48 -81
48 -81
48 -75
48 -76
48 -80
48 -81
48 -81
48 -81
48 -80
48 -80
48 -48
48 -81
48 -81
48 -81
48 -82
48 -81
48 -82
48 -80
48 -81
48 -80
48 -81
48 -81
48 -49
48 -81
48 -80
48 -81
48 -81
48 -81
48 -81
48 -77
49 -86
49 -85
49 -84
49 -85
49 -85
49 -85
49 -86
49 -82
49 -81
49 -82
49 -55
49 -85
49 -79
49 -78
49 -60
49 -76
49 -71
49 -78
49 -78
49 -77
49 -78
49 -78
49 -78
49 -78
49 -77
49 -77
49 -78
49 -78
49 -78
49 -78
49 -78
49 -78
49 -78
49 -78
49 -79
49 -78
49 -79
49 -80
49 -79
49 -78
49 -79
49 -79
49 -79
49 -79
49 -80
49 -79
49 -79
49 -79
49 -79
49 -79
49 -79
49 -79
49 -79
49 -79
49 -79
49 -79
49 -79
49 -79
49 -79
49 -79
49 -78
49 -79
49 -79
49 -78
49 -78
49 -79
49 -79
49 -79
49 -79
49 -79
49 -78
49 -78
49 -78
49 -78
49 -78
49 -78
49 -48
49 -49
49 -77
49 -78
49 -78
49 -79
49 -79
49 -79
49 -79
49 -80
49 -80
49 -81
49 -81
49 -81
49 -34
49 -81
49 -82
49 -82
49 -82
49 -83
49 -82
49 -74
49 -82
49 -80
49 -80
49 -79
49 -80
49 -80
49 -80
49 -48
49 -81
49 -81
49 -79
49 -69
49 -80
49 -81
49 -80
49 -81
49 -81
49 -80
49 -80
49 -80
49 -81
49 -81
49 -81
49 -81
49 -81
49 -80
49 -80
49 -80
49 -80
49 -80
49 -81
49 -81
49 -80
49 -81
49 -80
49 -79
49 -78
49 -78
49 -78
49 -79
49 -81
49 -79
49 -80
49 -80
49 -79
49 -80
49 -74
49 -80
49 -80
49 -81
49 -81
49 -78
49 -81
49 -80
49 -81
49 -79
49 -80
49 -81
49 -81
49 -81
49 -81
49 -80
49 -78
49 -78
49 -79
49 -79
49 -79
49 -79
49 -79
49 -79
49 -78
49 -78
49 -78
49 -69
49 -78
49 -78
49 -79
49 -80
49 -80
49 -80
49 -79
49 -79
49 -79
49 -80
49 -80
49 -80
49 -80
49 -81
49 -80
49 -80
49 -81
49 -80
49 -81
49 -80
49 -80
49 -80
49 -81
49 -80
49 -81
49 -80
49 -80
49 -80
49 -80
49 -80
49 -74
49 -80
49 -81
49 -80
49 -80
49 -80
49 -80
49 -80
49 -80
49 -80
49 -80
49 -80
49 -80
49 -80
49 -80
49 -79
49 -81
49 -81
49 -81
50 -84
50 -84
50 -84
50 -84
50 -84
50 -83
50 -83
50 -83
50 -83
50 -85
50 -65
50 -83
50 -85
50 -58
50 -85
50 -82
50 -82
50 -82
50 -83
50 -83
50 -83
50 -83
50 -83
50 -82
50 -83
50 -82
50 -83
50 -82
50 -83
50 -83
50 -84
50 -83
50 -83
50 -83
50 -80
50 -82
50 -82
50 -83
50 -78
50 -83
50 -83
50 -82
50 -79
50 -83
50 -83
50 -82
50 -83
50 -83
50 -83
50 -83
50 -52
50 -82
50 -83
50 -83
50 -83
50 -84
50 -79
50 -83
50 -83
50 -83
50 -83
50 -83
50 -82
50 -82
50 -81
50 -82
50 -81
50 -82
50 -83
50 -83
50 -82
50 -81
50 -82
50 -83
50 -82
50 -82
50 -81
50 -81
50 -81
50 -81
50 -81
50 -80
50 -80
50 -80
50 -80
50 -80
50 -81
50 -81
50 -82
50 -81
50 -76
50 -83
50 -83
50 -82
50 -82
50 -82
50 -83
50 -83
50 -82
50 -82
50 -82
50 -81
50 -81
50 -80
50 -82
50 -81
50 -76
50 -81
50 -81
50 -81
50 -81
50 -82
50 -82
50 -81
50 -73
50 -81
50 -81
50 -79
50 -83
50 -83
50 -83
50 -83
50 -84
50 -83
50 -83
50 -83
50 -83
50 -83
50 -82
50 -82
50 -82
50 -82
50 -83
50 -83
50 -82
50 -82
50 -82
50 -82
50 -77
50 -83
50 -83
50 -82
50 -83
50 -82
50 -82
50 -83
50 -83
50 -82
50 -83
50 -82
50 -83
50 -83
50 -83
50 -82
50 -82
50 -82
50 -73
50 -82
50 -82
50 -79
50 -81
51 -85
51 -83
51 -81
51 -80
51 -81
51 -82
51 -81
51 -81
51 -81
51 -82
51 -82
51 -79
51 -79
51 -81
51 -80
51 -82
51 -81
51 -82
51 -82
51 -84
51 -82
51 -81
51 -83
51 -71
51 -81
51 -83
51 -83
51 -84
51 -83
51 -83
51 -81
51 -82
51 -80
51 -85
51 -82
51 -79
51 -81
51 -58
51 -82
51 -81
51 -82
51 -81
51 -82
51 -82
51 -82
51 -81
51 -81
51 -82
51 -82
51 -82
51 -82
51 -82
51 -79
51 -82
51 -82
51 -82
51 -82
51 -82
51 -83
51 -83
51 -82
51 -82
51 -82
51 -81
51 -76
51 -83
51 -83
51 -85
51 -84
51 -82
51 -81
51 -80
51 -80
51 -82
51 -82
51 -87
51 -86
51 -85
51 -82
51 -82
51 -84
51 -84
51 -78
51 -83
51 -72
51 -82
51 -82
51 -82
51 -83
51 -82
51 -82
51 -83
51 -78
51 -64
51 -82
51 -83
51 -82
51 -83
51 -82
51 -82
51 -80
51 -82
51 -83
51 -82
51 -82
51 -76
51 -83
51 -83
51 -82
51 -83
51 -83
51 -83
51 -84
51 -84
51 -84
51 -84
51 -84
51 -84
51 -83
51 -84
51 -84
51 -84
51 -85
51 -83
51 -84
51 -83
51 -80
51 -83
51 -82
52 -70
52 -71
52 -71
52 -71
52 -67
52 -70
52 -70
52 -70
52 -49
52 -70
52 -71
52 -72
52 -72
52 -72
52 -72
52 -72
52 -72
52 -72
52 -72
52 -72
52 -73
52 -72
52 -71
52 -70
52 -70
52 -70
52 -70
52 -70
52 -70
52 -70
52 -70
52 -70
52 -70
52 -72
52 -72
52 -72
52 -71
52 -71
52 -72
52 -72
52 -72
52 -71
52 -70
52 -71
52 -70
52 -72
52 -70
52 -71
52 -70
52 -69
52 -69
52 -70
52 -70
52 -69
52 -69
52 -65
52 -71
52 -70
52 -70
52 -70
52 -70
52 -70
52 -71
52 -74
52 -74
52 -70
52 -74
52 -75
52 -74
52 -57
52 -74
52 -73
52 -50
52 -72
52 -73
52 -72
52 -73
52 -73
52 -73
52 -74
52 -73
52 -73
52 -73
52 -74
52 -74
52 -73
52 -73
52 -73
52 -73
52 -72
52 -73
52 -74
52 -74
52 -74
52 -74
52 -74
52 -73
52 -74
52 -74
52 -73
52 -73
52 -73
52 -74
52 -74
52 -74
52 -74
52 -73
52 -74
52 -74
52 -75
52 -75
52 -75
52 -76
52 -75
52 -75
52 -75
52 -75
52 -75
52 -75
52 -75
52 -73
52 -75
52 -74
52 -74
52 -74
52 -74
52 -74
52 -75
52 -75
52 -72
52 -75
52 -76
52 -75
52 -75
52 -75
52 -74
52 -72
52 -74
52 -74
52 -73
52 -74
52 -74
52 -73
52 -72
52 -72
52 -72
52 -72
52 -69
52 -71
52 -73
52 -74
52 -74
52 -74
52 -74
52 -71
52 -74
52 -73
52 -74
52 -74
52 -73
52 -74
52 -73
52 -74
52 -74
52 -74
52 -74
52 -73
52 -73
52 -72
52 -72
52 -72
52 -72
52 -73
52 -72
52 -72
52 -72
52 -72
52 -72
52 -72
52 -72
52 -72
52 -72
52 -71
52 -72
52 -72
52 -72
52 -72
52 -72
52 -71
52 -70
52 -71
52 -48
52 -72
52 -75
52 -74
52 -74
52 -74
52 -73
52 -74
52 -74
52 -74
52 -73
52 -74
52 -73
52 -74
52 -73
52 -74
52 -73
52 -73
52 -73
52 -73
52 -74
52 -73
52 -74
52 -66
52 -74
52 -74
52 -73
52 -73
52 -74
52 -74
52 -73
52 -73
52 -74
52 -73
52 -73
52 -72
52 -72
52 -73
52 -72
52 -73
52 -73
52 -72
52 -73
52 -72
52 -72
52 -73
52 -73
52 -75
52 -75
52 -75
52 -76
52 -77
52 -76
52 -76
52 -76
52 -76
52 -76
52 -76
52 -76
52 -76
52 -76
52 -76
52 -75
52 -75
52 -75
52 -75
52 -75
52 -75
52 -73
52 -75
52 -75
52 -75
52 -74
52 -75
52 -74
52 -75
52 -74
52 -74
52 -74
52 -74
52 -74
52 -74
52 -75
52 -74
52 -75
52 -75
52 -75
52 -75
52 -75
52 -75
52 -75
52 -75
52 -74
52 -75
52 -70
53 -66
53 -67
53 -67
53 -67
53 -67
53 -67
53 -67
53 -67
53 -67
53 -68
53 -68
53 -68
53 -67
53 -68
53 -68
53 -68
53 -69
53 -67
53 -69
53 -68
53 -68
53 -68
53 -66
53 -67
53 -69
53 -70
53 -70
53 -70
53 -70
53 -72
53 -75
53 -72
53 -69
53 -67
53 -67
53 -66
53 -67
53 -69
53 -69
53 -69
53 -69
53 -66
53 -67
53 -66
53 -68
53 -67
53 -68
53 -67
53 -68
53 -68
53 -57
53 -67
53 -67
53 -68
53 -68
53 -68
53 -67
53 -68
53 -70
53 -68
53 -67
53 -68
53 -70
53 -75
53 -75
53 -73
53 -72
53 -72
53 -71
53 -70
53 -70
53 -70
53 -71
53 -70
53 -70
53 -70
53 -70
53 -70
53 -71
53 -72
53 -73
53 -75
53 -74
53 -72
53 -72
53 -72
53 -73
53 -73
53 -72
53 -73
53 -72
53 -72
53 -72
53 -72
53 -70
53 -71
53 -71
53 -70
53 -70
53 -70
53 -70
53 -70
53 -70
53 -70
53 -58
53 -70
53 -70
53 -70
53 -71
53 -71
53 -70
53 -71
53 -71
53 -49
53 -71
53 -71
53 -71
53 -72
53 -72
53 -72
53 -72
53 -72
53 -72
53 -72
53 -72
53 -72
53 -72
53 -72
53 -72
53 -71
53 -48
53 -71
53 -71
53 -49
53 -72
53 -72
53 -72
53 -72
53 -72
53 -73
53 -75
53 -73
53 -72
53 -72
53 -71
53 -48
53 -70
53 -70
53 -71
53 -70
53 -49
53 -70
53 -70
53 -70
53 -70
53 -69
53 -68
53 -68
53 -68
53 -67
53 -69
53 -68
53 -69
53 -69
53 -70
53 -70
53 -71
53 -72
53 -74
53 -75
53 -74
53 -75
53 -74
53 -73
53 -49
53 -72
53 -72
53 -72
53 -73
53 -73
53 -72
53 -72
53 -72
53 -72
53 -73
53 -76
53 -78
53 -78
53 -77
53 -58
53 -70
53 -70
53 -70
53 -71
53 -71
53 -71
53 -70
53 -70
53 -70
53 -70
53 -70
53 -70
53 -70
53 -70
53 -70
53 -70
53 -70
53 -70
53 -70
53 -70
53 -70
53 -70
53 -71
53 -71
53 -71
53 -72
53 -72
53 -73
53 -74
53 -76
53 -75
53 -73
53 -72
53 -72
53 -72
53 -72
53 -72
53 -72
53 -72
53 -75
53 -79
53 -78
53 -76
53 -70
53 -76
53 -75
53 -76
53 -74
53 -72
53 -72
53 -71
53 -71
53 -70
53 -70
53 -70
53 -70
53 -70
53 -70
53 -70
53 -71
53 -71
53 -71
53 -72
53 -72
53 -72
53 -73
53 -74
53 -74
53 -74
53 -74
53 -74
53 -74
53 -74
53 -74
53 -72
53 -72
53 -72
53 -72
53 -71
53 -71
53 -70
53 -70
53 -70
53 -49
53 -70
53 -70
53 -70
54 -68
54 -69
54 -69
54 -69
54 -69
54 -70
54 -70
54 -69
54 -69
54 -70
54 -70
54 -70
54 -70
54 -70
54 -70
54 -70
54 -70
54 -70
54 -70
54 -70
54 -70
54 -70
54 -70
54 -71
54 -73
54 -74
54 -76
54 -76
54 -74
54 -75
54 -73
54 -72
54 -72
54 -74
54 -69
54 -69
54 -76
54 -69
54 -66
54 -66
54 -66
54 -65
54 -64
54 -64
54 -64
54 -64
54 -64
54 -65
54 -65
54 -65
54 -68
54 -71
54 -72
54 -74
54 -72
54 -71
54 -73
54 -75
54 -77
54 -80
54 -78
54 -76
54 -75
54 -74
54 -64
54 -75
54 -68
54 -74
54 -76
54 -70
54 -70
54 -70
54 -69
54 -68
54 -67
54 -66
54 -66
54 -68
54 -68
54 -69
54 -69
54 -68
54 -68
54 -68
54 -68
54 -67
54 -67
54 -67
54 -67
54 -66
54 -66
54 -66
54 -67
54 -68
54 -68
54 -69
54 -69
54 -68
54 -68
54 -69
54 -69
54 -70
54 -70
54 -70
54 -70
54 -70
54 -70
54 -73
54 -76
54 -75
54 -73
54 -73
54 -75
54 -75
54 -76
54 -78
54 -79
54 -83
54 -83
54 -46
54 -82
54 -81
54 -79
54 -80
54 -77
54 -79
54 -75
54 -73
54 -71
54 -72
54 -73
54 -73
54 -73
54 -73
54 -70
54 -73
54 -72
54 -72
54 -72
54 -72
54 -74
54 -75
54 -77
54 -76
54 -80
54 -78
54 -77
54 -76
54 -77
54 -77
54 -76
54 -72
54 -79
54 -77
54 -76
54 -74
54 -75
54 -74
54 -73
54 -72
54 -70
54 -70
54 -70
54 -68
54 -70
54 -70
54 -73
54 -73
54 -76
54 -78
54 -76
54 -72
54 -69
54 -69
54 -72
54 -74
54 -73
54 -71
54 -70
54 -70
54 -70
54 -68
54 -58
54 -67
54 -67
54 -68
54 -69
54 -70
54 -71
54 -71
54 -71
54 -70
54 -70
54 -69
54 -68
54 -67
54 -69
54 -70
54 -70
54 -70
54 -70
54 -72
54 -72
54 -72
54 -84
54 -84
54 -83
54 -81
54 -77
54 -76
54 -77
54 -79
54 -82
54 -83
54 -83
54 -59
54 -78
54 -78
54 -77
54 -83
54 -84
54 -83
54 -81
54 -81
54 -83
54 -82
54 -75
54 -75
54 -76
54 -76
54 -75
54 -77
54 -78
54 -79
54 -80
54 -81
54 -82
54 -82
54 -82
54 -79
54 -78
54 -78
54 -81
54 -82
54 -80
54 -78
54 -71
54 -73
54 -73
54 -73
54 -72
54 -73
54 -73
54 -73
54 -73
54 -74
54 -74
54 -74
54 -58
54 -76
54 -48
54 -81
54 -84
54 -50
54 -78
54 -77
54 -76
54 -76
55 -66
55 -67
55 -68
55 -68
55 -69
55 -69
55 -68
55 -69
55 -67
55 -66
55 -68
55 -67
55 -66
55 -65
55 -65
55 -64
55 -64
55 -65
55 -64
55 -66
55 -65
55 -64
55 -64
55 -66
55 -64
55 -65
55 -66
55 -66
55 -67
55 -72
55 -64
55 -61
55 -63
55 -64
55 -52
55 -60
55 -59
55 -60
55 -61
55 -62
55 -62
55 -60
55 -60
55 -60
55 -60
55 -58
55 -58
55 -57
55 -57
55 -56
55 -55
55 -56
55 -56
55 -56
55 -56
55 -57
55 -58
55 -60
55 -63
55 -76
55 -80
55 -72
55 -73
55 -75
55 -65
55 -60
55 -58
55 -58
55 -48
55 -57
55 -57
55 -57
55 -58
55 -58
55 -58
55 -58
55 -58
55 -58
55 -58
55 -58
55 -58
55 -57
55 -57
55 -57
55 -57
55 -57
55 -57
55 -57
55 -57
55 -58
55 -55
55 -58
55 -58
55 -58
55 -58
55 -58
55 -58
55 -58
55 -59
55 -60
55 -60
55 -58
55 -58
55 -58
55 -57
55 -57
55 -57
55 -57
55 -57
55 -57
55 -57
55 -57
55 -57
55 -57
55 -57
55 -57
55 -57
55 -57
55 -56
55 -57
55 -57
55 -57
55 -58
55 -58
55 -58
55 -58
55 -58
55 -58
55 -58
55 -58
55 -58
55 -58
55 -58
55 -58
55 -57
55 -58
55 -58
55 -58
55 -51
55 -58
55 -58
55 -58
55 -49
55 -58
55 -48
55 -58
55 -58
55 -58
55 -49
55 -59
55 -59
55 -58
55 -58
55 -58
55 -57
55 -58
55 -57
55 -56
55 -56
55 -56
55 -55
55 -55
55 -56
55 -56
55 -56
55 -57
55 -56
55 -57
55 -55
55 -54
55 -55
55 -54
55 -54
55 -54
55 -55
55 -57
55 -57
55 -57
55 -57
55 -56
55 -54
55 -56
55 -56
55 -55
55 -55
55 -55
55 -55
55 -55
55 -55
55 -56
55 -56
55 -56
55 -56
55 -48
55 -56
55 -57
55 -58
55 -58
55 -58
55 -59
55 -59
55 -58
55 -58
55 -58
55 -58
55 -57
55 -57
55 -57
55 -58
55 -58
55 -58
55 -58
55 -57
55 -57
55 -58
55 -58
55 -58
55 -57
55 -57
55 -57
55 -57
55 -64
55 -57
55 -57
55 -52
55 -58
55 -58
55 -58
55 -58
55 -58
55 -58
55 -58
55 -58
55 -58
55 -59
55 -60
55 -61
55 -61
55 -61
55 -61
55 -61
55 -61
55 -60
55 -60
55 -59
55 -60
55 -60
55 -60
55 -59
55 -59
55 -60
55 -60
55 -60
55 -60
55 -60
55 -60
55 -61
55 -47
55 -52
55 -59
55 -59
55 -59
55 -59
55 -59
55 -59
55 -58
55 -58
55 -58
55 -58
55 -58
55 -58
55 -58
55 -58
55 -58
55 -58
55 -58
55 -58
55 -59
55 -58
55 -58
55 -58
55 -58
55 -58
55 -58
55 -58
55 -58
55 -58
55 -58
55 -58
55 -58
55 -58
55 -58
55 -58
55 -58
55 -58
55 -58
55 -58
55 -58
55 -58
55 -58
56 -66
56 -84
56 -70
56 -78
56 -76
56 -70
56 -76
56 -77
56 -77
56 -77
56 -78
56 -79
56 -81
56 -83
56 -83
56 -83
56 -81
56 -81
56 -80
56 -79
56 -78
56 -58
56 -75
56 -75
56 -74
56 -74
56 -74
56 -73
56 -74
56 -74
56 -73
56 -73
56 -73
56 -72
56 -73
56 -73
56 -73
56 -73
56 -73
56 -73
56 -73
56 -73
56 -74
56 -74
56 -73
56 -66
56 -51
56 -74
56 -73
56 -74
56 -74
56 -74
56 -74
56 -74
56 -74
56 -75
56 -75
56 -75
56 -76
56 -75
56 -76
56 -76
56 -76
56 -75
56 -76
56 -76
56 -76
56 -76
56 -76
56 -76
56 -76
56 -75
56 -75
56 -75
56 -75
56 -75
56 -75
56 -75
56 -74
56 -74
56 -74
56 -74
56 -74
56 -74
56 -76
56 -76
56 -76
56 -76
56 -76
56 -75
56 -74
56 -75
56 -76
56 -77
56 -72
56 -79
56 -57
56 -81
56 -81
56 -80
56 -80
56 -80
56 -49
56 -78
56 -77
56 -77
56 -76
56 -76
56 -76
56 -76
56 -76
56 -76
56 -77
56 -78
56 -78
56 -77
56 -77
56 -76
56 -76
56 -75
56 -75
56 -76
56 -77
56 -78
56 -76
56 -75
56 -75
56 -57
56 -75
56 -74
56 -75
56 -75
56 -76
56 -76
56 -76
56 -77
56 -77
56 -76
56 -77
56 -76
56 -77
56 -76
56 -77
56 -78
56 -76
56 -77
56 -76
56 -78
56 -78
56 -78
56 -78
56 -78
56 -75
56 -77
56 -78
56 -77
56 -78
56 -79
56 -79
56 -79
56 -66
56 -79
56 -79
56 -80
56 -80
56 -79
56 -81
56 -80
56 -80
56 -80
56 -55
56 -77
56 -78
56 -78
56 -78
56 -78
56 -78
56 -78
56 -79
56 -78
56 -79
56 -80
56 -81
56 -81
56 -81
56 -80
56 -80
56 -80
56 -79
56 -74
56 -79
56 -78
56 -72
56 -78
56 -78
56 -72
56 -77
56 -48
56 -78
56 -78
56 -77
56 -81
56 -80
56 -81
56 -81
56 -80
56 -80
56 -80
56 -78
56 -78
56 -78
56 -78
56 -78
56 -76
56 -77
56 -77
56 -76
56 -77
56 -72
56 -78
56 -78
56 -78
56 -78
56 -79
56 -79
56 -80
56 -79
56 -80
56 -57
56 -81
56 -49
56 -81
56 -81
56 -82
57 -83
57 -84
57 -84
57 -86
57 -84
57 -84
57 -83
57 -83
57 -80
57 -82
57 -83
57 -82
57 -83
57 -82
57 -83
57 -84
57 -83
57 -76
57 -48
57 -81
57 -81
57 -80
57 -80
57 -79
57 -80
57 -81
57 -83
57 -82
57 -83
57 -84
57 -84
57 -85
57 -84
57 -84
57 -85
57 -84
57 -84
57 -84
57 -84
57 -84
57 -85
59 -85
59 -85
59 -84
59 -84
59 -84
59 -81
59 -78
59 -83
59 -84
59 -84
59 -85
59 -83
59 -83
59 -81
59 -80
59 -80
59 -79
59 -46
59 -77
59 -81
59 -81
59 -84
59 -84
59 -84
59 -68
59 -83
59 -82
59 -82
59 -82
59 -82
59 -83
59 -82
59 -82
59 -82
59 -82
59 -83
59 -83
59 -83
59 -69
59 -83
59 -83
59 -83
59 -81
59 -81
59 -83
59 -82
59 -82
59 -82
59 -84
59 -85
59 -85
59 -84
59 -83
59 -82
59 -64
59 -79
59 -82
59 -83
59 -83
59 -82
59 -83
59 -83
59 -83
59 -82
59 -81
59 -80
59 -81
59 -49
59 -82
59 -82
59 -82
59 -83
59 -77
59 -84
59 -80
59 -85
59 -86
59 -84
59 -83
59 -83
59 -82
59 -82
59 -82
59 -82
59 -81
59 -81
59 -81
59 -82
59 -82
59 -81
59 -79
59 -81
59 -81
59 -81
59 -79
59 -82
59 -82
59 -81
59 -82
59 -82
59 -81
59 -81
59 -82
59 -82
59 -82
59 -82
59 -83
59 -83
59 -84
59 -83
59 -83
59 -83
59 -52
59 -80
59 -82
59 -82
59 -83
59 -82
59 -81
59 -80
59 -80
59 -82
59 -82
59 -81
59 -82
59 -82
59 -82
59 -82
59 -81
59 -81
59 -82
59 -81
59 -81
59 -82
59 -81
59 -81
59 -81
59 -81
59 -76
59 -81
59 -81
59 -82
59 -81
59 -82
59 -79
59 -81
59 -74
59 -82
59 -81
59 -81
59 -78
59 -81
59 -81
59 -82
59 -80
59 -81
59 -82
59 -81
60 -83
