Beacon Rssi
3 -85
3 -80
3 -81
3 -84
3 -83
3 -84
3 -85
3 -84
3 -83
3 -84
3 -83
3 -83
3 -83
3 -83
3 -83
3 -82
3 -82
3 -85
4 -84
4 -83
4 -82
4 -84
4 -84
4 -82
4 -83
4 -83
4 -84
4 -84
4 -84
4 -83
4 -83
4 -84
4 -83
4 -83
4 -83
4 -83
5 -84
5 -83
5 -83
5 -83
5 -83
5 -84
5 -83
5 -83
5 -82
5 -84
5 -83
5 -83
5 -83
5 -83
5 -83
5 -83
5 -83
5 -83
5 -83
5 -83
5 -83
5 -83
5 -82
5 -82
5 -83
5 -84
5 -84
5 -86
5 -85
6 -78
6 -80
6 -80
6 -81
6 -80
6 -78
6 -78
6 -79
6 -84
6 -81
6 -83
6 -83
6 -83
6 -83
6 -82
6 -83
6 -83
6 -82
6 -82
6 -82
6 -85
6 -84
6 -84
7 -85
7 -81
7 -87
7 -83
7 -84
7 -85
7 -84
7 -84
7 -84
7 -85
8 -80
8 -80
8 -79
8 -78
8 -77
8 -77
8 -77
8 -78
8 -79
8 -81
8 -80
8 -80
8 -81
8 -83
8 -83
8 -83
8 -84
8 -81
8 -84
8 -84
8 -83
8 -81
8 -82
8 -84
8 -83
8 -83
8 -84
8 -85
8 -84
8 -83
8 -84
8 -84
8 -82
8 -82
8 -81
8 -82
8 -81
8 -81
8 -81
8 -81
8 -82
8 -82
9 -64
9 -64
9 -64
9 -64
9 -64
9 -64
9 -64
9 -64
9 -64
9 -63
9 -64
9 -64
9 -65
9 -66
9 -66
9 -66
9 -68
9 -68
9 -67
9 -67
9 -67
9 -66
9 -66
9 -67
9 -67
9 -67
9 -67
9 -66
9 -67
9 -67
9 -67
9 -67
9 -67
9 -67
9 -66
9 -66
9 -66
9 -67
9 -66
9 -66
9 -66
9 -66
9 -66
9 -66
9 -66
9 -66
9 -66
9 -65
9 -66
9 -65
9 -65
9 -66
9 -65
9 -64
9 -64
9 -64
9 -64
9 -65
9 -65
9 -64
9 -65
9 -65
9 -64
9 -64
9 -64
9 -65
9 -65
9 -66
9 -65
9 -65
9 -60
9 -65
9 -64
9 -64
9 -64
9 -64
9 -64
9 -64
9 -64
9 -64
9 -64
9 -64
9 -64
9 -64
9 -64
9 -64
9 -64
9 -64
9 -64
9 -64
9 -64
9 -64
9 -64
10 -73
10 -74
10 -78
10 -76
10 -76
10 -76
10 -74
10 -75
10 -65
10 -66
10 -66
10 -66
10 -72
10 -69
10 -72
10 -70
10 -72
10 -72
10 -70
10 -70
10 -70
10 -69
10 -70
10 -72
10 -72
10 -72
10 -72
10 -73
10 -72
10 -72
10 -72
10 -71
10 -70
10 -70
10 -69
10 -70
10 -70
10 -70
10 -70
10 -70
10 -70
10 -70
10 -70
10 -70
10 -70
10 -67
10 -69
10 -69
10 -69
10 -68
10 -68
10 -68
10 -68
10 -68
10 -67
10 -66
10 -66
10 -67
10 -67
10 -67
10 -67
10 -66
10 -67
10 -68
10 -68
10 -67
10 -67
10 -67
10 -67
10 -67
10 -67
10 -67
10 -66
10 -67
10 -67
10 -67
10 -67
10 -67
10 -66
10 -66
10 -67
10 -68
10 -67
10 -67
10 -67
10 -67
10 -67
10 -67
10 -67
11 -74
11 -74
11 -74
11 -74
11 -74
11 -75
11 -74
11 -75
11 -75
11 -76
11 -74
11 -78
11 -78
11 -75
11 -75
11 -82
11 -79
11 -78
11 -81
11 -79
11 -78
11 -78
11 -76
11 -76
11 -78
11 -78
11 -77
11 -76
11 -76
11 -78
11 -78
11 -78
11 -79
11 -77
11 -76
11 -75
11 -74
11 -73
11 -75
11 -76
11 -76
11 -76
11 -76
11 -75
11 -76
11 -76
11 -76
11 -77
11 -78
11 -76
11 -76
11 -78
11 -78
11 -76
11 -77
11 -76
11 -77
11 -77
11 -78
11 -78
11 -76
11 -76
11 -77
11 -78
11 -78
11 -78
11 -76
11 -76
11 -76
11 -78
11 -78
11 -77
11 -77
11 -76
11 -78
11 -77
11 -78
11 -78
11 -76
11 -76
11 -75
11 -76
11 -78
11 -75
11 -75
11 -75
11 -75
11 -76
11 -76
11 -77
12 -82
12 -77
12 -78
12 -75
12 -76
12 -78
12 -79
12 -78
12 -80
12 -80
12 -78
12 -78
12 -76
12 -76
12 -76
12 -76
12 -77
12 -78
12 -77
12 -78
12 -76
12 -76
12 -76
12 -75
12 -75
12 -76
12 -76
12 -76
12 -76
12 -76
12 -76
12 -75
12 -76
12 -76
12 -76
12 -75
12 -74
12 -75
12 -76
12 -76
12 -76
12 -75
12 -75
12 -75
12 -74
12 -75
12 -76
12 -76
12 -76
12 -75
12 -75
12 -76
12 -76
12 -76
12 -76
12 -76
12 -76
12 -76
12 -76
12 -76
12 -76
12 -76
12 -59
12 -76
12 -76
12 -75
12 -76
12 -76
12 -75
12 -75
12 -78
12 -78
12 -78
12 -76
12 -76
12 -76
12 -76
12 -76
14 -84
15 -83
15 -83
15 -83
15 -80
15 -81
15 -82
15 -83
15 -84
15 -83
15 -80
15 -78
15 -75
15 -75
15 -81
15 -79
15 -83
15 -83
15 -82
15 -79
15 -80
15 -81
15 -83
15 -84
15 -83
15 -84
15 -81
15 -80
15 -78
15 -77
15 -78
15 -80
15 -80
15 -80
15 -80
15 -81
15 -82
15 -82
15 -82
15 -82
15 -81
15 -79
15 -80
15 -79
15 -80
15 -80
15 -81
15 -80
15 -79
15 -80
15 -81
15 -82
15 -81
15 -81
15 -80
15 -80
15 -81
15 -81
15 -82
15 -81
15 -80
15 -82
15 -83
15 -83
15 -83
15 -81
15 -80
15 -79
15 -78
15 -78
15 -78
15 -78
15 -80
15 -82
15 -82
16 -83
16 -81
16 -79
16 -82
16 -86
16 -81
16 -74
16 -83
16 -83
17 -85
17 -86
17 -85
17 -86
17 -88
19 -84
19 -85
19 -85
19 -85
19 -84
30 -80
30 -79
30 -80
30 -79
30 -78
30 -78
30 -79
30 -80
30 -81
30 -80
30 -81
30 -82
30 -82
30 -80
30 -79
30 -79
30 -79
30 -79
30 -78
30 -79
30 -80
30 -80
30 -79
30 -79
30 -79
30 -80
30 -79
30 -80
30 -80
30 -80
30 -79
30 -80
30 -80
30 -81
30 -80
30 -81
30 -81
30 -81
30 -80
30 -81
30 -79
30 -79
30 -79
30 -80
30 -80
30 -80
30 -80
30 -80
30 -81
30 -80
30 -81
30 -80
30 -81
30 -79
30 -80
30 -80
30 -81
30 -81
30 -80
30 -81
30 -81
30 -82
30 -81
30 -81
30 -81
30 -80
30 -80
30 -79
30 -80
30 -79
30 -80
30 -80
31 -85
31 -84
31 -84
31 -85
32 -75
32 -54
32 -75
32 -74
32 -75
32 -74
32 -74
32 -75
32 -75
32 -77
32 -74
32 -75
32 -76
32 -76
32 -76
32 -77
32 -78
32 -78
32 -78
32 -79
32 -78
32 -79
32 -79
32 -81
32 -79
32 -79
32 -79
32 -79
32 -80
32 -79
32 -79
32 -79
32 -79
32 -79
32 -79
32 -79
32 -77
32 -79
32 -78
32 -80
32 -79
32 -80
32 -80
32 -80
32 -80
32 -79
32 -80
32 -81
32 -79
32 -80
32 -81
32 -81
32 -80
32 -81
32 -82
32 -80
32 -81
32 -80
32 -80
32 -80
32 -80
32 -80
32 -80
32 -80
32 -81
32 -85
32 -85
32 -83
32 -82
32 -80
32 -79
33 -81
33 -82
33 -80
33 -79
33 -79
33 -71
33 -66
33 -80
33 -82
33 -79
33 -77
33 -78
33 -76
33 -78
33 -77
33 -76
33 -76
33 -77
33 -77
33 -77
33 -76
33 -76
33 -75
33 -74
33 -75
33 -76
33 -76
33 -76
33 -76
33 -76
33 -76
33 -76
33 -76
33 -76
33 -75
33 -76
33 -76
33 -76
33 -76
33 -76
33 -76
33 -59
33 -76
33 -76
33 -75
33 -75
33 -75
33 -75
33 -75
33 -76
33 -76
33 -76
33 -75
33 -76
33 -76
33 -76
33 -75
33 -75
33 -75
33 -75
33 -74
33 -76
33 -76
33 -75
33 -75
33 -76
33 -76
33 -76
33 -76
33 -75
33 -75
33 -75
33 -74
33 -74
33 -74
33 -75
33 -74
33 -74
33 -75
33 -75
34 -83
34 -83
34 -81
34 -78
34 -81
34 -82
34 -84
34 -84
34 -82
34 -81
34 -81
34 -84
34 -84
34 -84
34 -84
34 -84
34 -82
34 -81
34 -84
34 -84
35 -82
35 -83
35 -84
35 -83
35 -83
35 -82
35 -83
35 -79
35 -80
35 -80
35 -78
35 -76
35 -80
35 -79
35 -83
35 -85
35 -83
35 -84
35 -83
35 -84
35 -82
35 -82
35 -82
35 -82
35 -82
35 -83
35 -83
35 -81
35 -82
35 -82
35 -82
35 -81
35 -82
35 -81
35 -81
35 -82
35 -81
35 -81
35 -82
35 -82
35 -80
35 -82
35 -82
35 -58
35 -79
35 -79
35 -81
35 -84
35 -82
36 -86
36 -84
36 -85
36 -85
36 -83
37 -89
50 -80
52 -85
52 -85
52 -84
52 -82
52 -83
52 -85
53 -89
53 -87
55 -82
55 -83
55 -84
55 -83
55 -81
55 -80
55 -80
55 -80
55 -81
55 -81
55 -82
55 -81
55 -83
55 -83
55 -82
55 -82
55 -83
55 -82
55 -54
55 -82
55 -82
55 -80
55 -79
55 -80
55 -80
55 -78
55 -80
55 -81
56 -84
56 -82
56 -83
56 -77
56 -79
56 -82
56 -82
56 -81
56 -81
56 -82
56 -86
56 -85
56 -64
56 -84
56 -83
56 -83
56 -84
56 -84
56 -84
56 -84
56 -83
56 -83
56 -83
56 -84
56 -84
56 -84
56 -83
56 -84
56 -84
59 -84
59 -83
59 -84
59 -83
59 -82
59 -83
59 -79
59 -84
59 -87
59 -85
59 -83
59 -83
59 -83
59 -88
59 -85
59 -86
60 -80
60 -83
60 -83
60 -81
60 -81
60 -81
60 -81
60 -83
60 -82
60 -79
60 -80
60 -83
60 -81
60 -81
60 -81
60 -84
60 -83
60 -79
60 -78
60 -78
60 -78
60 -79
60 -80
60 -81
60 -79
60 -79
60 -79
60 -80
60 -83
60 -82
60 -83
60 -83
60 -83
60 -83
60 -83
60 -83
60 -83
60 -84
60 -85
60 -83
60 -83
60 -82
60 -82
60 -82
60 -81
60 -83
60 -82
60 -82
60 -82
