Beacon Rssi
7 -84
7 -83
7 -84
7 -83
7 -84
7 -84
7 -83
7 -82
7 -83
7 -83
7 -83
7 -82
7 -82
7 -82
7 -82
7 -80
7 -82
7 -83
7 -83
7 -84
13 -86
13 -82
13 -84
14 -82
14 -82
14 -78
14 -81
14 -81
14 -80
14 -78
14 -79
14 -79
14 -80
14 -83
14 -83
14 -81
14 -79
14 -79
14 -79
14 -79
14 -78
14 -78
14 -81
14 -79
14 -77
14 -82
14 -83
14 -85
14 -84
14 -84
14 -84
14 -82
14 -83
14 -83
14 -80
14 -81
14 -83
14 -82
14 -81
14 -82
14 -84
14 -84
14 -83
14 -81
14 -83
14 -82
14 -82
14 -82
14 -82
14 -83
14 -80
14 -80
14 -82
15 -82
15 -85
15 -82
15 -79
15 -82
15 -85
15 -87
15 -87
15 -81
15 -82
15 -80
15 -83
16 -84
16 -82
16 -79
16 -81
16 -79
16 -82
16 -82
16 -79
16 -78
16 -80
16 -85
16 -84
16 -83
16 -84
16 -81
16 -79
16 -77
16 -78
16 -79
16 -83
16 -83
16 -85
16 -84
16 -84
16 -87
16 -84
16 -84
16 -83
16 -82
16 -82
16 -82
16 -82
16 -81
16 -81
16 -81
16 -83
16 -82
16 -82
16 -83
16 -82
16 -82
16 -83
16 -83
16 -78
16 -75
16 -79
16 -79
16 -78
16 -78
16 -80
18 -82
18 -82
18 -79
18 -79
18 -80
18 -79
18 -79
18 -80
18 -81
18 -80
18 -83
18 -79
18 -79
18 -80
18 -82
18 -82
18 -82
18 -83
18 -82
18 -81
18 -82
18 -84
18 -83
18 -82
18 -82
18 -82
18 -82
18 -81
18 -80
18 -81
18 -81
18 -82
18 -82
18 -82
18 -82
18 -81
18 -81
18 -80
18 -81
18 -82
18 -82
18 -83
18 -82
18 -83
18 -71
18 -82
18 -83
18 -83
18 -84
18 -83
18 -82
18 -84
18 -84
18 -84
18 -83
32 -86
33 -84
33 -83
33 -85
33 -85
33 -84
33 -83
33 -83
33 -83
33 -84
33 -82
33 -82
33 -84
33 -82
33 -79
33 -84
33 -83
34 -84
34 -83
34 -84
34 -85
34 -87
34 -84
34 -82
34 -82
34 -83
34 -77
34 -83
34 -83
34 -83
34 -85
34 -84
34 -84
34 -84
34 -82
34 -82
34 -82
34 -82
34 -82
34 -81
34 -82
34 -82
34 -82
34 -81
34 -83
34 -81
34 -81
34 -82
34 -82
34 -82
34 -83
35 -83
35 -86
35 -64
35 -84
37 -83
37 -82
37 -83
37 -84
37 -83
37 -84
37 -84
37 -83
37 -82
37 -79
37 -82
37 -84
37 -82
37 -84
37 -85
37 -85
37 -84
37 -84
37 -64
37 -84
37 -84
37 -83
37 -83
37 -83
37 -84
37 -85
37 -84
37 -83
37 -84
38 -82
38 -76
38 -84
38 -82
38 -83
38 -84
38 -83
38 -83
38 -82
38 -82
38 -82
38 -83
38 -82
38 -83
38 -82
38 -83
38 -82
38 -82
38 -84
38 -84
38 -84
38 -84
38 -84
38 -74
38 -83
38 -84
38 -80
38 -80
38 -85
38 -81
38 -81
38 -82
38 -82
38 -82
38 -82
39 -80
39 -80
39 -82
39 -82
39 -80
39 -80
39 -76
39 -78
39 -80
39 -79
39 -81
39 -82
39 -78
39 -77
39 -76
39 -76
39 -77
39 -78
39 -79
39 -78
39 -78
39 -77
39 -83
39 -83
39 -81
39 -77
39 -78
39 -77
39 -78
39 -83
39 -80
39 -83
39 -84
39 -86
39 -81
39 -81
39 -82
39 -81
39 -81
39 -82
39 -81
39 -80
39 -80
39 -82
39 -78
39 -81
39 -82
39 -82
39 -81
40 -74
40 -72
40 -72
40 -72
40 -72
40 -73
40 -71
40 -71
40 -75
40 -74
40 -75
40 -72
40 -73
40 -74
40 -75
40 -75
40 -75
40 -76
40 -83
40 -78
40 -76
40 -75
40 -75
40 -74
40 -75
40 -76
40 -72
40 -76
40 -70
40 -70
40 -70
40 -72
40 -71
40 -72
40 -72
40 -71
40 -71
40 -71
40 -72
40 -72
40 -71
40 -72
40 -72
40 -72
40 -72
40 -72
40 -72
40 -71
40 -71
40 -71
40 -70
40 -71
40 -73
40 -74
40 -73
40 -73
40 -73
40 -73
40 -52
40 -72
40 -71
40 -72
40 -75
40 -77
40 -77
40 -77
40 -75
40 -73
40 -72
40 -72
40 -72
40 -71
40 -70
40 -70
40 -72
40 -70
40 -70
40 -70
41 -84
41 -79
41 -78
41 -83
41 -78
41 -78
41 -77
41 -77
41 -77
41 -77
41 -76
41 -76
41 -76
41 -76
41 -76
41 -76
41 -76
41 -76
41 -76
41 -76
41 -76
41 -78
41 -78
41 -74
41 -76
41 -84
41 -82
41 -83
41 -82
41 -81
41 -82
41 -64
41 -82
41 -84
41 -82
41 -83
41 -83
41 -84
41 -84
41 -82
41 -83
41 -83
41 -80
41 -80
41 -75
41 -82
41 -84
41 -83
41 -83
41 -84
41 -82
42 -83
42 -83
42 -82
42 -81
42 -78
42 -77
42 -76
42 -78
42 -78
42 -78
42 -78
42 -79
42 -79
42 -79
42 -80
42 -79
42 -79
42 -79
42 -79
42 -78
42 -78
42 -78
42 -80
42 -82
42 -82
42 -82
42 -82
42 -83
42 -82
42 -84
42 -83
42 -82
43 -84
43 -73
43 -86
45 -85
50 -71
51 -73
52 -64
53 -86
54 -86
55 -72
55 -75
55 -73
55 -72
55 -72
55 -73
55 -73
55 -76
55 -75
55 -80
55 -76
55 -76
55 -74
55 -77
55 -82
55 -79
55 -80
55 -87
55 -84
55 -82
55 -78
55 -83
55 -84
55 -78
55 -78
55 -77
55 -83
55 -83
55 -81
55 -80
55 -78
55 -78
55 -78
55 -77
55 -77
55 -77
55 -77
55 -76
55 -76
55 -77
55 -76
55 -76
55 -74
55 -75
55 -76
55 -76
55 -76
55 -76
55 -80
55 -77
55 -76
55 -76
55 -73
55 -72
55 -72
55 -73
55 -74
55 -76
55 -74
55 -72
55 -75
55 -78
55 -77
55 -73
55 -72
56 -77
56 -81
56 -82
56 -81
56 -81
56 -77
56 -78
56 -82
56 -79
56 -82
56 -80
56 -78
56 -78
56 -77
56 -71
56 -77
56 -77
56 -77
56 -76
56 -78
56 -77
56 -75
56 -77
56 -76
56 -76
56 -77
56 -76
56 -77
56 -78
56 -83
56 -80
56 -78
56 -78
56 -78
56 -78
56 -76
56 -76
56 -76
56 -76
56 -76
56 -76
56 -76
56 -76
56 -76
56 -76
56 -76
56 -75
56 -75
56 -75
56 -64
56 -76
56 -76
56 -76
56 -78
56 -77
56 -56
56 -77
56 -77
56 -77
56 -77
56 -76
56 -76
56 -78
56 -82
56 -81
56 -79
56 -79
56 -78
56 -79
56 -78
56 -77
56 -79
56 -77
56 -79
56 -78
56 -78
56 -78
57 -82
57 -82
57 -78
57 -78
57 -79
57 -72
57 -79
57 -78
57 -81
57 -83
57 -79
57 -83
57 -84
57 -81
57 -80
57 -82
57 -80
57 -80
57 -80
57 -80
57 -82
57 -80
57 -80
57 -79
57 -78
57 -79
57 -79
57 -79
57 -79
57 -79
57 -79
57 -79
57 -79
57 -79
57 -79
57 -80
57 -82
57 -83
57 -81
57 -81
57 -82
57 -83
57 -80
57 -79
57 -79
57 -78
57 -78
57 -82
57 -79
57 -78
57 -77
57 -80
57 -79
57 -80
57 -81
57 -78
57 -79
58 -83
58 -52
58 -78
58 -78
58 -81
58 -78
58 -79
58 -81
58 -81
58 -83
58 -84
58 -83
58 -83
58 -81
58 -81
58 -82
58 -83
58 -82
58 -83
58 -82
58 -77
58 -76
58 -77
58 -78
58 -79
58 -80
58 -79
58 -80
58 -79
58 -79
58 -79
58 -79
58 -80
58 -78
58 -80
58 -79
58 -80
58 -79
58 -75
58 -80
58 -80
58 -79
58 -78
58 -77
58 -77
58 -78
58 -71
58 -78
58 -78
58 -78
58 -78
58 -80
58 -78
58 -78
58 -78
58 -78
58 -80
58 -81
58 -80
58 -79
58 -79
58 -81
58 -81
58 -75
58 -78
58 -81
58 -78
58 -78
59 -81
59 -80
59 -81
59 -81
59 -81
59 -81
59 -81
59 -79
59 -81
59 -84
59 -83
59 -83
59 -82
59 -78
59 -80
59 -83
59 -82
59 -82
59 -81
59 -81
59 -83
59 -84
59 -83
59 -83
59 -83
59 -84
59 -84
59 -83
59 -82
59 -82
59 -82
59 -82
59 -82
59 -82
59 -83
59 -84
59 -83
59 -82
59 -78
59 -77
59 -77
59 -81
59 -82
59 -83
59 -82
59 -79
59 -79
59 -80
