Beacon Rssi
1 -83
1 -83
1 -82
1 -82
1 -82
1 -82
1 -80
1 -81
1 -81
1 -80
1 -80
1 -80
1 -79
1 -79
1 -80
1 -80
1 -78
1 -79
1 -77
1 -79
1 -82
1 -83
1 -83
1 -83
1 -82
1 -81
1 -82
1 -82
1 -81
1 -82
1 -84
1 -84
1 -83
1 -83
1 -83
1 -76
1 -82
1 -81
1 -82
1 -82
2 -79
2 -79
2 -80
2 -80
2 -82
2 -82
2 -82
2 -83
2 -82
2 -82
2 -83
2 -84
2 -83
2 -84
2 -84
2 -79
2 -85
2 -80
2 -81
2 -80
2 -80
2 -80
2 -81
2 -80
2 -83
2 -74
2 -85
2 -82
2 -83
2 -82
2 -81
2 -78
2 -75
2 -78
2 -77
2 -78
2 -77
2 -77
2 -78
2 -78
2 -72
2 -77
2 -78
2 -76
2 -75
2 -76
2 -78
2 -77
2 -78
2 -78
2 -79
2 -79
2 -80
2 -80
2 -80
2 -78
2 -78
2 -52
2 -78
2 -78
2 -78
2 -78
2 -78
2 -78
2 -78
2 -79
2 -78
2 -77
2 -78
2 -77
2 -76
2 -76
2 -76
2 -76
2 -76
2 -77
2 -77
2 -77
2 -77
2 -77
2 -77
2 -78
2 -77
2 -77
2 -78
2 -78
2 -78
2 -79
2 -80
2 -81
2 -81
2 -81
2 -81
2 -80
2 -78
2 -78
2 -78
2 -78
2 -78
2 -77
4 -83
4 -83
4 -83
4 -83
4 -84
4 -84
4 -84
4 -83
4 -83
4 -83
4 -85
4 -84
4 -75
4 -85
4 -86
4 -79
4 -68
4 -82
4 -84
4 -76
4 -48
4 -86
5 -85
6 -84
6 -84
6 -82
6 -83
6 -83
6 -83
6 -83
6 -83
6 -82
6 -81
6 -82
6 -83
6 -82
6 -82
6 -83
6 -82
6 -82
6 -82
6 -82
6 -83
6 -84
6 -84
6 -83
6 -84
6 -84
6 -84
6 -83
6 -84
6 -84
6 -84
6 -84
6 -82
6 -82
6 -83
6 -82
6 -81
6 -82
6 -82
6 -81
6 -84
6 -85
6 -84
6 -83
6 -83
6 -83
6 -82
6 -82
6 -83
6 -83
6 -83
6 -83
6 -83
6 -84
6 -83
6 -83
6 -83
6 -83
6 -82
6 -82
6 -82
6 -83
6 -83
6 -84
6 -84
6 -83
6 -84
6 -84
6 -83
6 -83
6 -83
6 -83
6 -84
6 -84
15 -87
15 -84
15 -83
15 -84
15 -81
15 -83
15 -85
15 -88
16 -86
16 -85
16 -82
16 -85
16 -85
16 -84
16 -85
18 -79
18 -85
18 -85
18 -86
18 -86
18 -84
18 -83
18 -84
18 -84
18 -84
18 -84
18 -84
18 -84
18 -72
18 -85
19 -82
19 -82
19 -80
19 -81
19 -82
19 -57
19 -82
19 -82
19 -82
19 -82
19 -71
19 -82
19 -82
19 -82
19 -82
19 -82
19 -82
19 -82
19 -81
19 -81
19 -81
19 -83
19 -81
19 -78
19 -80
19 -78
19 -69
19 -81
19 -80
19 -82
19 -81
19 -81
19 -80
19 -80
19 -81
19 -81
19 -80
19 -80
19 -81
19 -80
19 -67
19 -81
19 -77
19 -81
19 -80
19 -80
19 -80
19 -81
19 -78
19 -80
19 -80
19 -80
19 -80
19 -81
19 -80
19 -80
19 -81
19 -79
19 -80
19 -81
19 -81
19 -81
19 -80
19 -81
19 -82
19 -82
19 -82
19 -83
19 -80
19 -83
19 -83
19 -83
19 -82
19 -82
19 -82
19 -83
19 -82
19 -82
19 -82
19 -79
19 -82
19 -82
19 -73
19 -82
19 -82
19 -82
19 -83
19 -84
19 -82
19 -83
19 -76
19 -83
19 -69
19 -84
19 -75
19 -82
19 -82
19 -83
19 -83
19 -83
19 -83
19 -83
19 -83
19 -83
19 -83
19 -79
19 -83
19 -81
19 -77
19 -83
19 -82
19 -82
20 -84
20 -82
20 -84
21 -77
21 -77
21 -77
21 -76
21 -75
21 -76
21 -76
21 -76
21 -76
21 -76
21 -76
21 -76
21 -76
21 -76
21 -76
21 -76
21 -76
21 -76
21 -76
21 -76
21 -76
21 -76
21 -76
21 -76
21 -76
21 -69
21 -76
21 -76
21 -76
21 -75
21 -76
21 -76
21 -76
21 -70
21 -76
21 -74
21 -75
21 -76
21 -76
21 -76
21 -76
21 -77
21 -78
21 -77
21 -78
21 -81
21 -78
21 -78
21 -77
21 -76
21 -76
21 -76
21 -59
21 -75
21 -75
21 -75
21 -75
21 -75
21 -75
21 -75
21 -75
21 -76
21 -76
21 -75
21 -75
21 -75
21 -75
21 -74
21 -75
21 -75
21 -75
21 -75
21 -75
21 -75
21 -75
21 -75
21 -75
21 -75
21 -76
21 -76
21 -76
21 -76
21 -75
21 -75
21 -72
21 -75
21 -75
21 -75
21 -75
21 -75
21 -75
21 -75
21 -75
21 -76
21 -76
21 -75
21 -76
21 -76
21 -76
21 -76
21 -76
21 -76
21 -76
21 -76
21 -76
21 -76
21 -76
21 -76
21 -55
21 -76
21 -75
21 -76
21 -76
21 -76
21 -76
21 -76
21 -76
21 -76
21 -77
21 -76
21 -76
21 -76
21 -76
21 -76
21 -76
21 -76
21 -76
21 -76
21 -76
21 -76
21 -76
21 -76
21 -75
21 -74
21 -76
21 -76
21 -76
21 -76
21 -78
21 -78
21 -77
21 -78
21 -78
21 -79
21 -78
21 -77
21 -74
21 -79
21 -76
21 -78
21 -78
21 -78
21 -79
21 -78
21 -78
21 -78
21 -77
21 -78
21 -78
21 -64
21 -76
21 -76
21 -77
21 -76
21 -76
21 -54
21 -76
21 -76
21 -76
21 -75
21 -75
21 -75
21 -73
21 -75
21 -75
21 -74
21 -75
21 -75
21 -76
21 -75
21 -75
21 -75
21 -75
21 -75
21 -75
21 -75
21 -75
21 -75
21 -75
21 -76
21 -76
21 -75
21 -75
21 -75
21 -75
21 -75
21 -75
21 -75
21 -75
21 -75
21 -75
21 -75
21 -76
21 -75
21 -73
21 -75
21 -75
22 -80
22 -80
22 -80
22 -79
22 -80
22 -75
22 -79
22 -79
22 -78
22 -79
22 -79
22 -78
22 -79
22 -78
22 -78
22 -79
22 -79
22 -79
22 -79
22 -80
22 -78
22 -80
22 -79
22 -80
22 -79
22 -80
22 -80
22 -78
22 -78
22 -79
22 -79
22 -78
22 -79
22 -80
22 -78
22 -79
22 -78
22 -78
22 -78
22 -79
22 -78
22 -78
22 -66
22 -78
22 -78
22 -78
22 -79
22 -79
22 -78
22 -78
22 -79
22 -78
22 -79
22 -80
22 -80
22 -80
22 -80
22 -81
22 -81
22 -81
22 -80
22 -79
22 -79
22 -78
22 -77
22 -76
22 -76
22 -76
22 -76
22 -76
22 -76
22 -76
22 -76
22 -77
22 -73
22 -77
22 -77
22 -78
22 -78
22 -78
22 -78
22 -78
22 -78
22 -78
22 -77
22 -78
22 -77
22 -77
22 -77
22 -77
22 -77
22 -77
22 -78
22 -78
22 -77
22 -78
22 -77
22 -78
22 -78
22 -78
22 -77
22 -77
22 -77
22 -76
22 -77
22 -76
22 -75
22 -77
22 -78
22 -74
22 -78
22 -78
22 -78
22 -77
22 -77
22 -76
22 -77
22 -77
22 -76
22 -75
22 -77
22 -76
22 -77
22 -78
22 -78
22 -76
22 -77
22 -77
22 -77
22 -77
22 -78
22 -77
22 -78
22 -77
22 -77
22 -77
22 -77
22 -77
22 -78
22 -77
22 -74
22 -77
22 -77
22 -77
22 -77
22 -77
22 -77
22 -78
22 -77
22 -77
22 -77
22 -77
22 -75
22 -76
22 -75
22 -76
22 -77
22 -77
22 -78
22 -78
22 -78
22 -79
22 -78
22 -78
22 -78
22 -78
22 -78
22 -78
22 -78
22 -78
22 -77
22 -78
22 -77
22 -78
22 -77
22 -77
22 -76
22 -76
22 -77
22 -77
22 -76
23 -78
23 -79
23 -78
23 -81
23 -81
23 -80
23 -79
23 -80
23 -80
23 -82
23 -80
23 -83
23 -83
23 -82
23 -82
23 -82
23 -80
23 -81
23 -82
23 -81
23 -78
23 -80
23 -78
23 -78
23 -80
23 -80
23 -80
23 -73
23 -83
23 -83
23 -82
23 -83
23 -83
23 -81
23 -82
23 -82
23 -82
23 -83
23 -85
23 -79
23 -84
23 -85
23 -85
23 -84
23 -86
23 -83
23 -84
23 -86
23 -73
23 -85
23 -86
23 -85
24 -72
24 -72
24 -72
24 -73
24 -74
24 -74
24 -74
24 -73
24 -73
24 -74
24 -74
24 -74
24 -74
24 -72
24 -73
24 -75
24 -75
24 -74
24 -75
24 -75
24 -76
24 -75
24 -75
24 -75
24 -75
24 -75
24 -75
24 -75
24 -74
24 -74
24 -49
24 -75
24 -74
24 -71
24 -72
24 -74
24 -74
24 -77
24 -77
24 -80
24 -79
24 -76
24 -65
24 -76
24 -76
24 -76
24 -76
24 -76
24 -76
24 -78
24 -73
24 -76
24 -76
24 -76
24 -77
24 -76
24 -77
24 -76
24 -76
24 -76
24 -75
24 -74
24 -74
24 -74
24 -73
24 -73
24 -73
24 -72
24 -72
24 -72
24 -71
24 -71
24 -70
24 -70
24 -70
24 -70
24 -70
24 -70
24 -70
24 -70
24 -70
24 -70
24 -70
24 -70
24 -70
24 -70
24 -70
24 -70
24 -70
24 -70
24 -70
24 -70
24 -70
24 -70
24 -71
24 -72
24 -72
24 -73
24 -75
24 -76
24 -76
24 -78
24 -79
24 -78
24 -80
24 -80
24 -79
24 -78
24 -77
24 -76
24 -75
24 -74
24 -75
24 -74
24 -74
24 -74
24 -74
24 -74
24 -74
24 -74
24 -75
24 -74
24 -74
24 -74
24 -70
24 -75
24 -75
24 -76
24 -76
24 -76
24 -76
24 -77
24 -76
24 -77
24 -78
24 -79
24 -80
24 -78
24 -76
24 -76
24 -75
24 -75
24 -75
24 -76
24 -76
24 -76
24 -77
24 -79
24 -80
24 -80
24 -48
24 -84
24 -83
24 -83
24 -79
24 -79
24 -78
24 -78
24 -77
24 -78
24 -77
24 -81
24 -82
24 -78
24 -78
24 -67
24 -78
24 -78
24 -80
24 -78
24 -80
24 -80
24 -80
24 -77
24 -78
24 -76
24 -76
24 -77
24 -79
24 -82
24 -74
24 -81
24 -80
24 -82
24 -83
25 -71
25 -70
25 -70
25 -70
25 -70
25 -70
25 -70
25 -70
25 -70
25 -70
25 -70
25 -70
25 -70
25 -70
25 -70
25 -70
25 -70
25 -71
25 -71
25 -72
25 -72
25 -72
25 -71
25 -71
25 -71
25 -71
25 -71
25 -71
25 -73
25 -74
25 -72
25 -72
25 -75
25 -73
25 -72
25 -76
25 -75
25 -74
25 -75
25 -75
25 -74
25 -75
25 -75
25 -75
25 -76
25 -77
25 -76
25 -78
25 -77
25 -78
25 -77
25 -78
25 -76
25 -76
25 -76
25 -76
25 -76
25 -76
25 -75
25 -76
25 -76
25 -76
25 -75
25 -76
25 -76
25 -76
25 -76
25 -76
25 -76
25 -76
25 -76
25 -76
25 -76
25 -76
25 -76
25 -76
25 -76
25 -76
25 -76
25 -76
25 -75
25 -74
25 -74
25 -74
25 -72
25 -72
25 -72
25 -72
25 -73
25 -73
25 -74
25 -74
25 -74
25 -74
25 -75
25 -75
25 -74
25 -75
25 -75
25 -75
25 -76
25 -76
25 -75
25 -76
25 -76
25 -76
25 -75
25 -75
25 -74
25 -75
25 -75
25 -75
25 -75
25 -75
25 -76
25 -76
25 -76
25 -76
25 -76
25 -75
25 -76
25 -76
25 -75
25 -75
25 -74
25 -74
25 -74
25 -73
25 -73
25 -72
25 -72
25 -72
25 -72
25 -72
25 -72
25 -72
25 -72
25 -72
25 -72
25 -72
25 -72
25 -72
25 -72
25 -72
25 -73
25 -73
25 -48
25 -75
25 -75
25 -76
25 -76
25 -76
25 -76
25 -76
25 -76
25 -76
25 -76
25 -76
25 -76
25 -76
25 -76
25 -76
25 -76
25 -76
25 -76
25 -75
25 -75
25 -75
25 -74
25 -75
25 -75
25 -75
25 -76
25 -76
25 -75
25 -52
25 -74
25 -74
25 -71
25 -74
25 -73
25 -73
25 -73
25 -73
25 -73
25 -48
25 -73
25 -73
25 -73
25 -73
25 -73
25 -72
25 -72
25 -72
25 -70
25 -72
25 -73
25 -73
25 -74
25 -74
25 -74
25 -75
25 -74
25 -75
25 -75
25 -74
25 -73
25 -72
25 -72
25 -72
25 -72
25 -72
25 -72
25 -72
25 -72
25 -71
25 -71
25 -71
25 -70
25 -70
25 -70
25 -71
25 -71
26 -68
26 -68
26 -69
26 -69
26 -68
26 -68
26 -68
26 -68
26 -67
26 -67
26 -66
26 -67
26 -66
26 -67
26 -66
26 -67
26 -67
26 -68
26 -68
26 -68
26 -69
26 -69
26 -59
26 -69
26 -69
26 -69
26 -69
26 -69
26 -69
26 -67
26 -67
26 -66
26 -66
26 -67
26 -69
26 -70
26 -70
26 -72
26 -70
26 -69
26 -68
26 -70
26 -70
26 -69
26 -68
26 -68
26 -68
26 -66
26 -69
26 -69
26 -69
26 -69
26 -69
26 -69
26 -70
26 -70
26 -70
26 -69
26 -69
26 -69
26 -69
26 -69
26 -69
26 -69
26 -69
26 -68
26 -68
26 -67
26 -67
26 -67
26 -67
26 -67
26 -67
26 -66
26 -66
26 -66
26 -66
26 -66
26 -66
26 -66
26 -66
26 -66
26 -66
26 -66
26 -66
26 -66
26 -65
26 -65
26 -65
26 -65
26 -66
26 -66
26 -67
26 -68
26 -69
26 -69
26 -69
26 -69
26 -69
26 -69
26 -69
26 -69
26 -69
26 -69
26 -69
26 -68
26 -69
26 -69
26 -68
26 -68
26 -68
26 -68
26 -68
26 -68
26 -68
26 -68
26 -68
26 -68
26 -68
26 -69
26 -69
26 -68
26 -68
26 -68
26 -67
26 -68
26 -68
26 -67
26 -68
26 -68
26 -68
26 -68
26 -68
26 -68
26 -68
26 -69
26 -69
26 -69
26 -69
26 -69
26 -70
26 -69
26 -69
26 -69
26 -68
26 -68
26 -68
26 -67
26 -67
26 -67
26 -67
26 -67
26 -68
26 -68
26 -68
26 -69
26 -69
26 -69
26 -69
26 -69
26 -69
26 -70
26 -69
26 -70
26 -70
26 -69
26 -69
26 -69
26 -67
26 -66
26 -67
26 -69
26 -69
26 -69
26 -69
26 -69
26 -70
26 -70
26 -70
26 -70
26 -70
26 -69
26 -69
26 -69
26 -69
26 -69
26 -69
26 -69
26 -69
26 -69
26 -69
26 -69
26 -69
26 -69
26 -70
26 -70
26 -70
26 -70
26 -70
26 -70
26 -69
26 -69
26 -69
26 -69
26 -69
26 -69
26 -69
26 -68
26 -68
26 -68
26 -68
26 -69
26 -68
26 -68
26 -69
26 -69
26 -69
26 -69
26 -69
26 -68
26 -68
26 -68
26 -68
26 -69
26 -69
26 -69
26 -70
26 -70
26 -70
26 -70
26 -70
26 -70
26 -70
26 -69
26 -69
26 -69
26 -69
26 -69
26 -69
26 -68
27 -78
27 -76
27 -76
27 -76
27 -76
27 -76
27 -71
27 -77
27 -76
27 -76
27 -76
27 -76
27 -76
27 -76
27 -77
27 -77
27 -77
27 -77
27 -77
27 -77
27 -76
27 -78
27 -78
27 -78
27 -78
27 -77
27 -77
27 -76
27 -77
27 -76
27 -76
27 -76
27 -76
27 -78
27 -79
27 -77
27 -77
27 -78
27 -78
27 -80
27 -82
27 -68
27 -81
27 -81
27 -79
27 -78
27 -75
27 -80
27 -82
27 -81
27 -83
27 -84
27 -83
27 -82
27 -82
27 -82
27 -82
27 -82
27 -81
27 -82
27 -81
27 -80
27 -79
27 -78
27 -80
27 -79
27 -79
27 -79
27 -78
27 -78
27 -77
27 -78
27 -78
27 -79
27 -78
27 -80
27 -80
27 -79
27 -79
27 -79
27 -79
27 -71
27 -78
27 -78
27 -78
27 -78
27 -78
27 -77
27 -78
27 -77
27 -77
27 -77
27 -77
27 -76
27 -73
27 -76
27 -77
27 -76
27 -76
27 -75
27 -77
27 -76
27 -76
27 -77
27 -78
27 -78
27 -78
27 -79
27 -79
27 -80
27 -78
27 -82
27 -82
27 -76
27 -79
27 -78
27 -79
27 -79
27 -78
27 -78
27 -78
27 -79
27 -79
27 -78
27 -77
27 -78
27 -78
27 -72
27 -78
27 -78
27 -79
27 -79
27 -78
27 -79
27 -78
27 -79
27 -78
27 -79
27 -79
27 -80
27 -80
27 -82
27 -81
27 -82
27 -80
27 -81
27 -81
27 -81
27 -80
27 -79
27 -80
27 -80
27 -80
27 -78
27 -74
27 -75
27 -77
28 -79
28 -79
28 -70
28 -80
28 -80
28 -70
28 -79
28 -80
28 -79
28 -78
28 -79
28 -79
28 -79
28 -79
28 -80
28 -80
28 -72
28 -81
28 -80
28 -81
28 -80
28 -80
28 -81
28 -80
28 -78
28 -79
28 -80
28 -79
28 -80
28 -81
28 -83
28 -83
28 -83
28 -84
28 -84
28 -83
28 -80
28 -81
28 -81
28 -80
28 -80
28 -80
28 -81
28 -81
28 -81
28 -81
28 -82
28 -81
28 -82
28 -82
28 -81
28 -81
28 -81
28 -78
28 -78
28 -78
28 -78
28 -78
28 -78
28 -78
28 -78
28 -78
28 -78
28 -78
28 -78
28 -78
28 -78
28 -79
28 -80
28 -80
28 -79
28 -81
28 -81
28 -81
28 -81
28 -80
28 -80
28 -80
28 -80
28 -81
28 -81
28 -80
28 -80
28 -80
28 -80
28 -81
28 -81
28 -80
28 -80
28 -79
28 -80
28 -80
28 -79
28 -80
28 -79
28 -78
28 -79
28 -78
28 -79
28 -78
28 -78
28 -73
28 -79
28 -78
28 -78
28 -79
28 -79
28 -80
28 -80
28 -80
28 -81
28 -80
28 -81
28 -82
29 -82
29 -81
29 -80
29 -80
29 -80
29 -80
29 -79
29 -79
29 -79
29 -79
29 -80
29 -79
29 -80
29 -80
29 -80
29 -80
29 -80
29 -81
29 -79
29 -80
29 -79
29 -77
29 -76
29 -80
29 -78
29 -80
29 -82
29 -82
29 -82
29 -83
29 -82
29 -81
29 -82
29 -83
29 -82
29 -80
29 -79
29 -80
29 -81
29 -81
29 -81
29 -80
29 -81
29 -81
29 -82
29 -80
29 -82
29 -80
29 -81
29 -81
29 -81
29 -82
29 -77
29 -79
29 -79
29 -70
29 -78
29 -70
29 -78
29 -78
29 -78
29 -77
29 -78
29 -78
29 -78
29 -78
29 -78
29 -73
29 -78
29 -79
29 -80
29 -79
29 -79
29 -78
29 -79
29 -79
29 -78
29 -79
29 -79
29 -78
29 -78
29 -77
29 -78
29 -78
29 -78
29 -78
29 -78
29 -77
29 -78
29 -77
29 -77
29 -77
29 -76
29 -76
29 -76
29 -76
29 -76
29 -76
29 -76
29 -76
29 -76
29 -76
29 -76
29 -77
29 -76
29 -77
29 -76
29 -73
29 -77
29 -77
29 -77
29 -77
29 -76
29 -75
29 -74
29 -75
29 -75
29 -75
29 -75
29 -75
29 -75
29 -75
29 -75
29 -75
29 -75
29 -75
29 -76
29 -75
29 -75
29 -75
29 -75
29 -76
29 -76
29 -76
29 -75
29 -76
29 -75
29 -76
29 -76
29 -76
29 -76
29 -77
29 -76
29 -76
29 -76
29 -76
29 -76
29 -76
29 -76
29 -76
29 -76
29 -76
29 -76
29 -76
29 -76
29 -76
29 -76
29 -76
29 -76
29 -76
29 -76
29 -76
29 -76
29 -76
29 -76
29 -76
29 -76
29 -76
29 -76
29 -77
29 -76
29 -75
29 -77
29 -76
29 -76
29 -76
29 -78
29 -78
29 -78
29 -78
29 -78
30 -85
30 -76
30 -85
30 -86
30 -86
31 -83
31 -83
31 -85
31 -83
31 -83
31 -83
31 -82
31 -81
31 -83
31 -83
31 -83
31 -83
31 -83
31 -83
31 -83
31 -82
31 -82
31 -83
31 -73
31 -83
31 -83
31 -83
31 -82
31 -82
31 -82
31 -82
31 -83
31 -83
31 -82
31 -82
31 -83
31 -82
31 -83
31 -84
31 -83
31 -83
31 -83
31 -84
31 -84
31 -82
31 -84
31 -84
31 -84
31 -82
31 -76
31 -82
31 -82
31 -82
31 -82
31 -81
31 -82
31 -82
31 -82
31 -81
31 -78
31 -81
31 -81
31 -83
31 -82
31 -83
31 -81
31 -82
31 -79
31 -83
31 -80
31 -81
31 -81
31 -81
31 -81
31 -83
31 -83
32 -85
32 -74
32 -84
32 -84
32 -83
32 -83
32 -83
32 -85
32 -84
32 -82
32 -83
32 -82
32 -82
32 -83
32 -83
32 -83
32 -79
32 -83
32 -83
32 -83
32 -81
32 -83
32 -83
32 -83
32 -82
32 -83
32 -83
32 -81
32 -82
32 -70
32 -83
32 -82
32 -82
32 -82
32 -81
32 -82
32 -82
32 -80
32 -79
32 -81
32 -82
32 -81
32 -82
32 -82
32 -82
32 -82
32 -83
32 -82
32 -83
32 -83
32 -83
32 -83
32 -83
32 -83
32 -48
32 -83
32 -84
32 -83
32 -84
32 -82
32 -84
32 -84
32 -82
32 -83
32 -84
43 -84
43 -55
43 -85
43 -87
43 -87
43 -85
44 -85
44 -84
44 -85
44 -84
44 -83
44 -83
44 -82
44 -84
44 -84
44 -77
44 -83
44 -82
44 -66
44 -83
44 -84
44 -77
44 -84
44 -84
44 -84
44 -84
44 -84
44 -83
44 -83
46 -84
46 -84
46 -82
46 -82
46 -82
46 -87
46 -84
46 -84
46 -84
46 -84
46 -84
46 -84
46 -83
46 -85
46 -81
46 -84
46 -83
46 -83
46 -85
46 -84
46 -82
46 -81
46 -81
46 -80
46 -72
46 -79
46 -79
46 -78
46 -45
46 -78
46 -77
46 -79
46 -79
46 -80
46 -81
46 -81
46 -82
46 -82
46 -83
46 -81
46 -76
46 -82
46 -82
46 -81
46 -81
46 -74
46 -70
46 -82
46 -80
46 -81
46 -81
46 -82
46 -82
46 -83
46 -78
46 -83
46 -82
46 -81
46 -76
47 -81
47 -80
47 -81
47 -82
47 -82
47 -71
47 -82
47 -83
47 -82
47 -83
47 -83
47 -82
47 -82
47 -82
47 -71
47 -71
47 -83
47 -79
47 -78
47 -76
47 -76
47 -76
47 -76
47 -76
47 -76
47 -77
47 -76
47 -77
47 -77
47 -76
47 -77
47 -76
47 -77
47 -77
47 -77
47 -78
47 -78
47 -78
47 -79
47 -80
47 -77
47 -78
47 -78
47 -78
47 -76
47 -76
47 -77
47 -76
47 -76
47 -76
47 -77
47 -76
47 -77
47 -76
47 -76
47 -74
47 -76
47 -76
47 -76
47 -76
47 -77
47 -77
47 -77
47 -77
47 -74
47 -78
47 -78
47 -76
47 -76
47 -78
47 -77
47 -78
47 -77
47 -78
47 -77
47 -70
47 -76
47 -77
47 -78
47 -77
47 -78
47 -78
47 -78
47 -78
47 -78
47 -78
47 -77
47 -78
47 -78
47 -77
47 -78
47 -78
47 -78
47 -78
47 -75
47 -78
47 -78
47 -78
47 -78
47 -78
47 -74
47 -78
47 -78
47 -78
47 -78
47 -78
47 -78
47 -78
47 -79
47 -79
47 -79
47 -80
47 -81
47 -81
47 -79
47 -81
47 -80
47 -81
47 -81
47 -82
47 -80
47 -79
47 -80
47 -80
47 -80
47 -79
47 -79
47 -80
47 -79
47 -79
47 -80
47 -79
47 -80
47 -80
47 -80
47 -77
47 -78
47 -78
47 -78
47 -79
47 -77
47 -78
47 -78
47 -78
47 -78
47 -78
47 -77
47 -78
47 -78
47 -78
47 -78
47 -78
47 -78
47 -79
48 -86
48 -84
48 -73
48 -85
49 -78
49 -78
49 -77
49 -78
49 -77
49 -77
49 -77
49 -72
49 -78
49 -78
49 -78
49 -78
49 -73
49 -78
49 -78
49 -78
49 -78
49 -76
49 -76
49 -76
49 -76
49 -75
49 -76
49 -76
49 -76
49 -76
49 -79
49 -81
49 -78
49 -77
49 -76
49 -76
49 -76
49 -76
49 -75
49 -76
49 -76
49 -68
49 -76
49 -75
49 -75
49 -75
49 -75
49 -74
49 -74
49 -74
49 -74
49 -73
49 -74
49 -74
49 -73
49 -74
49 -70
49 -74
49 -74
49 -74
49 -74
49 -73
49 -73
49 -73
49 -73
49 -73
49 -73
49 -73
49 -72
49 -73
49 -73
49 -72
49 -73
49 -72
49 -72
49 -73
49 -73
49 -73
49 -73
49 -73
49 -73
49 -74
49 -73
49 -73
49 -74
49 -74
49 -73
49 -73
49 -73
49 -73
49 -73
49 -73
49 -74
49 -73
49 -73
49 -74
49 -74
49 -74
49 -74
49 -74
49 -74
49 -74
49 -74
49 -74
49 -74
49 -74
49 -74
49 -74
49 -74
49 -74
49 -74
49 -74
49 -74
49 -74
49 -74
49 -74
49 -74
49 -74
49 -74
49 -74
49 -74
49 -74
49 -74
49 -74
49 -74
49 -74
49 -75
49 -74
49 -74
49 -74
49 -75
49 -74
49 -75
49 -76
49 -76
49 -76
49 -76
49 -76
49 -76
49 -76
49 -76
49 -75
49 -75
49 -75
49 -75
49 -75
49 -75
49 -76
49 -76
49 -76
49 -76
49 -78
49 -77
49 -67
49 -79
49 -78
49 -78
49 -76
49 -77
49 -76
49 -76
49 -76
49 -73
49 -76
49 -76
49 -75
49 -75
49 -75
49 -72
49 -74
49 -75
49 -76
49 -76
49 -75
49 -75
49 -75
49 -75
49 -75
49 -76
49 -76
49 -75
49 -75
49 -74
49 -75
49 -74
49 -74
49 -74
49 -74
49 -74
49 -74
49 -73
49 -73
49 -73
49 -73
49 -73
49 -73
49 -72
49 -73
49 -73
49 -74
49 -74
49 -75
49 -76
49 -76
49 -75
49 -74
49 -74
49 -75
49 -74
49 -75
50 -69
50 -69
50 -69
50 -69
50 -70
50 -70
50 -70
50 -70
50 -70
50 -70
50 -70
50 -69
50 -70
50 -70
50 -70
50 -70
50 -70
50 -44
50 -70
50 -70
50 -70
50 -70
50 -69
50 -70
50 -70
50 -70
50 -70
50 -70
50 -70
50 -70
50 -70
50 -70
50 -70
50 -70
50 -69
50 -67
50 -68
50 -68
50 -68
50 -68
50 -69
50 -69
50 -69
50 -70
50 -70
50 -70
50 -70
50 -70
50 -70
50 -70
50 -70
50 -70
50 -70
50 -70
50 -70
50 -70
50 -70
50 -70
50 -70
50 -70
50 -70
50 -70
50 -70
50 -70
50 -70
50 -70
50 -70
50 -70
50 -70
50 -70
50 -71
50 -71
50 -71
50 -70
50 -70
50 -71
50 -71
50 -72
50 -71
50 -70
50 -72
50 -72
50 -72
50 -70
50 -72
50 -72
50 -72
50 -72
50 -72
50 -70
50 -72
50 -72
50 -71
50 -72
50 -72
50 -71
50 -72
50 -72
50 -72
50 -72
50 -72
50 -71
50 -71
50 -71
50 -71
50 -72
50 -71
50 -71
50 -71
50 -71
50 -70
50 -71
50 -71
50 -71
50 -71
50 -72
50 -71
50 -71
50 -71
50 -71
50 -72
50 -72
50 -71
50 -71
50 -71
50 -71
50 -72
50 -72
50 -71
50 -71
50 -71
50 -71
50 -71
50 -71
50 -72
50 -71
50 -71
50 -72
50 -72
50 -72
50 -72
50 -72
50 -72
50 -72
50 -72
50 -72
50 -50
50 -72
50 -72
50 -72
50 -72
50 -72
50 -72
50 -72
50 -72
50 -72
50 -71
50 -71
50 -71
50 -70
50 -71
50 -70
50 -71
50 -70
50 -70
50 -70
50 -70
50 -71
50 -70
50 -70
50 -70
50 -70
50 -70
50 -70
50 -70
50 -70
50 -70
50 -71
50 -70
50 -71
50 -71
50 -71
50 -71
50 -71
50 -71
50 -71
50 -71
50 -72
50 -72
50 -72
50 -72
50 -72
50 -72
50 -72
50 -72
50 -72
50 -72
50 -72
50 -72
50 -72
50 -72
50 -73
50 -72
50 -72
50 -72
50 -72
50 -72
50 -72
50 -72
50 -72
50 -72
50 -72
50 -72
50 -72
50 -72
50 -73
50 -73
50 -74
50 -73
50 -74
50 -75
50 -72
50 -74
50 -75
50 -74
50 -73
50 -74
50 -74
50 -74
50 -72
50 -74
50 -75
50 -73
50 -73
51 -72
51 -72
51 -72
51 -72
51 -72
51 -72
51 -72
51 -69
51 -72
51 -72
51 -72
51 -72
51 -72
51 -72
51 -72
51 -72
51 -72
51 -72
51 -72
51 -72
51 -72
51 -72
51 -73
51 -73
51 -72
51 -72
51 -73
51 -72
51 -72
51 -72
51 -72
51 -71
51 -73
51 -72
51 -70
51 -72
51 -72
51 -72
51 -72
51 -72
51 -72
51 -72
51 -72
51 -73
51 -74
51 -74
51 -75
51 -74
51 -74
51 -75
51 -75
51 -74
51 -75
51 -72
51 -74
51 -75
51 -75
51 -75
51 -75
51 -75
51 -75
51 -74
51 -74
51 -74
51 -74
51 -74
51 -65
51 -74
51 -74
51 -74
51 -74
51 -74
51 -74
51 -74
51 -74
51 -74
51 -74
51 -67
51 -74
51 -74
51 -74
51 -73
51 -74
51 -74
51 -74
51 -74
51 -74
51 -73
51 -74
51 -74
51 -75
51 -74
51 -74
51 -74
51 -73
51 -73
51 -73
51 -73
51 -74
51 -74
51 -54
51 -74
51 -75
51 -74
51 -74
51 -75
51 -74
51 -74
51 -74
51 -75
51 -75
51 -74
51 -75
51 -74
51 -74
51 -74
51 -74
51 -74
51 -73
51 -74
51 -74
51 -74
51 -74
51 -76
51 -75
51 -75
51 -75
51 -75
51 -75
51 -75
51 -75
51 -75
51 -75
51 -75
51 -74
51 -74
51 -74
51 -75
51 -74
51 -74
51 -75
51 -74
51 -74
51 -74
51 -63
51 -74
51 -74
51 -74
51 -74
51 -74
51 -74
51 -75
51 -48
51 -73
51 -75
51 -75
51 -75
51 -75
51 -75
51 -75
51 -75
51 -76
51 -76
51 -76
51 -76
51 -76
51 -75
51 -75
51 -75
51 -75
51 -75
51 -75
51 -76
51 -75
51 -75
51 -75
51 -75
51 -75
51 -74
51 -74
51 -74
51 -75
51 -74
51 -75
51 -75
51 -74
51 -74
51 -73
51 -73
51 -72
51 -73
51 -73
51 -73
51 -74
51 -74
51 -74
51 -74
51 -74
51 -74
51 -74
51 -74
51 -74
51 -73
51 -74
51 -74
51 -74
51 -74
51 -73
51 -74
51 -74
51 -75
51 -74
51 -74
51 -75
51 -74
51 -74
51 -74
51 -74
51 -73
51 -73
51 -72
51 -73
51 -73
51 -73
51 -73
51 -73
51 -73
51 -73
51 -73
52 -70
52 -82
52 -83
52 -84
52 -85
52 -63
52 -83
52 -83
52 -61
52 -87
52 -64
52 -85
52 -85
52 -83
52 -85
52 -85
52 -84
52 -82
52 -84
52 -81
52 -82
52 -80
52 -80
52 -81
52 -81
52 -79
52 -78
52 -77
52 -76
52 -77
52 -78
52 -78
52 -77
52 -77
52 -78
52 -78
52 -79
52 -79
52 -78
52 -78
52 -78
52 -78
52 -78
52 -80
52 -79
52 -81
52 -82
52 -82
52 -83
52 -84
52 -85
53 -84
53 -84
53 -84
53 -83
53 -82
53 -82
53 -82
53 -82
53 -82
53 -82
53 -81
53 -81
53 -81
53 -81
53 -81
53 -81
53 -80
53 -73
53 -82
53 -83
53 -83
53 -81
53 -83
53 -82
53 -82
53 -81
53 -83
53 -82
53 -82
53 -79
53 -81
53 -80
53 -82
53 -80
53 -81
53 -81
53 -80
53 -80
53 -80
53 -80
53 -84
53 -85
53 -84
53 -82
53 -81
53 -82
53 -82
53 -82
53 -82
53 -81
53 -72
53 -82
53 -81
53 -81
53 -82
53 -81
53 -82
53 -82
54 -78
54 -78
54 -78
54 -78
54 -50
54 -77
54 -77
54 -77
54 -76
54 -76
54 -77
54 -76
54 -77
54 -76
54 -76
54 -76
54 -76
54 -76
54 -76
54 -76
54 -76
54 -76
54 -76
54 -76
54 -76
54 -76
54 -76
54 -76
54 -76
54 -76
54 -76
54 -76
54 -76
54 -76
54 -76
54 -76
54 -73
54 -75
54 -76
54 -76
54 -74
54 -74
54 -74
54 -73
54 -73
54 -72
54 -74
54 -73
54 -73
54 -73
54 -73
54 -73
54 -73
54 -73
54 -73
54 -73
54 -73
54 -74
54 -73
54 -74
54 -72
54 -74
54 -74
54 -73
54 -74
54 -74
54 -75
54 -75
54 -75
54 -74
54 -74
54 -74
54 -74
54 -75
54 -74
54 -74
54 -74
54 -73
54 -73
54 -74
54 -74
54 -74
54 -74
54 -74
54 -74
54 -74
54 -74
54 -75
54 -74
54 -74
54 -74
54 -74
54 -74
54 -74
54 -74
54 -74
54 -73
54 -74
54 -74
54 -75
54 -75
54 -75
54 -75
54 -76
54 -76
54 -76
54 -76
54 -76
54 -76
54 -76
54 -76
54 -76
54 -76
54 -76
54 -76
54 -76
54 -75
54 -75
54 -75
54 -75
54 -75
54 -75
54 -75
54 -75
54 -75
54 -75
54 -75
54 -75
54 -75
54 -74
54 -76
54 -76
54 -76
54 -76
54 -76
54 -76
54 -76
54 -76
54 -76
54 -76
54 -76
54 -76
54 -76
54 -77
54 -77
54 -78
54 -78
54 -77
54 -78
54 -78
54 -78
54 -78
54 -78
54 -77
54 -77
54 -77
54 -77
54 -73
54 -77
54 -78
54 -77
54 -76
54 -77
54 -76
54 -77
54 -78
54 -77
54 -78
54 -78
54 -78
54 -78
54 -78
54 -78
54 -77
54 -78
54 -78
54 -77
54 -78
54 -78
54 -78
54 -77
54 -77
54 -78
54 -77
54 -78
54 -77
54 -77
54 -77
54 -76
54 -76
54 -76
54 -77
54 -76
54 -76
54 -52
54 -76
54 -76
54 -76
54 -77
54 -76
54 -77
54 -77
54 -77
54 -78
54 -77
54 -78
54 -78
54 -78
54 -78
54 -77
54 -76
54 -76
54 -76
54 -76
54 -76
54 -76
54 -76
54 -76
54 -76
54 -76
54 -76
54 -76
54 -76
54 -76
54 -76
54 -71
54 -76
54 -76
54 -76
54 -76
54 -76
54 -76
54 -76
54 -76
55 -81
55 -81
55 -80
55 -79
55 -75
55 -78
55 -77
55 -76
55 -77
55 -77
55 -77
55 -76
55 -76
55 -76
55 -76
55 -76
55 -77
55 -78
55 -78
55 -78
55 -50
55 -79
55 -78
55 -80
55 -73
55 -73
55 -75
55 -74
55 -76
55 -75
55 -75
55 -74
55 -72
55 -74
55 -74
55 -75
55 -76
55 -76
55 -75
55 -73
55 -75
55 -75
55 -75
55 -76
55 -75
55 -76
55 -76
55 -76
55 -76
55 -76
55 -76
55 -76
55 -76
55 -76
55 -76
55 -72
55 -76
55 -76
55 -76
55 -69
55 -76
55 -76
55 -76
55 -76
55 -76
55 -76
55 -76
55 -77
55 -76
55 -76
55 -76
55 -76
55 -76
55 -76
55 -76
55 -76
55 -75
55 -75
55 -76
55 -76
55 -77
55 -77
55 -78
55 -78
55 -78
55 -79
55 -79
55 -79
55 -80
55 -79
55 -77
55 -78
55 -72
55 -78
55 -78
55 -78
55 -78
55 -78
55 -78
55 -78
55 -78
55 -79
55 -79
55 -80
55 -81
55 -80
55 -80
55 -79
55 -80
55 -80
55 -80
55 -80
55 -80
55 -81
55 -81
55 -81
55 -80
55 -79
55 -79
55 -79
55 -83
55 -77
55 -83
55 -81
55 -84
55 -84
55 -84
55 -83
55 -81
55 -82
55 -80
55 -74
55 -82
55 -78
55 -77
55 -76
55 -76
55 -75
55 -75
55 -75
55 -74
55 -73
55 -73
55 -73
55 -73
55 -74
55 -72
56 -67
56 -71
58 -86
58 -84
