Beacon Rssi
1 -75
1 -74
1 -76
1 -78
1 -75
1 -74
1 -76
1 -76
1 -75
1 -75
1 -76
1 -76
1 -75
1 -76
1 -75
1 -75
1 -75
1 -76
1 -75
1 -75
1 -75
1 -75
1 -75
1 -74
1 -75
1 -74
1 -74
1 -74
1 -74
1 -75
1 -74
1 -74
1 -74
1 -74
1 -74
1 -75
1 -75
1 -75
1 -75
1 -75
1 -75
1 -75
1 -75
1 -74
1 -76
1 -76
1 -76
1 -78
1 -78
1 -77
1 -76
1 -76
1 -76
1 -76
1 -76
1 -76
1 -76
1 -76
1 -74
1 -76
1 -76
1 -76
1 -76
1 -76
1 -76
1 -76
1 -76
1 -76
1 -76
1 -76
1 -76
1 -75
1 -76
1 -75
1 -75
1 -76
1 -76
1 -75
1 -75
1 -76
1 -75
1 -75
1 -75
1 -75
1 -75
1 -73
1 -76
1 -78
1 -80
1 -76
1 -76
1 -76
1 -76
1 -76
1 -76
1 -78
2 -82
2 -82
2 -82
2 -83
2 -78
2 -81
2 -80
2 -80
2 -78
2 -79
2 -80
2 -79
2 -79
2 -64
2 -80
2 -79
2 -78
2 -77
2 -77
2 -79
2 -79
2 -78
2 -79
2 -79
2 -78
2 -78
2 -78
2 -78
2 -81
2 -79
2 -79
2 -80
2 -80
2 -78
2 -78
2 -80
2 -78
2 -83
2 -86
2 -83
2 -78
2 -79
2 -82
2 -83
2 -83
2 -82
2 -81
2 -80
2 -82
2 -81
2 -80
2 -79
2 -80
2 -81
2 -80
2 -81
2 -82
2 -81
2 -80
2 -79
2 -79
2 -79
2 -80
2 -66
2 -80
2 -78
2 -79
2 -78
2 -78
2 -78
2 -81
2 -81
2 -80
2 -80
2 -80
3 -83
3 -81
3 -70
3 -69
3 -70
3 -71
3 -64
3 -69
3 -69
3 -69
3 -69
3 -69
3 -69
3 -69
3 -69
3 -69
3 -69
3 -69
3 -70
3 -69
3 -70
3 -70
3 -70
3 -70
3 -70
3 -70
3 -59
3 -70
3 -70
3 -70
3 -70
3 -70
3 -70
3 -70
3 -70
3 -70
3 -70
3 -76
3 -79
3 -73
3 -72
3 -72
3 -71
3 -70
3 -70
3 -70
3 -70
3 -70
3 -70
3 -70
3 -70
3 -70
3 -70
3 -70
3 -70
3 -70
3 -70
3 -70
3 -70
3 -70
3 -71
3 -72
3 -72
3 -72
3 -72
3 -70
3 -70
3 -70
3 -70
3 -70
3 -70
3 -70
3 -70
3 -70
3 -70
3 -72
3 -72
3 -72
3 -72
3 -73
3 -72
3 -72
3 -72
4 -75
4 -71
4 -75
4 -74
4 -70
4 -78
4 -71
4 -73
4 -75
4 -74
4 -74
4 -75
4 -74
4 -73
4 -72
4 -72
4 -71
4 -70
4 -70
4 -70
4 -70
4 -70
4 -70
4 -72
4 -72
4 -72
4 -72
4 -72
4 -72
4 -72
4 -72
4 -74
4 -74
4 -72
4 -73
4 -72
4 -73
4 -72
4 -72
4 -72
4 -72
4 -72
4 -74
4 -75
4 -76
4 -74
4 -75
4 -76
4 -75
4 -73
4 -72
4 -71
4 -70
4 -71
4 -71
4 -70
4 -71
4 -71
4 -71
4 -72
4 -72
4 -72
4 -72
4 -72
4 -72
4 -73
4 -75
4 -77
4 -70
4 -77
4 -75
4 -72
4 -72
4 -72
4 -71
4 -72
4 -72
4 -72
4 -72
4 -72
4 -72
4 -72
4 -72
4 -71
4 -71
4 -68
4 -69
4 -70
4 -71
4 -70
4 -70
4 -71
4 -69
5 -72
5 -69
5 -72
5 -73
5 -73
5 -72
5 -72
5 -71
5 -72
5 -72
5 -72
5 -72
5 -72
5 -72
5 -72
5 -72
5 -72
5 -73
5 -72
5 -72
5 -72
5 -83
5 -72
5 -72
5 -72
5 -73
5 -73
5 -72
5 -72
5 -72
5 -72
5 -71
5 -72
5 -72
5 -72
5 -71
5 -71
5 -71
5 -72
5 -72
5 -72
5 -72
5 -72
5 -71
5 -72
5 -72
5 -72
5 -72
5 -72
5 -72
5 -72
5 -72
5 -72
5 -72
5 -72
5 -72
5 -72
5 -72
5 -72
5 -72
5 -72
5 -72
5 -72
5 -72
5 -72
5 -72
5 -72
5 -72
5 -72
5 -72
5 -72
5 -72
5 -72
5 -72
5 -72
5 -76
5 -74
5 -74
5 -72
5 -72
5 -71
6 -70
6 -70
6 -68
6 -70
6 -69
6 -72
6 -72
6 -74
6 -72
6 -72
6 -72
6 -72
6 -72
6 -72
6 -73
6 -73
6 -73
6 -73
6 -73
6 -74
6 -74
6 -74
6 -75
6 -75
6 -75
6 -75
6 -74
6 -74
6 -74
6 -74
6 -74
6 -74
6 -73
6 -73
6 -74
6 -72
6 -72
6 -73
6 -74
6 -73
6 -73
6 -74
6 -73
6 -74
6 -72
6 -73
6 -75
6 -72
6 -70
6 -71
6 -72
6 -73
6 -73
6 -72
6 -72
6 -72
6 -73
6 -72
6 -73
6 -73
6 -72
6 -72
6 -72
6 -73
6 -73
6 -72
6 -71
6 -72
6 -72
6 -72
6 -72
6 -72
6 -72
6 -73
6 -73
6 -73
6 -73
6 -72
6 -74
6 -75
6 -74
6 -74
6 -74
6 -74
6 -54
6 -76
6 -74
6 -76
6 -78
6 -74
6 -72
6 -73
6 -79
7 -73
7 -78
7 -81
7 -80
7 -75
7 -74
7 -73
7 -72
7 -71
7 -74
7 -74
7 -73
7 -73
7 -73
7 -73
7 -73
7 -74
7 -75
7 -74
7 -73
7 -72
7 -73
7 -73
7 -72
7 -73
7 -74
7 -74
7 -74
7 -73
7 -72
7 -73
7 -73
7 -73
7 -73
7 -74
7 -74
7 -74
7 -74
7 -72
7 -74
7 -76
7 -77
7 -75
7 -72
7 -72
7 -72
7 -72
7 -73
7 -72
7 -72
7 -72
7 -72
7 -72
7 -72
7 -73
7 -72
7 -73
7 -73
7 -73
7 -74
7 -75
7 -75
7 -75
7 -74
7 -73
7 -73
7 -73
7 -73
7 -74
7 -72
7 -73
7 -74
7 -75
7 -75
7 -75
7 -74
7 -75
7 -82
7 -74
7 -71
8 -69
8 -67
8 -66
8 -64
8 -64
8 -67
8 -70
8 -77
8 -74
8 -72
8 -70
8 -69
8 -70
8 -70
8 -70
8 -72
8 -73
8 -74
8 -74
8 -72
8 -70
8 -70
8 -69
8 -69
8 -70
8 -70
8 -70
8 -71
8 -72
8 -70
8 -69
8 -69
8 -71
8 -75
8 -72
8 -71
8 -71
8 -73
8 -73
8 -69
8 -74
8 -67
8 -75
8 -70
8 -68
8 -70
8 -83
8 -82
8 -80
8 -83
8 -82
8 -85
8 -80
8 -76
8 -75
8 -75
8 -76
8 -76
8 -75
8 -72
8 -71
8 -72
8 -69
8 -71
8 -71
8 -71
8 -70
8 -72
8 -74
8 -74
8 -74
8 -74
8 -74
8 -71
8 -72
8 -72
8 -71
8 -69
8 -74
8 -70
8 -70
8 -76
8 -80
8 -74
8 -72
8 -72
9 -57
9 -55
9 -54
9 -56
9 -56
9 -60
9 -59
9 -60
9 -59
9 -58
9 -58
9 -58
9 -58
9 -58
9 -58
9 -58
9 -58
9 -58
9 -58
9 -58
9 -58
9 -58
9 -58
9 -58
9 -58
9 -58
9 -58
9 -58
9 -58
9 -58
9 -58
9 -58
9 -57
9 -57
9 -57
9 -57
9 -58
9 -58
9 -58
9 -58
9 -58
9 -58
9 -57
9 -58
9 -58
9 -58
9 -57
9 -56
9 -57
9 -58
9 -58
9 -58
9 -59
9 -59
9 -59
9 -60
9 -60
9 -60
9 -59
9 -58
9 -58
9 -58
9 -58
9 -58
9 -58
9 -58
9 -57
9 -57
9 -57
9 -57
9 -57
9 -57
9 -57
9 -57
9 -57
9 -58
9 -58
9 -58
9 -58
9 -58
9 -57
9 -57
9 -57
9 -57
9 -57
9 -57
9 -57
9 -59
9 -55
9 -57
9 -60
9 -61
9 -62
9 -63
9 -63
10 -58
10 -56
10 -52
10 -54
10 -54
10 -54
10 -55
10 -54
10 -56
10 -56
10 -56
10 -56
10 -56
10 -57
10 -57
10 -57
10 -57
10 -58
10 -58
10 -58
10 -58
10 -58
10 -58
10 -58
10 -58
10 -58
10 -58
10 -58
10 -58
10 -58
10 -58
10 -58
10 -58
10 -58
10 -58
10 -58
10 -58
10 -57
10 -58
10 -58
10 -57
10 -57
10 -58
10 -57
10 -58
10 -58
10 -58
10 -56
10 -55
10 -56
10 -56
10 -55
10 -56
10 -56
10 -57
10 -57
10 -57
10 -57
10 -57
10 -57
10 -57
10 -57
10 -57
10 -57
10 -57
10 -56
10 -56
10 -57
10 -56
10 -57
10 -57
10 -57
10 -57
10 -57
10 -57
10 -58
10 -58
10 -58
10 -57
10 -57
10 -57
10 -60
10 -70
10 -62
10 -59
10 -57
10 -57
10 -56
10 -54
10 -58
11 -64
11 -66
11 -69
11 -67
11 -66
11 -59
11 -59
11 -60
11 -59
11 -60
11 -59
11 -58
11 -58
11 -64
11 -59
11 -59
11 -59
11 -59
11 -58
11 -58
11 -58
11 -59
11 -60
11 -60
11 -60
11 -59
11 -59
11 -59
11 -59
11 -59
11 -58
11 -58
11 -58
11 -58
11 -58
11 -58
11 -58
11 -59
11 -58
11 -58
11 -58
11 -58
11 -61
11 -61
11 -63
11 -62
11 -61
11 -61
11 -62
11 -61
11 -61
11 -61
11 -61
11 -62
11 -62
11 -62
11 -61
11 -60
11 -59
11 -60
11 -60
11 -60
11 -60
11 -58
11 -58
11 -58
11 -59
11 -60
11 -60
11 -60
11 -60
11 -60
11 -60
11 -59
11 -59
11 -59
11 -59
11 -59
11 -59
11 -59
11 -59
11 -59
11 -60
11 -61
11 -63
11 -60
11 -60
11 -60
11 -59
11 -58
11 -58
12 -67
12 -66
12 -67
12 -67
12 -67
12 -78
12 -82
12 -82
12 -82
12 -83
12 -80
12 -79
12 -79
12 -81
12 -74
12 -78
12 -76
12 -78
12 -78
12 -76
12 -78
12 -78
12 -76
12 -78
12 -78
12 -77
12 -76
12 -78
12 -72
12 -71
12 -70
12 -73
12 -74
12 -78
12 -83
12 -84
12 -83
12 -82
12 -80
12 -78
12 -81
12 -81
12 -81
12 -80
12 -80
12 -80
12 -80
12 -77
12 -75
12 -72
12 -72
12 -74
12 -75
12 -77
12 -79
12 -79
12 -78
12 -79
12 -79
12 -80
12 -79
12 -79
12 -80
12 -75
12 -77
12 -72
12 -69
12 -70
12 -70
12 -70
12 -70
12 -70
13 -76
13 -81
13 -75
13 -75
13 -76
13 -76
13 -76
13 -76
13 -76
13 -76
13 -76
13 -76
13 -76
13 -76
13 -76
13 -76
13 -76
13 -76
13 -76
13 -77
13 -78
13 -78
13 -78
13 -76
13 -76
13 -76
13 -76
13 -76
13 -76
13 -76
13 -76
13 -76
13 -76
13 -75
13 -75
13 -75
13 -76
13 -78
13 -80
13 -83
13 -83
13 -80
13 -76
13 -77
13 -77
13 -76
13 -77
13 -77
13 -77
13 -76
13 -76
13 -76
13 -76
13 -76
13 -76
13 -76
13 -76
13 -75
13 -75
13 -76
13 -76
13 -76
13 -77
13 -76
13 -76
13 -76
13 -75
13 -65
13 -75
13 -75
13 -76
13 -76
13 -75
13 -76
13 -75
13 -75
13 -76
13 -80
13 -78
13 -78
13 -74
13 -75
13 -76
13 -76
13 -75
14 -79
14 -75
14 -78
14 -78
14 -82
14 -83
14 -87
14 -84
14 -84
14 -84
14 -84
14 -80
14 -77
14 -76
14 -76
14 -76
14 -77
14 -78
14 -79
14 -76
14 -71
14 -82
14 -82
14 -73
14 -82
14 -83
14 -81
14 -81
14 -81
14 -82
14 -83
14 -83
14 -81
14 -80
14 -80
14 -81
14 -83
14 -82
14 -78
14 -84
14 -82
14 -80
14 -80
14 -80
14 -79
15 -78
15 -74
15 -68
15 -67
15 -66
15 -66
15 -66
15 -66
15 -66
15 -66
15 -68
15 -68
15 -68
15 -69
15 -69
15 -69
15 -69
15 -79
15 -69
15 -69
15 -70
15 -70
15 -69
15 -69
15 -68
15 -68
15 -68
15 -68
15 -69
15 -68
15 -68
15 -69
15 -69
15 -69
15 -69
15 -68
15 -68
15 -68
15 -68
15 -67
15 -67
15 -69
15 -70
15 -70
15 -70
15 -70
15 -70
15 -70
15 -70
15 -70
15 -70
15 -70
15 -70
15 -70
15 -70
15 -70
15 -70
15 -70
15 -70
15 -69
15 -70
15 -70
15 -70
15 -70
15 -70
15 -70
15 -70
15 -70
15 -70
15 -70
15 -70
15 -70
15 -70
15 -70
15 -70
15 -72
15 -76
15 -78
15 -76
15 -73
15 -73
15 -73
15 -72
15 -72
16 -68
16 -70
16 -70
16 -70
16 -70
16 -80
16 -81
16 -74
16 -75
16 -78
16 -78
16 -76
16 -76
16 -78
16 -78
16 -78
16 -79
16 -78
16 -77
16 -76
16 -75
16 -73
16 -75
16 -74
16 -74
16 -76
16 -75
16 -75
16 -74
16 -74
16 -75
16 -76
16 -76
16 -76
16 -77
16 -77
16 -75
16 -74
16 -76
16 -76
16 -73
16 -70
16 -76
16 -54
16 -86
16 -83
16 -80
16 -82
16 -82
16 -80
16 -79
16 -78
16 -78
16 -76
16 -74
16 -73
16 -74
16 -75
16 -77
16 -80
16 -79
16 -80
16 -78
16 -76
16 -78
16 -79
16 -78
16 -78
16 -72
16 -74
16 -74
16 -74
16 -80
16 -78
16 -76
17 -72
17 -71
17 -70
17 -71
17 -73
17 -73
17 -72
17 -72
17 -72
17 -72
17 -71
17 -72
17 -72
17 -72
17 -72
17 -72
17 -73
17 -73
17 -73
17 -73
17 -72
17 -72
17 -71
17 -72
17 -71
17 -72
17 -72
17 -72
17 -71
17 -71
17 -71
17 -71
17 -71
17 -72
17 -71
17 -71
17 -70
17 -72
17 -72
17 -71
17 -70
17 -71
17 -57
17 -70
17 -70
17 -71
17 -70
17 -70
17 -70
17 -72
17 -74
17 -75
17 -74
17 -74
17 -74
17 -74
17 -73
17 -73
17 -72
17 -72
17 -72
17 -72
17 -72
17 -71
17 -70
17 -71
17 -70
17 -70
17 -70
17 -70
17 -70
17 -70
17 -70
17 -71
17 -71
17 -71
17 -71
17 -71
17 -71
17 -70
17 -71
17 -70
17 -70
17 -74
17 -72
17 -72
17 -72
17 -72
17 -72
17 -72
17 -72
17 -73
18 -70
18 -81
18 -78
18 -77
18 -83
18 -83
18 -83
18 -84
18 -77
18 -79
18 -79
18 -78
18 -78
18 -78
18 -77
18 -76
18 -77
18 -78
18 -78
18 -78
18 -79
18 -78
18 -79
18 -79
18 -78
18 -78
18 -79
18 -78
18 -78
18 -60
18 -78
18 -78
18 -77
18 -78
18 -80
18 -84
18 -83
18 -82
18 -80
18 -80
18 -79
18 -78
18 -80
18 -80
18 -78
18 -79
18 -78
18 -78
18 -78
18 -78
18 -78
18 -78
18 -76
18 -76
18 -77
18 -77
18 -78
18 -80
18 -82
18 -81
18 -80
18 -78
18 -77
18 -78
18 -77
18 -77
18 -76
18 -76
18 -76
18 -76
18 -76
18 -76
18 -76
18 -84
18 -78
18 -78
18 -64
18 -83
18 -63
18 -77
19 -79
19 -78
19 -79
19 -78
19 -79
19 -81
19 -81
19 -70
19 -80
19 -78
19 -81
19 -81
19 -81
19 -80
19 -80
19 -80
19 -80
19 -79
19 -80
19 -70
19 -81
19 -79
19 -79
19 -80
19 -80
19 -79
19 -58
19 -81
19 -80
19 -80
19 -81
19 -82
19 -83
19 -79
19 -78
19 -78
19 -78
19 -78
19 -78
19 -78
19 -78
19 -79
19 -80
19 -80
19 -79
19 -79
19 -80
19 -82
19 -83
19 -82
19 -81
19 -80
19 -79
19 -80
19 -80
19 -78
19 -77
20 -79
20 -82
20 -81
20 -80
21 -81
21 -82
21 -81
21 -82
21 -81
21 -78
21 -82
21 -81
21 -80
21 -81
21 -81
21 -81
21 -82
21 -83
21 -82
21 -82
21 -81
21 -82
21 -78
21 -82
21 -83
21 -83
21 -78
21 -82
21 -81
21 -82
21 -82
21 -83
21 -84
21 -84
21 -83
21 -84
21 -84
22 -85
23 -83
24 -83
24 -83
24 -84
24 -86
24 -88
24 -81
24 -85
24 -82
24 -86
25 -80
25 -78
25 -76
25 -78
25 -78
25 -75
25 -78
25 -78
25 -79
25 -79
25 -79
25 -78
25 -78
25 -78
25 -78
25 -78
25 -78
25 -78
25 -78
25 -78
25 -78
25 -78
25 -78
25 -78
25 -78
25 -78
25 -78
25 -78
25 -78
25 -79
25 -78
25 -78
25 -78
25 -78
25 -77
25 -78
25 -77
25 -78
25 -78
25 -77
25 -76
25 -78
25 -77
25 -77
25 -77
25 -76
25 -73
25 -78
25 -78
25 -77
25 -78
25 -77
25 -77
25 -77
25 -77
25 -77
25 -77
25 -77
25 -77
25 -78
25 -77
25 -77
25 -77
25 -78
25 -77
25 -77
25 -76
25 -76
25 -77
25 -76
25 -77
25 -77
25 -78
25 -77
25 -78
25 -78
25 -78
25 -78
25 -77
25 -77
25 -78
25 -77
25 -78
25 -76
25 -80
25 -79
25 -77
25 -79
25 -79
26 -80
26 -77
26 -85
26 -86
26 -87
26 -83
26 -84
26 -84
27 -76
27 -78
27 -72
27 -72
27 -84
27 -76
27 -78
27 -78
27 -78
27 -76
27 -76
27 -76
27 -76
27 -76
27 -77
27 -76
27 -76
27 -76
27 -76
27 -76
27 -76
27 -76
27 -76
27 -76
27 -76
27 -76
27 -76
27 -76
27 -76
27 -76
27 -76
27 -76
27 -77
27 -76
27 -77
27 -77
27 -72
27 -77
27 -76
27 -75
27 -73
27 -74
27 -74
27 -75
27 -76
27 -76
27 -76
27 -76
27 -76
27 -76
27 -76
27 -76
27 -76
27 -76
27 -76
27 -76
27 -76
27 -76
27 -76
27 -76
27 -77
27 -76
27 -76
27 -76
27 -76
27 -76
27 -76
27 -76
27 -76
27 -77
27 -77
27 -77
27 -78
27 -78
27 -76
27 -77
27 -77
27 -77
27 -78
27 -78
27 -75
27 -77
27 -74
27 -73
27 -74
27 -75
27 -75
27 -75
27 -75
27 -75
28 -78
28 -78
28 -78
28 -78
28 -78
28 -80
28 -80
28 -72
28 -79
28 -79
28 -78
28 -78
28 -70
28 -76
28 -77
28 -77
28 -78
28 -77
28 -78
28 -78
28 -74
28 -77
28 -77
28 -77
28 -78
28 -76
28 -78
28 -78
28 -78
28 -78
28 -78
28 -78
28 -77
28 -77
28 -78
28 -78
28 -78
28 -78
28 -77
28 -78
28 -79
28 -80
28 -78
28 -78
28 -78
28 -77
28 -77
28 -78
28 -77
28 -77
28 -77
28 -77
28 -77
28 -78
28 -76
28 -63
28 -77
28 -77
28 -78
28 -78
28 -78
28 -78
28 -78
28 -78
28 -78
28 -73
28 -78
28 -78
28 -77
28 -78
28 -78
28 -78
28 -77
28 -77
28 -77
28 -77
28 -77
28 -77
28 -77
28 -77
28 -78
28 -80
28 -77
28 -78
28 -79
28 -80
28 -79
28 -78
29 -80
29 -78
29 -81
29 -82
29 -79
29 -84
29 -83
29 -82
29 -82
29 -82
29 -83
29 -81
29 -81
29 -82
29 -81
29 -82
29 -84
29 -83
29 -82
29 -81
29 -82
29 -80
29 -82
29 -83
29 -83
29 -82
29 -82
29 -81
29 -80
29 -79
29 -80
29 -80
29 -80
29 -80
29 -81
29 -80
29 -80
29 -80
29 -81
29 -83
29 -83
29 -83
29 -83
29 -82
29 -82
29 -81
29 -82
29 -81
29 -81
29 -82
29 -82
29 -81
29 -82
29 -82
29 -77
29 -76
29 -78
29 -81
29 -83
29 -81
29 -78
30 -76
30 -75
30 -78
30 -72
30 -72
30 -74
30 -75
30 -75
30 -74
30 -74
30 -73
30 -72
30 -71
30 -71
30 -71
30 -71
30 -71
30 -72
30 -72
30 -73
30 -73
30 -73
30 -73
30 -73
30 -73
30 -72
30 -72
30 -72
30 -72
30 -73
30 -74
30 -72
30 -71
30 -71
30 -72
30 -72
30 -72
30 -72
30 -73
30 -73
30 -72
30 -75
30 -74
30 -76
30 -72
30 -71
30 -70
30 -70
30 -69
30 -69
30 -70
30 -70
30 -70
30 -70
30 -70
30 -70
30 -72
30 -72
30 -72
30 -72
30 -72
30 -72
30 -73
30 -73
30 -73
30 -74
30 -74
30 -74
30 -74
30 -73
30 -73
30 -72
30 -72
30 -72
30 -72
30 -72
30 -73
30 -74
30 -73
30 -72
30 -73
30 -73
30 -77
30 -76
30 -70
30 -72
30 -70
30 -68
30 -68
30 -69
30 -69
30 -69
30 -68
31 -83
31 -75
31 -79
31 -78
31 -80
31 -76
31 -76
31 -78
31 -77
31 -77
31 -78
31 -71
31 -78
31 -78
31 -78
31 -77
31 -78
31 -78
31 -77
31 -80
31 -81
31 -79
31 -78
31 -78
31 -78
31 -78
31 -79
31 -78
31 -78
31 -78
31 -78
31 -77
31 -77
31 -76
31 -77
31 -76
31 -77
31 -78
31 -78
31 -76
31 -76
31 -77
31 -76
31 -76
31 -76
31 -79
31 -79
31 -78
31 -76
31 -77
31 -78
31 -78
31 -78
31 -77
31 -77
31 -77
31 -78
31 -78
31 -78
31 -78
31 -78
31 -78
31 -78
31 -78
31 -79
31 -79
31 -78
31 -79
31 -78
31 -78
31 -79
31 -79
31 -79
31 -78
31 -79
31 -78
31 -79
31 -80
31 -75
31 -78
31 -78
31 -78
31 -78
31 -76
32 -72
32 -64
32 -76
32 -76
32 -65
32 -75
32 -76
32 -78
32 -78
32 -77
32 -76
32 -72
32 -70
32 -70
32 -70
32 -71
32 -72
32 -74
32 -76
32 -73
32 -74
32 -74
32 -72
32 -74
32 -76
32 -77
32 -78
32 -78
32 -75
32 -72
32 -74
32 -75
32 -75
32 -73
32 -72
32 -73
32 -76
32 -76
32 -77
32 -79
32 -81
32 -73
32 -70
32 -69
32 -68
32 -68
32 -68
32 -68
32 -68
32 -69
32 -71
32 -72
32 -72
32 -71
32 -71
32 -73
32 -75
32 -74
32 -74
32 -75
32 -77
32 -77
32 -72
32 -70
32 -71
32 -71
32 -72
32 -73
32 -72
32 -72
32 -74
32 -70
32 -68
32 -69
32 -70
32 -69
32 -67
32 -78
32 -70
33 -81
33 -74
33 -78
33 -74
33 -71
33 -63
33 -84
33 -82
33 -76
33 -75
33 -52
33 -72
33 -76
33 -78
33 -78
33 -83
33 -79
33 -81
33 -82
33 -77
33 -69
33 -76
33 -77
33 -76
33 -78
33 -78
33 -82
33 -76
33 -76
33 -80
33 -75
33 -72
33 -72
33 -72
33 -73
33 -74
33 -74
33 -73
33 -73
33 -55
33 -72
33 -73
33 -73
33 -73
33 -74
33 -74
33 -74
33 -74
33 -70
33 -74
33 -73
33 -74
33 -74
33 -74
33 -73
33 -74
33 -73
33 -71
33 -76
33 -76
33 -74
33 -76
33 -75
33 -76
33 -78
33 -76
33 -69
33 -68
33 -70
33 -72
33 -73
33 -72
34 -72
34 -72
34 -69
34 -70
34 -70
34 -73
34 -75
34 -74
34 -75
34 -73
34 -75
34 -76
34 -77
34 -76
34 -76
34 -76
34 -76
34 -76
34 -76
34 -78
34 -77
34 -75
34 -73
34 -74
34 -76
34 -75
34 -77
34 -77
34 -77
34 -76
34 -77
34 -78
34 -78
34 -78
34 -77
34 -76
34 -76
34 -78
34 -80
34 -79
34 -74
34 -71
34 -70
34 -70
34 -73
34 -72
34 -73
34 -76
34 -76
34 -76
34 -75
34 -74
34 -74
34 -74
34 -75
34 -76
34 -75
34 -75
34 -75
34 -75
34 -76
34 -78
34 -78
34 -77
34 -75
34 -73
34 -74
34 -75
34 -77
34 -78
34 -78
34 -78
34 -77
34 -76
34 -76
34 -77
34 -77
34 -78
34 -77
34 -75
34 -75
34 -61
34 -71
34 -73
34 -75
34 -75
34 -77
34 -78
34 -76
35 -72
35 -75
35 -70
35 -72
35 -70
35 -70
35 -67
35 -68
35 -68
35 -68
35 -68
35 -68
35 -68
35 -68
35 -67
35 -66
35 -66
35 -66
35 -66
35 -66
35 -67
35 -67
35 -68
35 -68
35 -67
35 -67
35 -66
35 -68
35 -67
35 -67
35 -68
35 -69
35 -69
35 -68
35 -67
35 -67
35 -67
35 -67
35 -66
35 -67
35 -67
35 -68
35 -68
35 -66
35 -68
35 -66
35 -66
35 -66
35 -66
35 -66
35 -65
35 -64
35 -65
35 -64
35 -65
35 -64
35 -65
35 -65
35 -65
35 -66
35 -66
35 -66
35 -66
35 -66
35 -67
35 -67
35 -67
35 -68
35 -68
35 -68
35 -68
35 -66
35 -66
35 -66
35 -66
35 -66
35 -66
35 -67
35 -67
35 -67
35 -70
35 -70
35 -70
35 -73
35 -76
35 -75
35 -70
35 -72
35 -65
35 -69
35 -70
36 -66
36 -70
36 -66
36 -68
36 -67
36 -70
36 -58
36 -70
36 -70
36 -69
36 -69
36 -69
36 -69
36 -69
36 -70
36 -70
36 -70
36 -70
36 -70
36 -71
36 -70
36 -70
36 -69
36 -69
36 -69
36 -70
36 -70
36 -70
36 -69
36 -69
36 -70
36 -70
36 -70
36 -70
36 -70
36 -70
36 -70
36 -70
36 -70
36 -68
36 -69
36 -66
36 -67
36 -67
36 -66
36 -66
36 -67
36 -69
36 -70
36 -70
36 -70
36 -70
36 -70
36 -69
36 -70
36 -70
36 -70
36 -64
36 -70
36 -70
36 -70
36 -70
36 -70
36 -63
36 -70
36 -67
36 -66
36 -66
36 -67
36 -68
36 -69
36 -70
36 -70
36 -70
36 -70
36 -70
36 -70
36 -70
36 -70
36 -70
36 -70
36 -70
36 -69
36 -71
36 -74
36 -72
36 -71
36 -70
36 -70
36 -70
36 -70
36 -71
37 -79
37 -76
37 -76
37 -80
37 -80
37 -78
37 -78
37 -78
37 -78
37 -77
37 -78
37 -79
37 -79
37 -78
37 -79
37 -78
37 -78
37 -78
37 -78
37 -78
37 -78
37 -78
37 -79
37 -79
37 -79
37 -78
37 -78
37 -78
37 -78
37 -80
37 -78
37 -78
37 -79
37 -79
37 -78
37 -78
37 -79
37 -80
37 -82
37 -81
37 -79
37 -76
37 -80
37 -80
37 -81
37 -81
37 -82
37 -81
37 -81
37 -80
37 -81
37 -81
37 -81
37 -81
37 -81
37 -80
37 -80
37 -81
37 -82
37 -81
37 -81
37 -81
37 -79
37 -80
37 -79
37 -80
37 -78
37 -78
37 -78
37 -78
37 -78
37 -78
37 -79
37 -78
37 -77
37 -79
37 -79
38 -78
38 -83
38 -84
38 -82
38 -81
38 -82
38 -83
38 -86
38 -84
38 -84
38 -85
38 -80
38 -83
38 -83
38 -82
38 -83
38 -83
38 -83
38 -83
38 -84
38 -81
39 -75
39 -75
39 -77
39 -77
39 -82
39 -81
39 -82
39 -86
39 -81
39 -78
39 -82
40 -80
40 -80
40 -80
40 -84
40 -75
40 -77
40 -80
40 -80
40 -79
40 -79
40 -79
40 -81
40 -81
41 -80
41 -78
41 -76
41 -78
41 -78
41 -79
41 -80
41 -81
41 -83
41 -81
41 -80
41 -82
41 -83
41 -82
41 -81
41 -70
41 -79
41 -79
41 -79
41 -81
41 -80
41 -80
41 -83
41 -80
41 -81
41 -81
41 -80
41 -83
41 -82
41 -74
41 -81
41 -80
41 -80
41 -82
41 -82
41 -82
42 -75
42 -75
42 -72
42 -75
42 -78
42 -77
42 -82
42 -83
42 -66
42 -81
42 -82
42 -81
42 -79
42 -79
42 -81
42 -80
42 -80
42 -79
42 -79
42 -79
42 -80
42 -79
42 -80
42 -80
42 -79
42 -80
42 -79
42 -78
42 -72
42 -79
42 -79
42 -79
42 -79
42 -80
42 -78
42 -79
42 -78
42 -78
42 -77
42 -77
42 -77
42 -78
42 -79
42 -81
42 -82
42 -80
42 -80
42 -79
42 -79
42 -80
42 -80
42 -78
42 -79
42 -78
42 -78
42 -77
42 -77
42 -77
42 -78
42 -78
42 -74
42 -78
42 -78
42 -78
42 -78
42 -78
42 -77
42 -78
42 -78
42 -76
42 -73
42 -76
42 -77
42 -78
42 -78
42 -77
42 -77
43 -80
43 -83
43 -82
43 -81
43 -80
43 -79
43 -78
43 -78
43 -79
43 -79
43 -81
43 -82
43 -83
43 -82
43 -81
43 -81
43 -74
43 -82
43 -81
43 -81
43 -80
43 -78
43 -79
43 -80
43 -79
43 -80
43 -79
43 -79
43 -80
43 -81
43 -81
43 -80
43 -80
43 -78
43 -79
43 -78
43 -79
43 -79
43 -79
43 -79
43 -79
43 -82
43 -84
43 -83
43 -83
43 -81
43 -81
43 -81
43 -80
43 -80
43 -80
43 -79
43 -78
43 -78
43 -79
43 -79
43 -80
43 -81
43 -81
43 -81
43 -80
43 -82
43 -82
43 -81
43 -83
43 -82
43 -81
43 -81
43 -80
43 -79
43 -81
44 -82
44 -80
44 -79
44 -79
44 -80
44 -79
44 -81
44 -83
44 -82
44 -81
44 -81
44 -80
44 -80
44 -82
44 -81
44 -82
44 -81
44 -80
44 -80
44 -80
44 -80
44 -81
44 -80
44 -80
44 -80
44 -81
44 -81
44 -80
44 -81
44 -82
44 -80
44 -79
44 -80
44 -82
44 -84
44 -82
44 -80
44 -82
44 -81
44 -81
44 -76
44 -79
44 -80
44 -79
44 -79
44 -78
44 -81
44 -81
44 -81
44 -81
44 -81
44 -81
44 -84
46 -83
46 -84
46 -81
46 -82
46 -83
46 -80
46 -80
46 -80
46 -81
46 -80
46 -80
46 -80
46 -81
46 -73
46 -81
46 -81
46 -81
46 -81
46 -80
46 -80
46 -81
46 -81
46 -81
46 -81
46 -81
46 -80
46 -82
46 -81
46 -81
46 -81
46 -81
46 -81
46 -81
46 -80
46 -80
46 -80
46 -82
46 -80
46 -80
46 -80
46 -80
46 -80
46 -81
46 -82
46 -81
46 -81
46 -81
46 -80
46 -80
46 -80
46 -73
46 -80
46 -72
46 -80
46 -81
46 -81
46 -80
46 -80
46 -80
46 -80
46 -81
46 -80
46 -81
46 -81
46 -81
46 -80
46 -81
46 -79
46 -80
46 -79
46 -63
46 -79
46 -79
46 -79
48 -85
48 -78
49 -82
49 -81
49 -80
49 -82
49 -82
49 -84
49 -85
50 -82
50 -79
50 -80
50 -81
50 -81
50 -82
50 -82
50 -70
50 -82
50 -82
50 -82
50 -80
50 -81
50 -81
50 -82
50 -81
50 -81
50 -81
50 -82
50 -83
50 -82
50 -83
50 -75
50 -83
50 -83
50 -83
50 -82
50 -82
50 -82
50 -82
50 -82
50 -83
50 -83
50 -83
50 -82
50 -83
50 -83
50 -83
50 -83
50 -82
50 -83
50 -83
50 -83
50 -82
50 -83
50 -83
50 -83
50 -81
50 -83
50 -83
51 -78
51 -80
51 -78
51 -78
51 -82
51 -83
51 -81
51 -80
51 -81
51 -82
51 -81
51 -83
51 -84
51 -85
51 -83
51 -84
51 -86
51 -85
51 -83
51 -81
51 -83
51 -81
51 -82
51 -84
51 -84
51 -85
51 -81
51 -81
51 -80
52 -76
52 -76
52 -74
52 -75
52 -74
52 -78
52 -69
52 -80
52 -80
52 -80
52 -79
52 -77
52 -80
52 -80
52 -80
52 -80
52 -81
52 -64
52 -78
52 -79
52 -80
52 -79
52 -80
52 -80
52 -79
52 -80
52 -80
52 -80
52 -80
52 -79
52 -80
52 -82
52 -81
52 -80
52 -81
52 -80
52 -76
52 -78
52 -80
52 -77
52 -79
52 -80
52 -80
52 -81
52 -81
52 -81
52 -81
52 -81
52 -81
52 -80
52 -81
52 -80
52 -80
52 -80
52 -79
52 -79
52 -79
52 -78
52 -79
52 -78
52 -78
52 -78
52 -79
52 -80
52 -79
52 -79
52 -79
52 -79
52 -78
52 -78
52 -78
52 -74
52 -73
52 -79
52 -53
52 -75
52 -75
52 -75
52 -75
52 -75
52 -75
53 -81
53 -84
53 -82
53 -78
53 -85
53 -84
53 -84
53 -70
53 -83
53 -82
53 -83
53 -83
53 -83
53 -83
53 -82
53 -83
53 -83
53 -84
53 -85
53 -84
53 -83
53 -83
53 -83
53 -78
53 -81
53 -83
53 -82
54 -72
54 -75
54 -70
54 -71
54 -77
54 -78
54 -78
54 -79
54 -79
54 -77
54 -76
54 -76
54 -76
54 -76
54 -76
54 -76
54 -75
54 -75
54 -74
54 -74
54 -75
54 -76
54 -76
54 -76
54 -76
54 -76
54 -76
54 -76
54 -76
54 -76
54 -76
54 -76
54 -78
54 -77
54 -78
54 -77
54 -76
54 -76
54 -76
54 -76
54 -71
54 -72
54 -74
54 -75
54 -76
54 -76
54 -76
54 -76
54 -77
54 -77
54 -77
54 -77
54 -77
54 -77
54 -77
54 -76
54 -76
54 -76
54 -77
54 -77
54 -77
54 -77
54 -78
54 -77
54 -76
54 -77
54 -77
54 -77
54 -78
54 -77
54 -77
54 -76
54 -76
54 -77
54 -76
54 -59
54 -76
54 -70
54 -72
54 -74
54 -75
54 -76
54 -75
54 -76
54 -76
54 -75
54 -75
55 -73
55 -72
55 -66
55 -66
55 -69
55 -72
55 -70
55 -70
55 -72
55 -70
55 -70
55 -70
55 -70
55 -69
55 -68
55 -67
55 -67
55 -67
55 -67
55 -68
55 -69
55 -70
55 -70
55 -70
55 -70
55 -70
55 -70
55 -68
55 -68
55 -68
55 -70
55 -70
55 -70
55 -69
55 -68
55 -68
55 -69
55 -70
55 -69
55 -68
55 -68
55 -69
55 -71
55 -70
55 -72
55 -72
55 -73
55 -74
55 -76
55 -72
55 -70
55 -68
55 -66
55 -66
55 -67
55 -68
55 -69
55 -69
55 -67
55 -67
55 -68
55 -69
55 -69
55 -69
55 -69
55 -69
55 -70
55 -70
55 -71
55 -72
55 -73
55 -72
55 -70
55 -69
55 -69
55 -69
55 -68
55 -68
55 -70
55 -69
55 -69
55 -69
55 -72
55 -77
55 -74
55 -78
55 -76
55 -79
55 -82
55 -79
55 -75
55 -72
55 -72
56 -72
56 -66
56 -66
56 -66
56 -70
56 -76
56 -74
56 -73
56 -73
56 -71
56 -73
56 -74
56 -74
56 -76
56 -76
56 -77
56 -66
56 -78
56 -79
56 -78
56 -76
56 -77
56 -77
56 -77
56 -76
56 -76
56 -76
56 -75
56 -75
56 -74
56 -75
56 -76
56 -74
56 -76
56 -76
56 -76
56 -76
56 -76
56 -76
56 -75
56 -72
56 -70
56 -69
56 -68
56 -69
56 -72
56 -74
56 -74
56 -78
56 -76
56 -76
56 -76
56 -76
56 -76
56 -76
56 -75
56 -76
56 -75
56 -75
56 -75
56 -75
56 -75
56 -74
56 -74
56 -72
56 -72
56 -72
56 -72
56 -74
56 -75
56 -75
56 -75
56 -76
56 -76
56 -75
56 -75
56 -75
56 -75
56 -76
56 -76
56 -75
56 -74
56 -73
56 -78
56 -76
56 -76
56 -75
56 -76
56 -76
56 -81
57 -80
57 -71
57 -72
57 -81
57 -78
57 -82
57 -80
57 -78
57 -79
57 -80
57 -80
57 -79
57 -79
57 -78
57 -77
57 -77
57 -80
57 -83
57 -83
57 -82
57 -80
57 -81
57 -82
57 -78
57 -78
57 -79
57 -78
57 -78
57 -78
57 -78
57 -80
57 -78
57 -75
57 -71
57 -83
57 -83
57 -86
57 -81
57 -81
57 -81
57 -71
57 -79
57 -78
57 -78
57 -79
57 -70
57 -81
57 -80
57 -80
57 -79
57 -80
57 -79
57 -78
57 -76
57 -78
57 -78
57 -78
57 -83
57 -78
57 -77
57 -76
57 -77
57 -77
57 -79
58 -72
58 -72
58 -72
58 -74
58 -77
58 -82
58 -84
58 -81
58 -80
58 -78
58 -79
58 -81
58 -81
58 -80
58 -79
58 -79
58 -79
58 -82
58 -82
58 -82
58 -82
58 -82
58 -82
58 -80
58 -80
58 -80
58 -80
58 -80
58 -80
58 -78
58 -80
58 -77
58 -82
58 -83
58 -84
59 -77
59 -79
59 -72
59 -70
59 -80
59 -81
59 -81
59 -79
59 -75
59 -75
59 -83
59 -76
59 -76
59 -78
59 -80
59 -78
59 -76
59 -76
59 -76
60 -72
60 -77
60 -66
60 -64
60 -62
60 -71
60 -75
60 -73
60 -67
60 -69
60 -69
60 -70
60 -70
60 -70
60 -72
60 -74
60 -65
60 -72
60 -72
60 -70
60 -70
60 -70
60 -72
60 -72
60 -71
60 -71
60 -71
60 -70
60 -70
60 -69
60 -70
60 -72
60 -71
60 -70
60 -70
60 -72
60 -72
60 -70
60 -69
60 -70
60 -70
60 -69
60 -67
60 -65
60 -66
60 -69
60 -73
60 -75
60 -76
60 -76
60 -76
60 -76
60 -76
60 -74
60 -72
60 -72
60 -72
60 -73
60 -73
60 -72
60 -71
60 -71
60 -71
60 -71
60 -71
60 -71
60 -70
60 -72
60 -72
60 -73
60 -73
60 -72
60 -71
60 -70
60 -71
60 -72
60 -72
60 -72
60 -72
60 -74
60 -81
60 -68
60 -72
60 -77
60 -84
60 -76
