Beacon Rssi
1 -66
1 -65
1 -66
1 -66
1 -67
1 -67
1 -67
1 -66
1 -66
1 -66
1 -66
1 -67
1 -69
1 -67
1 -66
1 -66
1 -64
1 -64
1 -64
1 -68
1 -68
1 -67
1 -66
1 -65
1 -65
1 -66
1 -67
1 -67
1 -66
1 -66
1 -65
1 -66
1 -65
1 -66
1 -66
1 -66
1 -66
1 -66
1 -66
1 -66
1 -66
1 -67
1 -66
1 -67
1 -67
1 -67
1 -67
1 -67
1 -67
1 -66
1 -66
1 -66
1 -66
1 -66
1 -66
1 -66
1 -67
1 -67
1 -67
1 -67
1 -67
1 -67
1 -66
1 -66
1 -66
1 -66
1 -66
1 -66
1 -65
1 -65
1 -64
1 -64
1 -64
1 -65
1 -65
1 -65
1 -66
1 -66
1 -66
1 -66
1 -66
1 -66
1 -66
1 -66
1 -65
1 -65
1 -65
1 -57
1 -65
1 -64
2 -71
2 -72
2 -71
2 -70
2 -70
2 -71
2 -70
2 -71
2 -70
2 -70
2 -71
2 -70
2 -70
2 -72
2 -73
2 -79
2 -81
2 -78
2 -83
2 -79
2 -64
2 -76
2 -77
2 -76
2 -76
2 -76
2 -77
2 -76
2 -77
2 -76
2 -78
2 -78
2 -81
2 -75
2 -51
2 -78
2 -78
2 -78
2 -76
2 -77
2 -72
2 -76
2 -76
2 -77
2 -76
2 -76
2 -76
2 -78
2 -78
2 -81
2 -80
2 -78
2 -75
2 -71
2 -70
2 -70
2 -72
2 -73
2 -73
2 -75
2 -75
2 -76
2 -77
2 -77
2 -76
2 -77
2 -78
2 -78
2 -77
2 -78
2 -78
2 -76
2 -77
2 -75
2 -74
2 -75
3 -64
3 -64
3 -64
3 -64
3 -64
3 -64
3 -64
3 -64
3 -64
3 -64
3 -64
3 -66
3 -65
3 -64
3 -64
3 -64
3 -64
3 -64
3 -69
3 -66
3 -68
3 -76
3 -73
3 -72
3 -70
3 -70
3 -67
3 -66
3 -65
3 -66
3 -66
3 -66
3 -66
3 -66
3 -67
3 -67
3 -68
3 -67
3 -68
3 -69
3 -68
3 -69
3 -65
3 -64
3 -64
3 -64
3 -65
3 -66
3 -65
3 -66
3 -66
3 -65
3 -65
3 -66
3 -66
3 -68
3 -68
3 -68
3 -66
3 -68
3 -68
3 -67
3 -67
3 -66
3 -66
3 -67
3 -68
3 -68
3 -68
3 -68
3 -69
3 -69
3 -69
3 -70
3 -70
3 -70
3 -72
3 -71
3 -72
3 -72
3 -72
3 -71
3 -72
3 -72
3 -71
3 -74
3 -70
3 -68
3 -68
3 -70
4 -82
4 -78
4 -82
4 -84
4 -82
4 -74
4 -80
4 -72
4 -73
4 -71
4 -69
4 -71
4 -75
4 -71
4 -70
4 -70
4 -73
4 -75
4 -78
4 -76
4 -75
4 -76
4 -76
4 -76
4 -76
4 -73
4 -74
4 -74
4 -75
4 -75
4 -73
4 -70
4 -73
4 -73
4 -74
4 -75
4 -74
4 -76
4 -75
4 -75
4 -76
4 -76
4 -76
4 -76
4 -73
4 -72
4 -71
4 -72
4 -72
4 -72
4 -73
4 -75
4 -76
4 -77
4 -77
4 -76
4 -82
4 -83
4 -75
4 -75
4 -84
4 -81
4 -78
4 -79
4 -74
4 -78
4 -77
4 -83
4 -83
4 -82
4 -82
4 -83
4 -86
5 -62
5 -60
5 -60
5 -60
5 -61
5 -63
5 -64
5 -64
5 -64
5 -64
5 -64
5 -64
5 -62
5 -63
5 -61
5 -62
5 -66
5 -66
5 -64
5 -65
5 -64
5 -65
5 -60
5 -63
5 -63
5 -63
5 -64
5 -64
5 -64
5 -64
5 -66
5 -65
5 -64
5 -65
5 -64
5 -65
5 -64
5 -64
5 -64
5 -63
5 -64
5 -64
5 -64
5 -64
5 -66
5 -64
5 -64
5 -66
5 -66
5 -65
5 -66
5 -64
5 -64
5 -64
5 -63
5 -63
5 -63
5 -64
5 -64
5 -64
5 -64
5 -63
5 -64
5 -66
5 -74
5 -78
5 -78
5 -75
5 -72
5 -72
5 -70
5 -70
5 -72
5 -72
5 -68
5 -69
5 -69
5 -68
5 -68
5 -68
5 -68
5 -68
5 -68
5 -71
5 -69
5 -72
5 -72
5 -71
6 -56
6 -55
6 -55
6 -57
6 -57
6 -57
6 -57
6 -57
6 -57
6 -57
6 -58
6 -60
6 -59
6 -58
6 -58
6 -57
6 -54
6 -54
6 -57
6 -64
6 -58
6 -53
6 -54
6 -55
6 -54
6 -57
6 -56
6 -63
6 -61
6 -58
6 -60
6 -58
6 -61
6 -61
6 -61
6 -62
6 -62
6 -61
6 -62
6 -60
6 -63
6 -64
6 -63
6 -68
6 -70
6 -70
6 -72
6 -70
6 -72
6 -70
6 -69
6 -69
6 -69
6 -63
6 -62
6 -63
6 -61
6 -61
6 -62
6 -61
6 -61
6 -60
6 -60
6 -60
6 -64
6 -64
6 -65
6 -62
6 -60
6 -60
6 -61
6 -63
6 -63
6 -61
6 -60
6 -58
6 -59
6 -59
6 -58
6 -58
6 -59
6 -58
6 -58
6 -59
6 -60
6 -62
6 -62
6 -62
6 -63
7 -82
7 -82
7 -81
7 -80
7 -81
7 -81
7 -80
7 -64
7 -82
7 -80
7 -80
7 -81
7 -80
7 -73
7 -82
7 -81
7 -79
7 -82
7 -79
7 -80
7 -82
7 -83
7 -78
7 -77
7 -76
7 -76
7 -76
7 -81
7 -80
7 -79
7 -78
7 -78
7 -78
7 -80
7 -79
7 -81
7 -83
7 -83
7 -81
7 -82
7 -81
7 -81
7 -81
7 -81
7 -82
7 -81
7 -80
7 -79
7 -79
7 -78
7 -79
7 -79
7 -80
7 -79
7 -80
7 -81
7 -81
7 -82
7 -82
7 -81
7 -81
7 -81
7 -81
7 -81
7 -81
7 -80
7 -80
7 -80
7 -80
7 -80
7 -81
7 -80
7 -81
7 -80
7 -80
7 -80
7 -80
8 -72
8 -75
8 -77
8 -76
8 -74
8 -72
8 -71
8 -70
8 -70
8 -70
8 -70
8 -70
8 -70
8 -79
8 -70
8 -70
8 -70
8 -76
8 -76
8 -76
8 -70
8 -74
8 -72
8 -74
8 -72
8 -70
8 -72
8 -69
8 -68
8 -67
8 -67
8 -68
8 -71
8 -67
8 -68
8 -69
8 -69
8 -70
8 -69
8 -69
8 -68
8 -69
8 -70
8 -69
8 -69
8 -68
8 -68
8 -68
8 -68
8 -69
8 -69
8 -70
8 -69
8 -69
8 -69
8 -69
8 -69
8 -70
8 -70
8 -70
8 -70
8 -70
8 -69
8 -69
8 -70
8 -70
8 -70
8 -71
8 -70
8 -67
8 -53
8 -83
8 -84
8 -80
8 -76
8 -75
8 -74
8 -75
8 -77
8 -76
8 -76
8 -76
8 -75
8 -75
8 -75
8 -76
8 -76
8 -76
8 -75
8 -74
8 -74
8 -75
8 -76
9 -81
9 -83
9 -83
9 -84
9 -83
9 -81
9 -84
9 -85
9 -79
9 -70
9 -70
9 -72
9 -69
9 -66
9 -65
9 -65
9 -66
9 -66
9 -65
9 -66
9 -67
9 -67
9 -66
9 -69
9 -70
9 -70
9 -70
9 -70
9 -69
9 -68
9 -71
9 -71
9 -70
9 -67
9 -66
9 -66
9 -66
9 -66
9 -67
9 -68
9 -69
9 -69
9 -67
9 -69
9 -68
9 -68
9 -68
9 -66
9 -66
9 -65
9 -65
9 -65
9 -65
9 -66
9 -67
9 -67
9 -68
9 -68
9 -57
9 -82
9 -81
9 -82
9 -78
9 -76
9 -76
9 -76
9 -76
9 -75
9 -75
9 -74
9 -75
9 -75
9 -73
9 -73
9 -72
9 -72
9 -76
9 -80
9 -81
9 -80
10 -68
10 -68
10 -69
10 -68
10 -68
10 -68
10 -67
10 -67
10 -67
10 -67
10 -68
10 -68
10 -68
10 -69
10 -68
10 -68
10 -68
10 -68
10 -69
10 -78
10 -69
10 -77
10 -78
10 -79
10 -80
10 -70
10 -69
10 -69
10 -71
10 -70
10 -74
10 -73
10 -72
10 -72
10 -71
10 -69
10 -69
10 -69
10 -69
10 -69
10 -70
10 -71
10 -71
10 -72
10 -70
10 -70
10 -70
10 -70
10 -70
10 -70
10 -70
10 -70
10 -73
10 -72
10 -71
10 -71
10 -70
10 -71
10 -71
10 -71
10 -70
10 -70
10 -70
10 -70
10 -70
10 -72
10 -73
10 -74
10 -73
10 -72
10 -72
10 -72
10 -72
10 -71
10 -71
10 -71
10 -71
10 -70
10 -70
10 -70
10 -71
10 -71
10 -71
10 -70
10 -70
10 -69
10 -68
10 -68
10 -68
10 -68
11 -81
11 -79
11 -80
11 -80
11 -83
11 -85
11 -84
11 -81
11 -79
11 -78
11 -83
11 -82
11 -81
11 -81
11 -76
11 -79
11 -80
11 -84
11 -83
11 -83
11 -84
11 -82
11 -84
11 -77
11 -79
11 -84
11 -83
11 -80
11 -81
11 -82
11 -81
11 -82
11 -83
11 -83
11 -82
11 -79
11 -77
11 -77
11 -77
11 -77
11 -78
11 -78
11 -81
11 -81
11 -82
11 -85
11 -84
11 -82
12 -78
12 -79
12 -79
12 -78
12 -78
12 -77
12 -77
12 -78
12 -78
12 -78
12 -81
12 -79
12 -77
12 -79
12 -77
12 -79
12 -76
12 -82
12 -74
12 -76
12 -77
12 -76
12 -80
12 -84
12 -81
12 -81
12 -83
12 -80
12 -81
12 -85
12 -80
12 -82
12 -83
12 -83
12 -81
12 -81
12 -83
12 -82
12 -82
12 -82
12 -82
12 -83
12 -82
12 -73
12 -82
12 -83
12 -78
12 -76
12 -76
12 -78
12 -78
12 -79
12 -80
12 -79
12 -77
12 -78
12 -76
12 -76
12 -77
12 -76
12 -76
12 -76
12 -76
12 -75
12 -76
12 -76
13 -84
13 -86
13 -84
13 -80
13 -80
13 -82
13 -84
13 -76
13 -85
13 -84
13 -82
13 -84
13 -84
13 -85
13 -84
13 -85
13 -86
13 -86
13 -84
13 -84
13 -84
13 -85
13 -84
13 -85
13 -85
13 -84
14 -86
14 -85
14 -84
14 -81
14 -87
14 -84
15 -75
15 -75
15 -76
15 -76
15 -74
15 -75
15 -74
15 -74
15 -73
15 -73
15 -74
15 -74
15 -74
15 -74
15 -73
15 -75
15 -76
15 -77
15 -76
15 -75
15 -76
15 -77
15 -76
15 -76
15 -76
15 -77
15 -77
15 -77
15 -75
15 -75
15 -76
15 -76
15 -75
15 -74
15 -74
15 -74
15 -75
15 -58
15 -75
15 -73
15 -74
15 -73
15 -75
15 -76
15 -76
15 -72
15 -70
15 -76
15 -75
15 -86
15 -75
15 -73
15 -74
15 -75
15 -74
15 -75
15 -75
15 -76
15 -75
15 -76
15 -76
15 -75
15 -75
15 -76
15 -76
15 -74
15 -73
15 -73
15 -44
15 -74
15 -74
15 -74
15 -74
15 -73
15 -73
15 -74
15 -74
15 -74
15 -74
15 -74
15 -74
15 -74
15 -74
15 -73
15 -73
15 -63
15 -74
15 -74
15 -74
16 -80
16 -80
16 -84
16 -74
16 -81
16 -79
16 -74
16 -75
16 -64
16 -76
16 -76
16 -78
16 -78
16 -76
16 -76
16 -76
16 -78
16 -79
16 -79
16 -78
16 -77
16 -76
16 -76
16 -77
16 -81
16 -77
16 -78
16 -78
16 -80
16 -78
16 -77
16 -76
16 -76
16 -76
16 -78
16 -78
16 -81
16 -81
16 -82
16 -81
16 -81
16 -80
16 -80
16 -79
16 -79
16 -80
16 -80
16 -81
16 -81
16 -84
17 -82
17 -70
17 -84
17 -83
17 -83
17 -78
17 -81
17 -79
17 -80
17 -77
17 -77
17 -78
17 -78
17 -79
17 -80
17 -76
17 -78
17 -83
17 -83
17 -81
17 -82
17 -79
17 -80
17 -81
17 -81
17 -81
17 -81
17 -81
17 -83
17 -86
17 -81
17 -80
17 -75
17 -75
17 -74
17 -76
17 -76
17 -78
17 -79
17 -79
17 -78
17 -79
17 -82
17 -84
17 -83
17 -83
17 -84
17 -83
17 -83
17 -80
17 -80
18 -73
18 -73
18 -73
18 -75
18 -74
18 -74
18 -74
18 -74
18 -75
18 -74
18 -74
18 -73
18 -74
18 -73
18 -73
18 -72
18 -74
18 -74
18 -77
18 -72
18 -70
18 -82
18 -72
18 -72
18 -72
18 -72
18 -71
18 -72
18 -71
18 -71
18 -73
18 -70
18 -71
18 -71
18 -71
18 -71
18 -71
18 -70
18 -72
18 -71
18 -72
18 -72
18 -72
18 -72
18 -70
18 -70
18 -71
18 -70
18 -71
18 -72
18 -72
18 -72
18 -72
18 -70
18 -70
18 -70
18 -70
18 -70
18 -70
18 -70
18 -70
18 -70
18 -71
18 -71
18 -69
18 -72
18 -74
18 -74
18 -73
18 -72
18 -73
18 -72
18 -73
18 -73
18 -72
18 -72
18 -72
18 -73
18 -72
18 -72
18 -72
18 -72
18 -72
18 -74
18 -74
18 -74
18 -74
18 -74
19 -74
19 -76
19 -75
19 -73
19 -74
19 -74
19 -74
19 -76
19 -76
19 -76
19 -75
19 -74
19 -74
19 -73
19 -75
19 -72
19 -72
19 -74
19 -80
19 -74
19 -75
19 -78
19 -76
19 -71
19 -70
19 -70
19 -70
19 -72
19 -71
19 -70
19 -72
19 -72
19 -73
19 -62
19 -68
19 -70
19 -69
19 -71
19 -71
19 -70
19 -69
19 -70
19 -70
19 -71
19 -70
19 -70
19 -70
19 -70
19 -70
19 -71
19 -72
19 -70
19 -71
19 -70
19 -70
19 -70
19 -70
19 -70
19 -70
19 -70
19 -72
19 -72
19 -73
19 -72
19 -72
19 -76
19 -79
19 -80
19 -52
19 -76
19 -78
19 -80
19 -80
19 -79
19 -83
19 -83
19 -79
19 -80
19 -81
19 -80
19 -81
19 -81
19 -76
19 -75
20 -70
20 -69
20 -69
20 -69
20 -70
20 -70
20 -70
20 -69
20 -69
20 -69
20 -69
20 -70
20 -72
20 -72
20 -70
20 -70
20 -70
20 -70
20 -70
20 -68
20 -72
20 -73
20 -70
20 -74
20 -73
20 -72
20 -72
20 -74
20 -76
20 -76
20 -73
20 -73
20 -74
20 -72
20 -73
20 -73
20 -73
20 -73
20 -76
20 -73
20 -74
20 -74
20 -75
20 -76
20 -74
20 -74
20 -74
20 -73
20 -73
20 -74
20 -71
20 -73
20 -74
20 -75
20 -76
20 -76
20 -76
20 -75
20 -75
20 -70
20 -75
20 -75
20 -75
20 -75
20 -74
20 -74
20 -74
20 -74
20 -73
20 -72
20 -74
20 -75
20 -72
20 -74
20 -73
20 -73
20 -72
20 -72
20 -72
20 -73
20 -73
20 -72
20 -72
20 -73
20 -72
20 -73
20 -74
20 -74
20 -74
20 -74
21 -83
21 -80
21 -83
21 -84
21 -82
21 -79
21 -77
21 -75
21 -73
21 -72
21 -75
21 -72
21 -66
21 -75
21 -73
21 -73
21 -73
21 -72
21 -73
21 -74
21 -73
21 -74
21 -58
21 -74
21 -74
21 -74
21 -73
21 -73
21 -74
21 -73
21 -73
21 -72
21 -72
21 -73
21 -72
21 -76
21 -75
21 -74
21 -74
21 -75
21 -75
21 -75
21 -75
21 -74
21 -73
21 -73
21 -72
21 -72
21 -72
21 -72
21 -72
21 -73
21 -73
21 -74
21 -74
21 -74
21 -74
21 -75
21 -81
21 -77
21 -76
21 -76
21 -62
21 -77
21 -79
21 -79
21 -78
21 -77
21 -78
21 -80
21 -79
21 -78
21 -78
21 -77
21 -77
21 -78
21 -78
21 -78
21 -77
21 -76
21 -76
22 -76
22 -76
22 -76
22 -76
22 -76
22 -76
22 -75
22 -75
22 -75
22 -75
22 -74
22 -74
22 -75
22 -75
22 -76
22 -78
22 -78
22 -82
22 -80
22 -78
22 -83
22 -78
22 -79
22 -78
22 -78
22 -77
22 -76
22 -76
22 -76
22 -75
22 -76
22 -76
22 -76
22 -64
22 -76
22 -76
22 -77
22 -76
22 -76
22 -76
22 -76
22 -74
22 -74
22 -75
22 -76
22 -76
22 -76
22 -75
22 -75
22 -76
22 -76
22 -76
22 -78
22 -77
22 -78
22 -77
22 -77
22 -77
22 -77
22 -76
22 -76
22 -76
22 -76
22 -76
22 -76
22 -77
22 -77
22 -78
22 -78
22 -77
22 -77
22 -76
22 -76
22 -77
22 -77
22 -78
22 -78
22 -78
22 -78
22 -78
22 -78
22 -77
22 -78
22 -77
22 -77
22 -75
22 -78
23 -79
23 -84
23 -84
23 -84
23 -85
23 -84
23 -80
23 -84
23 -86
23 -84
23 -84
23 -83
23 -84
23 -84
23 -84
24 -86
24 -84
24 -85
24 -83
25 -83
25 -82
25 -82
25 -84
25 -81
25 -81
25 -80
25 -82
25 -76
25 -78
25 -84
25 -83
25 -84
25 -83
25 -81
25 -79
25 -81
25 -82
25 -83
25 -84
25 -84
25 -83
25 -84
26 -81
26 -79
26 -81
26 -82
26 -83
26 -83
26 -82
26 -82
26 -82
26 -80
26 -80
26 -78
26 -78
26 -76
26 -85
26 -83
26 -83
26 -81
26 -85
26 -80
26 -78
26 -80
26 -77
26 -78
26 -81
26 -79
26 -79
26 -81
26 -81
26 -83
26 -85
26 -83
26 -83
26 -84
26 -84
26 -84
26 -85
26 -84
26 -83
26 -83
26 -83
26 -84
26 -84
26 -85
27 -77
27 -76
27 -78
27 -79
27 -79
27 -78
27 -57
27 -76
27 -76
27 -76
27 -76
27 -76
27 -78
27 -78
27 -77
27 -76
27 -77
27 -78
27 -52
27 -74
27 -76
27 -78
27 -78
27 -79
27 -78
27 -78
27 -79
27 -80
27 -83
27 -83
27 -68
27 -84
27 -81
27 -80
27 -80
27 -80
27 -77
27 -69
27 -79
27 -82
27 -81
27 -81
27 -82
27 -82
27 -81
27 -79
27 -79
27 -78
27 -79
27 -79
27 -78
27 -79
27 -78
27 -78
27 -78
27 -78
27 -78
27 -78
27 -80
27 -78
27 -78
27 -80
27 -77
27 -76
27 -76
27 -77
27 -78
27 -72
27 -79
27 -80
27 -79
27 -80
27 -79
27 -79
27 -80
27 -79
27 -78
27 -79
27 -78
27 -78
27 -78
27 -78
27 -78
28 -78
28 -76
28 -76
28 -78
28 -76
28 -76
28 -77
28 -78
28 -78
28 -77
28 -76
28 -79
28 -77
28 -76
28 -71
28 -70
28 -79
28 -82
28 -78
28 -76
28 -75
28 -71
28 -70
28 -70
28 -73
28 -72
28 -71
28 -72
28 -72
28 -73
28 -73
28 -74
28 -72
28 -72
28 -70
28 -72
28 -73
28 -74
28 -75
28 -73
28 -73
28 -75
28 -76
28 -78
28 -82
28 -77
28 -78
28 -78
28 -76
28 -75
28 -73
28 -73
28 -73
28 -73
28 -74
28 -75
28 -76
28 -77
28 -81
28 -83
28 -75
28 -78
28 -86
28 -81
28 -80
28 -79
28 -81
28 -80
28 -79
28 -79
28 -79
28 -81
28 -81
28 -81
28 -79
28 -77
28 -78
28 -82
28 -84
29 -69
29 -69
29 -68
29 -69
29 -69
29 -69
29 -69
29 -69
29 -69
29 -70
29 -70
29 -72
29 -72
29 -70
29 -68
29 -67
29 -66
29 -71
29 -62
29 -67
29 -67
29 -65
29 -65
29 -65
29 -64
29 -66
29 -66
29 -69
29 -67
29 -66
29 -66
29 -66
29 -66
29 -65
29 -66
29 -67
29 -66
29 -47
29 -68
29 -67
29 -66
29 -66
29 -67
29 -66
29 -67
29 -67
29 -67
29 -67
29 -68
29 -68
29 -67
29 -68
29 -69
29 -69
29 -66
29 -66
29 -66
29 -66
29 -55
29 -67
29 -67
29 -68
29 -67
29 -68
29 -67
29 -68
29 -70
29 -72
29 -72
29 -69
29 -69
29 -69
29 -70
29 -70
29 -70
29 -70
29 -70
29 -72
29 -72
29 -72
29 -71
29 -70
29 -70
29 -71
29 -72
29 -70
29 -70
29 -70
29 -69
30 -67
30 -69
30 -71
30 -72
30 -69
30 -67
30 -66
30 -66
30 -65
30 -66
30 -65
30 -64
30 -64
30 -65
30 -66
30 -67
30 -67
30 -73
30 -78
30 -75
30 -72
30 -73
30 -72
30 -73
30 -78
30 -82
30 -82
30 -75
30 -83
30 -73
30 -76
30 -80
30 -79
30 -79
30 -78
30 -78
30 -82
30 -76
30 -80
30 -82
30 -79
30 -80
30 -76
30 -74
30 -74
30 -74
30 -72
30 -75
30 -72
30 -75
30 -75
30 -75
30 -76
30 -81
30 -83
30 -81
30 -82
30 -73
30 -81
30 -72
30 -70
30 -72
30 -72
30 -71
30 -72
30 -73
30 -75
30 -74
30 -74
30 -75
30 -74
30 -74
30 -75
30 -75
30 -75
30 -74
30 -74
30 -75
30 -74
30 -75
30 -76
30 -72
30 -72
30 -72
31 -70
31 -70
31 -70
31 -70
31 -69
31 -70
31 -70
31 -70
31 -71
31 -71
31 -71
31 -72
31 -72
31 -71
31 -72
31 -70
31 -70
31 -74
31 -78
31 -71
31 -70
31 -74
31 -75
31 -68
31 -68
31 -70
31 -84
31 -70
31 -70
31 -72
31 -76
31 -77
31 -74
31 -72
31 -70
31 -74
31 -72
31 -58
31 -71
31 -74
31 -76
31 -76
31 -76
31 -74
31 -73
31 -73
31 -74
31 -80
31 -81
31 -79
31 -72
31 -72
31 -70
31 -70
31 -71
31 -71
31 -71
31 -72
31 -75
31 -77
31 -75
31 -75
31 -81
31 -74
31 -72
31 -76
31 -76
31 -76
31 -77
31 -78
31 -78
31 -75
31 -76
31 -78
31 -81
31 -75
31 -76
31 -78
31 -78
31 -78
31 -77
31 -75
31 -78
31 -79
31 -78
31 -78
32 -74
32 -76
32 -77
32 -76
32 -75
32 -74
32 -74
32 -74
32 -74
32 -75
32 -74
32 -73
32 -72
32 -74
32 -75
32 -76
32 -75
32 -74
32 -80
32 -79
32 -75
32 -73
32 -75
32 -75
32 -74
32 -74
32 -74
32 -78
32 -76
32 -76
32 -75
32 -75
32 -75
32 -75
32 -75
32 -74
32 -74
32 -76
32 -75
32 -76
32 -75
32 -76
32 -76
32 -76
32 -75
32 -75
32 -75
32 -76
32 -76
32 -75
32 -76
32 -77
32 -76
32 -75
32 -75
32 -75
32 -75
32 -76
32 -76
32 -76
32 -76
32 -77
32 -77
32 -78
32 -78
32 -78
32 -78
32 -78
32 -78
32 -78
32 -78
32 -78
32 -78
32 -78
32 -78
32 -78
32 -78
32 -78
32 -79
32 -79
32 -79
32 -80
32 -79
32 -77
32 -78
32 -78
32 -77
32 -70
33 -76
33 -75
33 -73
33 -73
33 -73
33 -75
33 -76
33 -76
33 -78
33 -77
33 -74
33 -78
33 -78
33 -76
33 -76
33 -71
33 -71
33 -77
33 -78
33 -69
33 -71
33 -72
33 -72
33 -72
33 -77
33 -73
33 -72
33 -73
33 -73
33 -73
33 -75
33 -72
33 -72
33 -73
33 -74
33 -74
33 -74
33 -76
33 -74
33 -74
33 -75
33 -75
33 -74
33 -74
33 -73
33 -74
33 -74
33 -74
33 -74
33 -74
33 -71
33 -74
33 -74
33 -75
33 -75
33 -73
33 -73
33 -72
33 -72
33 -72
33 -72
33 -72
33 -73
33 -74
33 -75
33 -74
33 -75
33 -76
33 -72
33 -71
33 -75
33 -76
33 -76
33 -74
33 -74
33 -74
34 -83
34 -84
34 -82
34 -81
34 -82
34 -81
34 -81
34 -81
34 -83
34 -83
34 -81
34 -82
34 -84
34 -83
34 -84
34 -83
34 -84
34 -84
34 -85
34 -84
34 -83
34 -85
34 -85
34 -83
34 -78
35 -71
35 -72
35 -72
35 -72
35 -71
35 -70
35 -68
35 -70
35 -70
35 -71
35 -70
35 -71
35 -72
35 -72
35 -72
35 -72
35 -74
35 -75
35 -72
35 -72
35 -70
35 -71
35 -73
35 -73
35 -73
35 -71
35 -70
35 -72
35 -70
35 -70
35 -70
35 -70
35 -70
35 -71
35 -70
35 -71
35 -72
35 -71
35 -71
35 -71
35 -72
35 -72
35 -72
35 -70
35 -70
35 -70
35 -70
35 -70
35 -70
35 -70
35 -70
35 -70
35 -70
35 -70
35 -71
35 -72
35 -72
35 -73
35 -73
35 -72
35 -73
35 -72
35 -72
35 -72
35 -72
35 -72
35 -72
35 -70
35 -70
35 -69
35 -70
35 -70
35 -70
35 -70
35 -70
35 -70
35 -70
35 -71
35 -71
35 -72
35 -71
35 -71
35 -72
35 -72
35 -72
35 -72
35 -72
35 -71
35 -72
35 -71
35 -70
35 -71
35 -70
36 -80
36 -80
36 -80
36 -80
36 -80
36 -80
36 -79
36 -79
36 -78
36 -79
36 -78
36 -78
36 -80
36 -79
36 -81
36 -80
36 -80
36 -82
36 -69
36 -77
36 -82
36 -82
36 -80
36 -77
36 -80
36 -82
36 -85
36 -79
36 -80
36 -80
36 -80
36 -79
36 -79
36 -78
36 -79
36 -79
36 -79
36 -79
36 -79
36 -80
36 -81
36 -81
36 -81
36 -78
36 -80
36 -80
36 -81
36 -80
36 -78
36 -78
36 -77
36 -78
36 -80
36 -79
36 -79
36 -79
36 -80
36 -81
36 -81
36 -83
36 -80
36 -78
36 -79
36 -78
36 -78
36 -78
36 -79
36 -79
36 -80
36 -81
36 -80
36 -80
36 -81
36 -80
36 -79
36 -81
36 -80
36 -79
36 -80
36 -81
36 -79
36 -80
36 -79
37 -84
38 -82
38 -82
38 -83
38 -84
38 -84
38 -83
38 -82
38 -81
38 -81
38 -82
38 -80
38 -80
38 -81
38 -83
38 -78
38 -81
38 -83
38 -82
38 -83
38 -82
38 -79
38 -81
38 -83
38 -82
38 -82
38 -83
38 -81
38 -81
38 -80
38 -80
38 -83
38 -72
38 -83
38 -83
38 -82
38 -82
38 -83
38 -83
38 -82
38 -81
38 -80
38 -73
38 -80
38 -80
38 -80
38 -81
38 -80
38 -81
38 -82
38 -82
38 -81
38 -81
38 -79
38 -80
38 -74
38 -79
38 -79
38 -54
38 -76
38 -80
38 -79
38 -80
38 -81
38 -81
38 -81
38 -81
38 -80
39 -86
39 -86
39 -84
39 -83
39 -86
39 -85
39 -83
39 -83
39 -83
39 -83
39 -83
39 -84
39 -82
39 -82
39 -82
39 -83
39 -82
40 -78
40 -77
40 -78
40 -78
40 -78
40 -77
40 -77
40 -76
40 -76
40 -77
40 -77
40 -78
40 -78
40 -78
40 -77
40 -78
40 -79
40 -80
40 -76
40 -75
40 -77
40 -79
40 -79
40 -82
40 -84
40 -79
40 -78
40 -79
40 -81
40 -82
40 -81
40 -81
40 -82
40 -82
40 -83
40 -82
40 -81
40 -80
40 -79
40 -79
40 -79
40 -79
40 -79
40 -78
40 -79
40 -78
40 -78
40 -78
40 -78
40 -78
40 -78
40 -78
40 -78
40 -78
40 -78
40 -78
40 -77
40 -77
40 -77
40 -76
40 -77
40 -77
40 -76
40 -76
40 -77
40 -78
40 -78
40 -78
40 -78
40 -77
40 -77
40 -76
40 -76
40 -76
40 -76
40 -76
40 -76
40 -76
40 -76
40 -76
40 -76
40 -75
40 -76
40 -76
40 -76
40 -76
40 -76
40 -76
41 -78
41 -78
41 -68
41 -77
41 -79
41 -82
41 -82
41 -82
41 -79
41 -80
41 -78
41 -77
41 -77
41 -58
41 -78
41 -78
41 -80
41 -80
41 -80
41 -78
41 -76
41 -76
41 -76
41 -77
41 -76
41 -76
41 -76
41 -76
41 -76
41 -75
41 -66
41 -75
41 -74
41 -74
41 -76
41 -76
41 -76
41 -64
41 -76
41 -76
41 -77
41 -77
41 -77
41 -76
41 -76
41 -76
41 -75
41 -75
41 -75
41 -75
41 -74
41 -74
41 -74
41 -74
41 -73
41 -75
41 -76
41 -82
41 -79
41 -78
41 -78
41 -78
41 -76
41 -76
41 -76
41 -76
41 -76
41 -76
41 -76
41 -77
41 -77
41 -79
41 -80
41 -79
42 -58
42 -82
42 -83
42 -83
42 -78
42 -76
42 -79
42 -80
42 -82
42 -81
42 -79
42 -80
42 -78
42 -79
42 -81
42 -79
42 -78
42 -78
42 -80
42 -82
42 -79
42 -81
42 -82
42 -80
42 -83
42 -75
42 -81
42 -81
42 -83
42 -83
42 -82
42 -84
42 -86
43 -84
43 -85
43 -83
43 -79
43 -76
43 -78
43 -82
43 -83
43 -78
43 -76
43 -78
43 -81
43 -83
43 -81
43 -79
43 -66
43 -82
43 -82
43 -78
43 -68
43 -83
43 -82
43 -81
43 -78
43 -78
43 -82
43 -83
43 -83
43 -83
43 -83
43 -81
43 -82
43 -81
43 -83
43 -84
43 -86
43 -79
43 -76
43 -78
43 -80
43 -81
43 -81
43 -80
43 -79
43 -78
43 -79
43 -80
43 -81
43 -81
43 -80
43 -81
43 -81
43 -82
43 -79
43 -81
43 -81
44 -80
44 -79
44 -76
44 -75
44 -76
44 -72
44 -72
44 -71
44 -71
44 -71
44 -74
44 -72
44 -72
44 -73
44 -71
44 -73
44 -73
44 -72
44 -73
44 -72
44 -73
44 -74
44 -74
44 -74
44 -72
44 -73
44 -73
44 -73
44 -74
44 -74
44 -73
44 -73
44 -74
44 -73
44 -73
44 -72
44 -72
44 -72
44 -72
44 -72
44 -72
44 -73
44 -74
44 -73
44 -73
44 -74
44 -82
44 -83
44 -78
44 -76
44 -77
44 -77
44 -78
44 -78
44 -78
44 -78
44 -77
44 -78
44 -78
44 -50
44 -77
44 -77
44 -78
44 -78
44 -78
44 -78
44 -78
44 -76
44 -77
44 -76
45 -80
45 -77
45 -76
45 -81
45 -84
45 -82
45 -84
45 -74
45 -82
45 -80
45 -81
45 -74
45 -73
45 -73
45 -77
45 -78
45 -78
45 -76
45 -76
45 -76
45 -75
45 -74
45 -74
45 -76
45 -76
45 -75
45 -75
45 -75
45 -75
45 -76
45 -77
45 -76
45 -74
45 -76
45 -75
45 -77
45 -75
45 -76
45 -75
45 -75
45 -76
45 -76
45 -76
45 -76
45 -77
45 -76
45 -77
45 -78
45 -79
45 -78
45 -78
45 -76
45 -76
45 -75
45 -75
45 -75
45 -76
45 -76
45 -76
45 -77
45 -78
45 -78
45 -76
45 -79
45 -81
45 -81
45 -84
45 -83
45 -82
45 -82
45 -82
45 -81
45 -67
45 -81
45 -81
45 -81
45 -80
45 -81
45 -81
45 -81
45 -81
45 -81
45 -82
45 -84
45 -83
46 -84
46 -84
46 -83
46 -85
46 -82
46 -83
46 -82
46 -78
46 -78
46 -80
46 -81
46 -84
46 -86
46 -86
46 -60
46 -85
46 -82
46 -82
46 -83
46 -84
46 -84
46 -84
46 -84
46 -83
46 -83
46 -83
46 -84
46 -84
46 -84
46 -84
46 -82
46 -80
46 -81
46 -81
46 -82
46 -82
46 -82
46 -81
46 -82
46 -82
46 -81
46 -81
46 -81
46 -82
46 -80
46 -81
46 -82
46 -83
46 -82
47 -84
47 -82
47 -82
47 -85
47 -81
47 -84
47 -84
47 -59
47 -81
47 -82
47 -83
47 -81
47 -83
47 -83
47 -84
47 -82
47 -82
47 -81
47 -81
47 -82
47 -81
47 -81
47 -83
47 -83
47 -85
47 -83
47 -77
47 -83
47 -84
47 -83
47 -83
47 -81
48 -75
48 -76
48 -76
48 -75
48 -75
48 -76
48 -76
48 -76
48 -76
48 -75
48 -76
48 -76
48 -75
48 -75
48 -75
48 -76
48 -78
48 -82
48 -74
48 -76
48 -76
48 -76
48 -77
48 -76
48 -75
48 -75
48 -75
48 -76
48 -75
48 -74
48 -74
48 -74
48 -74
48 -74
48 -75
48 -74
48 -74
48 -75
48 -75
48 -75
48 -75
48 -75
48 -75
48 -74
48 -74
48 -74
48 -74
48 -74
48 -75
48 -75
48 -75
48 -75
48 -75
48 -75
48 -75
48 -76
48 -76
48 -75
48 -74
48 -75
48 -76
48 -76
48 -75
48 -75
48 -75
48 -75
48 -76
48 -76
48 -76
48 -77
48 -76
48 -76
48 -77
48 -78
48 -78
48 -77
48 -77
48 -77
48 -77
48 -77
48 -77
48 -75
48 -75
48 -75
48 -76
49 -84
49 -81
49 -82
49 -79
49 -86
49 -80
49 -81
49 -81
49 -79
49 -83
49 -81
49 -83
49 -82
49 -83
49 -80
49 -80
49 -81
49 -81
49 -82
49 -83
49 -82
49 -82
49 -84
49 -87
49 -84
49 -83
49 -83
49 -83
49 -82
49 -83
49 -82
50 -81
50 -80
50 -68
50 -80
50 -81
50 -82
50 -81
50 -81
50 -82
50 -83
50 -83
50 -83
50 -83
50 -81
50 -80
50 -79
50 -78
50 -76
50 -77
50 -82
50 -81
50 -79
50 -79
50 -78
50 -78
50 -79
50 -79
50 -79
50 -78
50 -80
50 -81
50 -78
50 -80
50 -68
50 -78
50 -78
50 -79
50 -78
50 -79
50 -79
50 -79
50 -80
50 -80
50 -80
50 -79
50 -79
50 -78
50 -78
50 -78
50 -79
50 -79
50 -76
50 -81
50 -81
50 -80
50 -78
50 -78
50 -77
50 -77
50 -77
50 -77
50 -67
50 -78
50 -78
50 -77
50 -78
50 -78
50 -78
50 -78
50 -75
50 -76
50 -78
50 -78
50 -78
50 -78
50 -78
50 -77
50 -78
50 -78
50 -78
50 -79
51 -72
51 -70
51 -71
51 -76
51 -77
51 -80
51 -76
51 -76
51 -74
51 -74
51 -73
51 -72
51 -70
51 -62
51 -69
51 -73
51 -74
51 -72
51 -72
51 -72
51 -71
51 -70
51 -70
51 -72
51 -73
51 -70
51 -72
51 -72
51 -72
51 -72
51 -72
51 -71
51 -70
51 -70
51 -73
51 -72
51 -72
51 -72
51 -73
51 -75
51 -75
51 -75
51 -71
51 -75
51 -75
51 -76
51 -70
51 -75
51 -73
51 -71
51 -71
51 -71
51 -71
51 -71
51 -71
51 -71
51 -71
51 -72
51 -72
51 -72
51 -73
51 -78
51 -83
51 -77
51 -77
51 -76
51 -76
51 -77
51 -78
51 -77
51 -76
51 -76
51 -76
51 -76
51 -76
51 -76
51 -75
51 -75
51 -76
51 -78
51 -78
51 -78
51 -76
51 -76
51 -76
52 -74
52 -76
52 -75
52 -73
52 -73
52 -73
52 -72
52 -74
52 -76
52 -75
52 -74
52 -70
52 -69
52 -70
52 -70
52 -71
52 -72
52 -73
52 -84
52 -76
52 -74
52 -75
52 -76
52 -76
52 -76
52 -84
52 -78
52 -78
52 -79
52 -77
52 -75
52 -75
52 -75
52 -75
52 -75
52 -77
52 -75
52 -76
52 -78
52 -79
52 -78
52 -82
52 -78
52 -79
52 -78
52 -79
52 -76
52 -77
52 -80
52 -78
52 -78
52 -76
52 -76
52 -76
52 -78
52 -77
52 -77
52 -77
52 -76
52 -76
52 -76
52 -77
52 -76
52 -75
52 -70
52 -76
52 -75
52 -74
52 -75
52 -73
52 -76
52 -76
52 -77
52 -78
52 -78
52 -76
52 -78
52 -80
52 -78
52 -79
52 -77
52 -78
52 -77
52 -74
52 -73
52 -73
52 -74
53 -71
53 -71
53 -72
53 -72
53 -72
53 -71
53 -71
53 -71
53 -72
53 -74
53 -75
53 -74
53 -72
53 -73
53 -73
53 -74
53 -72
53 -76
53 -81
53 -72
53 -81
53 -78
53 -74
53 -77
53 -76
53 -77
53 -75
53 -76
53 -72
53 -73
53 -73
53 -74
53 -74
53 -75
53 -75
53 -73
53 -76
53 -76
53 -77
53 -77
53 -78
53 -77
53 -78
53 -75
53 -74
53 -73
53 -74
53 -75
53 -75
53 -75
53 -74
53 -75
53 -74
53 -76
53 -75
53 -78
53 -78
53 -78
53 -78
53 -79
53 -79
53 -80
53 -78
53 -75
53 -75
53 -74
53 -73
53 -73
53 -74
53 -76
53 -76
53 -76
53 -76
53 -75
53 -76
53 -76
53 -79
53 -78
53 -78
53 -79
53 -80
53 -80
53 -76
53 -75
53 -75
53 -75
53 -76
54 -75
54 -73
54 -73
54 -74
54 -74
54 -72
54 -72
54 -72
54 -72
54 -72
54 -73
54 -75
54 -76
54 -74
54 -51
54 -72
54 -76
54 -77
54 -73
54 -73
54 -72
54 -71
54 -70
54 -70
54 -72
54 -70
54 -69
54 -69
54 -69
54 -69
54 -69
54 -69
54 -70
54 -70
54 -70
54 -70
54 -70
54 -72
54 -72
54 -72
54 -70
54 -71
54 -72
54 -72
54 -72
54 -72
54 -72
54 -72
54 -72
54 -72
54 -67
54 -72
54 -72
54 -73
54 -73
54 -73
54 -72
54 -73
54 -71
54 -73
54 -74
54 -74
54 -73
54 -72
54 -72
54 -72
54 -72
54 -73
54 -73
54 -73
54 -73
54 -72
54 -73
54 -74
54 -73
54 -73
54 -72
54 -73
54 -72
54 -72
54 -72
54 -72
55 -66
55 -66
55 -64
55 -64
55 -66
55 -68
55 -69
55 -71
55 -71
55 -69
55 -67
55 -76
55 -65
55 -66
55 -66
55 -65
55 -64
55 -66
55 -66
55 -71
55 -71
55 -68
55 -67
55 -66
55 -65
55 -64
55 -64
55 -69
55 -68
55 -64
55 -64
55 -64
55 -64
55 -66
55 -66
55 -66
55 -66
55 -66
55 -64
55 -66
55 -67
55 -69
55 -67
55 -65
55 -64
55 -66
55 -67
55 -69
55 -70
55 -69
55 -68
55 -69
55 -69
55 -69
55 -70
55 -69
55 -69
55 -68
55 -68
55 -68
55 -68
55 -68
55 -68
55 -67
55 -67
55 -66
55 -69
55 -79
55 -72
55 -73
55 -74
55 -76
55 -78
55 -79
55 -80
55 -80
55 -87
55 -82
55 -81
55 -83
55 -84
55 -84
56 -84
56 -84
56 -80
56 -78
56 -76
56 -78
56 -78
56 -81
56 -78
56 -81
56 -78
56 -79
56 -80
56 -82
56 -80
56 -81
56 -54
56 -80
56 -70
56 -78
56 -79
56 -76
56 -78
56 -78
56 -81
56 -83
56 -81
56 -81
56 -72
56 -83
56 -82
56 -81
56 -79
56 -78
56 -76
56 -76
56 -76
56 -76
56 -77
56 -77
56 -77
56 -77
56 -79
56 -83
56 -84
56 -83
56 -81
56 -81
56 -80
56 -82
56 -82
56 -81
56 -80
56 -80
56 -80
56 -81
56 -81
56 -83
57 -75
57 -74
57 -74
57 -73
57 -76
57 -76
57 -76
57 -76
57 -76
57 -78
57 -80
57 -78
57 -77
57 -74
57 -77
57 -72
57 -76
57 -78
57 -80
57 -80
57 -79
57 -74
57 -76
57 -76
57 -77
57 -78
57 -79
57 -78
57 -78
57 -78
57 -75
57 -76
57 -77
57 -76
57 -75
57 -76
57 -72
57 -75
57 -72
57 -77
57 -78
57 -78
57 -78
57 -77
57 -76
57 -76
57 -76
57 -76
57 -78
57 -76
57 -76
57 -75
57 -74
57 -74
57 -75
57 -75
57 -75
57 -74
57 -75
57 -60
57 -76
57 -73
57 -76
57 -76
57 -76
57 -76
57 -76
57 -76
57 -74
57 -76
57 -76
57 -76
57 -76
57 -76
57 -76
57 -76
57 -76
57 -77
57 -77
57 -77
57 -76
57 -76
58 -76
58 -76
58 -69
58 -78
58 -76
58 -76
58 -76
58 -75
58 -75
58 -76
58 -77
58 -76
58 -76
58 -76
58 -76
58 -77
58 -73
58 -71
58 -72
58 -72
58 -72
58 -71
58 -72
58 -66
58 -72
58 -72
58 -73
58 -73
58 -73
58 -72
58 -73
58 -73
58 -73
58 -73
58 -73
58 -72
58 -72
58 -72
58 -72
58 -72
58 -72
58 -72
58 -72
58 -72
58 -72
58 -72
58 -66
58 -72
58 -70
58 -71
58 -71
58 -72
58 -72
58 -72
58 -72
58 -72
58 -72
58 -72
58 -72
58 -72
58 -71
58 -70
58 -70
58 -70
58 -70
58 -71
58 -70
58 -70
58 -70
58 -71
58 -72
58 -72
58 -72
58 -72
58 -72
58 -72
58 -72
58 -72
58 -72
58 -70
58 -72
58 -72
58 -72
58 -52
58 -72
59 -74
59 -74
59 -75
59 -74
59 -75
59 -75
59 -75
59 -75
59 -75
59 -75
59 -76
59 -76
59 -74
59 -61
59 -73
59 -73
59 -78
59 -76
59 -75
59 -79
59 -75
59 -76
59 -76
59 -74
59 -72
59 -73
59 -72
59 -72
59 -73
59 -72
59 -72
59 -72
59 -72
59 -72
59 -70
59 -71
59 -72
59 -72
59 -72
59 -73
59 -72
59 -72
59 -72
59 -72
59 -73
59 -73
59 -73
59 -72
59 -72
59 -72
59 -72
59 -73
59 -72
59 -72
59 -72
59 -73
59 -72
59 -72
59 -72
59 -72
59 -73
59 -72
59 -72
59 -73
59 -72
59 -73
59 -72
59 -72
59 -72
59 -72
59 -73
59 -73
59 -74
59 -72
59 -74
59 -73
59 -73
59 -72
59 -73
59 -73
59 -73
59 -73
60 -76
60 -75
60 -79
60 -83
60 -80
60 -79
60 -72
60 -74
60 -82
60 -73
60 -71
60 -76
60 -76
60 -70
60 -64
60 -62
60 -62
60 -62
60 -63
60 -64
60 -65
60 -65
60 -65
60 -64
60 -64
60 -66
60 -66
60 -66
60 -68
60 -68
60 -65
60 -66
60 -68
60 -68
60 -65
60 -66
60 -68
60 -66
60 -66
60 -67
60 -70
60 -68
60 -66
60 -66
60 -65
60 -69
60 -68
60 -69
60 -70
60 -71
60 -72
60 -72
60 -71
60 -71
60 -70
60 -72
60 -70
60 -68
60 -65
60 -65
60 -65
60 -66
60 -65
60 -65
60 -64
60 -64
60 -65
60 -66
60 -66
60 -66
60 -66
60 -66
60 -66
60 -66
60 -66
60 -66
60 -67
60 -64
60 -68
60 -68
60 -66
