Beacon Rssi
1 -64
1 -64
1 -64
1 -64
1 -64
1 -64
1 -64
1 -64
1 -72
1 -64
1 -65
1 -65
1 -65
1 -65
1 -65
1 -65
1 -65
1 -65
1 -65
1 -66
1 -66
1 -65
1 -65
1 -64
1 -64
1 -64
1 -66
1 -66
1 -69
1 -67
1 -65
1 -68
1 -67
1 -67
1 -68
1 -68
1 -68
1 -68
1 -68
1 -67
1 -66
1 -66
1 -66
1 -65
1 -66
1 -64
1 -66
1 -65
1 -65
1 -65
1 -65
1 -66
1 -66
1 -67
1 -67
1 -67
1 -67
1 -67
1 -67
1 -68
1 -68
1 -68
1 -68
1 -69
1 -69
1 -69
1 -69
1 -69
1 -69
1 -69
1 -69
1 -69
1 -69
1 -69
1 -70
1 -69
1 -69
1 -69
1 -68
1 -68
1 -67
1 -67
1 -66
1 -65
1 -65
1 -64
1 -64
1 -64
1 -64
1 -64
1 -65
1 -64
1 -64
1 -64
1 -64
1 -65
1 -65
1 -65
1 -65
1 -65
1 -65
1 -64
1 -65
1 -65
1 -64
1 -64
1 -65
1 -64
1 -64
1 -64
1 -64
1 -64
1 -64
1 -63
1 -64
1 -64
1 -64
1 -64
1 -64
1 -64
1 -62
1 -64
1 -64
1 -64
1 -63
1 -63
1 -64
1 -64
1 -64
1 -65
1 -66
1 -66
1 -66
1 -66
1 -66
1 -66
1 -67
1 -67
1 -67
1 -67
1 -67
1 -67
1 -68
1 -67
1 -66
1 -66
1 -66
1 -65
1 -64
1 -64
1 -64
1 -64
1 -64
1 -64
1 -70
1 -63
1 -63
1 -63
1 -63
1 -63
1 -63
1 -63
1 -62
1 -62
1 -62
1 -62
1 -62
1 -62
1 -62
1 -62
1 -62
1 -62
1 -62
1 -62
1 -62
1 -61
1 -62
1 -62
1 -62
1 -62
1 -62
1 -62
1 -63
1 -62
1 -63
1 -62
1 -62
1 -63
1 -63
1 -63
1 -63
1 -63
1 -63
1 -63
1 -63
1 -63
1 -63
1 -63
1 -63
1 -63
1 -63
1 -63
1 -63
1 -63
1 -63
1 -63
1 -63
1 -62
1 -62
1 -62
1 -62
1 -63
1 -63
1 -63
1 -63
1 -63
1 -63
1 -63
1 -63
1 -63
1 -63
1 -63
1 -63
1 -63
1 -63
1 -63
1 -63
1 -63
1 -62
1 -62
1 -62
1 -62
1 -62
1 -63
1 -62
1 -63
1 -63
1 -63
1 -63
1 -63
1 -63
1 -63
1 -63
1 -63
1 -63
1 -63
1 -63
1 -63
1 -63
1 -63
1 -63
1 -63
1 -63
1 -63
1 -63
1 -63
1 -63
1 -63
1 -63
1 -63
1 -63
1 -62
1 -63
1 -63
1 -63
1 -63
1 -63
1 -63
1 -63
1 -63
1 -63
1 -62
1 -63
1 -63
1 -63
1 -62
1 -63
1 -63
1 -63
1 -62
1 -70
1 -62
1 -63
1 -62
1 -62
1 -62
1 -62
1 -62
1 -62
1 -62
1 -62
1 -63
1 -63
1 -64
1 -64
1 -64
1 -64
1 -64
1 -64
1 -64
1 -64
1 -64
1 -64
1 -64
1 -64
1 -65
1 -64
1 -64
1 -64
1 -64
1 -64
1 -64
1 -63
1 -63
1 -63
1 -63
1 -63
1 -63
1 -63
1 -64
1 -64
1 -63
1 -63
1 -63
1 -63
1 -63
1 -63
1 -63
1 -63
1 -63
1 -63
1 -63
1 -63
1 -63
1 -63
1 -63
1 -63
1 -62
1 -63
1 -63
1 -63
1 -63
1 -63
1 -63
1 -63
1 -63
1 -63
1 -63
1 -63
1 -62
1 -63
1 -63
1 -63
1 -63
1 -63
1 -63
1 -63
1 -63
1 -63
1 -64
1 -63
1 -63
1 -63
1 -63
1 -64
1 -63
1 -61
1 -61
1 -60
1 -60
1 -60
1 -60
1 -60
1 -61
1 -61
1 -62
1 -62
1 -62
1 -62
1 -62
1 -62
1 -62
1 -62
1 -62
1 -62
1 -62
1 -62
1 -62
1 -62
1 -61
1 -61
1 -62
1 -61
1 -62
1 -61
1 -61
1 -61
1 -61
1 -61
2 -64
2 -68
2 -66
2 -66
2 -66
2 -66
2 -66
2 -66
2 -66
2 -65
2 -64
2 -64
2 -64
2 -70
2 -63
2 -63
2 -63
2 -63
2 -63
2 -63
2 -63
2 -64
2 -63
2 -63
2 -63
2 -64
2 -65
2 -69
2 -72
2 -69
2 -62
2 -63
2 -64
2 -64
2 -62
2 -63
2 -66
2 -66
2 -65
2 -64
2 -62
2 -63
2 -64
2 -64
2 -64
2 -64
2 -64
2 -64
2 -73
2 -66
2 -66
2 -64
2 -64
2 -64
2 -66
2 -63
2 -62
2 -63
2 -64
2 -64
2 -64
2 -65
2 -66
2 -64
2 -72
2 -65
2 -64
2 -64
2 -64
2 -64
2 -64
2 -64
2 -64
2 -64
2 -64
2 -64
2 -64
2 -64
2 -64
2 -64
2 -64
2 -64
2 -64
2 -64
2 -64
2 -64
2 -65
2 -65
2 -66
2 -66
2 -67
2 -67
2 -67
2 -68
2 -67
2 -66
2 -66
2 -66
2 -66
2 -66
2 -73
2 -66
2 -67
2 -67
2 -67
2 -67
2 -67
2 -67
2 -67
2 -67
2 -68
2 -70
2 -70
2 -71
2 -71
2 -70
2 -69
2 -69
2 -69
2 -68
2 -67
2 -66
2 -65
2 -64
2 -64
2 -62
2 -61
2 -60
2 -60
2 -62
2 -64
2 -66
2 -64
2 -63
2 -63
2 -66
2 -68
2 -66
2 -67
2 -66
2 -65
2 -64
2 -64
2 -64
2 -64
2 -64
2 -63
2 -63
2 -63
2 -52
2 -64
2 -64
2 -64
2 -64
2 -64
2 -64
2 -64
2 -64
2 -64
2 -63
2 -62
2 -62
2 -62
2 -62
2 -61
2 -61
2 -60
2 -60
2 -61
2 -61
2 -61
2 -61
2 -62
2 -62
2 -62
2 -62
2 -63
2 -64
2 -64
2 -64
2 -64
2 -61
2 -64
2 -64
2 -64
2 -64
2 -64
2 -63
2 -61
2 -62
2 -62
2 -62
2 -62
2 -62
2 -62
2 -62
2 -62
2 -63
2 -63
2 -63
2 -64
2 -64
2 -64
2 -63
2 -63
2 -63
2 -63
2 -62
2 -63
2 -62
2 -62
2 -62
2 -62
2 -62
2 -62
2 -63
2 -63
2 -63
2 -63
2 -63
2 -63
2 -63
2 -63
2 -64
2 -64
2 -64
2 -64
2 -64
2 -64
2 -64
2 -64
2 -64
2 -64
2 -63
2 -63
2 -64
2 -63
2 -64
2 -64
2 -64
2 -64
2 -64
2 -64
2 -64
2 -64
2 -64
2 -65
2 -67
2 -65
2 -65
2 -64
2 -64
2 -64
2 -64
2 -64
2 -64
2 -64
2 -64
2 -64
2 -63
2 -63
2 -63
2 -63
2 -63
2 -63
2 -63
2 -63
2 -63
2 -64
2 -64
2 -64
2 -64
2 -64
2 -65
2 -66
2 -66
2 -66
2 -66
2 -66
2 -66
2 -66
2 -66
2 -66
2 -66
2 -66
2 -67
2 -67
2 -68
2 -69
2 -70
2 -70
2 -70
2 -69
2 -69
2 -70
2 -69
2 -70
2 -70
2 -71
2 -72
2 -73
2 -74
2 -74
2 -73
2 -72
2 -70
2 -70
2 -70
2 -67
2 -67
2 -67
2 -67
2 -66
2 -66
2 -66
2 -66
2 -66
2 -65
2 -64
2 -65
2 -64
2 -64
2 -64
2 -64
2 -64
2 -64
2 -64
2 -64
2 -64
2 -64
2 -64
2 -64
2 -64
2 -64
2 -65
2 -65
2 -66
2 -66
2 -66
2 -66
2 -66
2 -66
2 -66
2 -66
2 -66
2 -66
2 -66
2 -66
2 -66
2 -62
2 -67
2 -67
2 -66
2 -66
2 -66
2 -66
2 -66
2 -66
2 -65
2 -65
2 -64
2 -64
2 -64
2 -63
2 -64
2 -65
2 -66
2 -70
2 -78
2 -64
2 -61
2 -60
2 -62
2 -66
2 -64
2 -64
2 -64
2 -66
2 -67
2 -66
2 -66
2 -66
2 -65
2 -66
2 -66
2 -66
2 -66
2 -68
2 -67
2 -68
2 -68
2 -68
2 -68
2 -67
2 -67
2 -66
2 -65
2 -64
2 -64
2 -64
2 -64
3 -80
3 -78
3 -80
3 -79
3 -78
3 -78
3 -77
3 -76
3 -75
3 -70
3 -75
3 -75
3 -75
3 -75
3 -75
3 -74
3 -74
3 -74
3 -75
3 -73
3 -74
3 -74
3 -73
3 -73
3 -75
3 -71
3 -70
3 -72
3 -72
3 -70
3 -70
3 -70
3 -70
3 -70
3 -69
3 -69
3 -69
3 -70
3 -68
3 -70
3 -70
3 -70
3 -69
3 -69
3 -69
3 -64
3 -69
3 -69
3 -69
3 -69
3 -69
3 -70
3 -70
3 -70
3 -70
3 -70
3 -70
3 -70
3 -70
3 -70
3 -70
3 -70
3 -70
3 -70
3 -70
3 -71
3 -71
3 -71
3 -70
3 -71
3 -70
3 -70
3 -71
3 -72
3 -71
3 -71
3 -71
3 -70
3 -70
3 -70
3 -70
3 -70
3 -70
3 -71
3 -70
3 -71
3 -71
3 -71
3 -71
3 -71
3 -70
3 -70
3 -70
3 -70
3 -70
3 -70
3 -70
3 -70
3 -70
3 -70
3 -70
3 -70
3 -70
3 -70
3 -70
3 -70
3 -71
3 -72
3 -71
3 -70
3 -70
3 -71
3 -70
3 -70
3 -70
3 -70
3 -69
3 -69
3 -70
3 -70
3 -71
3 -72
3 -72
3 -71
3 -70
3 -70
3 -72
3 -72
3 -70
3 -69
3 -69
3 -69
3 -68
3 -68
3 -68
3 -68
3 -68
3 -68
3 -69
3 -69
3 -70
3 -70
3 -70
3 -70
3 -70
3 -70
3 -69
3 -68
3 -68
3 -68
3 -67
3 -67
3 -67
3 -66
3 -66
3 -66
3 -66
3 -67
3 -67
3 -67
3 -67
3 -68
3 -67
3 -67
3 -68
3 -68
3 -68
3 -69
3 -67
3 -69
3 -69
3 -69
3 -70
3 -69
3 -69
3 -69
3 -69
3 -68
3 -68
3 -68
3 -68
3 -69
3 -68
3 -68
3 -68
3 -68
3 -68
3 -68
3 -68
3 -68
3 -68
3 -67
3 -68
3 -68
3 -68
3 -68
3 -68
3 -68
3 -68
3 -68
3 -68
3 -68
3 -68
3 -68
3 -68
3 -68
3 -68
3 -67
3 -68
3 -69
3 -68
3 -68
3 -68
3 -68
3 -68
3 -69
3 -68
3 -68
3 -68
3 -69
3 -68
3 -69
3 -69
3 -69
3 -69
3 -69
3 -69
3 -70
3 -65
3 -69
3 -69
3 -69
3 -69
3 -67
3 -68
3 -68
3 -68
3 -68
3 -68
3 -68
3 -68
3 -68
3 -68
3 -67
3 -68
3 -68
3 -68
3 -69
3 -69
3 -69
3 -68
3 -69
3 -69
3 -70
3 -70
3 -69
3 -68
3 -69
3 -69
3 -70
3 -69
3 -69
3 -69
3 -70
3 -70
3 -69
3 -70
3 -70
3 -70
3 -70
3 -70
3 -70
3 -70
3 -70
3 -69
3 -70
3 -70
3 -70
3 -70
3 -70
3 -70
3 -70
3 -69
3 -69
3 -69
3 -70
3 -70
3 -69
3 -70
3 -70
3 -70
3 -70
3 -69
3 -69
3 -69
3 -69
3 -69
3 -69
3 -69
3 -69
3 -69
3 -69
3 -68
3 -68
3 -68
3 -68
3 -68
3 -68
3 -68
3 -68
3 -68
3 -65
3 -68
3 -68
3 -68
3 -67
3 -68
3 -68
3 -68
3 -69
3 -69
3 -69
3 -69
3 -69
3 -69
3 -69
3 -70
3 -64
3 -69
3 -70
3 -70
3 -70
3 -70
3 -70
3 -70
3 -69
3 -70
3 -69
3 -69
3 -70
3 -69
3 -69
3 -65
3 -69
3 -68
3 -69
3 -68
3 -68
3 -68
3 -68
3 -69
3 -63
3 -69
3 -70
3 -69
3 -66
3 -66
3 -69
3 -66
3 -66
3 -69
3 -70
3 -71
3 -71
3 -70
3 -71
3 -71
3 -72
3 -72
3 -72
3 -74
3 -74
3 -73
3 -73
3 -72
3 -72
3 -73
3 -74
3 -73
3 -73
3 -73
3 -72
3 -74
3 -74
4 -74
4 -75
4 -75
4 -75
4 -75
4 -75
4 -75
4 -74
4 -75
4 -75
4 -75
4 -75
4 -75
4 -75
4 -76
4 -76
4 -76
4 -75
4 -76
4 -76
4 -76
4 -76
4 -76
4 -76
4 -75
4 -74
4 -72
4 -69
4 -71
4 -68
4 -70
4 -70
4 -70
4 -71
4 -69
4 -69
4 -70
4 -70
4 -69
4 -70
4 -70
4 -70
4 -69
4 -70
4 -70
4 -70
4 -70
4 -70
4 -70
4 -70
4 -70
4 -70
4 -70
4 -70
4 -70
4 -70
4 -71
4 -71
4 -71
4 -71
4 -71
4 -70
4 -70
4 -70
4 -71
4 -70
4 -70
4 -70
4 -70
4 -70
4 -70
4 -71
4 -71
4 -71
4 -71
4 -71
4 -71
4 -71
4 -72
4 -71
4 -71
4 -70
4 -71
4 -71
4 -71
4 -71
4 -71
4 -71
4 -72
4 -72
4 -72
4 -72
4 -72
4 -72
4 -72
4 -72
4 -71
4 -71
4 -71
4 -71
4 -69
4 -71
4 -72
4 -71
4 -72
4 -72
4 -72
4 -72
4 -71
4 -70
4 -70
4 -69
4 -69
4 -70
4 -69
4 -68
4 -68
4 -68
4 -67
4 -67
4 -66
4 -66
4 -67
4 -69
4 -70
4 -72
4 -73
4 -72
4 -72
4 -71
4 -70
4 -70
4 -69
4 -69
4 -69
4 -68
4 -68
4 -68
4 -68
4 -69
4 -67
4 -69
4 -69
4 -70
4 -70
4 -68
4 -70
4 -69
4 -69
4 -69
4 -69
4 -69
4 -69
4 -69
4 -69
4 -69
4 -69
4 -69
4 -69
4 -69
4 -70
4 -70
4 -70
4 -70
4 -71
4 -71
4 -70
4 -71
4 -71
4 -72
4 -71
4 -71
4 -71
4 -70
4 -71
4 -70
4 -70
4 -71
4 -70
4 -71
4 -70
4 -70
4 -70
4 -70
4 -70
4 -71
4 -70
4 -71
4 -70
4 -70
4 -70
4 -70
4 -70
4 -70
4 -70
4 -70
4 -70
4 -70
4 -70
4 -70
4 -70
4 -70
4 -70
4 -70
4 -70
4 -70
4 -70
4 -70
4 -70
4 -70
4 -70
4 -70
4 -70
4 -70
4 -70
4 -70
4 -70
4 -70
4 -70
4 -70
4 -70
4 -70
4 -70
4 -70
4 -70
4 -70
4 -70
4 -70
4 -70
4 -70
4 -70
4 -66
4 -70
4 -70
4 -70
4 -70
4 -70
4 -70
4 -70
4 -70
4 -70
4 -70
4 -70
4 -70
4 -70
4 -70
4 -70
4 -69
4 -67
4 -70
4 -70
4 -70
4 -70
4 -70
4 -70
4 -70
4 -70
4 -70
4 -71
4 -70
4 -70
4 -70
4 -71
4 -70
4 -70
4 -70
4 -70
4 -69
4 -70
4 -70
4 -70
4 -70
4 -67
4 -70
4 -70
4 -70
4 -70
4 -70
4 -71
4 -70
4 -70
4 -70
4 -70
4 -70
4 -70
4 -69
4 -70
4 -69
4 -68
4 -69
4 -69
4 -69
4 -70
4 -69
4 -69
4 -69
4 -69
4 -69
4 -69
4 -69
4 -69
4 -69
4 -69
4 -69
4 -69
4 -70
4 -66
4 -70
4 -70
4 -70
4 -70
4 -70
4 -69
4 -69
4 -69
4 -69
4 -69
4 -69
4 -70
4 -69
4 -70
4 -70
4 -70
4 -70
4 -70
4 -70
4 -70
4 -70
4 -70
4 -70
4 -70
4 -70
4 -70
4 -70
4 -70
4 -70
4 -70
4 -70
4 -69
4 -69
4 -69
4 -69
4 -69
4 -70
4 -70
4 -70
4 -72
4 -70
4 -71
4 -72
4 -70
4 -70
4 -70
4 -70
4 -70
4 -72
4 -70
4 -72
4 -72
4 -72
4 -70
4 -72
4 -72
4 -72
4 -72
4 -73
4 -73
4 -73
4 -74
4 -73
4 -73
4 -73
4 -74
4 -73
4 -73
4 -72
4 -73
4 -73
4 -73
5 -78
5 -75
5 -78
5 -78
5 -78
5 -78
5 -79
5 -78
5 -78
5 -77
5 -76
5 -71
5 -78
5 -76
5 -78
5 -79
5 -78
5 -78
5 -78
5 -79
5 -78
5 -79
5 -82
5 -81
5 -81
5 -82
5 -82
5 -81
5 -79
5 -79
5 -79
5 -80
5 -81
5 -83
5 -83
5 -83
5 -82
5 -81
5 -80
5 -80
5 -79
5 -78
5 -76
5 -76
5 -75
5 -75
5 -74
5 -74
5 -74
5 -74
5 -75
5 -74
5 -75
5 -75
5 -75
5 -75
5 -76
5 -76
5 -76
5 -76
5 -76
5 -76
5 -75
5 -75
5 -74
5 -74
5 -73
5 -73
5 -73
5 -74
5 -75
5 -75
5 -75
5 -75
5 -75
5 -75
5 -76
5 -78
5 -83
5 -81
5 -80
5 -77
5 -78
5 -76
5 -75
5 -74
5 -74
5 -75
5 -75
5 -76
5 -75
5 -76
5 -76
5 -76
5 -76
5 -76
5 -76
5 -75
5 -74
5 -75
5 -75
5 -75
5 -76
5 -76
5 -76
5 -76
5 -76
5 -76
5 -76
5 -76
5 -77
5 -76
5 -77
5 -76
5 -76
5 -76
5 -77
5 -77
5 -78
5 -78
5 -77
5 -78
5 -78
5 -76
5 -77
5 -77
5 -77
5 -78
5 -77
5 -78
5 -78
5 -78
5 -79
5 -79
5 -78
5 -78
5 -79
5 -77
5 -78
5 -78
5 -80
5 -80
5 -81
5 -80
5 -81
5 -80
5 -81
5 -80
5 -80
5 -80
5 -80
5 -84
5 -83
5 -83
5 -79
5 -80
5 -79
5 -79
5 -78
5 -78
5 -78
5 -78
5 -79
5 -79
5 -78
5 -62
5 -80
5 -81
5 -79
5 -79
5 -71
5 -80
5 -81
5 -81
5 -83
5 -70
5 -84
5 -83
5 -83
5 -78
5 -84
5 -82
6 -70
6 -70
6 -70
6 -70
6 -70
6 -70
6 -70
6 -70
6 -70
6 -70
6 -68
6 -70
6 -70
6 -70
6 -69
6 -70
6 -70
6 -70
6 -70
6 -70
6 -70
6 -70
6 -70
6 -70
6 -70
6 -70
6 -70
6 -68
6 -70
6 -68
6 -68
6 -68
6 -69
6 -69
6 -67
6 -70
6 -69
6 -68
6 -67
6 -67
6 -65
6 -67
6 -67
6 -67
6 -67
6 -67
6 -66
6 -67
6 -67
6 -67
6 -66
6 -67
6 -67
6 -66
6 -66
6 -66
6 -66
6 -66
6 -66
6 -66
6 -66
6 -66
6 -66
6 -66
6 -66
6 -66
6 -66
6 -65
6 -66
6 -66
6 -66
6 -66
6 -66
6 -66
6 -66
6 -66
6 -66
6 -66
6 -66
6 -66
6 -66
6 -66
6 -66
6 -67
6 -66
6 -66
6 -66
6 -66
6 -66
6 -65
6 -66
6 -66
6 -66
6 -66
6 -66
6 -66
6 -66
6 -66
6 -66
6 -66
6 -66
6 -66
6 -67
6 -67
6 -67
6 -67
6 -69
6 -66
6 -69
6 -70
6 -71
6 -72
6 -72
6 -72
6 -73
6 -73
6 -73
6 -74
6 -72
6 -70
6 -70
6 -70
6 -70
6 -70
6 -70
6 -72
6 -73
6 -73
6 -71
6 -72
6 -72
6 -74
6 -75
6 -75
6 -71
6 -76
6 -76
6 -76
6 -77
6 -77
6 -76
6 -76
6 -74
6 -74
6 -74
6 -73
6 -73
6 -72
6 -72
6 -72
6 -70
6 -70
6 -69
6 -70
6 -70
6 -70
6 -70
6 -70
6 -69
6 -69
6 -70
6 -69
6 -70
6 -70
6 -70
6 -70
6 -76
6 -70
6 -70
6 -70
6 -70
6 -71
6 -70
6 -70
6 -70
6 -70
6 -70
6 -70
6 -70
6 -70
6 -70
6 -70
6 -70
6 -70
6 -70
6 -70
6 -70
6 -70
6 -70
6 -70
6 -70
6 -70
6 -70
6 -70
6 -70
6 -70
6 -70
6 -70
6 -70
6 -70
6 -76
6 -70
6 -70
6 -70
6 -70
6 -70
6 -70
6 -70
6 -70
6 -70
6 -70
6 -70
6 -70
6 -70
6 -70
6 -70
6 -70
6 -70
6 -69
6 -70
6 -69
6 -69
6 -69
6 -69
6 -69
6 -70
6 -67
6 -69
6 -70
6 -69
6 -70
6 -70
6 -70
6 -70
6 -70
6 -70
6 -70
6 -70
6 -70
6 -70
6 -70
6 -70
6 -70
6 -70
6 -69
6 -70
6 -70
6 -70
6 -69
6 -69
6 -69
6 -69
6 -69
6 -69
6 -68
6 -69
6 -69
6 -69
6 -69
6 -69
6 -69
6 -69
6 -69
6 -69
6 -69
6 -69
6 -68
6 -69
6 -69
6 -69
6 -69
6 -69
6 -69
6 -69
6 -69
6 -69
6 -62
6 -69
6 -67
6 -69
6 -69
6 -69
6 -70
6 -70
6 -70
6 -70
6 -70
6 -70
6 -70
6 -70
6 -70
6 -70
6 -70
6 -70
6 -70
6 -70
6 -68
6 -70
6 -70
6 -70
6 -70
6 -70
6 -69
6 -70
6 -70
6 -70
6 -70
6 -70
6 -68
6 -70
6 -70
6 -69
6 -70
6 -69
6 -69
6 -69
6 -69
6 -69
6 -69
6 -69
6 -69
6 -69
6 -69
6 -69
6 -68
6 -69
6 -69
6 -69
6 -69
6 -69
6 -69
6 -69
6 -69
6 -69
6 -70
6 -70
6 -70
6 -70
6 -70
6 -70
6 -67
6 -70
6 -72
6 -72
6 -71
6 -72
6 -72
6 -71
6 -71
6 -72
6 -73
6 -72
6 -71
6 -71
6 -72
6 -72
6 -72
6 -72
6 -72
6 -72
6 -72
6 -72
6 -72
6 -71
6 -71
6 -71
6 -71
6 -72
6 -72
6 -72
6 -72
6 -72
6 -72
6 -72
6 -72
7 -81
7 -83
7 -81
7 -84
7 -83
7 -82
7 -82
7 -83
7 -82
7 -84
7 -83
7 -81
7 -81
7 -68
7 -83
7 -77
7 -82
7 -82
7 -83
7 -83
7 -83
7 -82
7 -82
7 -83
7 -79
7 -82
7 -82
7 -82
7 -82
7 -82
7 -82
7 -82
7 -82
7 -82
7 -83
7 -82
7 -83
7 -81
7 -82
7 -81
7 -54
7 -83
7 -82
7 -84
7 -82
7 -70
7 -80
7 -84
7 -84
7 -83
7 -83
7 -68
7 -77
7 -82
7 -77
7 -73
7 -82
7 -82
7 -82
7 -82
7 -77
7 -81
7 -83
7 -79
7 -80
7 -82
7 -81
7 -69
7 -50
7 -82
7 -82
7 -82
7 -82
7 -82
7 -82
7 -82
7 -82
7 -81
7 -80
7 -82
7 -81
7 -81
7 -77
7 -80
7 -81
7 -80
7 -67
7 -79
7 -81
7 -82
7 -81
7 -82
7 -82
7 -81
7 -81
7 -82
7 -82
7 -82
7 -82
7 -82
7 -82
7 -82
7 -82
7 -82
7 -82
7 -82
7 -81
7 -82
7 -82
7 -82
7 -82
7 -82
7 -82
7 -83
8 -79
8 -80
8 -81
8 -81
8 -81
8 -81
8 -84
8 -79
8 -81
8 -70
8 -79
8 -79
8 -86
8 -80
8 -81
8 -75
8 -80
8 -79
8 -79
8 -79
8 -78
8 -78
8 -78
8 -77
8 -78
8 -78
8 -80
8 -80
8 -79
8 -79
8 -79
8 -79
8 -78
8 -78
8 -78
8 -78
8 -78
8 -78
8 -80
8 -80
8 -80
8 -80
8 -80
8 -81
8 -81
8 -82
8 -84
8 -77
8 -84
8 -85
8 -87
8 -83
8 -83
8 -84
8 -78
8 -77
8 -78
8 -81
8 -81
8 -81
8 -80
8 -80
8 -78
8 -80
8 -79
8 -81
8 -80
8 -80
8 -80
8 -80
8 -81
8 -81
8 -80
8 -81
9 -76
9 -76
9 -76
9 -77
9 -77
9 -76
9 -75
9 -77
9 -78
9 -78
9 -79
9 -79
9 -81
9 -82
9 -82
9 -82
9 -76
9 -75
9 -76
9 -76
9 -75
9 -75
9 -76
9 -76
9 -75
9 -75
9 -76
9 -78
9 -78
9 -78
9 -79
9 -68
9 -79
9 -78
9 -78
9 -78
9 -76
9 -77
9 -76
9 -76
9 -76
9 -76
9 -76
9 -76
9 -76
9 -76
9 -74
9 -76
9 -76
9 -76
9 -76
9 -76
9 -76
9 -76
9 -76
9 -76
9 -76
9 -76
9 -76
9 -76
9 -76
9 -76
9 -75
9 -75
9 -75
9 -75
9 -74
9 -74
9 -74
9 -74
9 -74
9 -74
9 -75
9 -75
9 -74
9 -74
9 -75
9 -75
9 -75
9 -75
9 -74
9 -74
9 -74
9 -74
9 -74
9 -74
9 -74
9 -74
9 -73
9 -72
9 -72
9 -72
9 -72
9 -71
9 -71
9 -71
9 -71
9 -71
9 -71
9 -70
9 -71
9 -72
9 -72
9 -72
9 -72
9 -72
9 -72
9 -73
9 -75
9 -76
9 -58
9 -76
9 -76
9 -74
9 -74
9 -73
9 -74
9 -73
9 -72
9 -72
9 -72
9 -72
9 -72
9 -72
9 -71
9 -71
9 -72
9 -72
9 -72
9 -71
9 -72
9 -70
9 -72
9 -72
9 -72
9 -72
9 -72
9 -72
9 -72
9 -72
9 -72
9 -72
9 -72
9 -71
9 -72
9 -72
9 -72
9 -72
9 -72
9 -72
9 -72
9 -72
9 -72
9 -72
9 -64
9 -70
9 -72
9 -72
9 -72
9 -72
9 -72
9 -72
9 -69
9 -72
9 -72
9 -72
9 -72
9 -72
9 -72
9 -72
9 -72
9 -72
9 -72
9 -72
9 -71
9 -72
9 -71
9 -72
9 -69
9 -72
9 -72
9 -72
9 -69
9 -72
9 -72
9 -72
9 -72
9 -72
9 -72
9 -72
9 -72
9 -72
9 -72
9 -72
9 -72
9 -72
9 -70
9 -72
9 -72
9 -72
9 -72
9 -72
9 -72
9 -72
9 -72
9 -72
9 -72
9 -72
9 -72
9 -72
9 -72
9 -72
9 -72
9 -72
9 -63
9 -72
9 -72
9 -72
9 -73
9 -72
9 -72
9 -72
9 -72
9 -72
9 -72
9 -72
9 -72
9 -72
9 -72
9 -72
9 -72
9 -72
9 -72
9 -72
9 -72
9 -72
9 -72
9 -72
9 -72
9 -72
9 -72
9 -72
9 -72
9 -72
9 -72
9 -71
9 -72
9 -71
9 -72
9 -66
9 -72
9 -72
9 -72
9 -72
9 -72
9 -72
9 -72
9 -72
9 -72
9 -72
9 -72
9 -72
9 -62
9 -62
9 -72
9 -71
9 -72
9 -72
9 -72
9 -72
9 -72
9 -71
9 -72
9 -71
9 -71
9 -72
9 -71
9 -71
9 -71
9 -69
9 -63
9 -63
9 -72
9 -72
9 -72
9 -72
9 -72
9 -72
9 -72
9 -72
9 -72
9 -72
9 -72
9 -71
9 -72
9 -72
9 -72
9 -72
9 -72
9 -72
9 -72
9 -72
9 -72
9 -72
9 -72
9 -71
9 -72
9 -72
9 -72
9 -72
9 -72
9 -72
9 -72
9 -72
9 -67
9 -72
9 -72
9 -72
9 -72
9 -72
9 -72
9 -72
9 -72
9 -72
9 -71
9 -72
9 -72
9 -72
9 -72
9 -72
9 -73
9 -73
9 -72
9 -73
9 -72
9 -72
9 -72
9 -72
9 -75
9 -75
9 -74
9 -79
9 -79
9 -78
9 -70
9 -78
9 -77
9 -78
9 -78
9 -78
9 -78
9 -78
9 -78
9 -77
9 -77
9 -77
9 -76
10 -83
10 -83
10 -84
10 -82
10 -82
10 -82
10 -82
10 -82
10 -81
10 -82
10 -82
10 -83
10 -81
10 -82
10 -83
10 -83
10 -80
10 -83
10 -84
10 -82
10 -82
10 -84
10 -83
10 -83
10 -82
10 -83
10 -83
10 -84
10 -84
10 -82
10 -87
10 -83
10 -85
10 -83
10 -79
10 -49
10 -81
10 -82
10 -84
10 -82
10 -83
10 -84
11 -81
11 -83
11 -82
11 -83
11 -83
11 -84
11 -84
11 -84
11 -82
11 -82
11 -81
11 -79
11 -79
11 -79
11 -80
11 -81
11 -81
11 -79
11 -81
11 -74
11 -81
11 -80
11 -80
11 -79
11 -79
11 -78
11 -79
11 -80
11 -79
11 -81
11 -79
11 -79
11 -82
11 -81
11 -80
11 -76
11 -80
11 -80
11 -70
11 -81
11 -81
11 -80
11 -81
11 -80
11 -80
11 -79
11 -70
11 -78
11 -78
11 -79
11 -78
11 -77
11 -78
11 -78
11 -78
11 -78
11 -78
11 -78
11 -78
11 -78
11 -78
11 -78
11 -79
11 -78
11 -79
11 -80
11 -80
11 -78
11 -80
11 -79
11 -78
11 -78
11 -78
11 -79
11 -80
11 -79
11 -78
11 -79
11 -79
11 -78
11 -76
11 -80
11 -78
11 -80
11 -79
11 -79
11 -80
11 -79
11 -80
11 -79
11 -80
11 -79
11 -80
11 -80
11 -79
11 -79
11 -78
11 -80
11 -78
11 -78
11 -78
11 -78
11 -78
11 -73
11 -77
11 -78
11 -77
11 -78
11 -78
11 -79
11 -77
11 -78
11 -78
11 -72
11 -78
11 -78
11 -80
11 -79
11 -79
11 -80
11 -79
11 -79
11 -81
11 -80
11 -80
11 -80
11 -80
11 -79
11 -80
11 -79
11 -80
11 -81
11 -81
11 -79
11 -80
11 -81
11 -80
11 -80
11 -81
11 -79
11 -80
11 -79
11 -84
11 -82
11 -82
11 -76
12 -84
12 -86
13 -84
13 -86
13 -81
13 -83
13 -84
13 -84
13 -84
13 -83
13 -85
13 -84
13 -83
15 -86
16 -84
16 -83
16 -82
16 -81
16 -82
16 -81
16 -80
16 -80
16 -80
16 -82
16 -71
16 -83
16 -81
16 -80
16 -81
16 -82
16 -81
16 -81
16 -81
16 -81
16 -81
16 -81
16 -81
16 -81
16 -81
16 -81
16 -80
16 -81
16 -81
16 -79
16 -79
16 -79
16 -79
16 -79
16 -80
16 -80
16 -79
16 -80
16 -80
16 -79
16 -79
16 -79
16 -79
16 -80
16 -82
16 -82
16 -82
16 -83
16 -83
16 -83
16 -82
16 -83
16 -83
16 -64
16 -82
16 -83
16 -81
16 -81
16 -81
16 -80
16 -82
16 -81
16 -81
16 -80
16 -80
16 -79
16 -81
16 -81
16 -81
16 -80
16 -82
16 -81
16 -81
16 -81
16 -80
16 -80
16 -81
16 -81
16 -80
16 -80
16 -80
16 -81
16 -81
16 -80
16 -82
16 -81
16 -80
16 -82
16 -80
16 -81
16 -80
16 -80
16 -67
16 -79
16 -80
16 -79
16 -80
16 -80
16 -71
16 -70
16 -80
16 -81
16 -81
16 -81
16 -81
16 -80
16 -80
16 -80
16 -80
16 -79
16 -80
16 -80
16 -80
16 -81
16 -79
16 -79
16 -80
16 -80
16 -81
16 -81
16 -81
16 -81
16 -80
16 -80
16 -81
16 -80
16 -81
16 -80
16 -81
16 -80
16 -84
16 -84
16 -82
16 -83
16 -84
18 -83
18 -69
18 -72
18 -83
18 -83
18 -82
18 -81
18 -82
18 -82
18 -83
18 -80
18 -81
18 -81
18 -82
18 -81
18 -81
18 -81
18 -81
18 -81
18 -81
18 -81
18 -80
18 -81
18 -81
18 -81
18 -80
18 -80
18 -80
18 -81
18 -66
18 -82
18 -78
18 -81
18 -81
18 -82
18 -80
18 -80
18 -81
18 -81
18 -80
18 -81
18 -80
18 -79
18 -79
18 -80
18 -80
18 -79
18 -71
18 -79
18 -81
18 -82
18 -84
18 -80
18 -80
18 -75
18 -81
18 -81
18 -82
18 -83
18 -82
18 -81
18 -83
18 -82
18 -83
18 -82
18 -81
18 -81
18 -81
18 -81
18 -82
18 -82
18 -81
18 -76
18 -80
18 -81
18 -81
18 -81
18 -81
18 -81
18 -81
18 -81
18 -81
18 -81
18 -80
18 -82
18 -82
18 -82
18 -80
18 -82
18 -80
18 -81
18 -80
18 -81
18 -81
18 -81
18 -81
18 -81
18 -81
18 -81
18 -81
18 -81
18 -81
18 -80
18 -81
18 -80
18 -80
18 -80
18 -81
18 -81
18 -80
18 -80
18 -79
18 -81
18 -80
18 -81
18 -82
18 -82
18 -82
18 -83
18 -85
18 -84
18 -78
18 -81
18 -77
19 -84
19 -84
19 -84
19 -84
19 -85
19 -69
19 -83
19 -85
19 -84
19 -82
20 -85
20 -85
20 -84
20 -80
20 -83
20 -83
20 -82
20 -81
20 -81
20 -80
20 -80
20 -80
20 -80
20 -80
20 -78
20 -79
20 -80
20 -78
20 -80
20 -79
20 -78
20 -79
20 -80
20 -80
20 -81
20 -81
20 -80
20 -82
20 -82
20 -81
20 -82
20 -81
20 -81
20 -79
20 -80
20 -70
20 -80
20 -80
20 -80
20 -80
20 -80
20 -79
20 -80
20 -81
20 -80
20 -80
20 -81
20 -81
20 -80
20 -80
20 -80
20 -79
20 -80
20 -81
20 -81
20 -68
20 -82
20 -81
20 -48
20 -81
20 -79
20 -80
20 -78
20 -80
20 -81
20 -81
20 -77
20 -80
20 -81
20 -81
20 -79
20 -82
20 -82
20 -81
20 -81
20 -81
20 -80
20 -81
20 -80
20 -80
20 -79
20 -78
20 -78
20 -81
20 -83
20 -83
20 -84
20 -84
20 -76
21 -75
21 -74
21 -76
21 -76
21 -77
21 -76
21 -77
21 -77
21 -78
21 -78
21 -78
21 -78
21 -78
21 -78
21 -78
21 -78
21 -78
21 -80
21 -80
21 -78
21 -80
21 -81
21 -82
21 -80
21 -80
21 -80
21 -83
21 -81
21 -80
21 -82
21 -83
21 -83
21 -83
21 -82
21 -82
21 -80
21 -74
21 -79
21 -79
21 -64
21 -78
21 -78
21 -78
21 -78
21 -78
21 -78
21 -78
21 -78
21 -78
21 -78
21 -78
21 -79
21 -79
21 -78
21 -78
21 -79
21 -73
21 -78
21 -76
21 -78
21 -77
21 -76
21 -77
21 -78
21 -72
21 -75
21 -76
21 -76
21 -76
21 -76
21 -76
21 -76
21 -77
21 -68
21 -78
21 -78
21 -79
21 -79
21 -79
21 -77
21 -80
21 -80
21 -79
21 -79
21 -79
21 -79
21 -78
21 -78
21 -78
21 -79
21 -78
21 -78
21 -78
21 -78
21 -78
21 -74
21 -76
21 -78
21 -78
21 -78
21 -78
21 -78
21 -78
21 -78
21 -78
21 -78
21 -80
21 -81
21 -80
21 -79
21 -78
21 -78
21 -70
21 -79
21 -79
21 -80
21 -80
21 -79
21 -75
21 -81
21 -81
21 -82
21 -81
21 -82
21 -80
21 -80
21 -80
21 -78
21 -77
21 -66
21 -80
21 -80
21 -79
21 -79
21 -80
21 -78
21 -80
21 -80
21 -80
21 -81
21 -81
21 -82
21 -83
21 -83
21 -83
21 -83
21 -82
21 -81
21 -80
21 -82
21 -82
21 -82
21 -81
21 -81
21 -82
21 -80
21 -81
21 -79
21 -80
21 -79
21 -79
21 -77
21 -78
21 -82
21 -78
21 -78
21 -76
21 -76
21 -78
21 -77
21 -78
21 -77
21 -77
21 -69
21 -78
22 -83
22 -83
22 -84
22 -83
22 -77
22 -81
22 -83
22 -82
22 -78
22 -77
22 -76
22 -76
22 -78
22 -79
22 -79
22 -83
22 -80
22 -80
22 -78
22 -78
22 -79
22 -80
22 -79
22 -79
22 -81
22 -82
22 -79
22 -78
22 -79
22 -78
22 -78
22 -79
22 -74
22 -79
22 -78
22 -79
22 -77
22 -76
22 -77
22 -77
22 -76
22 -76
22 -76
22 -76
22 -76
22 -77
22 -76
22 -76
22 -76
22 -76
22 -75
22 -75
22 -76
22 -77
22 -81
22 -82
22 -81
22 -78
22 -76
22 -76
22 -76
22 -75
22 -73
22 -67
22 -72
22 -71
22 -72
22 -71
22 -72
22 -72
22 -72
22 -72
22 -72
22 -71
22 -70
22 -70
22 -70
22 -70
22 -72
22 -71
22 -70
22 -71
22 -72
22 -71
22 -71
22 -71
22 -72
22 -72
22 -72
22 -73
22 -72
22 -72
22 -66
22 -72
22 -72
22 -72
22 -72
22 -71
22 -71
22 -71
22 -71
22 -70
22 -70
22 -72
22 -73
22 -73
22 -73
22 -73
22 -72
22 -73
22 -73
22 -73
22 -73
22 -73
22 -72
22 -72
22 -72
22 -72
22 -72
22 -72
22 -73
22 -73
22 -73
22 -73
22 -72
22 -72
22 -73
22 -73
22 -73
22 -74
22 -73
22 -73
22 -74
22 -74
22 -74
22 -74
22 -74
22 -73
22 -73
22 -73
22 -73
22 -73
22 -72
22 -72
22 -72
22 -72
22 -71
22 -72
22 -72
22 -72
22 -72
22 -71
22 -72
22 -72
22 -72
22 -72
22 -72
22 -72
22 -72
22 -73
22 -72
22 -72
22 -72
22 -72
22 -72
22 -70
22 -70
22 -71
22 -71
22 -70
22 -70
22 -70
22 -70
22 -71
22 -70
22 -71
22 -71
22 -71
22 -71
22 -71
22 -69
22 -71
22 -71
22 -71
22 -71
22 -71
22 -71
22 -70
22 -70
22 -67
22 -70
22 -70
22 -70
22 -69
22 -70
22 -70
22 -70
22 -70
22 -69
22 -69
22 -70
22 -70
22 -70
22 -70
22 -70
22 -70
22 -70
22 -70
22 -70
22 -70
22 -70
22 -70
22 -70
22 -70
22 -70
22 -70
22 -70
22 -70
22 -70
22 -69
22 -69
22 -70
22 -70
22 -70
22 -70
22 -70
22 -70
22 -70
22 -70
22 -70
22 -70
22 -70
22 -70
22 -70
22 -70
22 -70
22 -70
22 -70
22 -70
22 -70
22 -70
22 -70
22 -71
22 -70
22 -70
22 -71
22 -70
22 -71
22 -70
22 -70
22 -70
22 -68
22 -69
22 -68
22 -69
22 -69
22 -68
22 -69
22 -69
22 -69
22 -69
22 -63
22 -69
22 -69
22 -69
22 -69
22 -69
22 -69
22 -69
22 -69
22 -69
22 -69
22 -69
22 -69
22 -69
22 -69
22 -69
22 -68
22 -68
22 -68
22 -68
22 -68
22 -69
22 -69
22 -69
22 -69
22 -69
22 -69
22 -69
22 -69
22 -69
22 -69
22 -69
22 -68
22 -68
22 -68
22 -68
22 -67
22 -67
22 -68
22 -67
22 -68
22 -68
22 -68
22 -68
22 -68
22 -68
22 -69
22 -69
22 -69
22 -70
22 -70
22 -70
22 -70
22 -73
22 -71
22 -69
22 -68
22 -69
22 -69
22 -70
22 -70
22 -70
22 -69
22 -70
22 -70
22 -69
22 -69
22 -68
22 -68
22 -68
22 -69
22 -69
22 -68
22 -69
22 -69
22 -69
22 -70
22 -70
22 -70
22 -70
22 -69
22 -69
22 -70
22 -70
22 -70
22 -70
22 -70
22 -70
22 -70
22 -71
22 -70
23 -82
23 -82
23 -81
23 -82
23 -84
23 -78
23 -80
23 -79
23 -81
23 -78
23 -78
23 -76
23 -77
23 -78
23 -77
23 -77
23 -77
23 -77
23 -76
23 -76
23 -76
23 -76
23 -76
23 -76
23 -78
23 -77
23 -76
23 -77
23 -76
23 -77
23 -76
23 -76
23 -77
23 -78
23 -72
23 -78
23 -78
23 -76
23 -78
23 -77
23 -78
23 -78
23 -78
23 -78
23 -79
23 -78
23 -78
23 -79
23 -78
23 -78
23 -78
23 -79
23 -78
23 -78
23 -78
23 -78
23 -78
23 -78
23 -78
23 -78
23 -79
23 -78
23 -78
23 -79
23 -78
23 -79
23 -79
23 -79
23 -79
23 -79
23 -79
23 -79
23 -77
23 -79
23 -80
23 -79
23 -80
23 -79
23 -76
23 -80
23 -81
23 -82
23 -81
23 -79
23 -75
23 -76
23 -77
23 -74
23 -78
23 -79
23 -79
23 -79
23 -82
23 -82
23 -84
23 -83
23 -84
23 -84
23 -83
23 -82
23 -80
23 -83
23 -76
24 -69
24 -69
24 -69
24 -69
24 -69
24 -69
24 -69
24 -69
24 -69
24 -70
24 -69
24 -69
24 -70
24 -70
24 -68
24 -69
24 -70
24 -70
24 -69
24 -69
24 -70
24 -70
24 -70
24 -70
24 -70
24 -70
24 -70
24 -68
24 -72
24 -72
24 -72
24 -70
24 -71
24 -72
24 -74
24 -73
24 -72
24 -72
24 -72
24 -71
24 -72
24 -72
24 -72
24 -72
24 -72
24 -72
24 -72
24 -72
24 -72
24 -72
24 -72
24 -71
24 -71
24 -71
24 -72
24 -72
24 -71
24 -72
24 -72
24 -71
24 -72
24 -72
24 -72
24 -72
24 -72
24 -72
24 -72
24 -72
24 -72
24 -72
24 -72
24 -72
24 -72
24 -72
24 -72
24 -72
24 -72
24 -63
24 -72
24 -72
24 -72
24 -72
24 -72
24 -71
24 -71
24 -71
24 -71
24 -70
24 -70
24 -70
24 -66
24 -70
24 -70
24 -70
24 -70
24 -70
24 -70
24 -70
24 -70
24 -70
24 -70
24 -70
24 -70
24 -70
24 -70
24 -70
24 -70
24 -70
24 -70
24 -70
24 -70
24 -70
24 -70
24 -70
24 -70
24 -70
24 -70
24 -70
24 -70
24 -70
24 -70
24 -70
24 -70
24 -70
24 -60
24 -70
24 -70
24 -69
24 -69
24 -70
24 -70
24 -70
24 -69
24 -69
24 -69
24 -69
24 -70
24 -70
24 -70
24 -70
24 -70
24 -70
24 -71
24 -71
24 -72
24 -71
24 -72
24 -72
24 -72
24 -73
24 -73
24 -74
24 -74
24 -74
24 -73
24 -73
24 -72
24 -72
24 -72
24 -71
24 -70
24 -70
24 -70
24 -70
24 -70
24 -70
24 -70
24 -70
24 -70
24 -70
24 -68
24 -70
24 -70
24 -70
24 -70
24 -70
24 -70
24 -70
24 -70
24 -70
24 -70
24 -70
24 -70
24 -70
24 -70
24 -70
24 -70
24 -70
24 -70
24 -70
24 -70
24 -70
24 -70
24 -70
24 -70
24 -70
24 -70
24 -70
24 -70
24 -70
24 -70
24 -70
24 -67
24 -70
24 -70
24 -70
24 -70
24 -70
24 -70
24 -70
24 -70
24 -70
24 -69
24 -70
24 -70
24 -70
24 -70
24 -70
24 -70
24 -70
24 -70
24 -70
24 -70
24 -70
24 -70
24 -70
24 -71
24 -70
24 -71
24 -70
24 -70
24 -70
24 -70
24 -70
24 -70
24 -70
24 -70
24 -70
24 -71
24 -70
24 -70
24 -71
24 -71
24 -71
24 -67
24 -70
24 -70
24 -70
24 -70
24 -70
24 -70
24 -70
24 -70
24 -70
24 -70
24 -70
24 -70
24 -70
24 -69
24 -70
24 -70
24 -70
24 -70
24 -70
24 -70
24 -70
24 -70
24 -71
24 -70
24 -70
24 -71
24 -70
24 -70
24 -70
24 -70
24 -70
24 -70
24 -70
24 -71
24 -70
24 -70
24 -70
24 -70
24 -70
24 -70
24 -70
24 -70
24 -70
24 -70
24 -70
24 -70
24 -70
24 -70
24 -70
24 -70
24 -70
24 -70
24 -70
24 -70
24 -70
24 -70
24 -70
24 -70
24 -70
24 -70
24 -70
24 -70
24 -70
24 -70
24 -60
24 -70
24 -70
24 -70
24 -70
24 -70
24 -70
24 -70
24 -70
24 -70
24 -71
24 -70
24 -70
24 -70
24 -70
24 -71
24 -71
24 -71
24 -71
24 -71
24 -71
24 -71
24 -71
24 -71
24 -71
24 -71
24 -71
24 -71
24 -71
24 -70
24 -71
24 -71
24 -71
24 -71
24 -70
24 -71
24 -68
24 -71
24 -71
24 -70
24 -71
24 -71
24 -68
24 -71
24 -71
24 -70
24 -70
24 -70
24 -70
24 -70
24 -70
24 -70
24 -71
24 -70
24 -70
24 -70
24 -70
24 -70
24 -70
24 -72
24 -73
24 -74
24 -73
24 -74
24 -74
24 -72
24 -72
24 -71
24 -71
24 -70
24 -71
24 -71
24 -70
24 -70
24 -70
24 -70
24 -70
24 -70
24 -70
24 -70
24 -70
24 -70
24 -68
24 -70
24 -70
24 -70
24 -70
24 -70
24 -70
24 -71
24 -70
25 -72
25 -72
25 -72
25 -72
25 -71
25 -72
25 -72
25 -72
25 -72
25 -71
25 -58
25 -71
25 -71
25 -71
25 -71
25 -72
25 -71
25 -71
25 -71
25 -71
25 -71
25 -71
25 -71
25 -71
25 -70
25 -70
25 -71
25 -71
25 -71
25 -70
25 -70
25 -70
25 -68
25 -70
25 -68
25 -68
25 -69
25 -70
25 -69
25 -70
25 -70
25 -71
25 -71
25 -72
25 -72
25 -72
25 -73
25 -73
25 -74
25 -74
25 -72
25 -72
25 -72
25 -72
25 -72
25 -73
25 -73
25 -73
25 -74
25 -73
25 -73
25 -72
25 -72
25 -72
25 -72
25 -71
25 -71
25 -71
25 -72
25 -71
25 -70
25 -72
25 -71
25 -71
25 -71
25 -71
25 -72
25 -71
25 -72
25 -72
25 -72
25 -72
25 -72
25 -72
25 -71
25 -72
25 -71
25 -71
25 -71
25 -71
25 -71
25 -70
25 -70
25 -71
25 -71
25 -71
25 -71
25 -71
25 -71
25 -71
25 -71
25 -71
25 -66
25 -71
25 -71
25 -71
25 -71
25 -69
25 -71
25 -71
25 -71
25 -70
25 -70
25 -70
25 -70
25 -55
25 -70
25 -70
25 -70
25 -70
25 -70
25 -70
25 -72
25 -72
25 -72
25 -70
25 -70
25 -70
25 -71
25 -71
25 -70
25 -70
25 -51
25 -69
25 -69
25 -69
25 -69
25 -70
25 -70
25 -70
25 -67
25 -63
25 -70
25 -70
25 -70
25 -70
25 -70
25 -70
25 -70
25 -70
25 -70
25 -70
25 -70
25 -70
25 -70
25 -70
25 -69
25 -69
25 -69
25 -69
25 -69
25 -69
25 -69
25 -69
25 -70
25 -70
25 -70
25 -70
25 -70
25 -70
25 -62
25 -70
25 -70
25 -70
25 -71
25 -70
25 -71
25 -71
25 -71
25 -70
25 -70
25 -70
25 -70
25 -70
25 -70
25 -70
25 -70
25 -70
25 -70
25 -70
25 -70
25 -70
25 -70
25 -71
25 -70
25 -70
25 -70
25 -70
25 -70
25 -70
25 -70
25 -70
25 -70
25 -70
25 -70
25 -70
25 -70
25 -70
25 -70
25 -70
25 -70
25 -70
25 -68
25 -70
25 -70
25 -70
25 -70
25 -70
25 -70
25 -70
25 -70
25 -70
25 -70
25 -70
25 -70
25 -70
25 -70
25 -68
25 -70
25 -70
25 -70
25 -70
25 -70
25 -70
25 -70
25 -70
25 -70
25 -70
25 -70
25 -70
25 -70
25 -70
25 -70
25 -70
25 -70
25 -70
25 -70
25 -70
25 -70
25 -70
25 -70
25 -70
25 -70
25 -70
25 -70
25 -70
25 -70
25 -70
25 -70
25 -70
25 -70
25 -70
25 -70
25 -70
25 -70
25 -71
25 -71
25 -70
25 -71
25 -70
25 -71
25 -71
25 -71
25 -71
25 -71
25 -72
25 -71
25 -72
25 -71
25 -72
25 -67
25 -72
25 -72
25 -72
25 -72
25 -72
25 -72
25 -71
25 -71
25 -71
25 -79
25 -70
25 -70
25 -70
25 -70
25 -71
25 -70
25 -70
25 -70
25 -70
25 -70
25 -70
25 -70
25 -70
25 -70
25 -70
25 -70
25 -70
25 -70
25 -70
25 -70
25 -70
25 -70
25 -70
25 -70
25 -70
25 -69
25 -69
25 -70
25 -70
25 -70
25 -70
25 -70
25 -78
25 -70
25 -70
25 -70
25 -70
25 -70
25 -70
25 -70
25 -70
25 -71
25 -70
25 -70
25 -61
25 -70
25 -70
25 -78
25 -70
25 -70
25 -70
25 -70
25 -69
25 -69
25 -69
25 -70
25 -71
25 -71
25 -74
25 -71
25 -72
25 -73
25 -69
25 -70
25 -71
25 -72
25 -71
25 -72
25 -72
25 -72
25 -73
25 -73
25 -72
25 -73
25 -72
25 -72
25 -72
25 -72
25 -72
25 -72
25 -72
25 -72
25 -73
25 -72
25 -72
25 -71
25 -72
25 -72
25 -72
26 -77
26 -78
26 -78
26 -78
26 -72
26 -76
26 -75
26 -75
26 -75
26 -75
26 -75
26 -75
26 -74
26 -75
26 -74
26 -73
26 -73
26 -75
26 -74
26 -74
26 -74
26 -72
26 -76
26 -73
26 -76
26 -74
26 -72
26 -75
26 -75
26 -71
26 -71
26 -71
26 -71
26 -72
26 -72
26 -72
26 -73
26 -74
26 -72
26 -71
26 -72
26 -70
26 -69
26 -71
26 -71
26 -71
26 -70
26 -71
26 -72
26 -72
26 -72
26 -72
26 -72
26 -72
26 -66
26 -72
26 -72
26 -72
26 -72
26 -72
26 -72
26 -72
26 -72
26 -72
26 -72
26 -72
26 -72
26 -72
26 -72
26 -72
26 -71
26 -71
26 -71
26 -71
26 -71
26 -70
26 -71
26 -70
26 -70
26 -70
26 -69
26 -70
26 -70
26 -70
26 -70
26 -70
26 -70
26 -72
26 -72
26 -72
26 -71
26 -71
26 -71
26 -70
26 -70
26 -70
26 -70
26 -70
26 -70
26 -70
26 -70
26 -70
26 -70
26 -70
26 -70
26 -70
26 -70
26 -72
26 -72
26 -72
26 -72
26 -73
26 -74
26 -76
26 -76
26 -75
26 -73
26 -72
26 -72
26 -71
26 -71
26 -70
26 -71
26 -70
26 -68
26 -71
26 -71
26 -70
26 -71
26 -72
26 -73
26 -74
26 -75
26 -75
26 -75
26 -75
26 -75
26 -75
26 -76
26 -74
26 -73
26 -72
26 -72
26 -72
26 -70
26 -70
26 -70
26 -70
26 -70
26 -70
26 -70
26 -70
26 -70
26 -70
26 -70
26 -70
26 -69
26 -69
26 -69
26 -69
26 -69
26 -69
26 -69
26 -69
26 -69
26 -69
26 -69
26 -69
26 -69
26 -69
26 -69
26 -69
26 -70
26 -69
26 -70
26 -70
26 -69
26 -69
26 -69
26 -69
26 -69
26 -68
26 -69
26 -69
26 -69
26 -69
26 -69
26 -69
26 -69
26 -69
26 -69
26 -69
26 -69
26 -69
26 -69
26 -69
26 -69
26 -68
26 -68
26 -68
26 -68
26 -68
26 -66
26 -68
26 -68
26 -68
26 -69
26 -68
26 -69
26 -67
26 -69
26 -69
26 -69
26 -69
26 -69
26 -68
26 -68
26 -68
26 -67
26 -67
26 -66
26 -68
26 -51
26 -67
26 -67
26 -68
26 -68
26 -68
26 -68
26 -68
26 -69
26 -68
26 -68
26 -68
26 -68
26 -68
26 -68
26 -69
26 -69
26 -69
26 -68
26 -68
26 -68
26 -68
26 -68
26 -68
26 -67
26 -67
26 -67
26 -67
26 -67
26 -67
26 -68
26 -68
26 -68
26 -68
26 -68
26 -68
26 -68
26 -63
26 -68
26 -68
26 -68
26 -68
26 -68
26 -68
26 -68
26 -68
26 -68
26 -68
26 -68
26 -68
26 -68
26 -68
26 -67
26 -68
26 -68
26 -68
26 -68
26 -68
26 -69
26 -68
26 -68
26 -68
26 -67
26 -68
26 -69
26 -69
26 -69
26 -69
26 -69
26 -69
26 -69
26 -69
26 -69
26 -69
26 -69
26 -69
26 -69
26 -68
26 -68
26 -67
26 -67
26 -68
26 -66
26 -67
26 -68
26 -68
26 -68
26 -68
26 -68
26 -68
26 -68
26 -68
26 -68
26 -66
26 -68
26 -67
26 -68
26 -68
26 -68
26 -67
26 -67
26 -67
26 -67
26 -67
26 -66
26 -66
26 -67
26 -67
26 -67
26 -67
26 -68
26 -68
26 -68
26 -68
26 -68
26 -68
26 -68
26 -68
26 -68
26 -68
26 -68
26 -69
26 -77
26 -72
26 -70
26 -70
26 -73
26 -69
26 -70
26 -70
26 -70
26 -70
26 -72
26 -72
26 -72
26 -72
26 -72
26 -72
26 -70
26 -70
26 -71
26 -71
26 -70
26 -70
26 -72
26 -72
26 -61
26 -73
26 -74
26 -73
26 -74
27 -69
27 -69
27 -69
27 -69
27 -69
27 -69
27 -69
27 -69
27 -70
27 -70
27 -70
27 -70
27 -70
27 -70
27 -70
27 -70
27 -70
27 -70
27 -70
27 -70
27 -70
27 -70
27 -70
27 -70
27 -70
27 -69
27 -66
27 -68
27 -68
27 -68
27 -65
27 -64
27 -69
27 -69
27 -68
27 -68
27 -68
27 -68
27 -67
27 -67
27 -68
27 -69
27 -69
27 -69
27 -69
27 -69
27 -68
27 -68
27 -69
27 -69
27 -69
27 -68
27 -68
27 -69
27 -69
27 -68
27 -68
27 -68
27 -68
27 -68
27 -68
27 -68
27 -67
27 -68
27 -67
27 -67
27 -67
27 -67
27 -67
27 -67
27 -67
27 -67
27 -67
27 -67
27 -67
27 -67
27 -68
27 -69
27 -68
27 -67
27 -68
27 -68
27 -68
27 -67
27 -67
27 -67
27 -68
27 -67
27 -67
27 -69
27 -68
27 -69
27 -69
27 -69
27 -69
27 -69
27 -68
27 -68
27 -68
27 -69
27 -68
27 -68
27 -69
27 -68
27 -67
27 -67
27 -66
27 -66
27 -66
27 -66
27 -66
27 -67
27 -68
27 -68
27 -68
27 -63
27 -66
27 -66
27 -66
27 -66
27 -66
27 -66
27 -66
27 -66
27 -67
27 -67
27 -68
27 -69
27 -69
27 -69
27 -69
27 -70
27 -71
27 -70
27 -70
27 -70
27 -70
27 -70
27 -70
27 -71
27 -71
27 -71
27 -71
27 -72
27 -71
27 -70
27 -71
27 -71
27 -70
27 -68
27 -70
27 -70
27 -70
27 -69
27 -69
27 -69
27 -68
27 -69
27 -69
27 -69
27 -69
27 -69
27 -69
27 -69
27 -68
27 -68
27 -69
27 -68
27 -69
27 -69
27 -69
27 -68
27 -69
27 -69
27 -69
27 -69
27 -69
27 -68
27 -69
27 -69
27 -69
27 -70
27 -70
27 -69
27 -70
27 -70
27 -69
27 -69
27 -69
27 -69
27 -69
27 -68
27 -69
27 -69
27 -69
27 -69
27 -69
27 -68
27 -69
27 -68
27 -69
27 -69
27 -69
27 -69
27 -69
27 -69
27 -69
27 -69
27 -69
27 -69
27 -69
27 -69
27 -69
27 -69
27 -69
27 -69
27 -69
27 -68
27 -69
27 -68
27 -69
27 -69
27 -69
27 -69
27 -69
27 -70
27 -70
27 -69
27 -70
27 -70
27 -70
27 -70
27 -70
27 -70
27 -70
27 -69
27 -68
27 -69
27 -69
27 -69
27 -69
27 -69
27 -69
27 -69
27 -69
27 -69
27 -69
27 -70
27 -70
27 -70
27 -69
27 -69
27 -69
27 -69
27 -69
27 -69
27 -68
27 -68
27 -69
27 -65
27 -69
27 -69
27 -68
27 -69
27 -69
27 -68
27 -69
27 -69
27 -68
27 -69
27 -69
27 -69
27 -69
27 -68
27 -69
27 -69
27 -69
27 -69
27 -69
27 -70
27 -69
27 -70
27 -69
27 -70
27 -70
27 -70
27 -70
27 -70
27 -70
27 -70
27 -70
27 -70
27 -70
27 -70
27 -69
27 -69
27 -70
27 -70
27 -69
27 -70
27 -70
27 -70
27 -70
27 -70
27 -70
27 -70
27 -67
27 -70
27 -70
27 -70
27 -69
27 -70
27 -69
27 -69
27 -69
27 -69
27 -66
27 -68
27 -69
27 -69
27 -69
27 -69
27 -69
27 -66
27 -70
27 -70
27 -69
27 -66
27 -69
27 -69
27 -69
27 -69
27 -69
27 -70
27 -69
27 -70
27 -69
27 -70
27 -70
27 -70
27 -70
27 -71
27 -70
27 -66
27 -67
27 -70
27 -70
27 -69
27 -68
27 -65
27 -66
27 -68
27 -70
27 -70
27 -70
27 -69
27 -70
27 -70
27 -70
27 -70
27 -70
27 -70
27 -70
27 -70
27 -70
27 -70
27 -69
27 -70
27 -70
27 -69
27 -69
27 -69
27 -70
28 -82
28 -82
28 -69
28 -82
28 -84
28 -78
28 -77
28 -78
28 -80
28 -82
28 -82
28 -78
28 -72
28 -81
28 -84
28 -85
28 -84
28 -84
28 -84
28 -86
28 -78
28 -82
28 -81
28 -70
28 -80
28 -79
28 -80
28 -79
28 -83
28 -84
28 -84
28 -84
28 -84
28 -81
28 -82
28 -84
28 -84
28 -76
28 -80
28 -79
28 -79
28 -78
28 -79
28 -79
28 -79
28 -76
28 -80
28 -80
28 -79
28 -80
28 -80
28 -80
28 -80
28 -79
28 -79
28 -78
28 -79
28 -79
28 -79
28 -79
28 -78
28 -79
28 -74
28 -60
28 -78
28 -70
28 -79
28 -79
28 -79
28 -78
28 -79
28 -79
28 -78
28 -78
28 -79
28 -74
28 -78
28 -78
28 -78
28 -79
28 -79
28 -79
28 -78
28 -79
28 -78
28 -80
28 -80
28 -79
28 -79
28 -79
28 -80
28 -80
28 -78
28 -79
28 -80
28 -79
28 -79
28 -79
28 -78
28 -79
28 -71
28 -80
28 -80
28 -79
28 -79
28 -79
28 -79
28 -79
28 -78
28 -78
28 -77
28 -78
28 -67
28 -79
28 -78
28 -80
28 -70
28 -80
28 -80
28 -80
28 -80
28 -80
28 -80
28 -80
28 -80
28 -80
28 -79
28 -80
28 -80
28 -80
28 -79
28 -71
28 -80
28 -82
28 -78
28 -85
29 -74
29 -73
29 -73
29 -73
29 -73
29 -73
29 -74
29 -75
29 -75
29 -75
29 -74
29 -75
29 -75
29 -75
29 -75
29 -75
29 -76
29 -76
29 -76
29 -76
29 -76
29 -76
29 -76
29 -76
29 -76
29 -77
29 -78
29 -76
29 -74
29 -74
29 -72
29 -70
29 -74
29 -74
29 -75
29 -74
29 -75
29 -75
29 -76
29 -68
29 -78
29 -76
29 -78
29 -78
29 -78
29 -78
29 -78
29 -77
29 -76
29 -75
29 -72
29 -75
29 -76
29 -76
29 -76
29 -76
29 -72
29 -76
29 -74
29 -75
29 -76
29 -76
29 -76
29 -76
29 -58
29 -76
29 -76
29 -76
29 -68
29 -75
29 -76
29 -74
29 -74
29 -74
29 -73
29 -74
29 -72
29 -73
29 -73
29 -73
29 -72
29 -73
29 -73
29 -73
29 -73
29 -73
29 -73
29 -73
29 -73
29 -73
29 -73
29 -73
29 -69
29 -73
29 -73
29 -72
29 -72
29 -72
29 -72
29 -70
29 -68
29 -72
29 -72
29 -72
29 -72
29 -72
29 -72
29 -74
29 -76
29 -76
29 -77
29 -76
29 -76
29 -74
29 -74
29 -73
29 -72
29 -72
29 -72
29 -72
29 -71
29 -72
29 -72
29 -72
29 -71
29 -71
29 -71
29 -70
29 -70
29 -70
29 -58
29 -71
29 -71
29 -72
29 -72
29 -71
29 -72
29 -72
29 -72
29 -72
29 -72
29 -72
29 -72
29 -72
29 -72
29 -72
29 -72
29 -72
29 -72
29 -72
29 -72
29 -72
29 -72
29 -72
29 -73
29 -72
29 -72
29 -72
29 -72
29 -72
29 -72
29 -72
29 -72
29 -72
29 -73
29 -72
29 -72
29 -73
29 -72
29 -73
29 -73
29 -72
29 -73
29 -72
29 -72
29 -72
29 -72
29 -72
29 -72
29 -72
29 -72
29 -72
29 -72
29 -72
29 -72
29 -72
29 -72
29 -72
29 -72
29 -70
29 -73
29 -72
29 -72
29 -72
29 -72
29 -73
29 -72
29 -73
29 -72
29 -72
29 -72
29 -73
29 -73
29 -73
29 -66
29 -73
29 -72
29 -73
29 -73
29 -73
29 -73
29 -72
29 -73
29 -73
29 -73
29 -73
29 -71
29 -73
29 -72
29 -73
29 -73
29 -73
29 -73
29 -73
29 -72
29 -73
29 -73
29 -73
29 -73
29 -72
29 -73
29 -72
29 -72
29 -72
29 -72
29 -73
29 -73
29 -49
29 -73
29 -73
29 -73
29 -73
29 -64
29 -64
29 -73
29 -73
29 -73
29 -73
29 -72
29 -73
29 -72
29 -73
29 -73
29 -73
29 -73
29 -72
29 -74
29 -73
29 -73
29 -73
29 -73
29 -73
29 -73
29 -73
29 -73
29 -72
29 -73
29 -82
29 -73
29 -73
29 -72
29 -72
29 -71
29 -72
29 -73
29 -72
29 -72
29 -72
29 -72
29 -71
29 -72
29 -72
29 -72
29 -73
29 -73
29 -73
29 -73
29 -73
29 -73
29 -72
29 -73
29 -73
29 -73
29 -73
29 -72
29 -74
29 -72
29 -74
29 -73
29 -73
29 -73
29 -74
29 -73
29 -74
29 -68
29 -74
29 -70
29 -74
29 -73
29 -74
29 -74
29 -74
29 -74
29 -73
29 -73
29 -72
29 -73
29 -73
29 -73
29 -73
29 -73
29 -73
29 -73
29 -73
29 -73
29 -72
29 -72
29 -74
29 -72
29 -73
29 -69
29 -73
29 -73
29 -72
29 -73
29 -75
29 -73
29 -73
29 -72
29 -72
29 -72
29 -72
29 -72
29 -72
29 -72
29 -72
29 -72
29 -72
29 -72
29 -72
29 -72
29 -72
29 -72
29 -72
29 -72
29 -72
29 -72
29 -72
30 -84
30 -83
30 -84
30 -71
30 -70
30 -80
30 -79
30 -81
30 -84
30 -84
30 -84
30 -84
30 -83
30 -82
30 -83
30 -84
30 -83
30 -83
30 -84
30 -83
30 -83
30 -81
30 -82
30 -82
30 -81
30 -82
30 -82
30 -80
30 -67
30 -81
30 -80
30 -82
30 -82
30 -81
30 -81
30 -81
30 -82
30 -80
30 -82
30 -82
30 -69
30 -82
30 -82
30 -82
30 -80
30 -81
30 -82
30 -81
30 -77
30 -81
30 -81
30 -80
30 -81
30 -80
30 -80
30 -80
30 -80
30 -79
30 -78
30 -81
30 -81
30 -81
30 -81
30 -79
30 -81
30 -79
30 -81
30 -80
30 -80
30 -80
30 -80
30 -81
30 -81
30 -80
30 -80
30 -79
30 -81
30 -80
30 -79
30 -79
30 -78
30 -80
30 -81
30 -80
30 -79
30 -80
30 -70
30 -80
30 -80
31 -82
31 -81
31 -80
31 -82
31 -83
31 -82
31 -82
31 -82
31 -77
31 -58
31 -84
31 -83
31 -78
31 -81
31 -81
31 -82
31 -82
31 -82
31 -83
31 -84
31 -83
31 -83
31 -83
31 -82
31 -81
31 -81
31 -69
31 -81
31 -80
31 -80
31 -80
31 -80
31 -79
31 -79
31 -81
31 -80
31 -80
31 -68
31 -80
31 -80
31 -79
31 -79
31 -80
31 -80
31 -80
31 -79
31 -79
31 -78
31 -79
31 -79
31 -79
31 -79
31 -63
31 -80
31 -80
31 -80
31 -81
31 -81
31 -78
31 -80
31 -80
31 -79
31 -79
31 -79
31 -79
31 -79
31 -78
31 -79
31 -79
31 -79
31 -79
31 -79
31 -77
31 -67
31 -79
31 -79
31 -79
31 -79
31 -80
31 -79
31 -80
31 -81
31 -80
31 -80
31 -79
31 -81
31 -78
31 -79
31 -78
31 -79
31 -79
31 -79
31 -78
31 -78
31 -79
31 -79
31 -79
31 -79
31 -79
31 -80
31 -76
31 -80
31 -81
31 -80
31 -76
32 -82
32 -84
32 -84
33 -83
33 -83
33 -64
33 -81
33 -83
33 -81
33 -82
33 -82
33 -82
33 -82
33 -81
33 -83
33 -83
33 -83
33 -80
33 -80
33 -71
33 -82
33 -83
33 -82
33 -54
33 -82
33 -82
33 -82
33 -82
33 -81
33 -80
33 -81
33 -81
33 -81
33 -81
33 -81
33 -81
33 -81
33 -81
33 -69
33 -80
33 -81
33 -82
33 -82
33 -82
33 -82
33 -82
33 -82
33 -82
33 -82
33 -81
33 -82
33 -82
33 -80
33 -81
33 -80
33 -81
33 -82
33 -82
33 -81
33 -81
33 -83
33 -82
33 -82
33 -82
33 -81
33 -82
33 -82
33 -82
33 -82
33 -82
33 -82
33 -82
33 -82
33 -82
33 -81
33 -81
33 -83
33 -82
33 -81
33 -82
33 -80
33 -82
33 -81
33 -81
33 -81
33 -80
33 -82
33 -82
33 -82
33 -81
33 -82
33 -81
33 -81
33 -81
33 -81
33 -82
33 -79
33 -82
33 -81
33 -82
33 -82
33 -82
33 -52
33 -82
33 -82
33 -82
33 -82
33 -82
33 -80
33 -81
33 -82
33 -81
33 -82
33 -82
33 -82
33 -80
33 -81
33 -82
33 -82
33 -82
33 -80
33 -84
33 -84
33 -84
33 -84
33 -84
35 -72
35 -84
35 -70
35 -84
35 -70
35 -84
36 -85
36 -86
36 -87
36 -86
40 -85
40 -83
40 -83
40 -81
40 -81
40 -82
40 -84
40 -83
40 -83
40 -83
40 -84
40 -83
40 -85
40 -84
40 -85
40 -69
40 -84
40 -82
40 -84
40 -84
40 -79
40 -84
40 -85
40 -83
40 -83
40 -84
40 -82
40 -84
40 -83
40 -84
40 -83
40 -80
40 -85
41 -86
41 -85
41 -85
41 -84
41 -84
41 -82
41 -87
41 -86
41 -83
42 -83
42 -83
42 -84
42 -83
42 -70
42 -82
42 -82
42 -82
42 -80
42 -82
42 -83
42 -82
42 -82
42 -82
42 -80
42 -68
42 -68
42 -81
42 -82
42 -80
42 -81
42 -81
42 -80
42 -82
42 -78
42 -80
42 -80
42 -81
42 -81
42 -82
42 -81
42 -80
42 -80
42 -81
42 -81
42 -81
42 -81
42 -81
42 -81
42 -58
42 -81
42 -81
42 -81
42 -81
42 -81
42 -80
42 -71
42 -77
42 -80
42 -81
42 -81
42 -81
42 -82
42 -81
42 -80
42 -69
42 -81
42 -80
42 -81
42 -81
42 -81
42 -81
42 -80
42 -81
42 -81
42 -81
42 -80
42 -81
42 -80
42 -81
42 -81
42 -78
42 -80
42 -82
42 -84
42 -82
43 -79
43 -79
43 -79
43 -79
43 -79
43 -78
43 -78
43 -78
43 -79
43 -78
43 -79
43 -78
43 -78
43 -82
43 -78
43 -79
43 -78
43 -79
43 -80
43 -81
43 -80
43 -80
43 -80
43 -80
43 -79
43 -78
43 -81
43 -80
43 -80
43 -80
43 -80
43 -80
43 -79
43 -80
43 -80
43 -80
43 -81
43 -80
43 -80
43 -81
43 -78
43 -80
43 -80
43 -80
43 -78
43 -80
43 -79
43 -80
43 -81
43 -73
43 -82
43 -80
43 -71
43 -81
43 -81
43 -75
43 -81
43 -81
43 -82
43 -81
43 -82
43 -82
43 -81
43 -80
43 -81
43 -79
43 -84
43 -82
43 -81
43 -82
43 -81
43 -82
43 -81
43 -77
43 -81
43 -81
43 -81
43 -81
43 -82
43 -82
43 -81
43 -82
43 -82
43 -79
43 -83
43 -83
43 -83
43 -83
43 -82
43 -81
43 -82
43 -82
43 -81
43 -63
43 -82
43 -82
43 -82
43 -83
43 -84
43 -79
43 -82
43 -83
43 -83
43 -83
43 -79
43 -83
43 -82
43 -83
43 -83
43 -84
43 -83
43 -84
43 -84
43 -84
43 -80
43 -82
43 -82
43 -84
44 -78
44 -78
44 -79
44 -79
44 -78
44 -80
44 -79
44 -79
44 -76
44 -81
44 -81
44 -80
44 -81
44 -81
44 -78
44 -81
44 -80
44 -79
44 -80
44 -76
44 -82
44 -82
44 -82
44 -83
44 -83
44 -83
44 -83
44 -81
44 -81
44 -81
44 -79
44 -64
44 -81
44 -80
44 -81
44 -80
44 -80
44 -80
44 -80
44 -79
44 -80
44 -79
44 -80
44 -79
44 -78
44 -67
44 -70
44 -78
44 -77
44 -77
44 -78
44 -58
44 -77
44 -77
44 -82
44 -77
44 -76
44 -76
44 -76
44 -76
44 -76
44 -76
44 -76
44 -76
44 -76
44 -76
44 -76
44 -76
44 -76
44 -76
44 -76
44 -76
44 -77
44 -77
44 -76
44 -77
44 -78
44 -77
44 -77
44 -77
44 -76
44 -77
44 -77
44 -77
44 -76
44 -77
44 -77
44 -77
44 -77
44 -77
44 -77
44 -76
44 -68
44 -70
44 -78
44 -79
44 -79
44 -79
44 -73
44 -79
44 -77
44 -79
44 -78
44 -79
44 -79
44 -79
44 -79
44 -51
44 -78
44 -78
44 -78
44 -73
44 -78
44 -79
44 -79
44 -78
44 -77
44 -79
44 -78
44 -79
44 -79
44 -80
44 -81
44 -81
44 -80
44 -81
44 -80
44 -79
44 -78
44 -78
44 -78
44 -78
44 -78
44 -79
44 -80
44 -80
44 -80
44 -80
44 -80
44 -80
44 -80
44 -80
44 -80
44 -80
44 -81
44 -82
44 -82
44 -81
44 -52
44 -79
44 -79
44 -79
44 -79
44 -80
44 -79
44 -80
44 -79
44 -78
44 -78
44 -78
44 -79
44 -78
44 -70
44 -79
44 -79
44 -78
44 -78
44 -75
44 -76
44 -76
44 -77
44 -80
44 -79
44 -77
44 -76
44 -78
44 -78
44 -71
44 -78
44 -76
44 -76
44 -77
44 -76
44 -77
44 -76
44 -77
44 -77
46 -81
46 -81
46 -78
46 -86
46 -82
46 -81
46 -80
46 -80
46 -79
46 -80
46 -83
46 -82
46 -82
46 -83
46 -83
46 -82
46 -81
46 -75
46 -81
46 -83
46 -83
46 -83
46 -84
46 -85
46 -85
46 -84
46 -83
46 -82
46 -82
46 -82
46 -81
47 -74
47 -74
47 -74
47 -74
47 -74
47 -74
47 -74
47 -73
47 -74
47 -74
47 -74
47 -73
47 -73
47 -74
47 -73
47 -73
47 -73
47 -73
47 -73
47 -73
47 -73
47 -74
47 -73
47 -73
47 -73
47 -73
47 -73
47 -74
47 -74
47 -73
47 -74
47 -72
47 -72
47 -72
47 -72
47 -72
47 -71
47 -72
47 -73
47 -73
47 -74
47 -74
47 -75
47 -75
47 -76
47 -75
47 -74
47 -64
47 -75
47 -75
47 -75
47 -75
47 -75
47 -74
47 -75
47 -75
47 -74
47 -74
47 -74
47 -74
47 -73
47 -74
47 -73
47 -74
47 -74
47 -73
47 -74
47 -73
47 -73
47 -73
47 -73
47 -74
47 -73
47 -73
47 -73
47 -73
47 -75
47 -73
47 -74
47 -73
47 -73
47 -73
47 -73
47 -73
47 -73
47 -72
47 -72
47 -72
47 -73
47 -73
47 -73
47 -73
47 -74
47 -74
47 -74
47 -74
47 -73
47 -74
47 -73
47 -73
47 -73
47 -73
47 -73
47 -73
47 -73
47 -73
47 -73
47 -72
47 -72
47 -72
47 -73
47 -72
47 -73
47 -73
47 -73
47 -73
47 -74
47 -75
47 -75
47 -76
47 -76
47 -76
47 -78
47 -77
47 -75
47 -75
47 -75
47 -75
47 -75
47 -75
47 -76
47 -75
47 -76
47 -76
47 -76
47 -76
47 -76
47 -76
47 -76
47 -76
47 -77
47 -76
47 -77
47 -77
47 -77
47 -78
47 -76
47 -78
47 -77
47 -78
47 -78
47 -78
47 -77
47 -77
47 -76
47 -76
47 -76
47 -76
47 -76
47 -76
47 -75
47 -75
47 -75
47 -75
47 -75
47 -76
47 -75
47 -75
47 -74
47 -75
47 -75
47 -75
47 -73
47 -76
47 -60
47 -76
47 -75
47 -76
47 -76
47 -68
47 -76
47 -75
47 -75
47 -76
47 -76
47 -75
47 -76
47 -76
47 -75
47 -76
47 -75
47 -75
47 -75
47 -76
47 -75
47 -76
47 -75
47 -76
47 -75
47 -76
47 -75
47 -76
47 -75
47 -75
47 -76
47 -76
47 -75
47 -75
47 -75
47 -75
47 -74
47 -75
47 -75
47 -74
47 -75
47 -74
47 -75
47 -75
47 -75
47 -75
47 -75
47 -69
47 -76
47 -76
47 -76
47 -75
47 -76
47 -76
47 -75
47 -75
47 -75
47 -75
47 -75
47 -75
47 -75
47 -70
47 -75
47 -75
47 -75
47 -75
47 -74
47 -74
47 -75
47 -75
47 -75
47 -74
47 -68
47 -74
47 -74
47 -75
47 -74
47 -74
47 -74
47 -74
47 -74
47 -74
47 -73
47 -73
47 -74
47 -73
47 -74
47 -73
47 -74
47 -73
47 -75
47 -75
47 -75
47 -75
47 -75
47 -75
47 -75
47 -75
47 -76
47 -75
47 -75
47 -75
47 -75
47 -76
47 -75
47 -76
47 -76
47 -76
47 -76
47 -76
47 -76
47 -76
47 -76
47 -76
47 -75
47 -76
47 -76
47 -76
47 -68
47 -75
47 -75
47 -52
47 -75
47 -74
47 -75
47 -74
47 -75
47 -75
47 -75
47 -75
47 -68
47 -75
47 -75
47 -74
47 -73
47 -75
47 -75
47 -75
47 -76
47 -75
47 -76
47 -76
47 -77
47 -75
47 -74
47 -76
47 -76
47 -77
47 -76
47 -76
47 -76
47 -71
47 -75
47 -75
47 -76
47 -73
47 -75
47 -75
47 -75
47 -75
47 -76
47 -75
47 -75
47 -76
47 -75
47 -75
48 -80
48 -81
48 -80
48 -78
48 -79
48 -80
48 -77
48 -79
48 -79
48 -79
48 -60
48 -80
48 -74
48 -76
49 -78
49 -77
49 -74
49 -76
49 -76
49 -76
49 -76
49 -76
49 -76
49 -76
49 -76
49 -76
49 -76
49 -76
49 -76
49 -76
49 -76
49 -76
49 -76
49 -77
49 -74
49 -76
49 -74
49 -75
49 -73
49 -74
49 -75
49 -75
49 -76
49 -75
49 -75
49 -74
49 -74
49 -75
49 -74
49 -74
49 -74
49 -74
49 -74
49 -74
49 -75
49 -75
49 -75
49 -75
49 -76
49 -76
49 -74
49 -64
49 -75
49 -74
49 -73
49 -73
49 -73
49 -73
49 -72
49 -73
49 -73
49 -73
49 -73
49 -73
49 -73
49 -73
49 -73
49 -73
49 -73
49 -73
49 -73
49 -73
49 -73
49 -73
49 -73
49 -73
49 -73
49 -74
49 -74
49 -74
49 -74
49 -74
49 -74
49 -75
49 -74
49 -73
49 -73
49 -72
49 -73
49 -73
49 -73
49 -73
49 -73
49 -73
49 -74
49 -74
49 -73
49 -74
49 -74
49 -74
49 -75
49 -75
49 -70
49 -69
49 -76
49 -76
49 -76
49 -73
49 -76
49 -77
49 -77
49 -76
49 -77
49 -77
49 -78
49 -78
49 -78
49 -77
49 -76
49 -76
49 -75
49 -76
49 -76
49 -76
49 -77
49 -80
49 -80
49 -80
49 -80
49 -79
49 -80
49 -78
49 -78
49 -67
49 -76
49 -77
49 -76
49 -76
49 -76
49 -76
49 -76
49 -75
49 -75
49 -75
49 -74
49 -75
49 -74
49 -74
49 -74
49 -74
49 -74
49 -74
49 -74
49 -74
49 -74
49 -74
49 -73
49 -74
49 -73
49 -74
49 -74
49 -74
49 -74
49 -74
49 -69
49 -74
49 -74
49 -74
49 -74
49 -74
49 -73
49 -73
49 -73
49 -74
49 -74
49 -73
49 -73
49 -74
49 -75
49 -74
49 -74
49 -74
49 -74
49 -74
49 -74
49 -74
49 -74
49 -74
49 -75
49 -75
49 -74
49 -75
49 -74
49 -75
49 -74
49 -74
49 -74
49 -74
49 -75
49 -74
49 -75
49 -74
49 -74
49 -74
49 -75
49 -75
49 -74
49 -75
49 -75
49 -74
49 -73
49 -74
49 -74
49 -74
49 -74
49 -74
49 -74
49 -74
49 -74
49 -73
49 -74
49 -74
49 -75
49 -74
49 -75
49 -75
49 -75
49 -75
49 -76
49 -75
49 -75
49 -75
49 -63
49 -74
49 -74
49 -74
49 -74
49 -75
49 -74
49 -74
49 -74
49 -74
49 -74
49 -74
49 -73
49 -74
49 -74
49 -74
49 -74
49 -74
49 -74
49 -74
49 -74
49 -75
49 -74
49 -74
49 -74
49 -74
49 -73
49 -74
49 -74
49 -74
49 -73
49 -74
49 -72
49 -73
49 -74
49 -74
49 -75
49 -74
49 -75
49 -74
49 -74
49 -75
49 -75
49 -75
49 -76
49 -76
49 -75
49 -75
49 -75
49 -75
49 -75
49 -75
49 -74
49 -75
49 -75
49 -75
49 -74
49 -75
49 -75
49 -75
49 -75
49 -75
49 -74
49 -75
49 -74
49 -75
49 -67
49 -75
49 -74
49 -75
49 -75
49 -75
49 -74
49 -74
49 -74
49 -74
49 -75
49 -74
49 -74
49 -75
49 -75
49 -75
49 -75
49 -76
49 -75
49 -76
49 -76
49 -76
49 -76
49 -73
49 -73
49 -72
49 -73
49 -76
49 -76
49 -78
49 -77
49 -76
49 -75
49 -77
49 -76
49 -76
49 -77
49 -76
49 -76
49 -76
49 -76
49 -76
49 -76
49 -76
49 -76
49 -76
49 -74
49 -74
49 -73
49 -74
49 -74
49 -74
49 -74
49 -74
49 -74
49 -74
49 -75
49 -75
49 -75
50 -78
50 -78
50 -78
50 -75
50 -75
50 -79
50 -79
50 -78
50 -78
50 -79
50 -79
50 -79
50 -79
50 -78
50 -81
50 -79
50 -82
50 -76
50 -76
50 -73
50 -75
50 -77
50 -79
50 -78
50 -77
50 -77
50 -76
50 -76
50 -76
50 -76
50 -78
50 -78
50 -78
50 -78
50 -76
50 -78
50 -78
50 -78
50 -78
50 -77
50 -77
50 -77
50 -79
50 -79
50 -79
50 -76
50 -80
50 -81
50 -80
50 -80
50 -78
50 -78
50 -77
50 -71
50 -77
50 -76
50 -76
50 -77
50 -77
50 -77
50 -77
50 -77
50 -78
50 -77
50 -78
50 -78
50 -78
50 -78
50 -78
50 -79
50 -79
50 -78
50 -78
50 -79
50 -78
50 -77
50 -78
50 -77
50 -76
50 -77
50 -46
50 -78
50 -79
50 -80
50 -78
50 -77
50 -81
50 -83
50 -83
50 -77
50 -80
50 -79
50 -79
50 -78
50 -78
50 -77
50 -78
50 -77
50 -77
50 -77
50 -78
50 -78
50 -78
50 -78
50 -77
50 -77
50 -78
50 -78
50 -72
50 -78
50 -78
50 -78
50 -79
50 -79
50 -79
50 -78
50 -79
50 -77
50 -78
50 -78
50 -78
50 -77
50 -77
50 -78
50 -73
50 -78
50 -78
50 -73
50 -77
50 -78
50 -77
50 -77
50 -77
50 -72
50 -76
50 -76
50 -76
50 -76
50 -76
50 -76
50 -76
50 -76
50 -74
50 -76
50 -78
50 -76
50 -78
50 -78
50 -78
50 -79
50 -78
50 -78
50 -78
50 -78
50 -77
50 -78
50 -77
50 -77
50 -76
50 -76
50 -76
50 -76
50 -76
50 -76
50 -76
50 -76
50 -76
50 -76
50 -76
50 -76
50 -75
50 -73
50 -74
50 -76
50 -76
50 -76
50 -76
50 -76
50 -76
50 -76
50 -75
50 -76
50 -76
50 -75
50 -75
50 -76
50 -75
50 -75
50 -75
50 -70
50 -76
50 -70
50 -77
50 -77
50 -78
50 -78
50 -79
50 -80
50 -79
50 -79
50 -80
50 -78
50 -78
50 -77
50 -79
50 -78
50 -79
50 -78
50 -76
50 -76
50 -76
50 -76
50 -76
50 -76
50 -76
50 -75
50 -60
50 -76
50 -76
50 -75
50 -75
50 -76
50 -75
50 -76
50 -76
50 -76
50 -76
50 -76
50 -76
50 -77
50 -77
50 -78
50 -78
50 -78
50 -78
50 -80
50 -79
50 -81
50 -79
50 -77
50 -78
50 -78
50 -76
50 -76
50 -76
50 -76
50 -77
50 -76
50 -76
50 -76
50 -76
50 -76
50 -76
51 -76
51 -76
51 -76
51 -76
51 -76
51 -76
51 -76
51 -76
51 -76
51 -75
51 -75
51 -75
51 -75
51 -75
51 -75
51 -76
51 -76
51 -76
51 -76
51 -76
51 -76
51 -74
51 -76
51 -76
51 -75
51 -73
51 -73
51 -77
51 -79
51 -76
51 -77
51 -77
51 -78
51 -76
51 -79
51 -67
51 -76
51 -76
51 -76
51 -76
51 -75
51 -75
51 -76
51 -76
51 -76
51 -76
51 -76
51 -76
51 -76
51 -76
51 -68
51 -75
51 -75
51 -74
51 -75
51 -75
51 -75
51 -75
51 -75
51 -74
51 -75
51 -75
51 -75
51 -75
51 -75
51 -75
51 -75
51 -75
51 -75
51 -75
51 -75
51 -75
51 -75
51 -76
51 -75
51 -75
51 -76
51 -76
51 -76
51 -75
51 -72
51 -75
51 -75
51 -75
51 -75
51 -75
51 -75
51 -75
51 -75
51 -75
51 -75
51 -76
51 -76
51 -75
51 -76
51 -76
51 -76
51 -76
51 -74
51 -77
51 -78
51 -78
51 -79
51 -80
51 -77
51 -76
51 -68
51 -76
51 -76
51 -77
51 -77
51 -78
51 -78
51 -78
51 -83
51 -82
51 -82
51 -72
51 -81
51 -80
51 -77
51 -77
51 -76
51 -76
51 -77
51 -76
51 -77
51 -76
51 -78
51 -77
51 -77
51 -78
51 -78
51 -68
51 -78
51 -76
51 -78
51 -78
51 -78
51 -78
51 -79
51 -78
51 -79
51 -79
51 -79
51 -79
51 -79
51 -79
51 -79
51 -79
51 -78
51 -78
51 -78
51 -78
51 -78
51 -78
51 -78
51 -78
51 -78
51 -75
51 -78
51 -76
51 -77
51 -77
51 -77
51 -78
51 -78
51 -78
51 -78
51 -77
51 -78
51 -78
51 -78
51 -69
51 -78
51 -78
51 -78
51 -78
51 -76
51 -76
51 -76
51 -77
51 -77
51 -77
51 -76
51 -76
51 -76
51 -76
51 -77
51 -77
51 -77
51 -76
51 -76
51 -76
51 -76
51 -76
51 -76
51 -76
51 -76
51 -76
51 -76
51 -78
51 -78
51 -79
51 -78
51 -80
51 -80
51 -80
51 -81
51 -80
51 -80
51 -78
51 -78
51 -80
51 -79
51 -79
51 -79
51 -79
51 -77
51 -70
51 -77
51 -77
51 -77
51 -76
51 -76
51 -76
51 -76
51 -76
51 -76
51 -76
51 -76
51 -76
51 -76
51 -77
51 -76
51 -78
51 -77
51 -78
51 -78
51 -78
51 -81
51 -80
51 -78
51 -78
51 -77
51 -78
51 -78
51 -72
51 -78
51 -78
52 -76
52 -76
52 -76
52 -76
52 -76
52 -77
52 -76
52 -76
52 -76
52 -77
52 -77
52 -76
52 -77
52 -77
52 -77
52 -77
52 -78
52 -78
52 -78
52 -78
52 -78
52 -78
52 -79
52 -78
52 -76
52 -76
52 -76
52 -77
52 -77
52 -76
52 -76
52 -77
52 -77
52 -77
52 -78
52 -77
52 -78
52 -79
52 -79
52 -80
52 -76
52 -78
52 -72
52 -76
52 -76
52 -76
52 -76
52 -77
52 -77
52 -77
52 -74
52 -77
52 -77
52 -77
52 -77
52 -78
52 -78
52 -77
52 -78
52 -77
52 -78
52 -77
52 -76
52 -76
52 -76
52 -75
52 -76
52 -75
52 -75
52 -72
52 -72
52 -72
52 -73
52 -72
52 -73
52 -73
52 -73
52 -73
52 -73
52 -74
52 -66
52 -73
52 -73
52 -74
52 -74
52 -73
52 -73
52 -72
52 -72
52 -70
52 -70
52 -70
52 -70
52 -70
52 -70
52 -70
52 -70
52 -70
52 -71
52 -72
52 -74
52 -76
52 -80
52 -79
52 -76
52 -76
52 -75
52 -75
52 -73
52 -73
52 -72
52 -72
52 -71
52 -70
52 -70
52 -70
52 -71
52 -70
52 -70
52 -70
52 -71
52 -70
52 -70
52 -70
52 -70
52 -70
52 -70
52 -70
52 -71
52 -70
52 -70
52 -70
52 -70
52 -70
52 -70
52 -70
52 -70
52 -70
52 -70
52 -70
52 -70
52 -70
52 -70
52 -70
52 -70
52 -70
52 -70
52 -70
52 -70
52 -70
52 -70
52 -70
52 -70
52 -70
52 -70
52 -69
52 -70
52 -69
52 -69
52 -70
52 -69
52 -70
52 -69
52 -69
52 -69
52 -69
52 -70
52 -69
52 -69
52 -69
52 -69
52 -70
52 -69
52 -70
52 -70
52 -69
52 -69
52 -69
52 -70
52 -67
52 -70
52 -69
52 -70
52 -70
52 -66
52 -70
52 -70
52 -70
52 -70
52 -70
52 -70
52 -69
52 -69
52 -69
52 -69
52 -69
52 -69
52 -69
52 -70
52 -69
52 -69
52 -70
52 -70
52 -70
52 -69
52 -70
52 -70
52 -70
52 -70
52 -70
52 -70
52 -70
52 -67
52 -70
52 -70
52 -70
52 -69
52 -70
52 -70
52 -69
52 -70
52 -70
52 -70
52 -70
52 -70
52 -70
52 -70
52 -69
52 -70
52 -70
52 -70
52 -70
52 -69
52 -70
52 -69
52 -70
52 -70
52 -70
52 -70
52 -70
52 -70
52 -69
52 -70
52 -70
52 -70
52 -70
52 -70
52 -70
52 -70
52 -70
52 -70
52 -70
52 -70
52 -70
52 -70
52 -70
52 -70
52 -70
52 -70
52 -70
52 -70
52 -70
52 -70
52 -70
52 -70
52 -70
52 -70
52 -70
52 -70
52 -69
52 -70
52 -70
52 -64
52 -69
52 -69
52 -69
52 -69
52 -69
52 -69
52 -70
52 -69
52 -69
52 -69
52 -70
52 -70
52 -70
52 -69
52 -69
52 -69
52 -69
52 -69
52 -69
52 -69
52 -70
52 -70
52 -70
52 -70
52 -69
52 -69
52 -70
52 -70
52 -69
52 -70
52 -70
52 -70
52 -70
52 -70
52 -70
52 -70
52 -70
52 -70
52 -70
52 -70
52 -70
52 -70
52 -70
52 -70
52 -70
52 -70
52 -70
52 -70
52 -70
52 -70
52 -70
52 -70
52 -70
52 -70
52 -70
52 -70
52 -69
52 -69
52 -70
52 -70
52 -70
52 -70
52 -70
52 -70
52 -70
52 -72
52 -72
52 -71
52 -70
52 -70
52 -70
52 -70
52 -70
52 -70
52 -71
52 -71
52 -71
52 -70
52 -70
52 -71
52 -71
52 -71
52 -71
52 -68
52 -70
52 -70
52 -70
52 -71
52 -71
52 -71
52 -71
52 -71
53 -85
53 -84
53 -84
53 -82
53 -80
53 -80
53 -80
53 -80
53 -75
53 -80
53 -80
53 -79
53 -78
53 -66
53 -77
53 -83
53 -78
53 -81
53 -83
53 -80
53 -82
53 -84
53 -83
53 -83
53 -80
53 -81
53 -80
53 -77
53 -79
53 -79
53 -81
53 -81
53 -80
53 -84
53 -83
53 -84
53 -85
53 -82
53 -84
53 -84
53 -83
53 -82
53 -82
53 -81
53 -82
53 -84
53 -81
53 -83
53 -81
53 -81
53 -82
53 -82
53 -82
53 -83
53 -81
53 -79
53 -81
53 -83
53 -81
53 -83
53 -82
53 -82
53 -81
53 -81
53 -79
53 -82
53 -81
53 -80
53 -80
53 -81
53 -81
53 -81
53 -81
53 -82
53 -83
53 -81
53 -83
53 -83
53 -81
53 -82
53 -80
53 -80
53 -81
53 -78
53 -83
53 -83
53 -83
53 -84
55 -72
55 -72
55 -72
55 -72
55 -55
55 -71
55 -72
55 -72
55 -72
55 -72
55 -72
55 -72
55 -71
55 -71
55 -71
55 -72
55 -71
55 -72
55 -72
55 -72
55 -72
55 -72
55 -72
55 -72
55 -73
55 -74
55 -70
55 -69
55 -69
55 -70
55 -70
55 -68
55 -69
55 -70
55 -69
55 -69
55 -70
55 -69
55 -69
55 -66
55 -70
55 -70
55 -70
55 -70
55 -70
55 -70
55 -70
55 -69
55 -70
55 -67
55 -68
55 -68
55 -67
55 -68
55 -69
55 -68
55 -69
55 -69
55 -69
55 -69
55 -69
55 -69
55 -69
55 -69
55 -69
55 -69
55 -69
55 -69
55 -69
55 -69
55 -64
55 -69
55 -68
55 -69
55 -69
55 -69
55 -68
55 -69
55 -69
55 -68
55 -68
55 -76
55 -68
55 -68
55 -67
55 -67
55 -67
55 -66
55 -67
55 -67
55 -67
55 -67
55 -66
55 -67
55 -67
55 -66
55 -66
55 -74
55 -67
55 -68
55 -67
55 -68
55 -68
55 -68
55 -68
55 -68
55 -68
55 -68
55 -68
55 -69
55 -69
55 -70
55 -70
55 -70
55 -68
55 -67
55 -69
55 -69
55 -68
55 -67
55 -68
55 -67
55 -67
55 -67
55 -66
55 -66
55 -66
55 -66
55 -66
55 -67
55 -67
55 -67
55 -66
55 -66
55 -67
55 -67
55 -67
55 -67
55 -67
55 -67
55 -67
55 -68
55 -67
55 -67
55 -67
55 -67
55 -67
55 -67
55 -67
55 -67
55 -67
55 -67
55 -68
55 -68
55 -68
55 -68
55 -68
55 -68
55 -67
55 -67
55 -66
55 -67
55 -68
55 -68
55 -68
55 -68
55 -68
55 -69
55 -68
55 -68
55 -68
55 -68
55 -68
55 -68
55 -68
55 -68
55 -68
55 -68
55 -68
55 -68
55 -68
55 -67
55 -68
55 -68
55 -68
55 -67
55 -67
55 -67
55 -67
55 -68
55 -67
55 -68
55 -68
55 -67
55 -65
55 -68
55 -68
55 -68
55 -63
55 -68
55 -68
55 -68
55 -68
55 -68
55 -68
55 -67
55 -67
55 -67
55 -67
55 -68
55 -68
55 -68
55 -68
55 -68
55 -60
55 -68
55 -68
55 -68
55 -68
55 -69
55 -68
55 -68
55 -69
55 -68
55 -68
55 -68
55 -67
55 -67
55 -67
55 -67
55 -67
55 -67
55 -67
55 -67
55 -60
55 -67
55 -67
55 -67
55 -67
55 -67
55 -67
55 -68
55 -68
55 -67
55 -68
55 -68
55 -68
55 -68
55 -68
55 -68
55 -68
55 -68
55 -67
55 -68
55 -67
55 -67
55 -68
55 -68
55 -68
55 -68
55 -68
55 -68
55 -68
55 -68
55 -68
55 -69
55 -68
55 -69
55 -69
55 -68
55 -69
55 -69
55 -69
55 -69
55 -69
55 -69
55 -69
55 -69
55 -69
55 -69
55 -69
55 -69
55 -69
55 -68
55 -68
55 -68
55 -67
55 -67
55 -68
55 -68
55 -67
55 -67
55 -67
55 -67
55 -68
55 -67
55 -68
55 -68
55 -68
55 -68
55 -67
55 -67
55 -61
55 -68
55 -67
55 -67
55 -67
55 -67
55 -67
55 -67
55 -67
55 -67
55 -67
55 -67
55 -67
55 -67
55 -67
55 -68
55 -68
55 -68
55 -68
55 -68
55 -68
55 -68
55 -68
55 -68
55 -68
55 -68
55 -68
55 -68
55 -68
55 -68
55 -68
55 -68
55 -68
55 -68
55 -68
55 -68
55 -68
55 -68
55 -68
55 -68
55 -68
55 -68
55 -68
55 -68
55 -68
55 -67
55 -67
55 -67
55 -68
55 -67
55 -67
55 -68
55 -69
55 -70
55 -70
55 -68
55 -70
55 -69
55 -71
55 -73
55 -76
55 -76
55 -74
55 -73
55 -73
55 -72
55 -72
55 -73
55 -73
55 -72
55 -71
55 -70
55 -70
55 -69
55 -70
55 -70
55 -70
55 -70
55 -71
55 -70
55 -71
55 -71
55 -71
55 -71
56 -84
56 -82
56 -83
56 -83
56 -84
56 -84
56 -84
56 -84
56 -83
56 -84
56 -84
56 -85
56 -75
57 -61
59 -84
59 -79
59 -84
59 -82
59 -82
59 -84
59 -85
59 -83
59 -80
59 -81
59 -80
59 -83
59 -82
59 -83
59 -83
59 -83
60 -81
60 -81
60 -79
60 -81
60 -82
60 -84
60 -72
60 -81
60 -81
60 -82
60 -67
60 -79
60 -80
60 -81
60 -80
60 -80
60 -81
60 -80
60 -78
60 -80
60 -80
60 -79
60 -79
60 -78
60 -78
60 -78
60 -79
60 -79
60 -80
60 -80
60 -82
60 -79
60 -79
60 -81
60 -79
60 -79
60 -73
60 -81
60 -82
60 -77
60 -81
60 -80
60 -79
60 -79
60 -78
60 -80
60 -78
60 -79
60 -79
60 -78
60 -78
60 -78
60 -76
60 -78
60 -78
60 -78
60 -79
60 -76
60 -78
60 -48
60 -78
60 -78
60 -79
60 -79
60 -79
60 -79
60 -78
60 -79
60 -79
60 -63
60 -78
60 -78
60 -78
60 -78
60 -78
60 -78
60 -79
60 -79
60 -79
60 -78
60 -78
60 -78
60 -78
60 -78
60 -72
60 -77
60 -78
60 -78
60 -77
60 -78
60 -78
60 -78
60 -78
60 -78
60 -78
60 -78
60 -67
60 -78
60 -78
60 -77
60 -78
60 -78
60 -77
60 -77
60 -77
60 -76
60 -77
60 -77
60 -76
60 -69
60 -76
60 -77
60 -76
60 -77
60 -77
60 -76
60 -77
60 -77
60 -77
60 -77
60 -76
60 -77
60 -78
60 -78
60 -51
60 -68
60 -77
60 -78
60 -78
60 -78
60 -79
60 -78
60 -79
60 -78
60 -79
60 -78
60 -78
60 -78
60 -78
60 -78
60 -77
60 -77
60 -78
60 -78
60 -78
60 -77
60 -77
60 -76
60 -76
60 -76
60 -76
60 -76
60 -76
60 -76
60 -76
60 -77
60 -72
60 -77
60 -74
60 -77
60 -78
60 -78
60 -79
60 -78
60 -78
60 -75
60 -78
60 -78
60 -78
60 -76
60 -76
60 -77
60 -71
60 -78
60 -78
60 -78
60 -78
60 -78
60 -78
60 -77
60 -78
60 -78
60 -77
60 -77
