Beacon Rssi
1 -85
1 -84
1 -83
1 -84
1 -83
1 -83
1 -84
1 -83
1 -82
1 -82
1 -84
1 -83
1 -82
1 -76
1 -80
1 -79
1 -78
1 -78
1 -78
1 -76
1 -77
1 -77
1 -77
1 -77
1 -77
1 -77
1 -78
1 -74
1 -78
1 -78
1 -78
1 -78
1 -78
1 -79
1 -72
1 -79
1 -79
1 -78
1 -79
1 -79
1 -80
1 -79
1 -80
1 -80
1 -80
1 -80
1 -80
1 -79
1 -78
1 -76
1 -80
1 -79
1 -71
1 -79
1 -78
1 -78
1 -79
1 -80
1 -80
1 -80
1 -80
1 -79
1 -79
1 -79
1 -79
1 -79
1 -79
1 -78
1 -79
1 -79
1 -78
1 -79
1 -79
1 -79
1 -79
1 -80
1 -79
1 -79
1 -79
1 -80
1 -80
1 -76
1 -81
1 -80
1 -66
1 -82
1 -82
1 -82
1 -71
1 -83
1 -83
1 -85
1 -83
1 -84
1 -87
1 -84
1 -82
1 -81
1 -82
1 -81
1 -81
1 -80
1 -81
1 -80
1 -80
1 -80
1 -76
1 -81
1 -81
1 -81
1 -81
1 -80
1 -80
1 -76
1 -80
1 -79
1 -80
1 -80
1 -81
1 -81
1 -80
1 -82
1 -83
1 -84
1 -83
1 -85
1 -84
1 -83
1 -84
1 -84
1 -83
1 -81
1 -75
1 -78
1 -58
1 -70
1 -80
1 -80
1 -79
1 -73
1 -81
1 -82
2 -79
2 -79
2 -78
2 -79
2 -79
2 -79
2 -79
2 -76
2 -78
2 -78
2 -79
2 -70
2 -78
2 -79
2 -78
2 -78
2 -79
2 -78
2 -78
2 -80
2 -79
2 -79
2 -79
2 -78
2 -78
2 -79
2 -79
2 -78
2 -79
2 -78
2 -79
2 -78
2 -78
2 -78
2 -79
2 -54
2 -78
2 -76
2 -78
2 -78
2 -79
2 -79
2 -80
2 -81
2 -79
2 -79
2 -81
2 -80
2 -80
2 -81
2 -80
2 -79
2 -78
2 -77
2 -78
2 -79
2 -73
2 -81
2 -81
2 -71
2 -80
2 -68
2 -80
2 -81
2 -80
2 -80
2 -81
2 -80
2 -79
2 -80
2 -78
2 -79
2 -80
2 -80
2 -80
2 -80
2 -79
2 -78
2 -79
2 -80
2 -79
2 -76
2 -79
2 -80
2 -76
2 -81
2 -80
2 -81
2 -81
2 -81
2 -81
2 -80
2 -78
2 -70
2 -78
2 -78
2 -79
2 -78
2 -70
2 -79
2 -77
2 -78
2 -74
2 -78
2 -79
2 -79
2 -78
2 -46
2 -78
2 -78
2 -78
2 -78
2 -79
2 -79
2 -82
2 -72
2 -79
2 -78
2 -78
2 -78
2 -81
2 -82
2 -81
2 -81
2 -80
2 -80
2 -78
2 -79
2 -84
2 -82
2 -79
2 -79
2 -81
2 -82
2 -83
2 -81
2 -76
2 -80
2 -79
2 -78
2 -78
2 -67
2 -77
2 -77
2 -77
2 -76
2 -76
2 -76
2 -76
2 -76
2 -76
2 -76
2 -76
2 -76
2 -77
2 -76
2 -76
2 -76
2 -75
2 -76
2 -75
2 -75
2 -75
2 -75
2 -75
2 -75
2 -69
2 -58
2 -75
2 -75
2 -75
2 -75
2 -73
2 -76
2 -76
2 -69
2 -76
2 -76
2 -76
2 -76
2 -76
2 -76
2 -76
2 -76
2 -75
2 -75
2 -74
2 -74
2 -75
2 -75
2 -76
2 -75
2 -75
2 -75
2 -75
2 -75
2 -75
2 -75
2 -75
2 -75
2 -75
2 -74
2 -74
2 -73
2 -74
2 -74
2 -74
2 -74
2 -74
2 -74
2 -74
2 -74
2 -73
2 -74
2 -74
2 -74
2 -74
2 -74
2 -75
2 -75
2 -75
2 -74
2 -76
2 -76
2 -75
2 -76
2 -74
2 -74
2 -74
2 -75
2 -74
2 -74
2 -74
2 -74
2 -74
2 -74
2 -74
2 -73
2 -74
2 -74
2 -74
2 -74
2 -74
2 -74
2 -74
2 -75
2 -74
2 -75
2 -75
2 -75
2 -74
2 -74
2 -75
2 -74
2 -75
2 -75
2 -75
2 -75
2 -75
2 -75
2 -75
2 -75
2 -75
2 -75
2 -74
2 -75
2 -74
2 -74
2 -74
2 -73
2 -73
2 -73
2 -73
2 -73
2 -73
2 -74
2 -75
2 -75
2 -75
2 -75
2 -66
2 -76
2 -76
2 -78
2 -78
2 -78
2 -78
2 -78
2 -70
2 -78
2 -78
2 -73
2 -78
2 -78
2 -78
2 -78
2 -77
2 -78
2 -78
2 -77
2 -76
2 -76
2 -76
2 -75
2 -76
2 -76
2 -76
2 -78
2 -77
2 -78
2 -78
2 -80
2 -79
2 -78
2 -79
2 -79
2 -79
2 -78
2 -78
2 -79
2 -78
3 -79
3 -70
3 -80
3 -79
3 -80
3 -79
3 -81
3 -82
3 -82
3 -80
3 -80
3 -78
3 -78
3 -78
3 -79
3 -78
3 -79
3 -79
3 -80
3 -81
3 -81
3 -82
3 -81
3 -82
3 -76
3 -83
3 -83
3 -82
3 -82
3 -81
3 -80
3 -80
3 -80
3 -80
3 -79
3 -79
3 -79
3 -79
3 -68
3 -78
3 -78
3 -78
3 -78
3 -79
3 -78
3 -78
3 -78
3 -77
3 -77
3 -77
3 -77
3 -77
3 -78
3 -78
3 -77
3 -77
3 -76
3 -77
3 -77
3 -78
3 -78
3 -78
3 -78
3 -73
3 -77
3 -77
3 -77
3 -77
3 -77
3 -78
3 -78
3 -77
3 -77
3 -77
3 -78
3 -77
3 -78
3 -78
3 -78
3 -78
3 -78
3 -78
3 -78
3 -78
3 -79
3 -78
3 -78
3 -79
3 -79
3 -80
3 -80
3 -79
3 -80
3 -81
3 -81
3 -80
3 -74
3 -81
3 -82
3 -81
3 -79
3 -79
3 -79
3 -79
3 -79
3 -79
3 -79
3 -79
3 -79
3 -79
3 -79
3 -79
3 -79
3 -79
3 -79
3 -78
3 -80
3 -79
3 -79
3 -79
3 -78
3 -78
3 -80
3 -81
3 -80
3 -79
3 -80
3 -80
3 -70
3 -79
3 -79
3 -78
3 -67
3 -77
3 -78
3 -78
3 -77
3 -78
3 -78
3 -78
3 -80
3 -81
3 -79
3 -79
3 -77
3 -81
3 -85
3 -85
3 -84
3 -84
3 -84
3 -84
3 -84
3 -83
3 -84
3 -83
3 -83
3 -84
3 -83
4 -86
4 -82
4 -83
4 -82
4 -81
4 -82
4 -77
4 -83
4 -83
4 -84
4 -84
4 -85
4 -84
4 -84
4 -83
4 -84
4 -84
4 -84
4 -83
4 -82
4 -70
4 -84
4 -82
4 -83
4 -83
4 -84
4 -84
4 -84
4 -85
4 -84
4 -84
5 -84
5 -85
5 -85
6 -69
6 -81
6 -81
6 -79
6 -79
6 -80
6 -80
6 -79
6 -78
6 -78
6 -78
6 -79
6 -78
6 -78
6 -78
6 -71
6 -78
6 -78
6 -78
6 -78
6 -78
6 -78
6 -78
6 -78
6 -78
6 -78
6 -78
6 -78
6 -78
6 -78
6 -78
6 -79
6 -78
6 -78
6 -78
6 -78
6 -78
6 -78
6 -78
6 -78
6 -78
6 -78
6 -78
6 -78
6 -78
6 -78
6 -78
6 -78
6 -78
6 -78
6 -78
6 -78
6 -78
6 -78
6 -78
6 -79
6 -78
6 -78
6 -79
6 -78
6 -79
6 -79
6 -78
6 -78
6 -78
6 -78
6 -78
6 -78
6 -79
6 -79
6 -79
6 -79
6 -79
6 -79
6 -79
6 -79
6 -80
6 -79
6 -79
6 -79
6 -79
6 -79
6 -76
6 -79
6 -78
6 -79
6 -79
6 -79
6 -79
6 -79
6 -79
6 -69
6 -80
6 -79
6 -79
6 -76
6 -80
6 -80
6 -80
6 -76
6 -79
6 -80
6 -79
6 -79
6 -77
6 -77
6 -80
6 -78
6 -80
6 -79
6 -80
6 -79
6 -80
6 -79
6 -79
6 -79
6 -79
6 -78
6 -79
6 -74
6 -79
6 -79
6 -79
6 -79
6 -79
6 -79
6 -78
6 -79
6 -78
6 -80
6 -74
6 -79
6 -80
6 -79
6 -80
6 -80
6 -80
6 -80
6 -79
6 -79
6 -79
6 -79
6 -80
6 -82
6 -80
6 -81
6 -80
6 -81
6 -84
6 -81
6 -82
6 -82
6 -82
6 -81
6 -81
6 -82
6 -81
6 -81
6 -80
6 -81
6 -82
6 -81
6 -81
6 -81
6 -80
7 -85
7 -85
7 -86
7 -84
7 -84
7 -84
8 -83
8 -86
8 -87
8 -85
8 -86
8 -84
8 -86
8 -82
8 -76
8 -85
9 -86
9 -86
9 -87
9 -86
10 -85
10 -83
10 -84
10 -84
10 -73
10 -84
10 -84
10 -84
10 -83
10 -84
10 -84
10 -84
10 -87
10 -84
10 -83
10 -83
10 -83
10 -84
10 -84
10 -83
10 -83
10 -84
10 -84
10 -78
10 -85
10 -84
13 -83
13 -83
13 -72
13 -84
13 -84
13 -84
13 -84
13 -84
13 -71
13 -84
13 -83
13 -84
13 -84
13 -84
13 -84
13 -85
13 -68
13 -85
13 -85
13 -84
13 -85
13 -84
13 -85
13 -85
13 -85
13 -84
13 -86
13 -86
13 -84
13 -86
13 -87
13 -86
13 -86
13 -86
13 -84
14 -87
14 -87
14 -85
14 -84
14 -86
14 -81
14 -84
14 -84
14 -67
14 -85
14 -82
14 -84
14 -83
14 -86
14 -85
14 -85
14 -84
14 -83
14 -74
14 -83
14 -83
14 -83
14 -83
14 -86
14 -85
14 -87
14 -85
14 -81
14 -81
14 -81
14 -81
14 -81
14 -81
14 -81
14 -82
14 -82
14 -82
14 -82
14 -82
14 -82
14 -82
14 -82
14 -83
14 -82
14 -82
14 -82
14 -83
14 -83
14 -83
14 -83
14 -83
14 -83
14 -82
14 -82
14 -82
14 -82
14 -82
14 -82
14 -82
14 -79
14 -82
14 -83
14 -82
14 -81
14 -82
14 -82
14 -83
14 -75
14 -82
14 -82
14 -82
14 -82
14 -83
14 -83
14 -82
14 -81
14 -83
14 -83
14 -83
14 -83
14 -82
14 -84
14 -83
14 -83
14 -82
14 -83
14 -83
14 -82
14 -82
14 -79
14 -83
14 -83
14 -82
14 -81
14 -83
14 -83
14 -83
14 -83
14 -82
14 -82
14 -83
14 -83
14 -69
14 -79
14 -87
14 -86
15 -69
15 -84
15 -84
15 -84
15 -85
15 -84
15 -85
15 -84
15 -80
15 -83
15 -83
15 -84
15 -84
15 -83
15 -83
15 -83
15 -83
15 -83
15 -83
15 -82
15 -83
15 -81
15 -84
15 -75
15 -84
15 -82
15 -81
15 -83
15 -83
15 -82
15 -85
15 -83
15 -86
15 -84
15 -84
15 -84
15 -86
16 -77
16 -76
16 -76
16 -77
16 -77
16 -76
16 -76
16 -76
16 -76
16 -76
16 -75
16 -74
16 -75
16 -75
16 -75
16 -75
16 -74
16 -75
16 -75
16 -76
16 -76
16 -76
16 -76
16 -76
16 -77
16 -76
16 -77
16 -75
16 -76
16 -76
16 -76
16 -76
16 -76
16 -76
16 -76
16 -76
16 -74
16 -76
16 -76
16 -76
16 -76
16 -76
16 -77
16 -76
16 -76
16 -77
16 -77
16 -76
16 -76
16 -74
16 -77
16 -78
16 -78
16 -78
16 -77
16 -78
16 -77
16 -77
16 -77
16 -76
16 -76
16 -76
16 -76
16 -75
16 -76
16 -76
16 -75
16 -75
16 -76
16 -76
16 -75
16 -75
16 -76
16 -76
16 -76
16 -76
16 -76
16 -76
16 -76
16 -76
16 -76
16 -76
16 -76
16 -76
16 -76
16 -76
16 -76
16 -76
16 -76
16 -76
16 -76
16 -76
16 -76
16 -76
16 -76
16 -76
16 -76
16 -76
16 -76
16 -76
16 -76
16 -76
16 -76
16 -76
16 -76
16 -76
16 -73
16 -76
16 -76
16 -76
16 -76
16 -76
16 -76
16 -76
16 -76
16 -76
16 -76
16 -76
16 -76
16 -76
16 -75
16 -76
16 -76
16 -76
16 -76
16 -75
16 -76
16 -75
16 -75
16 -75
16 -75
16 -75
16 -75
16 -75
16 -75
16 -75
16 -75
16 -75
16 -75
16 -75
16 -75
16 -75
16 -76
16 -76
16 -76
16 -76
16 -77
16 -76
16 -76
16 -76
16 -76
16 -76
16 -75
16 -75
16 -76
16 -76
16 -76
16 -76
16 -75
16 -76
16 -76
16 -78
16 -78
16 -77
16 -82
16 -85
16 -82
16 -80
16 -78
16 -76
16 -77
16 -78
16 -72
16 -76
16 -76
16 -76
16 -76
16 -76
16 -76
16 -76
16 -77
16 -77
16 -78
16 -78
16 -78
16 -69
16 -78
16 -78
16 -78
16 -65
16 -77
16 -77
16 -76
16 -76
16 -76
16 -76
16 -76
16 -76
16 -76
16 -76
16 -73
16 -76
16 -76
16 -73
16 -76
16 -76
16 -76
16 -76
16 -76
16 -76
16 -76
16 -76
16 -76
16 -76
16 -76
16 -76
16 -76
16 -76
16 -76
16 -76
16 -76
16 -76
16 -76
16 -76
16 -76
16 -76
16 -76
16 -76
16 -76
16 -76
16 -76
16 -76
16 -76
16 -76
16 -76
16 -76
16 -76
16 -76
16 -76
16 -76
16 -76
16 -75
16 -75
16 -76
16 -76
16 -75
16 -75
16 -76
16 -76
16 -75
16 -74
16 -76
16 -75
16 -75
16 -75
16 -75
16 -75
16 -76
16 -76
16 -75
16 -75
16 -75
16 -75
16 -75
16 -75
16 -75
16 -75
16 -75
16 -75
16 -75
16 -75
16 -76
16 -74
16 -76
16 -76
16 -76
16 -76
16 -76
16 -76
16 -66
16 -76
16 -76
16 -75
16 -76
16 -76
16 -76
16 -76
16 -76
16 -76
16 -75
16 -76
16 -76
16 -75
16 -74
16 -75
16 -75
16 -76
16 -76
16 -76
16 -76
16 -75
16 -76
16 -75
16 -76
16 -70
16 -75
16 -76
16 -76
16 -76
16 -76
16 -76
16 -76
16 -76
16 -76
16 -76
16 -76
16 -76
16 -76
16 -75
16 -73
16 -73
16 -73
16 -72
16 -73
16 -72
16 -73
16 -74
16 -75
16 -75
16 -75
16 -75
16 -75
16 -75
16 -75
16 -75
16 -75
16 -75
16 -73
16 -75
16 -75
16 -75
16 -75
16 -75
16 -75
16 -75
16 -73
16 -76
16 -75
16 -76
16 -76
16 -76
16 -76
16 -76
16 -77
16 -77
16 -77
16 -77
16 -78
16 -78
16 -78
16 -77
16 -64
16 -76
16 -68
16 -76
16 -76
16 -76
16 -76
17 -80
17 -81
17 -81
17 -81
17 -80
17 -80
17 -81
17 -81
17 -80
17 -78
17 -79
17 -79
17 -79
17 -79
17 -73
17 -78
17 -77
17 -78
17 -77
17 -77
17 -74
17 -78
17 -78
17 -78
17 -78
17 -66
17 -78
17 -78
17 -78
17 -79
17 -80
17 -79
17 -79
17 -80
17 -78
17 -79
17 -66
17 -80
17 -78
17 -78
17 -78
17 -79
17 -66
17 -78
17 -78
17 -79
17 -80
17 -80
17 -80
17 -81
17 -76
17 -81
17 -81
17 -80
17 -79
17 -80
17 -80
17 -81
17 -81
17 -82
17 -81
17 -82
17 -82
17 -82
17 -82
17 -82
17 -68
17 -83
17 -82
17 -81
17 -81
17 -81
17 -81
17 -79
17 -80
17 -81
17 -82
17 -82
17 -81
17 -80
17 -80
17 -80
17 -79
17 -81
17 -80
17 -79
17 -80
17 -84
17 -84
17 -69
17 -82
17 -81
17 -80
17 -80
17 -82
17 -81
17 -81
17 -81
17 -81
17 -80
17 -80
17 -80
17 -79
17 -78
17 -79
17 -79
17 -79
17 -79
17 -80
17 -79
17 -79
17 -79
17 -80
17 -80
17 -81
17 -72
17 -79
17 -80
17 -78
17 -79
17 -79
17 -80
17 -80
17 -80
17 -80
17 -81
17 -80
17 -80
17 -81
17 -81
17 -70
17 -81
17 -82
17 -82
17 -83
17 -82
17 -82
17 -82
17 -82
17 -82
17 -82
17 -82
17 -82
17 -82
17 -82
17 -82
17 -82
17 -82
17 -82
17 -83
17 -76
17 -82
17 -82
17 -64
17 -82
17 -82
17 -82
17 -66
17 -82
17 -83
17 -82
17 -82
17 -79
17 -82
17 -83
17 -76
17 -82
17 -82
17 -83
17 -82
17 -82
17 -75
17 -80
17 -82
17 -81
17 -81
17 -75
17 -81
17 -81
17 -80
17 -81
17 -81
17 -80
17 -81
17 -81
17 -79
17 -80
17 -82
17 -81
17 -82
17 -81
17 -81
17 -80
17 -81
17 -81
17 -81
17 -81
17 -80
17 -81
17 -81
17 -82
17 -82
17 -81
17 -81
17 -81
17 -80
17 -80
17 -81
17 -81
17 -81
17 -81
17 -82
17 -82
17 -81
17 -81
17 -81
17 -81
17 -81
17 -80
17 -78
17 -75
17 -78
17 -79
17 -72
17 -80
17 -82
17 -82
17 -82
17 -82
17 -81
17 -81
17 -82
17 -80
17 -81
17 -80
17 -80
17 -78
17 -79
17 -78
17 -71
17 -73
17 -79
17 -79
17 -79
17 -78
17 -78
17 -78
17 -78
17 -78
17 -78
17 -78
17 -78
17 -78
17 -78
17 -78
17 -79
17 -79
17 -79
17 -79
17 -79
17 -78
17 -79
17 -79
18 -82
18 -82
18 -81
18 -82
18 -82
18 -82
18 -81
18 -81
18 -80
18 -78
18 -64
18 -79
18 -79
18 -78
18 -78
18 -76
18 -76
18 -76
18 -76
18 -78
18 -78
18 -79
18 -81
18 -81
18 -80
18 -80
18 -80
18 -81
18 -82
18 -81
18 -84
18 -83
18 -86
18 -84
18 -84
18 -72
18 -84
18 -83
18 -83
18 -84
18 -83
18 -83
18 -77
18 -83
18 -85
18 -83
18 -78
18 -78
18 -78
18 -78
18 -78
18 -78
18 -78
18 -77
18 -77
18 -77
18 -76
18 -74
18 -77
18 -77
18 -77
18 -77
18 -76
18 -78
18 -78
18 -78
18 -78
18 -77
18 -77
18 -70
18 -77
18 -76
18 -77
18 -76
18 -77
18 -77
18 -77
18 -77
18 -71
18 -77
18 -69
18 -77
18 -77
18 -76
18 -77
18 -76
18 -77
18 -77
18 -78
18 -78
18 -77
18 -77
18 -77
18 -77
18 -76
18 -77
18 -78
18 -77
18 -78
18 -71
18 -78
18 -78
18 -78
18 -78
18 -78
18 -78
18 -78
18 -78
18 -78
18 -78
18 -79
18 -78
18 -79
18 -78
18 -78
18 -79
18 -78
18 -78
18 -78
18 -78
18 -78
18 -78
18 -78
18 -78
18 -79
18 -78
18 -78
18 -78
18 -78
18 -78
18 -78
18 -78
18 -77
18 -77
18 -78
18 -78
18 -78
18 -78
18 -76
18 -78
18 -78
18 -78
18 -78
18 -78
18 -78
18 -78
18 -78
18 -78
18 -77
18 -77
18 -76
18 -76
18 -76
18 -76
18 -76
18 -76
18 -77
18 -77
18 -77
18 -77
18 -77
18 -78
18 -77
18 -77
18 -77
18 -77
18 -77
18 -77
18 -77
18 -78
18 -77
18 -77
18 -78
18 -77
18 -77
18 -78
18 -77
18 -78
18 -73
18 -77
18 -79
18 -79
18 -79
18 -79
18 -76
18 -80
18 -79
18 -79
18 -80
18 -74
18 -79
18 -78
18 -74
18 -78
18 -78
18 -78
18 -77
18 -79
18 -81
18 -82
18 -81
18 -82
18 -81
18 -81
18 -80
18 -81
18 -81
18 -78
18 -78
18 -79
18 -78
18 -79
18 -78
18 -78
18 -78
18 -78
18 -75
18 -78
18 -79
18 -78
18 -78
18 -78
18 -78
18 -78
18 -78
18 -78
19 -81
19 -82
19 -71
19 -81
19 -81
19 -82
19 -81
19 -83
19 -78
19 -77
19 -77
19 -77
19 -76
19 -76
19 -76
19 -75
19 -75
19 -75
19 -75
19 -74
19 -75
19 -78
19 -78
19 -76
19 -78
19 -79
19 -81
19 -81
19 -82
19 -82
19 -82
19 -81
19 -81
19 -79
19 -81
19 -81
19 -81
19 -82
19 -81
19 -81
19 -79
19 -78
19 -84
19 -83
19 -86
19 -67
19 -83
19 -79
19 -79
19 -78
19 -78
19 -79
19 -78
19 -78
19 -78
19 -78
19 -77
19 -76
19 -76
19 -76
19 -76
19 -76
19 -76
19 -76
19 -76
19 -76
19 -76
19 -76
19 -76
19 -77
19 -77
19 -77
19 -77
19 -78
19 -78
19 -79
19 -79
19 -80
19 -78
19 -79
19 -79
19 -69
19 -81
19 -81
19 -80
19 -81
19 -80
19 -80
19 -66
19 -81
19 -80
19 -79
19 -80
19 -79
19 -79
19 -78
19 -78
19 -79
19 -77
19 -78
19 -69
19 -78
19 -78
19 -78
19 -78
19 -78
19 -78
19 -78
19 -78
19 -71
19 -78
19 -78
19 -78
19 -78
19 -77
19 -79
19 -79
19 -81
19 -79
19 -80
19 -80
19 -80
19 -79
19 -79
19 -80
19 -78
19 -76
19 -66
19 -76
19 -77
19 -77
19 -79
19 -81
19 -81
19 -82
19 -83
19 -79
19 -75
19 -75
19 -74
19 -75
19 -75
19 -75
19 -75
19 -75
19 -75
19 -76
19 -76
19 -76
19 -76
19 -77
19 -77
19 -77
19 -76
19 -76
19 -76
19 -76
19 -76
19 -76
19 -75
19 -76
19 -75
19 -75
19 -75
19 -75
19 -76
19 -76
19 -75
19 -75
19 -75
19 -75
19 -66
19 -75
19 -76
19 -75
19 -76
19 -70
19 -76
19 -75
19 -75
19 -75
19 -75
19 -75
19 -76
19 -76
19 -76
19 -65
19 -76
19 -73
19 -76
19 -76
19 -76
19 -76
19 -76
19 -75
19 -75
19 -76
19 -76
19 -76
19 -75
19 -76
19 -76
19 -75
19 -76
19 -76
19 -75
19 -75
19 -75
19 -76
19 -75
19 -75
19 -74
19 -75
19 -75
19 -75
19 -76
19 -75
19 -75
19 -75
19 -75
19 -75
19 -76
19 -76
19 -75
19 -75
19 -75
19 -74
19 -75
19 -74
19 -71
19 -74
19 -74
19 -74
19 -75
19 -74
19 -75
19 -73
19 -75
19 -75
19 -75
19 -75
19 -75
19 -75
19 -74
19 -74
19 -74
19 -74
19 -73
19 -74
19 -75
19 -75
19 -75
19 -75
19 -75
19 -74
19 -75
19 -75
19 -75
19 -75
19 -75
19 -75
19 -76
19 -75
19 -75
19 -76
19 -75
19 -75
19 -75
19 -75
19 -75
19 -75
19 -75
19 -76
19 -76
19 -76
19 -76
19 -76
19 -76
19 -76
19 -76
19 -76
19 -76
19 -75
19 -76
19 -76
19 -71
19 -75
19 -75
19 -75
19 -75
19 -73
19 -72
19 -72
19 -72
19 -74
19 -74
19 -74
19 -74
19 -75
19 -76
19 -76
19 -76
19 -74
19 -74
19 -73
19 -74
19 -74
19 -75
19 -75
19 -75
19 -75
19 -76
19 -76
19 -76
19 -75
19 -75
19 -75
19 -75
19 -75
19 -75
19 -75
19 -75
19 -75
19 -75
19 -75
19 -75
19 -75
19 -75
19 -74
19 -66
19 -75
19 -74
19 -65
19 -73
19 -73
19 -74
19 -70
19 -74
19 -74
19 -69
19 -81
19 -74
19 -74
19 -74
19 -74
19 -75
19 -74
20 -87
20 -81
20 -68
20 -80
20 -81
20 -80
20 -78
20 -78
20 -77
20 -77
20 -76
20 -78
20 -80
20 -79
20 -79
20 -78
20 -78
20 -77
20 -77
20 -76
20 -76
20 -78
20 -77
20 -78
20 -78
20 -73
20 -77
20 -82
20 -83
20 -82
20 -81
20 -80
20 -81
20 -79
20 -80
20 -78
20 -78
20 -78
20 -78
20 -79
20 -80
20 -81
20 -81
20 -80
20 -80
20 -82
20 -82
20 -83
20 -83
20 -83
20 -83
20 -83
20 -84
20 -82
20 -81
20 -81
20 -78
20 -79
20 -78
20 -78
20 -78
20 -78
20 -78
20 -78
20 -78
20 -78
20 -78
20 -78
20 -70
20 -65
20 -76
20 -70
20 -76
20 -74
20 -69
20 -76
20 -76
20 -77
20 -77
20 -77
20 -78
20 -78
20 -78
20 -78
20 -78
20 -78
20 -78
20 -79
20 -79
20 -79
20 -78
20 -79
20 -81
20 -81
20 -78
20 -78
20 -77
20 -76
20 -76
20 -76
20 -76
20 -77
20 -80
20 -80
20 -80
20 -80
20 -81
20 -83
20 -80
20 -71
20 -80
20 -83
20 -81
20 -81
20 -80
20 -81
20 -81
20 -81
20 -80
20 -79
20 -79
20 -80
20 -80
20 -81
20 -80
20 -80
20 -79
20 -79
20 -80
20 -76
20 -80
20 -80
20 -81
20 -80
20 -80
20 -80
20 -73
20 -79
20 -80
20 -78
20 -79
20 -79
20 -76
20 -79
20 -79
20 -79
20 -79
20 -80
20 -70
20 -79
20 -79
20 -80
20 -81
20 -81
20 -81
20 -82
20 -74
20 -82
20 -82
20 -82
20 -81
20 -82
20 -68
20 -82
20 -82
20 -83
20 -83
20 -83
20 -83
20 -83
20 -83
20 -83
20 -83
20 -82
20 -83
20 -82
20 -82
20 -82
20 -81
20 -81
20 -79
20 -78
20 -78
20 -78
20 -78
20 -78
20 -78
20 -78
20 -78
20 -77
20 -77
20 -77
20 -77
20 -77
20 -76
20 -76
20 -77
20 -76
20 -78
20 -78
20 -79
20 -80
20 -81
20 -81
20 -81
20 -82
20 -83
20 -83
20 -83
20 -81
20 -82
20 -66
20 -82
20 -82
20 -84
20 -83
20 -83
20 -78
20 -78
20 -78
20 -71
20 -76
20 -75
20 -76
20 -75
20 -75
20 -74
20 -75
20 -74
20 -74
20 -75
20 -75
20 -76
20 -76
20 -76
20 -75
20 -76
20 -76
20 -77
20 -77
20 -76
20 -76
20 -76
20 -77
20 -76
20 -76
20 -55
20 -76
20 -77
20 -78
20 -78
20 -78
20 -79
20 -78
20 -77
20 -78
20 -77
20 -78
20 -77
20 -78
20 -78
20 -78
20 -77
20 -77
20 -78
20 -78
20 -77
20 -76
20 -76
20 -76
21 -71
21 -68
21 -70
21 -70
21 -70
21 -68
21 -70
21 -72
21 -74
21 -74
21 -74
21 -74
21 -75
21 -75
21 -75
21 -74
21 -74
21 -75
21 -73
21 -70
21 -71
21 -74
21 -74
21 -75
21 -74
21 -75
21 -74
21 -74
21 -73
21 -70
21 -74
21 -74
21 -73
21 -64
21 -74
21 -74
21 -73
21 -73
21 -73
21 -73
21 -73
21 -72
21 -73
21 -72
21 -69
21 -72
21 -72
21 -72
21 -71
21 -72
21 -71
21 -71
21 -70
21 -70
21 -71
21 -71
21 -71
21 -71
21 -71
21 -71
21 -71
21 -71
21 -71
21 -71
21 -72
21 -72
21 -72
21 -72
21 -72
21 -72
21 -71
21 -71
21 -72
21 -72
21 -72
21 -71
21 -72
21 -72
21 -72
21 -72
21 -62
21 -72
21 -70
21 -72
21 -72
21 -72
21 -72
21 -73
21 -72
21 -72
21 -72
21 -70
21 -71
21 -71
21 -72
21 -72
21 -72
21 -72
21 -72
21 -72
21 -71
21 -72
21 -71
21 -71
21 -72
21 -72
21 -72
21 -72
21 -72
21 -72
21 -72
21 -72
21 -72
21 -72
21 -71
21 -71
21 -71
21 -71
21 -71
21 -71
21 -71
21 -71
21 -71
21 -71
21 -71
21 -71
21 -72
21 -72
21 -72
21 -72
21 -72
21 -72
21 -72
21 -72
21 -72
21 -73
21 -73
21 -76
21 -74
21 -71
21 -72
21 -72
21 -72
21 -71
21 -72
21 -72
21 -71
21 -73
21 -73
21 -73
21 -73
21 -73
21 -74
21 -73
21 -57
21 -74
21 -74
21 -75
21 -63
21 -77
21 -77
21 -74
21 -74
21 -72
21 -80
21 -76
21 -75
21 -75
21 -75
21 -75
21 -74
21 -75
21 -76
21 -77
21 -76
21 -76
21 -77
21 -76
21 -76
21 -76
21 -76
21 -77
21 -76
21 -76
21 -77
21 -79
21 -78
21 -79
21 -78
21 -79
21 -79
21 -78
21 -78
21 -78
21 -78
21 -78
21 -79
21 -75
21 -78
21 -76
21 -77
21 -77
21 -77
21 -77
21 -77
21 -77
21 -77
21 -77
21 -67
21 -76
21 -76
21 -76
21 -76
21 -70
21 -76
21 -76
21 -76
21 -75
21 -76
21 -76
21 -76
21 -75
21 -74
21 -74
21 -74
21 -74
21 -72
21 -74
21 -74
21 -72
21 -73
21 -73
21 -73
21 -73
21 -74
21 -74
21 -74
21 -74
21 -73
21 -73
21 -73
21 -72
21 -72
21 -72
21 -73
21 -73
21 -73
21 -72
21 -72
21 -72
21 -72
21 -72
21 -72
21 -73
21 -74
21 -74
21 -74
21 -74
21 -74
21 -74
21 -75
21 -75
21 -76
21 -76
21 -75
21 -76
21 -76
21 -76
21 -76
21 -76
21 -76
21 -76
21 -76
21 -76
21 -76
21 -72
21 -76
21 -76
21 -76
21 -76
21 -76
21 -76
21 -75
21 -70
21 -74
21 -73
21 -74
21 -73
21 -72
21 -70
21 -72
21 -72
21 -72
21 -72
21 -72
21 -72
21 -73
21 -58
21 -73
21 -73
21 -73
21 -72
21 -73
21 -73
21 -73
21 -74
21 -73
21 -73
21 -73
21 -72
21 -72
21 -72
21 -70
21 -70
21 -70
21 -70
21 -70
21 -71
21 -72
21 -73
21 -73
21 -75
21 -77
21 -78
21 -79
21 -82
21 -80
21 -76
21 -81
21 -77
21 -76
21 -77
21 -76
21 -76
21 -76
21 -76
21 -75
21 -74
21 -73
21 -73
21 -73
21 -73
21 -72
21 -73
21 -73
21 -72
21 -72
21 -71
21 -70
21 -70
21 -71
21 -71
21 -72
21 -73
21 -75
21 -76
21 -71
21 -78
21 -78
21 -77
21 -77
21 -78
21 -78
21 -77
21 -76
21 -76
21 -77
22 -76
22 -76
22 -76
22 -76
22 -76
22 -71
22 -76
22 -78
22 -76
22 -76
22 -77
22 -75
22 -74
22 -76
22 -74
22 -74
22 -74
22 -75
22 -74
22 -75
22 -75
22 -76
22 -76
22 -75
22 -75
22 -76
22 -76
22 -76
22 -76
22 -77
22 -76
22 -77
22 -76
22 -77
22 -56
22 -77
22 -77
22 -78
22 -78
22 -75
22 -75
22 -76
22 -75
22 -74
22 -74
22 -74
22 -74
22 -73
22 -73
22 -73
22 -73
22 -72
22 -72
22 -72
22 -72
22 -72
22 -72
22 -72
22 -72
22 -74
22 -74
22 -76
22 -75
22 -75
22 -75
22 -75
22 -75
22 -75
22 -75
22 -75
22 -74
22 -75
22 -75
22 -75
22 -76
22 -75
22 -75
22 -76
22 -76
22 -75
22 -75
22 -76
22 -75
22 -76
22 -76
22 -76
22 -75
22 -75
22 -75
22 -75
22 -75
22 -75
22 -75
22 -68
22 -75
22 -76
22 -75
22 -75
22 -75
22 -76
22 -75
22 -75
22 -75
22 -75
22 -75
22 -75
22 -75
22 -75
22 -75
22 -75
22 -73
22 -74
22 -74
22 -75
22 -74
22 -74
22 -75
22 -75
22 -75
22 -76
22 -76
22 -76
22 -75
22 -75
22 -75
22 -76
22 -76
22 -75
22 -76
22 -75
22 -75
22 -75
22 -75
22 -75
22 -75
22 -75
22 -75
22 -76
22 -78
22 -78
22 -76
22 -78
22 -78
22 -77
22 -76
22 -75
22 -76
22 -80
22 -81
22 -76
22 -76
22 -76
22 -78
22 -76
22 -76
22 -75
22 -72
22 -72
22 -72
22 -71
22 -70
22 -78
22 -70
22 -71
22 -74
22 -75
22 -78
22 -81
22 -83
22 -78
22 -79
22 -83
22 -84
22 -77
22 -82
22 -81
22 -79
22 -81
22 -79
22 -81
22 -76
22 -80
22 -76
22 -78
22 -79
22 -79
22 -79
22 -79
22 -80
22 -79
22 -76
22 -78
22 -78
22 -78
22 -77
22 -78
22 -77
22 -77
22 -77
22 -76
22 -76
22 -76
22 -58
22 -76
22 -76
22 -77
22 -76
22 -76
22 -78
22 -76
22 -76
22 -76
22 -75
22 -76
22 -74
22 -75
22 -76
22 -71
22 -74
22 -75
22 -75
22 -75
22 -75
22 -76
22 -75
22 -75
22 -74
22 -74
22 -74
22 -73
22 -74
22 -74
22 -71
22 -73
22 -73
22 -73
22 -72
22 -74
22 -74
22 -75
22 -76
22 -76
22 -76
22 -76
22 -76
22 -76
22 -76
22 -76
22 -75
22 -75
22 -75
22 -76
22 -75
22 -75
22 -75
22 -73
22 -76
22 -76
22 -77
22 -77
22 -76
22 -66
22 -77
22 -78
22 -77
22 -78
22 -77
22 -76
22 -76
22 -75
22 -75
22 -74
22 -74
22 -73
22 -73
22 -73
22 -74
22 -74
22 -73
22 -73
22 -74
22 -75
22 -74
22 -70
22 -74
22 -75
22 -76
22 -75
22 -75
22 -75
22 -76
22 -75
22 -75
22 -75
22 -74
22 -74
22 -74
22 -72
22 -72
22 -72
22 -72
22 -65
22 -72
22 -71
22 -72
22 -75
22 -72
22 -71
22 -71
22 -73
22 -74
22 -75
22 -75
22 -74
22 -74
22 -75
22 -74
22 -74
22 -74
22 -62
22 -72
22 -73
22 -74
22 -73
22 -74
22 -72
22 -74
22 -75
22 -75
22 -75
22 -75
22 -75
22 -75
22 -76
22 -72
22 -76
22 -76
22 -76
22 -76
22 -76
22 -76
22 -76
22 -76
22 -76
22 -76
22 -75
22 -75
22 -75
22 -75
22 -75
22 -73
22 -76
22 -76
22 -76
22 -71
23 -75
23 -75
23 -76
23 -76
23 -75
23 -75
23 -75
23 -76
23 -77
23 -78
23 -76
23 -77
23 -77
23 -79
23 -81
23 -76
23 -80
23 -82
23 -82
23 -78
23 -78
23 -78
23 -77
23 -78
23 -72
23 -80
23 -78
23 -78
23 -76
23 -77
23 -78
23 -78
23 -78
23 -79
23 -80
23 -80
23 -79
23 -76
23 -81
23 -82
23 -78
23 -78
23 -78
23 -78
23 -76
23 -75
23 -74
23 -74
23 -72
23 -75
23 -75
23 -74
23 -75
23 -74
23 -73
23 -73
23 -75
23 -76
23 -76
23 -78
23 -78
23 -65
23 -78
23 -79
23 -80
23 -80
23 -80
23 -81
23 -74
23 -81
23 -82
23 -82
23 -79
23 -78
23 -77
23 -75
23 -83
23 -75
23 -75
23 -75
23 -75
23 -74
23 -75
23 -75
23 -76
23 -75
23 -57
23 -75
23 -75
23 -76
23 -75
23 -76
23 -75
23 -76
23 -75
23 -76
23 -75
23 -75
23 -75
23 -74
23 -72
23 -71
23 -70
23 -70
23 -69
23 -70
23 -70
23 -69
23 -69
23 -70
23 -70
23 -70
23 -70
23 -70
23 -70
23 -70
23 -71
23 -71
23 -71
23 -70
23 -70
23 -68
23 -70
23 -76
23 -74
23 -75
23 -72
23 -71
23 -72
23 -72
23 -72
23 -70
23 -70
23 -70
23 -70
23 -71
23 -72
23 -73
23 -74
23 -74
23 -74
23 -75
23 -76
23 -75
23 -74
23 -76
23 -76
23 -75
23 -76
23 -79
23 -83
23 -75
23 -76
23 -75
23 -76
23 -76
23 -75
23 -74
23 -73
23 -73
23 -74
23 -75
23 -72
23 -75
23 -74
23 -75
23 -75
23 -76
23 -77
23 -78
23 -78
23 -79
23 -80
23 -81
23 -83
23 -85
23 -86
23 -86
23 -85
23 -71
23 -82
23 -83
23 -83
23 -83
23 -84
23 -83
23 -81
23 -80
23 -55
23 -79
23 -79
23 -79
23 -81
23 -81
23 -80
23 -79
23 -79
23 -78
23 -79
23 -80
23 -80
23 -82
23 -82
23 -83
23 -83
23 -83
23 -66
23 -83
23 -83
23 -82
23 -80
23 -81
23 -75
23 -73
23 -74
23 -75
23 -76
23 -75
23 -72
23 -72
23 -72
23 -70
23 -70
23 -69
23 -70
23 -71
23 -71
23 -72
23 -72
23 -69
23 -72
23 -71
23 -72
23 -71
23 -71
23 -71
23 -70
23 -70
23 -71
23 -71
23 -72
23 -72
23 -72
23 -73
23 -72
23 -73
23 -72
23 -72
23 -72
23 -72
23 -72
23 -73
23 -73
23 -73
23 -73
23 -72
23 -71
23 -72
23 -72
23 -72
23 -72
24 -64
24 -64
24 -64
24 -64
24 -64
24 -64
24 -64
24 -65
24 -66
24 -66
24 -64
24 -64
24 -64
24 -65
24 -64
24 -64
24 -64
24 -65
24 -66
24 -66
24 -62
24 -67
24 -67
24 -68
24 -68
24 -67
24 -66
24 -67
24 -67
24 -67
24 -67
24 -66
24 -66
24 -66
24 -66
24 -66
24 -65
24 -65
24 -66
24 -66
24 -66
24 -66
24 -66
24 -66
24 -66
24 -66
24 -68
24 -68
24 -69
24 -69
24 -69
24 -69
24 -69
24 -68
24 -67
24 -66
24 -66
24 -66
24 -66
24 -65
24 -66
24 -65
24 -65
24 -64
24 -65
24 -66
24 -65
24 -65
24 -66
24 -66
24 -69
24 -70
24 -70
24 -70
24 -70
24 -70
24 -70
24 -67
24 -70
24 -70
24 -70
24 -70
24 -70
24 -70
24 -69
24 -69
24 -69
24 -69
24 -69
24 -69
24 -69
24 -69
24 -69
24 -70
24 -70
24 -70
24 -70
24 -70
24 -69
24 -70
24 -69
24 -68
24 -67
24 -66
24 -66
24 -66
24 -64
24 -66
24 -66
24 -65
24 -66
24 -66
24 -66
24 -66
24 -66
24 -66
24 -66
24 -66
24 -66
24 -66
24 -66
24 -66
24 -66
24 -66
24 -65
24 -64
24 -64
24 -64
24 -64
24 -64
24 -64
24 -64
24 -64
24 -64
24 -64
24 -64
24 -64
24 -64
24 -64
24 -64
24 -64
24 -64
24 -64
24 -64
24 -64
24 -63
24 -64
24 -64
24 -64
24 -64
24 -64
24 -64
24 -64
24 -64
24 -64
24 -65
24 -65
24 -64
24 -63
24 -63
24 -63
24 -64
24 -64
24 -64
24 -64
24 -64
24 -64
24 -60
24 -64
24 -66
24 -66
24 -67
24 -69
24 -70
24 -70
24 -69
24 -71
24 -72
24 -72
24 -74
24 -74
24 -77
24 -71
24 -69
24 -69
24 -70
24 -69
24 -68
24 -70
24 -70
24 -67
24 -75
24 -67
24 -68
24 -68
24 -68
24 -68
24 -68
24 -68
24 -68
24 -68
24 -53
24 -67
24 -68
24 -67
24 -67
24 -67
24 -66
24 -66
24 -66
24 -66
24 -66
24 -66
24 -66
24 -66
24 -66
24 -66
24 -66
24 -66
24 -66
24 -66
24 -66
24 -66
24 -66
24 -66
24 -66
24 -66
24 -66
24 -66
24 -67
24 -67
24 -67
24 -67
24 -67
24 -66
24 -66
24 -66
24 -66
24 -66
24 -66
24 -66
24 -66
24 -66
24 -66
24 -66
24 -66
24 -67
24 -67
24 -66
24 -66
24 -67
24 -66
24 -67
24 -66
24 -66
24 -66
24 -66
24 -66
24 -66
24 -66
24 -66
24 -66
24 -66
24 -66
24 -66
24 -66
24 -66
24 -66
24 -66
24 -66
24 -66
24 -66
24 -66
24 -66
24 -66
24 -66
24 -66
24 -66
24 -66
24 -66
24 -66
24 -66
24 -66
24 -66
24 -66
24 -65
24 -65
24 -65
24 -66
24 -65
24 -65
24 -65
24 -65
24 -65
24 -64
24 -64
24 -64
24 -64
24 -64
24 -65
24 -64
24 -64
24 -64
24 -64
24 -65
24 -65
24 -65
24 -65
24 -65
24 -66
24 -66
24 -66
24 -66
24 -66
24 -66
24 -66
24 -66
24 -66
24 -66
24 -66
24 -66
24 -66
24 -66
24 -66
24 -66
24 -66
24 -66
24 -66
24 -66
24 -66
24 -66
24 -66
24 -66
24 -66
24 -66
24 -66
24 -66
24 -66
24 -66
24 -66
24 -66
24 -66
24 -66
24 -67
24 -66
24 -67
24 -67
24 -68
24 -66
24 -65
24 -64
24 -65
24 -64
24 -64
24 -63
24 -63
24 -62
24 -62
24 -60
24 -60
24 -61
24 -63
24 -63
24 -63
24 -63
24 -62
24 -62
24 -62
24 -62
24 -62
24 -62
24 -62
24 -62
24 -62
24 -62
24 -62
24 -62
24 -62
24 -62
24 -62
24 -62
24 -62
24 -62
24 -62
24 -62
24 -62
24 -62
24 -63
24 -63
24 -63
24 -64
24 -64
24 -64
24 -64
24 -64
24 -64
24 -64
24 -64
24 -64
24 -64
24 -64
24 -64
24 -64
24 -64
24 -63
24 -63
24 -63
24 -63
24 -63
24 -63
24 -63
25 -66
25 -82
25 -80
25 -81
25 -82
25 -77
25 -78
25 -81
25 -83
25 -66
25 -83
25 -85
25 -81
25 -81
25 -80
25 -81
25 -81
25 -75
25 -81
25 -82
25 -82
25 -84
25 -83
25 -84
25 -81
25 -81
25 -82
25 -82
25 -83
25 -83
25 -80
25 -78
25 -79
25 -78
25 -79
25 -79
25 -81
25 -80
25 -80
25 -81
25 -82
25 -81
25 -82
25 -80
25 -77
25 -82
25 -80
25 -81
25 -76
25 -81
25 -74
25 -82
25 -83
25 -81
25 -79
25 -78
25 -78
25 -80
25 -80
25 -81
25 -82
25 -81
25 -82
25 -81
25 -79
25 -82
25 -82
25 -81
25 -80
25 -80
25 -80
25 -79
25 -79
25 -80
25 -79
25 -79
25 -79
25 -64
25 -80
25 -81
25 -82
25 -81
25 -80
25 -79
25 -78
25 -78
25 -78
25 -78
25 -76
25 -78
25 -78
25 -78
25 -77
25 -77
25 -78
25 -78
25 -78
25 -79
25 -80
25 -79
25 -81
25 -82
25 -83
25 -83
25 -82
25 -78
25 -76
25 -81
25 -78
25 -78
25 -80
25 -86
25 -85
25 -84
25 -84
25 -84
25 -86
25 -86
25 -84
25 -84
25 -85
25 -84
25 -78
25 -84
25 -84
25 -79
25 -81
25 -79
25 -77
25 -76
25 -72
25 -76
25 -77
25 -76
25 -77
25 -78
25 -78
25 -82
25 -81
25 -81
25 -81
25 -81
25 -84
25 -84
26 -72
26 -72
26 -73
26 -73
26 -74
26 -73
26 -74
26 -74
26 -73
26 -72
26 -75
26 -75
26 -80
26 -83
26 -84
26 -79
26 -77
26 -80
26 -73
26 -73
26 -72
26 -70
26 -71
26 -70
26 -70
26 -70
26 -70
26 -69
26 -69
26 -70
26 -70
26 -70
26 -70
26 -70
26 -70
26 -72
26 -72
26 -72
26 -72
26 -72
26 -67
26 -74
26 -75
26 -75
26 -75
26 -58
26 -73
26 -72
26 -72
26 -69
26 -72
26 -72
26 -72
26 -73
26 -76
26 -76
26 -76
26 -76
26 -76
26 -76
26 -74
26 -76
26 -76
26 -75
26 -76
26 -75
26 -75
26 -74
26 -73
26 -74
26 -75
26 -75
26 -75
26 -75
26 -75
26 -75
26 -70
26 -73
26 -73
26 -73
26 -73
26 -73
26 -74
26 -75
26 -74
26 -74
26 -72
26 -70
26 -70
26 -73
26 -74
26 -75
26 -76
26 -76
26 -76
26 -76
26 -76
26 -76
26 -76
26 -76
26 -76
26 -76
26 -76
26 -75
26 -76
26 -76
26 -76
26 -77
26 -77
26 -77
26 -77
26 -77
26 -76
26 -76
26 -76
26 -76
26 -76
26 -76
26 -76
26 -76
26 -76
26 -76
26 -76
26 -76
26 -76
26 -76
26 -76
26 -76
26 -76
26 -75
26 -74
26 -72
26 -72
26 -70
26 -71
26 -71
26 -73
26 -73
26 -73
26 -74
26 -73
26 -74
26 -74
26 -73
26 -71
26 -72
26 -71
26 -70
26 -70
26 -70
26 -70
26 -70
26 -69
26 -70
26 -72
26 -73
26 -70
26 -70
26 -63
26 -67
26 -68
26 -70
26 -73
26 -76
26 -74
26 -74
26 -73
26 -71
26 -71
26 -72
26 -72
26 -72
26 -72
26 -72
26 -72
26 -72
26 -72
26 -70
26 -73
26 -73
26 -73
26 -72
26 -73
26 -72
26 -73
26 -73
26 -73
26 -74
26 -74
26 -74
26 -73
26 -74
26 -73
26 -73
26 -72
26 -73
26 -74
26 -74
26 -73
26 -73
26 -73
26 -73
26 -73
26 -73
26 -73
26 -73
26 -73
26 -73
26 -74
26 -73
26 -74
26 -73
26 -73
26 -73
26 -73
26 -69
26 -74
26 -73
26 -73
26 -73
26 -73
26 -73
26 -72
26 -73
26 -73
26 -73
26 -73
26 -66
26 -73
26 -73
26 -73
26 -73
26 -73
26 -73
26 -74
26 -74
26 -74
26 -74
26 -74
26 -74
26 -74
26 -74
26 -74
26 -74
26 -74
26 -74
26 -75
26 -75
26 -75
26 -74
26 -75
26 -74
26 -74
26 -74
26 -74
26 -75
26 -74
26 -76
26 -78
26 -78
26 -78
26 -75
26 -78
26 -78
26 -78
26 -78
26 -77
26 -77
26 -77
26 -76
26 -75
26 -75
26 -74
26 -73
26 -72
26 -73
26 -73
26 -73
26 -74
26 -74
26 -75
26 -74
26 -76
26 -77
26 -76
26 -76
26 -71
26 -74
26 -76
26 -76
26 -76
26 -76
26 -76
26 -76
26 -76
26 -76
26 -76
26 -76
26 -76
26 -76
26 -76
26 -76
26 -76
26 -76
26 -76
26 -75
26 -73
26 -74
26 -75
26 -75
26 -75
26 -75
26 -75
26 -76
26 -78
26 -78
26 -81
26 -76
26 -73
26 -78
26 -75
26 -78
26 -75
26 -78
26 -82
26 -81
26 -80
26 -79
26 -78
26 -76
26 -76
26 -76
26 -75
26 -74
26 -74
26 -74
26 -73
26 -74
26 -73
26 -74
26 -73
26 -73
26 -73
26 -73
26 -74
26 -72
26 -72
26 -72
26 -72
26 -74
26 -74
26 -74
26 -72
26 -73
26 -72
26 -72
26 -72
26 -72
26 -72
26 -72
27 -79
27 -80
27 -80
27 -78
27 -79
27 -74
27 -78
27 -78
27 -76
27 -79
27 -76
27 -76
27 -76
27 -76
27 -76
27 -78
27 -79
27 -80
27 -81
27 -84
27 -77
27 -80
27 -80
27 -81
27 -82
27 -81
27 -81
27 -80
27 -81
27 -80
27 -79
27 -78
27 -78
27 -77
27 -77
27 -76
27 -77
27 -76
27 -77
27 -76
27 -77
27 -76
27 -78
27 -78
27 -79
27 -80
27 -80
27 -80
27 -80
27 -79
27 -74
27 -79
27 -75
27 -78
27 -77
27 -76
27 -76
27 -75
27 -75
27 -74
27 -73
27 -74
27 -73
27 -75
27 -76
27 -78
27 -78
27 -78
27 -77
27 -76
27 -76
27 -76
27 -75
27 -75
27 -74
27 -74
27 -74
27 -74
27 -74
27 -73
27 -74
27 -75
27 -76
27 -74
27 -74
27 -74
27 -74
27 -74
27 -75
27 -74
27 -75
27 -76
27 -76
27 -54
27 -76
27 -76
27 -76
27 -77
27 -77
27 -78
27 -78
27 -78
27 -78
27 -75
27 -76
27 -75
27 -75
27 -75
27 -64
27 -51
27 -74
27 -73
27 -73
27 -72
27 -72
27 -72
27 -72
27 -70
27 -72
27 -72
27 -72
27 -72
27 -72
27 -73
27 -74
27 -75
27 -72
27 -76
27 -77
27 -76
27 -77
27 -77
27 -78
27 -78
27 -78
27 -76
27 -76
27 -78
27 -78
27 -84
27 -76
27 -74
27 -76
27 -77
27 -78
27 -80
27 -81
27 -82
27 -74
27 -82
27 -82
27 -80
27 -79
27 -78
27 -78
27 -77
27 -77
27 -74
27 -76
27 -76
27 -75
27 -73
27 -73
27 -74
27 -74
27 -73
27 -73
27 -70
27 -73
27 -73
27 -72
27 -72
27 -72
27 -72
27 -72
27 -73
27 -73
27 -72
27 -73
27 -73
27 -73
27 -73
27 -73
27 -75
27 -75
27 -74
27 -74
27 -74
27 -74
27 -74
27 -75
27 -74
27 -75
27 -75
27 -76
27 -76
27 -76
27 -75
27 -75
27 -75
27 -75
27 -76
27 -76
27 -76
27 -75
27 -75
27 -75
27 -75
27 -74
27 -74
27 -73
27 -73
27 -74
27 -73
27 -72
27 -72
27 -72
27 -72
27 -68
27 -72
27 -72
27 -72
27 -72
27 -71
27 -72
27 -71
27 -72
27 -73
27 -74
27 -74
27 -73
27 -73
27 -74
27 -74
27 -74
27 -72
27 -73
27 -73
27 -73
27 -72
27 -72
27 -71
27 -72
27 -72
27 -72
27 -71
27 -71
27 -71
27 -71
27 -70
27 -70
27 -70
27 -72
27 -72
27 -72
27 -72
27 -72
27 -72
27 -73
27 -74
27 -74
27 -74
27 -73
27 -74
27 -74
27 -74
27 -46
27 -74
27 -71
27 -76
27 -76
27 -76
27 -77
27 -76
27 -76
27 -76
27 -76
27 -76
27 -75
27 -72
27 -74
27 -74
27 -74
27 -74
27 -74
27 -73
27 -74
27 -74
27 -74
27 -76
27 -76
27 -76
27 -76
27 -76
27 -75
27 -75
27 -81
27 -72
27 -72
27 -70
27 -71
27 -70
27 -72
27 -75
27 -74
27 -73
27 -73
27 -73
27 -73
27 -72
27 -73
27 -72
27 -72
27 -72
27 -72
27 -72
27 -72
27 -72
27 -72
27 -72
27 -71
27 -52
27 -71
27 -71
27 -71
27 -71
27 -72
27 -72
27 -71
27 -72
27 -72
27 -73
27 -74
27 -76
27 -76
27 -76
27 -76
27 -75
27 -75
27 -74
27 -74
27 -73
27 -73
27 -73
27 -73
27 -72
28 -84
28 -83
28 -82
28 -82
28 -82
28 -82
28 -79
28 -78
28 -78
28 -77
28 -77
28 -78
28 -78
28 -79
28 -79
28 -80
28 -78
28 -76
28 -76
28 -76
28 -79
28 -78
28 -77
28 -78
28 -77
28 -76
28 -75
28 -76
28 -76
28 -76
28 -76
28 -76
28 -76
28 -77
28 -76
28 -77
28 -77
28 -79
28 -79
28 -79
28 -78
28 -81
28 -83
28 -82
28 -59
28 -71
28 -77
28 -79
28 -79
28 -80
28 -80
28 -80
28 -81
28 -79
28 -78
28 -76
28 -76
28 -76
28 -77
28 -78
28 -78
28 -78
28 -79
28 -79
28 -79
28 -78
28 -80
28 -80
28 -80
28 -80
28 -80
28 -80
28 -67
28 -79
28 -80
28 -81
28 -81
28 -78
28 -77
28 -77
28 -77
28 -77
28 -77
28 -77
28 -78
28 -78
28 -78
28 -78
28 -78
28 -77
28 -77
28 -76
28 -77
28 -77
28 -78
28 -77
28 -76
28 -76
28 -76
28 -76
28 -75
28 -75
28 -75
28 -75
28 -76
28 -76
28 -75
28 -75
28 -76
28 -75
28 -76
28 -76
28 -76
28 -76
28 -76
28 -76
28 -76
28 -76
28 -76
28 -76
28 -75
28 -76
28 -72
28 -78
28 -78
28 -78
28 -76
28 -76
28 -75
28 -74
28 -74
28 -66
28 -75
28 -76
28 -77
28 -78
28 -76
28 -78
28 -78
28 -78
28 -63
28 -81
28 -81
28 -78
28 -80
28 -81
28 -80
28 -80
28 -72
28 -80
28 -80
28 -79
28 -78
28 -78
28 -80
28 -81
28 -79
28 -80
28 -80
28 -80
28 -75
28 -76
28 -79
28 -73
28 -78
28 -78
28 -76
28 -76
28 -77
28 -76
28 -76
28 -76
28 -72
28 -76
28 -76
28 -76
28 -76
28 -76
28 -76
28 -76
28 -76
28 -76
28 -76
28 -76
28 -76
28 -76
28 -76
28 -76
28 -76
28 -76
28 -76
28 -76
28 -76
28 -76
28 -76
28 -76
28 -76
28 -76
28 -76
28 -76
28 -77
28 -73
28 -76
28 -76
28 -76
28 -76
28 -76
28 -77
28 -76
28 -76
28 -76
28 -76
28 -76
28 -76
28 -76
28 -76
28 -77
28 -76
28 -76
28 -76
28 -76
28 -76
28 -76
28 -73
28 -76
28 -76
28 -76
28 -76
28 -76
28 -76
28 -76
28 -76
28 -72
28 -76
28 -76
28 -72
28 -76
28 -76
28 -76
28 -76
28 -76
28 -76
28 -76
28 -75
28 -75
28 -75
28 -75
28 -75
28 -72
28 -75
28 -75
28 -75
28 -75
28 -75
28 -75
28 -75
28 -75
28 -75
28 -76
28 -75
28 -76
28 -76
28 -76
28 -76
28 -76
28 -76
28 -76
28 -75
28 -76
28 -76
28 -76
28 -76
28 -76
28 -76
28 -76
28 -76
28 -76
28 -76
28 -76
28 -76
28 -76
28 -76
28 -76
28 -74
28 -76
28 -76
28 -76
28 -75
28 -76
28 -76
28 -76
28 -76
28 -77
28 -76
28 -77
28 -76
28 -77
28 -77
28 -78
28 -79
28 -78
28 -51
28 -78
28 -76
28 -76
28 -76
28 -74
28 -74
28 -74
28 -74
28 -74
28 -74
28 -74
28 -75
28 -74
28 -74
28 -74
28 -73
28 -73
28 -73
28 -74
28 -73
28 -74
28 -73
28 -74
28 -74
28 -74
28 -74
28 -75
28 -74
28 -74
28 -75
28 -75
28 -72
28 -75
28 -75
28 -76
28 -74
28 -76
28 -76
28 -76
28 -76
28 -76
28 -75
28 -76
28 -75
28 -68
28 -74
28 -74
28 -74
28 -74
28 -74
29 -81
29 -82
29 -81
29 -82
29 -80
29 -82
29 -79
29 -78
29 -78
29 -79
29 -78
29 -80
29 -84
29 -84
29 -81
29 -81
29 -81
29 -81
29 -82
29 -83
29 -66
29 -83
29 -84
29 -85
29 -85
29 -83
29 -82
29 -80
29 -82
29 -81
29 -82
29 -84
29 -72
29 -84
29 -83
29 -82
29 -82
29 -81
29 -81
29 -81
29 -80
29 -82
29 -81
29 -81
29 -81
29 -81
29 -82
29 -82
29 -83
29 -83
29 -81
29 -80
29 -79
29 -78
29 -78
29 -78
29 -78
29 -78
29 -79
29 -79
29 -79
29 -79
29 -79
29 -78
29 -79
29 -79
29 -79
29 -79
29 -81
29 -81
29 -80
29 -80
29 -80
29 -80
29 -80
29 -80
29 -80
29 -79
29 -78
29 -66
29 -78
29 -77
29 -78
29 -78
29 -78
29 -79
29 -80
29 -79
29 -79
29 -80
29 -80
29 -75
29 -79
29 -79
29 -78
29 -78
29 -78
29 -76
29 -76
29 -76
29 -76
29 -76
29 -76
29 -77
29 -78
29 -78
29 -84
29 -84
29 -68
29 -78
29 -78
29 -79
29 -81
29 -82
29 -83
29 -69
29 -82
29 -81
29 -80
29 -81
29 -82
29 -82
29 -81
29 -81
29 -80
29 -80
29 -80
29 -80
29 -80
29 -80
29 -80
29 -80
29 -80
29 -80
29 -80
29 -80
29 -80
29 -80
29 -80
29 -69
29 -79
29 -81
29 -79
29 -79
29 -79
29 -80
29 -66
29 -80
29 -79
29 -80
29 -80
29 -79
29 -70
29 -75
29 -80
29 -79
29 -80
29 -80
29 -80
29 -80
29 -80
29 -75
29 -80
29 -79
29 -79
29 -79
29 -79
29 -79
29 -79
29 -79
29 -78
29 -78
29 -79
29 -72
29 -79
29 -79
29 -78
29 -78
29 -77
29 -78
29 -78
29 -78
29 -78
29 -78
29 -78
29 -78
29 -78
29 -78
29 -75
29 -78
29 -78
29 -78
29 -77
29 -78
29 -78
29 -77
29 -77
29 -73
29 -76
29 -77
29 -76
29 -76
29 -76
29 -76
29 -76
29 -73
29 -76
29 -76
29 -76
29 -76
29 -76
29 -76
29 -76
29 -73
29 -77
29 -78
29 -78
29 -78
29 -78
29 -78
29 -78
29 -55
29 -78
29 -79
29 -78
29 -78
29 -78
29 -78
29 -78
29 -78
29 -78
29 -78
29 -78
29 -78
29 -78
29 -78
29 -78
29 -78
29 -79
29 -78
29 -78
29 -78
29 -78
29 -78
29 -78
29 -78
29 -78
29 -78
29 -78
29 -78
29 -78
29 -78
29 -78
29 -78
29 -78
29 -78
29 -78
29 -76
29 -76
29 -75
29 -76
29 -75
29 -75
29 -75
29 -75
29 -75
29 -75
29 -77
29 -76
29 -75
29 -76
29 -78
29 -63
29 -77
29 -77
29 -76
29 -76
29 -76
29 -76
29 -76
29 -77
29 -77
29 -76
29 -75
29 -77
29 -77
29 -77
29 -77
29 -78
29 -78
29 -78
29 -78
29 -78
29 -79
29 -79
29 -80
29 -80
29 -81
29 -80
29 -79
29 -80
29 -80
29 -80
29 -80
29 -79
29 -78
29 -78
29 -78
29 -78
29 -79
30 -76
30 -76
30 -76
30 -76
30 -76
30 -76
30 -76
30 -76
30 -76
30 -76
30 -76
30 -76
30 -76
30 -76
30 -76
30 -63
30 -76
30 -76
30 -76
30 -76
30 -76
30 -76
30 -76
30 -76
30 -76
30 -77
30 -76
30 -77
30 -76
30 -77
30 -77
30 -76
30 -76
30 -77
30 -77
30 -77
30 -77
30 -76
30 -77
30 -77
30 -76
30 -77
30 -77
30 -77
30 -77
30 -78
30 -78
30 -79
30 -76
30 -79
30 -78
30 -78
30 -78
30 -78
30 -78
30 -78
30 -78
30 -77
30 -77
30 -77
30 -78
30 -78
30 -78
30 -78
30 -79
30 -80
30 -80
30 -80
30 -81
30 -80
30 -80
30 -80
30 -80
30 -80
30 -80
30 -73
30 -65
30 -75
30 -79
30 -78
30 -78
30 -78
30 -78
30 -77
30 -78
30 -78
30 -77
30 -77
30 -77
30 -77
30 -78
30 -77
30 -77
30 -78
30 -78
30 -77
30 -77
30 -78
30 -64
30 -77
30 -78
30 -78
30 -76
30 -78
30 -78
30 -78
30 -78
30 -78
30 -78
30 -78
30 -77
30 -78
30 -78
30 -78
30 -76
30 -77
30 -78
30 -78
30 -77
30 -77
30 -77
30 -76
30 -76
30 -76
30 -76
30 -76
30 -76
30 -78
30 -78
30 -78
30 -77
30 -78
30 -78
30 -78
30 -78
30 -79
30 -70
30 -78
30 -78
30 -78
30 -78
30 -79
30 -79
30 -78
30 -80
30 -83
30 -80
30 -79
30 -79
30 -80
30 -78
30 -76
30 -75
30 -75
30 -75
30 -75
30 -76
30 -76
30 -76
30 -77
30 -76
30 -77
30 -77
30 -78
30 -78
30 -78
30 -78
30 -78
30 -78
30 -78
30 -78
30 -78
30 -78
30 -78
30 -78
30 -77
30 -78
30 -78
30 -78
30 -78
30 -78
30 -78
30 -78
30 -78
30 -78
30 -78
30 -78
30 -79
30 -78
30 -78
30 -78
30 -79
30 -78
30 -79
30 -78
30 -75
30 -79
30 -66
30 -79
30 -79
30 -55
30 -78
30 -79
30 -79
30 -64
30 -80
30 -74
30 -79
30 -79
30 -80
30 -80
30 -80
30 -80
30 -80
30 -80
30 -80
30 -79
30 -80
30 -56
30 -81
30 -81
30 -81
30 -81
30 -81
30 -80
30 -79
30 -80
30 -79
30 -80
30 -66
30 -80
30 -80
30 -80
30 -79
30 -79
30 -79
30 -79
30 -79
30 -79
30 -72
30 -79
30 -76
30 -79
30 -79
30 -74
30 -79
30 -79
30 -79
30 -79
30 -79
30 -79
30 -79
30 -79
30 -80
30 -77
30 -80
30 -80
30 -81
30 -81
30 -81
30 -81
30 -81
30 -81
30 -79
30 -81
30 -77
30 -81
30 -81
30 -81
30 -78
30 -81
30 -81
30 -81
30 -82
30 -83
30 -82
30 -82
30 -81
30 -81
30 -73
30 -78
30 -79
30 -79
30 -79
30 -70
30 -78
30 -76
30 -77
30 -78
30 -77
30 -77
30 -78
30 -78
30 -78
30 -78
30 -76
30 -78
30 -78
30 -77
30 -78
30 -78
30 -78
30 -78
30 -74
30 -78
30 -78
30 -78
30 -79
30 -80
30 -79
30 -79
30 -78
30 -77
30 -78
30 -76
30 -78
30 -78
30 -77
30 -77
30 -78
30 -78
30 -77
30 -77
30 -76
30 -76
31 -76
31 -76
31 -76
31 -76
31 -76
31 -76
31 -76
31 -76
31 -75
31 -76
31 -64
31 -64
31 -74
31 -73
31 -74
31 -74
31 -74
31 -75
31 -74
31 -73
31 -73
31 -72
31 -73
31 -74
31 -74
31 -74
31 -73
31 -74
31 -75
31 -73
31 -73
31 -73
31 -73
31 -73
31 -74
31 -74
31 -74
31 -72
31 -74
31 -66
31 -74
31 -74
31 -72
31 -74
31 -74
31 -75
31 -75
31 -75
31 -75
31 -75
31 -76
31 -75
31 -76
31 -76
31 -64
31 -63
31 -76
31 -76
31 -60
31 -76
31 -74
31 -75
31 -75
31 -75
31 -76
31 -76
31 -78
31 -77
31 -77
31 -77
31 -78
31 -71
31 -72
31 -78
31 -78
31 -78
31 -78
31 -77
31 -78
31 -76
31 -76
31 -76
31 -76
31 -76
31 -76
31 -65
31 -63
31 -76
31 -76
31 -75
31 -76
31 -75
31 -75
31 -75
31 -75
31 -75
31 -75
31 -75
31 -76
31 -75
31 -75
31 -76
31 -76
31 -76
31 -76
31 -76
31 -76
31 -76
31 -76
31 -76
31 -76
31 -76
31 -76
31 -76
31 -76
31 -76
31 -76
31 -76
31 -76
31 -76
31 -76
31 -76
31 -76
31 -76
31 -76
31 -76
31 -75
31 -76
31 -76
31 -77
31 -76
31 -77
31 -77
31 -77
31 -78
31 -78
31 -78
31 -78
31 -76
31 -78
31 -78
31 -76
31 -75
31 -75
31 -83
31 -75
31 -75
31 -76
31 -76
31 -78
31 -78
31 -78
31 -77
31 -78
31 -76
31 -75
31 -75
31 -75
31 -75
31 -75
31 -75
31 -75
31 -76
31 -76
31 -70
31 -76
31 -76
31 -76
31 -76
31 -77
31 -59
31 -77
31 -77
31 -78
31 -78
31 -76
31 -77
31 -76
31 -76
31 -67
31 -74
31 -78
31 -78
31 -78
31 -78
31 -78
31 -77
31 -77
31 -78
31 -78
31 -79
31 -79
31 -79
31 -78
31 -70
31 -78
31 -79
31 -78
31 -79
31 -78
31 -78
31 -79
31 -79
31 -80
31 -78
31 -78
31 -78
31 -78
31 -77
31 -77
31 -77
31 -77
31 -78
31 -77
31 -78
31 -78
31 -78
31 -78
31 -78
31 -78
31 -78
31 -77
31 -78
31 -78
31 -76
31 -78
31 -78
31 -78
31 -78
31 -78
31 -79
31 -79
31 -78
31 -78
31 -79
31 -80
31 -80
31 -80
31 -79
31 -79
31 -79
31 -78
31 -78
31 -79
31 -79
31 -79
31 -79
31 -79
31 -78
31 -79
31 -79
31 -78
31 -79
31 -79
31 -79
31 -79
31 -79
31 -79
31 -80
31 -81
31 -75
31 -81
31 -81
31 -81
31 -74
31 -81
31 -74
31 -80
31 -79
31 -80
31 -80
31 -80
31 -79
31 -79
31 -78
31 -78
31 -78
31 -72
31 -78
31 -77
31 -78
31 -78
31 -78
31 -77
31 -77
31 -77
31 -78
31 -78
31 -78
31 -80
31 -80
31 -79
31 -80
31 -79
31 -78
31 -80
31 -80
31 -80
31 -79
31 -74
31 -76
31 -78
31 -79
31 -80
31 -80
31 -80
31 -79
31 -84
31 -82
31 -81
31 -81
31 -80
31 -79
31 -79
31 -78
31 -78
31 -78
31 -78
31 -78
31 -79
31 -76
31 -79
31 -79
31 -78
31 -77
31 -78
31 -78
31 -77
31 -76
31 -77
31 -78
31 -77
31 -78
31 -78
31 -77
31 -77
31 -77
31 -77
31 -77
31 -78
32 -84
32 -83
32 -71
32 -82
32 -82
32 -82
32 -82
32 -82
32 -82
32 -83
32 -84
32 -82
32 -83
32 -83
32 -83
32 -67
32 -84
32 -83
32 -83
32 -83
32 -77
32 -83
32 -82
32 -76
32 -84
32 -85
32 -84
32 -83
32 -83
32 -84
32 -82
32 -83
32 -83
32 -81
32 -64
32 -80
32 -87
32 -84
32 -84
32 -68
32 -85
32 -85
33 -85
33 -86
33 -85
33 -86
34 -85
34 -85
34 -54
34 -85
34 -84
34 -85
34 -84
34 -84
34 -85
34 -83
34 -84
34 -83
34 -84
34 -84
34 -84
34 -85
34 -83
34 -84
34 -84
34 -84
34 -84
34 -84
34 -85
34 -84
34 -85
34 -84
34 -84
34 -84
34 -85
34 -85
34 -83
34 -84
34 -84
34 -84
34 -84
34 -83
34 -86
34 -87
36 -86
36 -80
36 -88
38 -87
38 -85
38 -86
38 -86
38 -87
38 -88
40 -75
40 -76
40 -75
40 -74
40 -75
40 -73
40 -70
40 -75
40 -75
40 -75
40 -75
40 -75
40 -75
40 -74
40 -75
40 -76
40 -78
40 -78
40 -78
40 -76
40 -79
40 -81
40 -80
40 -82
40 -63
40 -78
40 -78
40 -67
40 -78
40 -78
40 -78
40 -77
40 -76
40 -76
40 -76
40 -73
40 -76
40 -76
40 -76
40 -76
40 -76
40 -77
40 -76
40 -76
40 -76
40 -76
40 -76
40 -76
40 -76
40 -76
40 -77
40 -77
40 -77
40 -77
40 -76
40 -76
40 -74
40 -76
40 -75
40 -75
40 -74
40 -73
40 -73
40 -72
40 -72
40 -72
40 -72
40 -74
40 -75
40 -75
40 -75
40 -74
40 -74
40 -74
40 -73
40 -73
40 -73
40 -74
40 -72
40 -74
40 -73
40 -74
40 -74
40 -74
40 -73
40 -74
40 -74
40 -75
40 -73
40 -75
40 -75
40 -76
40 -75
40 -74
40 -63
40 -73
40 -74
40 -74
40 -74
40 -74
40 -74
40 -74
40 -74
40 -75
40 -75
40 -75
40 -75
40 -75
40 -74
40 -74
40 -73
40 -72
40 -72
40 -72
40 -72
40 -72
40 -72
40 -72
40 -72
40 -71
40 -71
40 -72
40 -72
40 -72
40 -72
40 -72
40 -72
40 -72
40 -70
40 -72
40 -72
40 -72
40 -72
40 -72
40 -72
40 -72
40 -73
40 -74
40 -75
40 -74
40 -71
40 -74
40 -74
40 -74
40 -74
40 -73
40 -73
40 -73
40 -72
40 -72
40 -73
40 -73
40 -74
40 -72
40 -69
40 -74
40 -74
40 -75
40 -73
40 -76
40 -76
40 -77
40 -77
40 -76
40 -76
40 -77
40 -83
40 -82
40 -82
40 -83
40 -84
40 -83
40 -82
40 -80
40 -82
40 -78
40 -81
40 -82
40 -83
40 -85
40 -82
40 -84
40 -83
40 -83
40 -81
40 -81
40 -81
40 -82
40 -82
40 -82
40 -81
40 -80
40 -79
40 -79
40 -77
40 -78
40 -78
40 -78
40 -79
40 -77
40 -75
40 -78
40 -78
40 -78
40 -75
40 -78
40 -67
40 -78
40 -66
40 -78
40 -81
40 -80
40 -82
40 -81
40 -82
40 -80
40 -80
40 -79
40 -65
40 -79
40 -79
40 -79
40 -79
40 -78
40 -78
40 -78
40 -78
40 -78
40 -79
40 -80
40 -79
40 -78
40 -79
40 -79
40 -79
40 -75
40 -81
40 -81
40 -73
40 -81
40 -79
40 -81
40 -82
40 -81
40 -80
40 -80
40 -79
40 -72
40 -76
40 -76
40 -77
40 -76
40 -78
40 -78
40 -78
40 -78
40 -83
40 -79
40 -78
40 -77
40 -78
40 -77
40 -76
40 -76
40 -80
40 -79
40 -79
40 -80
40 -80
40 -80
40 -76
40 -80
40 -79
40 -79
40 -78
40 -72
40 -78
40 -74
40 -76
40 -76
40 -77
40 -78
40 -79
40 -79
40 -85
40 -84
40 -83
40 -83
40 -83
41 -83
41 -84
41 -83
41 -80
41 -82
41 -81
41 -81
41 -83
41 -82
41 -82
41 -82
41 -82
41 -81
41 -76
41 -82
41 -82
41 -82
41 -81
41 -82
41 -82
41 -81
41 -82
41 -82
41 -83
41 -82
41 -83
41 -84
41 -84
41 -84
41 -83
41 -82
41 -82
41 -83
41 -83
41 -83
41 -82
41 -83
41 -83
41 -84
41 -83
41 -85
41 -85
41 -83
41 -84
41 -84
41 -86
41 -84
41 -84
41 -83
41 -82
41 -83
41 -81
41 -82
41 -82
41 -83
41 -83
41 -82
41 -84
41 -84
41 -85
41 -86
41 -87
41 -83
41 -84
41 -81
41 -81
41 -81
41 -82
41 -82
41 -80
41 -78
41 -80
41 -78
41 -78
41 -80
41 -82
41 -84
41 -84
41 -84
41 -77
41 -81
41 -81
41 -77
41 -76
41 -78
41 -78
41 -48
41 -78
41 -73
41 -78
41 -77
41 -77
41 -77
41 -77
41 -78
41 -77
41 -77
41 -77
41 -78
41 -77
41 -77
41 -77
41 -74
41 -76
41 -77
41 -76
41 -77
41 -74
41 -76
41 -77
41 -76
41 -76
41 -77
41 -76
41 -77
41 -76
41 -76
41 -76
41 -76
41 -76
41 -76
41 -74
41 -78
41 -77
41 -77
41 -77
41 -78
41 -76
41 -76
41 -76
41 -76
41 -77
41 -75
41 -77
41 -76
41 -76
41 -72
41 -77
41 -74
41 -77
41 -76
41 -77
41 -77
41 -77
41 -76
41 -77
41 -76
41 -77
41 -76
41 -76
41 -77
41 -77
41 -77
41 -66
41 -78
41 -77
41 -78
41 -78
41 -78
41 -78
41 -78
41 -78
41 -78
41 -78
41 -78
41 -78
41 -78
41 -76
41 -76
41 -77
41 -76
41 -52
41 -76
41 -76
41 -76
41 -76
41 -77
41 -76
41 -77
41 -77
41 -76
41 -76
41 -76
41 -77
41 -76
41 -76
41 -77
41 -76
41 -76
41 -76
41 -78
41 -78
41 -78
41 -78
41 -79
41 -78
41 -78
41 -78
41 -77
41 -78
41 -78
41 -77
41 -78
41 -77
41 -77
41 -78
41 -78
41 -78
41 -77
41 -76
41 -79
41 -70
41 -78
41 -79
41 -84
41 -78
41 -78
41 -78
41 -79
41 -80
41 -79
41 -78
41 -79
41 -79
41 -79
41 -79
41 -79
41 -78
41 -78
41 -78
41 -78
41 -78
41 -79
41 -79
41 -78
41 -80
41 -79
41 -78
41 -79
41 -79
41 -78
41 -78
41 -78
41 -79
41 -79
41 -79
41 -79
41 -78
41 -78
41 -79
42 -81
42 -64
42 -82
42 -68
42 -82
42 -82
42 -80
42 -78
42 -81
42 -83
42 -82
42 -79
42 -79
42 -78
42 -78
42 -78
42 -78
42 -78
42 -77
42 -80
42 -80
42 -81
42 -80
42 -81
42 -80
42 -79
42 -78
42 -78
42 -77
42 -76
42 -76
42 -76
42 -76
42 -77
42 -77
42 -77
42 -78
42 -79
42 -78
42 -80
42 -78
42 -78
42 -76
42 -79
42 -79
42 -79
42 -77
42 -77
42 -77
42 -76
42 -76
42 -76
42 -76
42 -76
42 -76
42 -76
42 -76
42 -76
42 -76
42 -76
42 -75
42 -76
42 -76
42 -76
42 -76
42 -76
42 -76
42 -76
42 -76
42 -76
42 -75
42 -75
42 -76
42 -75
42 -75
42 -76
42 -71
42 -76
42 -76
42 -78
42 -79
42 -79
42 -80
42 -80
42 -80
42 -81
42 -75
42 -80
42 -82
42 -82
42 -79
42 -81
42 -82
42 -83
42 -83
42 -84
42 -84
42 -65
42 -82
42 -83
42 -82
42 -83
42 -83
42 -85
42 -83
42 -80
42 -80
42 -78
42 -78
42 -80
42 -82
42 -81
42 -82
42 -81
42 -83
42 -80
42 -78
42 -79
42 -79
42 -79
42 -78
42 -78
42 -78
42 -77
42 -76
42 -77
42 -77
42 -76
42 -76
42 -74
42 -74
42 -74
42 -74
42 -73
42 -73
42 -73
42 -73
42 -73
42 -73
42 -74
42 -71
42 -72
42 -75
42 -75
42 -75
42 -75
42 -75
42 -76
42 -75
42 -76
42 -76
42 -76
42 -76
42 -76
42 -76
42 -76
42 -76
42 -76
42 -78
42 -77
42 -77
42 -77
42 -77
42 -77
42 -77
42 -77
42 -77
42 -78
42 -78
42 -78
42 -79
42 -79
42 -79
42 -71
42 -79
42 -79
42 -78
42 -79
42 -79
42 -79
42 -78
42 -74
42 -77
42 -76
42 -76
42 -76
42 -77
42 -76
42 -77
42 -78
42 -78
42 -77
42 -78
42 -78
42 -77
42 -77
42 -77
42 -77
42 -78
42 -75
42 -76
42 -78
42 -78
42 -78
42 -79
42 -73
42 -80
42 -79
42 -79
42 -80
42 -80
42 -51
42 -81
42 -81
42 -70
42 -81
42 -81
42 -81
42 -80
42 -76
42 -79
42 -79
42 -79
42 -79
42 -78
42 -78
42 -78
42 -78
42 -78
42 -79
42 -79
42 -66
42 -78
42 -78
42 -78
42 -78
42 -77
42 -77
42 -78
42 -77
42 -78
42 -78
42 -78
42 -79
42 -79
42 -79
42 -79
42 -79
42 -79
42 -80
42 -82
42 -67
42 -82
42 -82
42 -65
42 -83
42 -83
43 -74
43 -73
43 -71
43 -74
43 -73
43 -74
43 -73
43 -75
43 -75
43 -73
43 -75
43 -63
43 -75
43 -74
43 -64
43 -76
43 -76
43 -76
43 -76
43 -75
43 -74
43 -74
43 -74
43 -74
43 -74
43 -75
43 -75
43 -74
43 -74
43 -72
43 -74
43 -74
43 -74
43 -74
43 -74
43 -66
43 -75
43 -75
43 -75
43 -76
43 -76
43 -76
43 -76
43 -76
43 -75
43 -76
43 -75
43 -76
43 -76
43 -76
43 -76
43 -76
43 -76
43 -72
43 -76
43 -77
43 -77
43 -76
43 -75
43 -76
43 -76
43 -77
43 -77
43 -78
43 -77
43 -78
43 -78
43 -78
43 -77
43 -78
43 -78
43 -78
43 -78
43 -78
43 -78
43 -78
43 -78
43 -78
43 -78
43 -78
43 -78
43 -78
43 -78
43 -78
43 -77
43 -78
43 -78
43 -78
43 -78
43 -76
43 -76
43 -76
43 -76
43 -76
43 -76
43 -76
43 -76
43 -76
43 -76
43 -76
43 -76
43 -76
43 -75
43 -76
43 -76
43 -72
43 -76
43 -76
43 -76
43 -76
43 -77
43 -77
43 -78
43 -77
43 -78
43 -78
43 -78
43 -77
43 -78
43 -78
43 -78
43 -78
43 -78
43 -77
43 -77
43 -77
43 -77
43 -76
43 -76
43 -77
43 -76
43 -75
43 -74
43 -74
43 -76
43 -76
43 -76
43 -78
43 -78
43 -78
43 -79
43 -72
43 -79
43 -80
43 -80
43 -80
43 -79
43 -79
43 -78
43 -77
43 -76
43 -76
43 -76
43 -75
43 -76
43 -78
43 -79
43 -80
43 -82
43 -82
43 -82
43 -81
43 -81
43 -79
43 -82
43 -84
43 -84
43 -85
43 -88
43 -84
43 -84
43 -84
43 -84
43 -86
43 -76
43 -83
43 -83
43 -82
43 -81
43 -80
43 -76
43 -81
43 -80
43 -77
43 -81
43 -81
43 -76
43 -75
43 -81
43 -82
43 -82
43 -70
43 -84
43 -81
43 -80
43 -80
43 -81
43 -81
43 -80
43 -80
43 -81
43 -80
43 -81
44 -70
44 -70
44 -70
44 -70
44 -68
44 -70
44 -70
44 -69
44 -66
44 -68
44 -68
44 -68
44 -68
44 -68
44 -70
44 -70
44 -70
44 -70
44 -70
44 -70
44 -71
44 -70
44 -70
44 -70
44 -70
44 -70
44 -70
44 -70
44 -70
44 -70
44 -70
44 -70
44 -70
44 -70
44 -70
44 -70
44 -70
44 -70
44 -70
44 -70
44 -70
44 -70
44 -70
44 -70
44 -70
44 -70
44 -70
44 -72
44 -71
44 -70
44 -70
44 -70
44 -70
44 -70
44 -70
44 -70
44 -60
44 -69
44 -69
44 -69
44 -68
44 -67
44 -67
44 -67
44 -68
44 -68
44 -69
44 -69
44 -68
44 -70
44 -70
44 -70
44 -69
44 -69
44 -69
44 -63
44 -67
44 -68
44 -76
44 -68
44 -67
44 -69
44 -68
44 -68
44 -68
44 -68
44 -68
44 -68
44 -68
44 -68
44 -69
44 -69
44 -69
44 -69
44 -69
44 -69
44 -69
44 -69
44 -69
44 -69
44 -69
44 -69
44 -55
44 -69
44 -69
44 -69
44 -70
44 -70
44 -70
44 -70
44 -69
44 -70
44 -70
44 -70
44 -70
44 -71
44 -71
44 -70
44 -70
44 -70
44 -70
44 -70
44 -70
44 -70
44 -70
44 -70
44 -70
44 -70
44 -70
44 -70
44 -70
44 -69
44 -69
44 -69
44 -69
44 -69
44 -69
44 -69
44 -69
44 -69
44 -69
44 -69
44 -69
44 -68
44 -68
44 -70
44 -69
44 -69
44 -69
44 -70
44 -70
44 -70
44 -71
44 -70
44 -71
44 -71
44 -70
44 -70
44 -70
44 -70
44 -69
44 -70
44 -71
44 -71
44 -72
44 -76
44 -79
44 -78
44 -77
44 -80
44 -79
44 -75
44 -70
44 -69
44 -69
44 -69
44 -69
44 -70
44 -70
44 -71
44 -70
44 -70
44 -72
44 -72
44 -71
44 -72
44 -72
44 -71
44 -70
44 -72
44 -72
44 -72
44 -72
44 -71
44 -72
44 -72
44 -71
44 -71
44 -71
44 -71
44 -71
44 -70
44 -70
44 -71
44 -71
44 -70
44 -70
44 -70
44 -70
44 -70
44 -70
44 -70
44 -70
44 -70
44 -70
44 -70
44 -70
44 -70
44 -70
44 -70
44 -70
44 -70
44 -70
44 -70
44 -70
44 -70
44 -70
44 -71
44 -71
44 -71
44 -71
44 -71
44 -70
44 -71
44 -70
44 -70
44 -70
44 -70
44 -70
44 -69
44 -71
44 -71
44 -72
44 -72
44 -72
44 -72
44 -72
44 -72
44 -71
44 -72
44 -71
44 -71
44 -71
44 -71
44 -71
44 -71
44 -71
44 -71
44 -71
44 -71
44 -71
44 -71
44 -71
44 -71
44 -70
44 -71
44 -72
44 -72
44 -73
44 -73
44 -73
44 -72
44 -72
44 -71
44 -72
44 -72
44 -72
44 -71
44 -72
44 -72
44 -72
44 -72
44 -71
44 -70
44 -71
44 -71
44 -70
44 -70
44 -70
44 -70
44 -70
44 -70
44 -70
44 -70
44 -71
44 -71
44 -71
44 -71
44 -71
44 -72
44 -72
44 -72
44 -71
44 -71
44 -72
44 -71
44 -71
44 -72
44 -71
44 -66
44 -72
44 -72
44 -72
44 -66
44 -72
44 -72
44 -73
44 -73
44 -73
44 -72
44 -72
44 -72
44 -72
44 -73
44 -73
44 -70
44 -70
44 -70
44 -70
44 -71
44 -72
44 -74
44 -72
44 -70
44 -70
44 -71
44 -72
44 -71
44 -74
44 -74
44 -74
44 -74
44 -74
44 -74
44 -74
44 -74
44 -76
44 -76
44 -76
44 -76
44 -75
44 -74
44 -63
44 -72
44 -75
44 -75
44 -76
44 -77
44 -79
44 -68
44 -79
44 -78
44 -77
44 -76
44 -76
44 -76
44 -75
44 -75
44 -75
44 -75
44 -76
44 -75
44 -74
44 -75
44 -75
44 -74
44 -75
44 -75
44 -75
46 -67
46 -68
46 -68
46 -68
46 -69
46 -69
46 -68
46 -69
46 -68
46 -67
46 -66
46 -68
46 -72
46 -74
46 -76
46 -76
46 -77
46 -78
46 -74
46 -77
46 -76
46 -73
46 -70
46 -72
46 -70
46 -70
46 -70
46 -70
46 -69
46 -69
46 -69
46 -69
46 -69
46 -68
46 -68
46 -68
46 -67
46 -67
46 -67
46 -61
46 -66
46 -66
46 -66
46 -65
46 -60
46 -64
46 -64
46 -65
46 -65
46 -66
46 -65
46 -65
46 -64
46 -61
46 -62
46 -62
46 -62
46 -62
46 -62
46 -62
46 -62
46 -62
46 -63
46 -63
46 -63
46 -63
46 -64
46 -64
46 -64
46 -64
46 -64
46 -64
46 -64
46 -63
46 -63
46 -63
46 -63
46 -64
46 -64
46 -63
46 -64
46 -63
46 -64
46 -64
46 -64
46 -64
46 -64
46 -64
46 -64
46 -64
46 -64
46 -64
46 -64
46 -64
46 -65
46 -65
46 -66
46 -66
46 -66
46 -66
46 -66
46 -66
46 -65
46 -65
46 -65
46 -66
46 -66
46 -66
46 -67
46 -67
46 -67
46 -66
46 -66
46 -67
46 -67
46 -66
46 -66
46 -66
46 -65
46 -65
46 -65
46 -64
46 -64
46 -64
46 -64
46 -64
46 -64
46 -64
46 -64
46 -65
46 -64
46 -64
46 -64
46 -64
46 -65
46 -64
46 -65
46 -65
46 -64
46 -65
46 -64
46 -64
46 -65
46 -66
46 -65
46 -65
46 -65
46 -67
46 -67
46 -68
46 -70
46 -68
46 -67
46 -67
46 -68
46 -66
46 -67
46 -68
46 -68
46 -68
46 -69
46 -69
46 -70
46 -70
46 -70
46 -66
46 -65
46 -67
46 -68
46 -68
46 -70
46 -70
46 -71
46 -71
46 -72
46 -73
46 -73
46 -72
46 -69
46 -70
46 -70
46 -70
46 -70
46 -70
46 -70
46 -69
46 -69
46 -69
46 -70
46 -70
46 -70
46 -70
46 -71
46 -72
46 -72
46 -72
46 -73
46 -73
46 -73
46 -74
46 -73
46 -72
46 -72
46 -73
46 -74
46 -73
46 -73
46 -73
46 -73
46 -73
46 -72
46 -72
46 -72
46 -71
46 -71
46 -70
46 -64
46 -70
46 -71
46 -71
46 -72
46 -72
46 -72
46 -71
46 -72
46 -72
46 -72
46 -72
46 -72
46 -72
46 -71
46 -71
46 -72
46 -72
46 -73
46 -73
46 -73
46 -73
46 -72
46 -73
46 -72
46 -81
46 -75
46 -76
46 -74
46 -76
46 -76
46 -76
46 -76
46 -63
46 -76
46 -75
46 -76
46 -76
46 -76
46 -76
46 -76
46 -75
46 -73
46 -72
46 -72
46 -72
46 -74
46 -74
46 -73
46 -75
46 -75
46 -75
46 -76
46 -76
46 -76
46 -78
46 -77
46 -78
46 -78
46 -77
46 -77
46 -77
46 -78
46 -78
46 -78
46 -78
46 -78
46 -78
46 -77
46 -76
46 -76
46 -75
46 -75
46 -74
46 -74
46 -73
46 -74
46 -74
46 -73
46 -72
46 -72
46 -72
46 -72
46 -72
46 -72
46 -72
46 -72
46 -73
46 -72
46 -73
46 -73
46 -73
46 -73
46 -73
46 -74
46 -74
46 -74
46 -75
46 -75
46 -76
46 -78
46 -79
46 -80
46 -80
46 -79
46 -72
46 -78
46 -76
46 -74
46 -73
46 -70
46 -69
46 -68
46 -70
46 -70
46 -67
46 -69
46 -71
46 -76
46 -78
46 -76
46 -77
46 -76
46 -76
46 -74
46 -73
46 -73
46 -71
46 -72
46 -72
46 -74
46 -74
46 -76
46 -75
46 -73
46 -72
46 -72
46 -67
46 -70
46 -70
46 -70
46 -70
46 -70
46 -78
46 -70
46 -71
46 -71
46 -70
46 -70
46 -71
46 -71
46 -71
46 -72
46 -72
46 -72
46 -71
46 -71
46 -71
47 -63
47 -64
47 -64
47 -64
47 -64
47 -64
47 -64
47 -63
47 -63
47 -62
47 -62
47 -64
47 -63
47 -64
47 -64
47 -64
47 -64
47 -64
47 -64
47 -64
47 -64
47 -64
47 -64
47 -64
47 -63
47 -63
47 -62
47 -62
47 -62
47 -62
47 -61
47 -61
47 -61
47 -61
47 -61
47 -61
47 -61
47 -60
47 -60
47 -60
47 -60
47 -61
47 -60
47 -61
47 -61
47 -60
47 -61
47 -61
47 -60
47 -61
47 -61
47 -61
47 -61
47 -60
47 -60
47 -60
47 -60
47 -60
47 -60
47 -60
47 -61
47 -60
47 -60
47 -60
47 -60
47 -60
47 -60
47 -60
47 -61
47 -60
47 -60
47 -60
47 -61
47 -61
47 -62
47 -62
47 -62
47 -62
47 -62
47 -62
47 -63
47 -63
47 -63
47 -63
47 -63
47 -63
47 -64
47 -64
47 -64
47 -64
47 -64
47 -64
47 -64
47 -64
47 -64
47 -64
47 -64
47 -64
47 -64
47 -64
47 -64
47 -64
47 -64
47 -63
47 -63
47 -63
47 -63
47 -61
47 -64
47 -63
47 -63
47 -63
47 -62
47 -62
47 -62
47 -62
47 -62
47 -62
47 -62
47 -62
47 -63
47 -70
47 -63
47 -63
47 -63
47 -63
47 -62
47 -62
47 -62
47 -62
47 -62
47 -62
47 -61
47 -61
47 -61
47 -61
47 -61
47 -61
47 -61
47 -61
47 -61
47 -62
47 -61
47 -61
47 -62
47 -62
47 -61
47 -61
47 -62
47 -62
47 -62
47 -62
47 -63
47 -61
47 -61
47 -61
47 -62
47 -64
47 -64
47 -63
47 -63
47 -63
47 -64
47 -64
47 -66
47 -66
47 -66
47 -66
47 -65
47 -64
47 -63
47 -64
47 -64
47 -64
47 -64
47 -64
47 -64
47 -64
47 -64
47 -64
47 -65
47 -66
47 -66
47 -65
47 -64
47 -64
47 -64
47 -41
47 -67
47 -69
47 -68
47 -69
47 -69
47 -76
47 -66
47 -65
47 -66
47 -54
47 -66
47 -69
47 -67
47 -70
47 -69
47 -70
47 -70
47 -70
47 -72
47 -72
47 -72
47 -74
47 -74
47 -76
47 -77
47 -76
47 -76
47 -76
47 -74
47 -74
47 -76
47 -77
47 -77
47 -78
47 -73
47 -79
47 -78
47 -77
47 -76
47 -76
47 -76
47 -77
47 -76
47 -76
47 -75
47 -74
47 -75
47 -76
47 -74
47 -73
47 -73
47 -71
47 -74
47 -72
47 -72
47 -72
47 -72
47 -73
47 -74
47 -75
47 -75
47 -75
47 -75
47 -74
47 -74
47 -74
47 -74
47 -76
47 -74
47 -78
47 -78
47 -79
47 -79
47 -79
47 -79
47 -79
47 -79
47 -79
47 -79
47 -80
47 -80
47 -82
47 -79
47 -76
47 -75
47 -73
47 -73
47 -73
47 -73
47 -72
47 -72
47 -72
47 -72
47 -72
47 -72
47 -72
47 -72
47 -72
47 -72
47 -75
47 -71
47 -76
47 -77
47 -81
47 -81
47 -79
47 -80
47 -81
47 -81
47 -78
47 -79
47 -78
47 -78
47 -77
47 -77
47 -76
47 -76
47 -77
47 -76
47 -76
47 -75
47 -72
47 -76
47 -78
47 -78
47 -78
47 -78
47 -79
47 -79
47 -78
47 -77
47 -78
47 -78
47 -77
47 -76
47 -76
47 -74
47 -69
47 -68
47 -69
47 -69
47 -71
47 -71
47 -72
47 -72
47 -71
47 -70
47 -69
47 -69
47 -69
47 -69
47 -69
47 -69
47 -69
47 -69
47 -69
47 -70
47 -70
47 -70
47 -71
47 -71
47 -70
47 -72
47 -73
47 -72
47 -72
47 -72
47 -72
47 -76
47 -78
47 -78
47 -77
47 -75
47 -75
47 -75
47 -74
47 -72
47 -72
47 -72
47 -72
47 -72
47 -71
47 -70
47 -70
47 -71
47 -70
47 -70
47 -70
47 -69
47 -70
47 -70
48 -81
48 -80
48 -79
48 -81
48 -82
48 -78
48 -74
48 -68
48 -68
48 -74
48 -72
48 -69
48 -66
48 -65
48 -67
48 -68
48 -69
48 -68
48 -65
48 -64
48 -64
48 -65
48 -66
48 -66
48 -66
48 -66
48 -66
48 -66
48 -66
48 -67
48 -67
48 -67
48 -68
48 -70
48 -70
48 -69
48 -67
48 -68
48 -68
48 -67
48 -66
48 -65
48 -64
48 -64
48 -64
48 -64
48 -64
48 -64
48 -64
48 -64
48 -65
48 -65
48 -66
48 -68
48 -69
48 -69
48 -69
48 -70
48 -70
48 -70
48 -70
48 -70
48 -70
48 -70
48 -71
48 -71
48 -70
48 -71
48 -70
48 -70
48 -71
48 -71
48 -70
48 -67
48 -71
48 -71
48 -71
48 -72
48 -74
48 -74
48 -73
48 -73
48 -72
48 -72
48 -71
48 -71
48 -72
48 -71
48 -70
48 -69
48 -69
48 -69
48 -69
48 -69
48 -69
48 -70
48 -70
48 -70
48 -70
48 -54
48 -69
48 -69
48 -69
48 -68
48 -68
48 -67
48 -67
48 -67
48 -67
48 -67
48 -67
48 -67
48 -67
48 -67
48 -67
48 -67
48 -67
48 -67
48 -68
48 -69
48 -69
48 -69
48 -69
48 -69
48 -69
48 -69
48 -66
48 -69
48 -69
48 -69
48 -69
48 -70
48 -70
48 -70
48 -70
48 -70
48 -71
48 -72
48 -72
48 -72
48 -65
48 -71
48 -70
48 -68
48 -67
48 -68
48 -69
48 -66
48 -67
48 -69
48 -66
48 -64
48 -65
48 -65
48 -66
48 -67
48 -71
48 -73
48 -73
48 -76
48 -76
48 -77
48 -76
48 -78
48 -77
48 -73
48 -70
48 -68
48 -65
48 -64
48 -67
48 -71
48 -73
48 -70
48 -69
48 -68
48 -67
48 -66
48 -68
48 -70
48 -68
48 -68
48 -66
48 -66
48 -66
48 -65
48 -66
48 -66
48 -66
48 -66
48 -66
48 -66
48 -65
48 -65
48 -66
48 -66
48 -66
48 -66
48 -66
48 -66
48 -66
48 -66
48 -66
48 -66
48 -67
48 -67
48 -67
48 -66
48 -66
48 -66
48 -67
48 -66
48 -66
48 -66
48 -66
48 -66
48 -66
48 -66
48 -66
48 -66
48 -66
48 -66
48 -66
48 -66
48 -66
48 -66
48 -66
48 -66
48 -66
48 -67
48 -67
48 -67
48 -66
48 -66
48 -66
48 -66
48 -66
48 -66
48 -66
48 -62
48 -66
48 -65
48 -65
48 -65
48 -65
48 -66
48 -66
48 -66
48 -66
48 -66
48 -66
48 -66
48 -66
48 -66
48 -66
48 -66
48 -66
48 -66
48 -66
48 -66
48 -66
48 -66
48 -66
48 -66
48 -66
48 -66
48 -66
48 -66
48 -66
48 -66
48 -66
48 -67
48 -68
48 -69
48 -70
48 -70
48 -70
48 -69
48 -70
48 -70
48 -70
48 -70
48 -70
48 -70
48 -70
48 -70
48 -70
48 -70
48 -70
48 -70
48 -69
48 -69
48 -68
48 -69
48 -68
48 -68
48 -67
48 -67
48 -67
48 -68
48 -68
48 -67
48 -67
48 -67
48 -67
48 -66
48 -66
48 -66
48 -66
48 -66
48 -66
48 -66
48 -66
48 -66
48 -67
48 -66
48 -66
48 -66
48 -67
48 -66
48 -67
48 -67
48 -67
48 -66
48 -66
48 -66
48 -65
48 -64
48 -64
48 -64
48 -65
48 -64
48 -64
48 -64
48 -64
48 -64
48 -64
48 -65
48 -65
48 -65
48 -64
48 -66
48 -69
48 -72
48 -72
48 -68
48 -65
48 -64
48 -63
48 -61
48 -63
48 -64
48 -66
48 -64
48 -61
48 -61
48 -62
48 -64
48 -66
48 -64
48 -63
48 -64
48 -63
48 -63
48 -63
48 -63
48 -63
48 -62
48 -63
48 -62
48 -62
48 -62
48 -62
48 -63
48 -63
48 -63
48 -63
48 -62
48 -62
48 -62
48 -62
48 -63
48 -62
48 -63
48 -63
48 -63
48 -63
48 -63
48 -63
48 -63
48 -63
48 -63
48 -63
48 -63
48 -63
48 -63
48 -63
48 -63
48 -63
48 -63
48 -63
48 -63
48 -47
49 -67
49 -67
49 -68
49 -68
49 -68
49 -68
49 -68
49 -67
49 -66
49 -64
49 -64
49 -64
49 -64
49 -63
49 -64
49 -63
49 -63
49 -62
49 -62
49 -62
49 -61
49 -62
49 -62
49 -63
49 -62
49 -63
49 -64
49 -63
49 -62
49 -62
49 -62
49 -63
49 -63
49 -63
49 -62
49 -63
49 -63
49 -63
49 -63
49 -63
49 -62
49 -62
49 -61
49 -60
49 -60
49 -60
49 -60
49 -60
49 -60
49 -60
49 -60
49 -60
49 -58
49 -59
49 -60
49 -60
49 -60
49 -60
49 -60
49 -60
49 -61
49 -60
49 -61
49 -61
49 -61
49 -61
49 -62
49 -62
49 -62
49 -62
49 -63
49 -63
49 -63
49 -63
49 -62
49 -62
49 -61
49 -61
49 -61
49 -61
49 -61
49 -61
49 -62
49 -62
49 -62
49 -62
49 -62
49 -62
49 -62
49 -62
49 -62
49 -62
49 -63
49 -63
49 -63
49 -63
49 -63
49 -70
49 -63
49 -62
49 -62
49 -62
49 -62
49 -62
49 -63
49 -63
49 -63
49 -64
49 -64
49 -64
49 -64
49 -64
49 -64
49 -64
49 -63
49 -63
49 -63
49 -63
49 -63
49 -63
49 -64
49 -63
49 -63
49 -63
49 -63
49 -63
49 -63
49 -63
49 -63
49 -61
49 -63
49 -64
49 -64
49 -64
49 -71
49 -64
49 -64
49 -64
49 -64
49 -64
49 -64
49 -64
49 -64
49 -64
49 -64
49 -64
49 -64
49 -64
49 -64
49 -64
49 -64
49 -64
49 -64
49 -64
49 -64
49 -63
49 -64
49 -64
49 -64
49 -64
49 -63
49 -63
49 -64
49 -64
49 -64
49 -63
49 -64
49 -64
49 -65
49 -65
49 -64
49 -65
49 -65
49 -64
49 -64
49 -64
49 -65
49 -64
49 -63
49 -63
49 -64
49 -64
49 -64
49 -64
49 -63
49 -62
49 -62
49 -61
49 -62
49 -63
49 -64
49 -65
49 -66
49 -65
49 -65
49 -65
49 -64
49 -64
49 -64
49 -64
49 -64
49 -64
49 -64
49 -64
49 -64
49 -64
49 -64
49 -64
49 -64
49 -65
49 -65
49 -65
49 -66
49 -66
49 -66
49 -66
49 -66
49 -67
49 -67
49 -68
49 -69
49 -69
49 -69
49 -68
49 -68
49 -68
49 -68
49 -68
49 -69
49 -69
49 -70
49 -70
49 -70
49 -70
49 -70
49 -69
49 -69
49 -69
49 -70
49 -70
49 -70
49 -69
49 -69
49 -69
49 -68
49 -68
49 -68
49 -68
49 -67
49 -67
49 -68
49 -68
49 -67
49 -68
49 -69
49 -69
49 -69
49 -69
49 -69
49 -70
49 -70
49 -69
49 -69
49 -69
49 -69
49 -69
49 -69
49 -69
49 -69
49 -70
49 -70
49 -70
49 -70
49 -70
49 -70
49 -70
49 -71
49 -72
49 -72
49 -72
49 -71
49 -71
49 -71
49 -71
49 -71
49 -70
49 -70
49 -70
49 -71
49 -71
49 -71
49 -71
49 -71
49 -70
49 -71
49 -70
49 -70
49 -70
49 -70
49 -70
49 -70
49 -70
49 -70
49 -70
49 -70
49 -70
49 -70
49 -70
49 -70
49 -70
49 -70
49 -70
49 -70
49 -71
49 -71
49 -71
49 -70
49 -70
49 -71
49 -70
49 -70
49 -70
49 -70
49 -70
49 -70
49 -70
49 -70
49 -69
49 -69
49 -69
49 -70
49 -69
49 -69
49 -69
49 -69
49 -69
49 -68
49 -65
49 -67
49 -64
49 -68
49 -68
49 -68
49 -68
49 -67
49 -69
49 -70
49 -70
49 -71
49 -72
49 -72
49 -73
49 -73
49 -73
49 -72
49 -72
49 -74
49 -74
49 -74
49 -71
49 -69
49 -72
49 -76
49 -73
49 -72
49 -73
49 -70
49 -69
49 -68
49 -67
49 -68
49 -67
49 -66
49 -66
49 -66
49 -66
49 -66
49 -67
49 -67
49 -68
49 -67
49 -68
49 -68
49 -69
49 -69
49 -68
49 -68
49 -67
49 -67
49 -66
49 -66
49 -66
49 -66
49 -66
49 -66
49 -68
49 -67
49 -67
49 -66
49 -63
49 -66
49 -65
49 -65
49 -66
49 -66
49 -66
49 -66
49 -66
49 -67
49 -67
49 -67
49 -67
49 -67
49 -68
50 -74
50 -74
50 -73
50 -73
50 -74
50 -74
50 -73
50 -71
50 -70
50 -71
50 -68
50 -67
50 -68
50 -63
50 -64
50 -64
50 -64
50 -63
50 -65
50 -65
50 -64
50 -61
50 -58
50 -70
50 -61
50 -63
50 -64
50 -66
50 -68
50 -71
50 -66
50 -64
50 -64
50 -64
50 -64
50 -65
50 -64
50 -64
50 -64
50 -65
50 -64
50 -65
50 -66
50 -65
50 -64
50 -64
50 -63
50 -63
50 -64
50 -50
50 -66
50 -68
50 -69
50 -68
50 -68
50 -68
50 -66
50 -64
50 -64
50 -64
50 -64
50 -64
50 -59
50 -63
50 -63
50 -63
50 -64
50 -64
50 -66
50 -66
50 -67
50 -66
50 -66
50 -66
50 -64
50 -64
50 -64
50 -64
50 -64
50 -50
50 -64
50 -64
50 -64
50 -64
50 -64
50 -64
50 -64
50 -64
50 -64
50 -64
50 -64
50 -63
50 -64
50 -63
50 -63
50 -63
50 -63
50 -63
50 -64
50 -64
50 -64
50 -64
50 -64
50 -64
50 -65
50 -66
50 -66
50 -67
50 -68
50 -70
50 -70
50 -72
50 -72
50 -72
50 -74
50 -75
50 -76
50 -76
50 -76
50 -76
50 -76
50 -76
50 -78
50 -77
50 -70
50 -70
50 -70
50 -70
50 -70
50 -70
50 -70
50 -70
50 -70
50 -70
50 -69
50 -68
50 -67
50 -67
50 -68
50 -68
50 -67
50 -66
50 -66
50 -66
50 -69
50 -67
50 -66
50 -65
50 -68
50 -62
50 -66
50 -64
50 -64
50 -66
50 -77
50 -78
50 -75
50 -74
50 -76
50 -73
50 -70
50 -70
50 -70
50 -71
50 -70
50 -70
50 -69
50 -68
50 -67
50 -66
50 -63
50 -62
50 -65
50 -69
50 -65
50 -61
50 -61
50 -62
50 -62
50 -61
50 -64
50 -64
50 -65
50 -66
50 -66
50 -67
50 -67
50 -68
50 -68
50 -68
50 -67
50 -66
50 -67
50 -68
50 -68
50 -68
50 -68
50 -68
50 -67
50 -67
50 -66
50 -66
50 -67
50 -66
50 -66
50 -66
50 -66
50 -65
50 -66
50 -66
50 -66
50 -66
50 -66
50 -66
50 -66
50 -66
50 -66
50 -58
50 -66
50 -66
50 -66
50 -66
50 -66
50 -66
50 -66
50 -66
50 -66
50 -66
50 -66
50 -66
50 -66
50 -66
50 -66
50 -66
50 -66
50 -66
50 -66
50 -66
50 -66
50 -66
50 -66
50 -66
50 -66
50 -66
50 -66
50 -66
50 -66
50 -66
50 -66
50 -66
50 -65
50 -66
50 -65
50 -65
50 -65
50 -66
50 -65
50 -66
50 -66
50 -66
50 -66
50 -66
50 -66
50 -66
50 -66
50 -66
50 -66
50 -66
50 -66
50 -66
50 -66
50 -67
50 -66
50 -66
50 -66
50 -66
50 -66
50 -66
50 -66
50 -66
50 -66
50 -67
50 -66
50 -66
50 -65
50 -68
50 -67
50 -67
50 -67
50 -67
50 -67
50 -67
50 -67
50 -67
50 -67
50 -66
50 -68
50 -68
50 -67
50 -67
50 -67
50 -66
50 -66
50 -66
50 -67
50 -67
50 -67
50 -67
50 -67
50 -67
50 -67
50 -67
50 -67
50 -67
50 -67
50 -67
50 -66
50 -66
50 -66
50 -66
50 -66
50 -66
50 -66
50 -66
50 -66
50 -66
50 -67
50 -66
50 -66
50 -66
50 -67
50 -66
50 -66
50 -66
50 -66
50 -66
50 -67
50 -67
50 -67
50 -66
50 -66
50 -66
50 -66
50 -66
50 -65
50 -65
50 -66
50 -66
50 -65
50 -64
50 -48
50 -63
50 -64
50 -70
50 -78
50 -70
50 -65
50 -64
50 -70
50 -73
50 -68
50 -66
50 -63
50 -64
50 -62
50 -64
50 -48
50 -62
50 -62
50 -62
50 -63
50 -64
50 -64
50 -64
50 -64
50 -65
50 -66
50 -65
50 -66
50 -66
50 -66
50 -66
50 -67
50 -66
50 -66
50 -65
50 -66
50 -67
50 -68
50 -68
50 -68
50 -68
50 -68
50 -67
50 -66
50 -66
50 -65
50 -65
50 -65
50 -66
50 -66
50 -66
50 -66
50 -66
50 -65
50 -65
50 -65
50 -66
50 -66
50 -66
51 -75
51 -75
51 -75
51 -45
51 -72
51 -76
51 -75
51 -69
51 -67
51 -68
51 -69
51 -70
51 -70
51 -69
51 -69
51 -71
51 -70
51 -69
51 -69
51 -69
51 -67
51 -69
51 -68
51 -69
51 -70
51 -70
51 -71
51 -68
51 -72
51 -71
51 -70
51 -69
51 -69
51 -70
51 -70
51 -70
51 -69
51 -69
51 -69
51 -69
51 -69
51 -69
51 -70
51 -70
51 -70
51 -69
51 -70
51 -70
51 -70
51 -70
51 -70
51 -70
51 -70
51 -71
51 -70
51 -69
51 -69
51 -70
51 -70
51 -70
51 -68
51 -70
51 -70
51 -70
51 -70
51 -70
51 -72
51 -72
51 -72
51 -74
51 -75
51 -72
51 -73
51 -73
51 -73
51 -73
51 -73
51 -73
51 -73
51 -73
51 -73
51 -73
51 -73
51 -72
51 -72
51 -72
51 -72
51 -72
51 -72
51 -71
51 -70
51 -70
51 -70
51 -70
51 -70
51 -70
51 -70
51 -69
51 -70
51 -72
51 -72
51 -74
51 -48
51 -74
51 -75
51 -75
51 -74
51 -74
51 -75
51 -75
51 -75
51 -75
51 -76
51 -76
51 -75
51 -75
51 -75
51 -75
51 -75
51 -75
51 -77
51 -82
51 -84
51 -84
51 -82
51 -82
51 -83
51 -76
51 -73
51 -72
51 -72
51 -76
51 -72
51 -71
51 -70
51 -71
51 -71
51 -70
51 -71
51 -70
51 -68
51 -68
51 -68
51 -69
51 -70
51 -71
51 -78
51 -82
51 -81
51 -80
51 -84
51 -82
51 -78
51 -77
51 -68
51 -69
51 -68
51 -68
51 -68
51 -70
51 -72
51 -73
51 -74
51 -76
51 -77
51 -78
51 -66
51 -78
51 -78
51 -79
51 -77
51 -76
51 -74
51 -76
51 -75
51 -76
51 -75
51 -75
51 -76
51 -76
51 -75
51 -76
51 -75
51 -75
51 -75
51 -75
51 -75
51 -75
51 -76
51 -76
51 -76
51 -76
51 -75
51 -75
51 -76
51 -76
51 -76
51 -75
51 -75
51 -76
51 -76
51 -76
51 -75
51 -76
51 -77
51 -77
51 -78
51 -78
51 -78
51 -78
51 -79
51 -69
51 -80
51 -79
51 -81
51 -80
51 -81
51 -80
51 -80
51 -79
51 -79
51 -78
51 -78
51 -77
51 -78
51 -78
51 -78
51 -78
51 -79
51 -78
51 -77
51 -77
51 -77
51 -77
51 -77
51 -76
51 -76
51 -76
51 -76
51 -76
51 -76
51 -76
51 -76
51 -76
51 -76
51 -76
51 -76
51 -76
51 -77
51 -78
51 -78
51 -80
51 -81
51 -80
51 -80
51 -78
51 -78
51 -78
51 -77
51 -78
51 -77
51 -77
51 -78
51 -78
51 -78
51 -78
51 -78
51 -70
51 -76
51 -76
51 -76
51 -76
51 -77
51 -78
51 -77
51 -77
51 -77
51 -76
51 -77
51 -77
51 -78
51 -78
51 -78
51 -78
51 -74
51 -78
51 -78
51 -78
51 -77
51 -76
51 -77
51 -77
51 -78
51 -78
51 -77
51 -78
51 -78
51 -77
51 -78
51 -79
51 -73
51 -78
51 -77
51 -75
51 -74
51 -74
51 -73
51 -73
51 -72
51 -74
51 -73
51 -73
51 -74
51 -71
51 -71
51 -72
51 -70
51 -74
51 -78
51 -82
51 -76
51 -67
51 -71
51 -71
51 -70
51 -69
51 -70
51 -70
51 -70
51 -70
51 -71
51 -72
51 -72
51 -72
51 -70
51 -72
51 -72
51 -72
51 -74
51 -76
51 -76
51 -76
51 -76
51 -76
51 -76
51 -76
51 -75
51 -74
51 -74
51 -74
51 -75
51 -75
51 -74
51 -76
51 -75
51 -76
51 -75
51 -75
51 -76
51 -74
51 -73
51 -73
51 -73
51 -73
51 -73
52 -76
52 -77
52 -77
52 -76
52 -76
52 -79
52 -74
52 -71
52 -70
52 -69
52 -69
52 -70
52 -70
52 -70
52 -69
52 -69
52 -70
52 -70
52 -70
52 -70
52 -72
52 -70
52 -69
52 -45
52 -70
52 -70
52 -69
52 -69
52 -69
52 -69
52 -70
52 -69
52 -70
52 -69
52 -69
52 -69
52 -69
52 -69
52 -69
52 -69
52 -69
52 -70
52 -69
52 -69
52 -69
52 -69
52 -69
52 -69
52 -69
52 -69
52 -68
52 -68
52 -69
52 -68
52 -68
52 -69
52 -68
52 -68
52 -68
52 -68
52 -67
52 -67
52 -67
52 -67
52 -67
52 -67
52 -67
52 -68
52 -68
52 -54
52 -68
52 -68
52 -68
52 -68
52 -68
52 -68
52 -68
52 -68
52 -69
52 -68
52 -68
52 -68
52 -69
52 -68
52 -69
52 -69
52 -69
52 -69
52 -69
52 -69
52 -69
52 -68
52 -69
52 -68
52 -68
52 -67
52 -67
52 -66
52 -68
52 -67
52 -68
52 -68
52 -68
52 -68
52 -68
52 -68
52 -69
52 -68
52 -68
52 -68
52 -68
52 -68
52 -68
52 -68
52 -68
52 -67
52 -67
52 -68
52 -68
52 -54
52 -68
52 -67
52 -62
52 -67
52 -67
52 -67
52 -67
52 -68
52 -67
52 -67
52 -67
52 -67
52 -67
52 -67
52 -67
52 -67
52 -67
52 -67
52 -67
52 -67
52 -67
52 -67
52 -68
52 -68
52 -68
52 -68
52 -68
52 -67
52 -69
52 -68
52 -67
52 -45
52 -67
52 -67
52 -66
52 -67
52 -67
52 -67
52 -67
52 -66
52 -66
52 -67
52 -67
52 -67
52 -68
52 -69
52 -70
52 -72
52 -73
52 -75
52 -76
52 -76
52 -73
52 -69
52 -69
52 -69
52 -69
52 -70
52 -70
52 -69
52 -68
52 -69
52 -69
52 -67
52 -67
52 -66
52 -66
52 -67
52 -68
52 -68
52 -69
52 -68
52 -69
52 -69
52 -69
52 -68
52 -69
52 -68
52 -69
52 -68
52 -68
52 -67
52 -66
52 -66
52 -67
52 -66
52 -67
52 -66
52 -66
52 -66
52 -66
52 -66
52 -66
52 -66
52 -66
52 -66
52 -67
52 -67
52 -67
52 -67
52 -67
52 -67
52 -67
52 -67
52 -67
52 -67
52 -68
52 -68
52 -67
52 -68
52 -67
52 -67
52 -66
52 -66
52 -66
52 -66
52 -66
52 -66
52 -66
52 -66
52 -66
52 -66
52 -66
52 -65
52 -67
52 -67
52 -67
52 -67
52 -67
52 -67
52 -67
52 -67
52 -67
52 -67
52 -66
52 -67
52 -66
52 -67
52 -66
52 -67
52 -66
52 -66
52 -66
52 -66
52 -66
52 -66
52 -66
52 -66
52 -66
52 -67
52 -66
52 -66
52 -66
52 -66
52 -66
52 -66
52 -66
52 -67
52 -67
52 -67
52 -67
52 -65
52 -66
52 -67
52 -66
52 -66
52 -67
52 -66
52 -52
52 -66
52 -66
52 -66
52 -66
52 -66
52 -66
52 -66
52 -66
52 -66
52 -66
52 -66
52 -67
52 -67
52 -67
52 -67
52 -66
52 -66
52 -66
52 -67
52 -67
52 -67
52 -67
52 -67
52 -64
52 -66
52 -66
52 -66
52 -67
52 -66
52 -66
52 -66
52 -66
52 -66
52 -66
52 -66
52 -66
52 -66
52 -66
52 -66
52 -66
52 -66
52 -66
52 -66
52 -66
52 -66
52 -66
52 -66
52 -66
52 -66
52 -67
52 -67
52 -67
52 -68
52 -68
52 -68
52 -67
52 -67
52 -68
52 -69
52 -70
52 -69
52 -69
52 -69
52 -68
52 -68
52 -67
52 -67
52 -66
52 -65
52 -65
52 -66
52 -65
52 -64
52 -66
52 -66
52 -66
52 -71
52 -70
52 -70
52 -70
52 -70
52 -69
52 -69
52 -68
52 -68
52 -68
52 -68
52 -68
52 -68
52 -68
52 -68
52 -68
52 -67
52 -67
52 -67
52 -68
52 -68
52 -68
52 -69
52 -69
52 -69
52 -69
52 -69
52 -69
52 -69
52 -70
52 -70
52 -70
52 -70
52 -70
52 -51
52 -70
52 -70
52 -70
52 -69
52 -69
52 -69
52 -69
52 -69
52 -68
52 -68
53 -70
53 -70
53 -65
53 -70
53 -70
53 -70
53 -70
53 -70
53 -69
53 -67
53 -66
53 -67
53 -67
53 -67
53 -68
53 -68
53 -68
53 -68
53 -68
53 -68
53 -67
53 -67
53 -67
53 -67
53 -68
53 -67
53 -66
53 -67
53 -67
53 -66
53 -66
53 -66
53 -66
53 -66
53 -66
53 -66
53 -66
53 -66
53 -66
53 -66
53 -66
53 -66
53 -66
53 -67
53 -67
53 -68
53 -68
53 -69
53 -69
53 -69
53 -69
53 -69
53 -68
53 -68
53 -68
53 -68
53 -68
53 -68
53 -68
53 -68
53 -67
53 -67
53 -67
53 -67
53 -67
53 -67
53 -65
53 -68
53 -69
53 -69
53 -69
53 -68
53 -68
53 -65
53 -68
53 -68
53 -68
53 -69
53 -69
53 -69
53 -70
53 -71
53 -71
53 -72
53 -72
53 -73
53 -74
53 -75
53 -75
53 -75
53 -75
53 -75
53 -75
53 -76
53 -75
53 -75
53 -76
53 -75
53 -76
53 -76
53 -75
53 -75
53 -75
53 -75
53 -74
53 -73
53 -73
53 -72
53 -72
53 -72
53 -72
53 -73
53 -71
53 -70
53 -70
53 -70
53 -68
53 -68
53 -67
53 -67
53 -67
53 -67
53 -67
53 -67
53 -67
53 -67
53 -67
53 -66
53 -66
53 -66
53 -66
53 -66
53 -65
53 -66
53 -66
53 -66
53 -66
53 -66
53 -65
53 -66
53 -66
53 -66
53 -66
53 -67
53 -67
53 -67
53 -67
53 -68
53 -67
53 -67
53 -66
53 -68
53 -68
53 -68
53 -67
53 -66
53 -66
53 -66
53 -67
53 -61
53 -67
53 -67
53 -69
53 -68
53 -68
53 -68
53 -68
53 -67
53 -67
53 -67
53 -67
53 -67
53 -68
53 -69
53 -70
53 -70
53 -70
53 -69
53 -69
53 -69
53 -69
53 -68
53 -68
53 -68
53 -68
53 -69
53 -69
53 -69
53 -70
53 -72
53 -75
53 -73
53 -73
53 -74
53 -74
53 -74
53 -68
53 -73
53 -72
53 -73
53 -72
53 -72
53 -72
53 -72
53 -72
53 -72
53 -72
53 -72
53 -72
53 -72
53 -72
53 -71
53 -72
53 -70
53 -71
53 -71
53 -71
53 -71
53 -70
53 -69
53 -70
53 -70
53 -70
53 -70
53 -70
53 -70
53 -70
53 -70
53 -70
53 -70
53 -70
53 -70
53 -70
53 -70
53 -70
53 -70
53 -70
53 -70
53 -70
53 -70
53 -70
53 -70
53 -71
53 -70
53 -70
53 -70
53 -70
53 -68
53 -70
53 -70
53 -70
53 -70
53 -70
53 -70
53 -69
53 -71
53 -70
53 -70
53 -71
53 -70
53 -70
53 -70
53 -70
53 -70
53 -70
53 -70
53 -70
53 -70
53 -70
53 -70
53 -70
53 -70
53 -70
53 -69
53 -68
53 -70
53 -70
53 -70
53 -70
53 -70
53 -70
53 -70
53 -70
53 -70
53 -70
53 -70
53 -70
53 -70
53 -70
53 -70
53 -70
53 -70
53 -70
53 -70
53 -69
53 -70
53 -70
53 -70
53 -70
53 -70
53 -70
53 -70
53 -70
53 -70
53 -70
53 -70
53 -70
53 -70
53 -71
53 -68
53 -70
53 -70
53 -70
53 -70
53 -70
53 -70
53 -70
53 -70
53 -70
53 -70
53 -70
53 -70
53 -70
53 -70
53 -70
53 -70
53 -70
53 -70
53 -70
53 -70
53 -70
53 -70
53 -70
53 -70
53 -70
53 -70
53 -71
53 -70
53 -70
53 -70
53 -71
53 -70
53 -70
53 -70
53 -70
53 -70
53 -70
53 -70
53 -70
53 -70
53 -70
53 -70
53 -72
53 -72
53 -71
53 -70
53 -70
53 -70
53 -70
53 -71
53 -72
53 -70
53 -70
53 -72
53 -72
53 -72
53 -72
53 -71
53 -72
53 -70
53 -71
53 -71
53 -71
53 -71
53 -72
53 -71
53 -72
53 -72
53 -72
53 -72
53 -72
53 -72
53 -72
53 -72
53 -72
53 -73
53 -73
53 -73
53 -73
53 -73
53 -73
53 -74
53 -74
53 -73
53 -73
53 -72
53 -72
53 -72
53 -72
53 -72
53 -72
53 -72
55 -70
55 -70
55 -69
55 -70
55 -69
55 -70
55 -72
55 -70
55 -68
55 -69
55 -69
55 -69
55 -69
55 -70
55 -71
55 -70
55 -75
55 -72
55 -70
55 -70
55 -71
55 -69
55 -68
55 -68
55 -68
55 -68
55 -67
55 -67
55 -66
55 -66
55 -66
55 -66
55 -66
55 -66
55 -66
55 -66
55 -66
55 -67
55 -65
55 -67
55 -76
55 -70
55 -70
55 -73
55 -76
55 -77
55 -76
55 -80
55 -79
55 -76
55 -76
55 -75
55 -75
55 -76
55 -76
55 -76
55 -76
55 -79
55 -81
55 -83
55 -78
55 -78
55 -76
55 -86
55 -62
55 -78
55 -78
55 -78
55 -78
55 -76
55 -76
55 -75
55 -75
55 -75
55 -75
55 -76
55 -76
55 -76
55 -76
55 -75
55 -76
55 -70
55 -82
55 -82
55 -78
55 -75
55 -83
55 -75
55 -75
55 -74
55 -74
55 -74
55 -73
55 -73
55 -72
55 -72
55 -71
55 -71
55 -71
55 -69
55 -70
55 -71
55 -70
55 -70
55 -70
55 -69
55 -68
55 -69
55 -69
55 -69
55 -69
55 -69
55 -69
55 -69
55 -69
55 -70
55 -71
55 -71
55 -72
55 -73
55 -73
55 -73
55 -73
55 -74
55 -74
55 -73
55 -72
55 -70
55 -70
55 -70
55 -71
55 -72
55 -72
55 -72
55 -64
55 -69
55 -70
55 -74
55 -78
55 -74
55 -71
55 -64
55 -63
55 -64
55 -67
55 -73
55 -76
55 -75
55 -71
55 -70
55 -70
55 -70
55 -70
55 -69
55 -67
55 -69
55 -70
55 -71
55 -72
55 -70
55 -70
55 -70
55 -70
55 -70
55 -70
55 -71
55 -70
55 -71
55 -71
55 -71
55 -72
55 -73
55 -67
55 -74
55 -71
55 -74
55 -74
55 -74
55 -74
55 -73
55 -72
55 -72
55 -72
55 -72
55 -72
55 -72
55 -72
55 -71
55 -71
55 -68
55 -71
55 -72
55 -71
55 -71
55 -72
55 -72
55 -74
55 -74
55 -75
55 -76
55 -75
55 -70
55 -74
55 -73
55 -73
55 -73
55 -72
55 -71
55 -72
55 -72
55 -72
55 -72
55 -72
55 -72
55 -73
55 -72
55 -72
55 -73
55 -73
55 -72
55 -73
55 -74
55 -74
55 -66
55 -74
55 -74
55 -66
55 -74
55 -74
55 -74
55 -66
55 -72
55 -72
55 -72
55 -72
55 -72
55 -73
55 -73
55 -73
55 -73
55 -72
55 -72
55 -70
55 -70
55 -70
55 -69
55 -70
55 -70
55 -69
55 -69
55 -70
55 -70
55 -71
55 -71
55 -70
55 -70
55 -70
55 -70
55 -70
55 -70
55 -70
55 -70
55 -69
55 -69
55 -70
55 -70
55 -70
55 -70
55 -71
55 -72
55 -72
55 -72
55 -73
55 -73
55 -74
55 -74
55 -74
55 -74
55 -74
55 -74
55 -75
55 -75
55 -74
55 -75
55 -74
55 -75
55 -74
55 -74
55 -74
55 -74
55 -74
55 -74
55 -75
55 -75
55 -74
55 -75
55 -74
55 -73
55 -73
55 -73
55 -73
55 -73
55 -73
55 -73
55 -73
55 -72
55 -72
55 -70
55 -69
55 -67
55 -66
55 -67
55 -70
55 -69
55 -70
55 -70
55 -70
55 -70
55 -75
55 -70
55 -76
55 -74
55 -74
55 -74
55 -72
55 -76
55 -76
55 -76
55 -76
55 -76
55 -78
55 -76
55 -76
55 -77
55 -79
55 -79
55 -79
55 -76
55 -76
55 -75
55 -75
55 -76
55 -76
55 -76
55 -76
55 -76
55 -75
55 -74
55 -74
55 -73
55 -73
55 -73
55 -70
55 -71
55 -70
56 -64
56 -83
56 -83
56 -84
56 -81
56 -81
56 -80
56 -80
56 -83
56 -78
56 -83
56 -83
56 -82
56 -80
56 -83
56 -84
56 -84
56 -84
56 -84
56 -84
56 -83
56 -82
56 -83
56 -83
56 -81
56 -82
56 -83
56 -83
56 -82
56 -82
56 -83
56 -79
56 -84
56 -83
56 -83
56 -81
56 -83
56 -82
56 -81
56 -82
56 -78
56 -81
56 -81
56 -81
56 -81
56 -81
56 -81
56 -63
56 -82
56 -82
56 -82
56 -83
56 -83
56 -84
56 -84
56 -84
56 -84
56 -83
56 -84
56 -70
56 -83
56 -71
56 -84
56 -83
56 -84
56 -83
56 -84
56 -83
56 -82
56 -82
56 -82
56 -81
56 -76
56 -82
56 -83
56 -83
56 -83
56 -84
56 -82
56 -80
56 -81
56 -79
56 -79
56 -82
56 -81
56 -84
56 -82
56 -82
56 -84
56 -83
56 -83
56 -82
56 -82
56 -83
56 -82
56 -83
56 -83
56 -83
56 -81
56 -82
56 -83
56 -82
56 -82
56 -83
56 -82
56 -82
56 -83
56 -82
56 -83
56 -83
56 -83
56 -73
56 -83
56 -83
56 -83
56 -82
56 -83
56 -82
56 -81
56 -82
56 -82
56 -80
56 -82
56 -82
56 -82
56 -82
56 -82
56 -81
56 -83
56 -84
56 -83
56 -70
56 -83
56 -84
56 -83
56 -83
56 -83
56 -84
56 -84
56 -84
56 -82
56 -82
56 -82
56 -83
56 -83
56 -83
56 -83
56 -76
56 -82
56 -83
56 -83
56 -84
56 -84
56 -82
56 -72
56 -82
56 -82
57 -84
57 -71
57 -84
57 -84
57 -82
57 -82
57 -82
57 -83
57 -83
57 -83
57 -84
57 -83
57 -84
57 -86
57 -85
57 -84
57 -83
57 -83
57 -80
57 -85
57 -84
57 -69
57 -84
57 -85
57 -84
57 -84
57 -84
57 -83
57 -84
57 -84
57 -84
57 -84
57 -84
57 -84
57 -82
57 -81
57 -66
57 -83
57 -83
57 -84
57 -84
57 -83
57 -83
57 -83
57 -83
57 -82
57 -83
57 -83
57 -84
57 -83
57 -83
57 -83
57 -85
57 -84
57 -84
57 -86
57 -83
57 -83
57 -83
57 -83
57 -83
57 -84
57 -83
57 -83
57 -83
57 -84
57 -84
57 -84
57 -84
57 -81
57 -83
57 -83
57 -83
58 -76
58 -83
58 -84
58 -83
58 -83
58 -84
58 -82
58 -83
58 -83
58 -84
58 -83
58 -84
58 -84
58 -80
58 -85
58 -84
58 -85
58 -75
58 -84
58 -84
58 -85
58 -83
58 -70
58 -84
58 -84
58 -84
58 -84
58 -84
58 -82
58 -71
58 -83
58 -83
58 -74
58 -86
58 -84
58 -84
58 -85
58 -87
58 -86
58 -85
58 -85
58 -84
58 -83
58 -83
58 -83
58 -84
58 -87
58 -76
59 -85
59 -85
59 -84
59 -82
59 -84
59 -83
59 -84
59 -83
59 -84
59 -84
59 -83
59 -72
59 -84
59 -84
59 -84
59 -84
59 -83
59 -84
59 -83
59 -83
59 -84
59 -84
59 -84
59 -84
59 -84
59 -84
59 -84
59 -85
59 -84
59 -85
59 -80
59 -84
59 -85
59 -84
59 -84
59 -84
59 -84
59 -76
59 -83
59 -83
59 -80
59 -84
59 -85
59 -84
59 -84
59 -84
59 -84
59 -84
59 -84
59 -81
59 -85
59 -86
59 -84
60 -84
60 -85
60 -88
60 -86
60 -84
60 -83
60 -83
60 -83
60 -83
60 -82
60 -83
60 -84
60 -84
60 -83
60 -83
60 -82
60 -83
60 -81
60 -83
