Beacon Rssi
4 -84
4 -84
5 -84
5 -84
5 -83
5 -84
6 -83
6 -84
6 -84
7 -74
7 -74
7 -72
7 -70
7 -76
7 -70
7 -69
7 -71
7 -71
7 -70
7 -72
7 -72
7 -70
7 -63
7 -70
7 -70
7 -67
7 -69
7 -67
7 -70
7 -68
7 -68
7 -68
7 -67
7 -68
7 -68
7 -70
7 -70
7 -70
7 -70
7 -70
7 -70
7 -70
7 -70
7 -70
7 -68
7 -70
7 -70
7 -70
7 -73
7 -76
7 -76
7 -75
8 -83
8 -80
8 -83
8 -80
8 -80
8 -79
8 -79
8 -81
8 -82
8 -83
8 -82
8 -83
8 -78
8 -84
8 -85
8 -84
8 -84
9 -83
9 -78
9 -78
9 -82
9 -76
9 -75
9 -79
9 -75
9 -76
9 -76
9 -73
9 -78
9 -72
9 -72
9 -72
9 -74
9 -72
9 -72
9 -72
9 -72
9 -73
9 -75
9 -73
9 -73
9 -74
9 -74
9 -72
9 -72
9 -72
9 -72
9 -68
9 -72
9 -72
9 -74
9 -73
9 -73
10 -83
10 -80
10 -83
10 -82
10 -82
10 -80
10 -79
10 -81
10 -82
10 -79
10 -80
10 -81
10 -83
10 -82
10 -83
10 -81
10 -80
11 -80
11 -79
11 -80
11 -59
11 -80
11 -81
11 -78
11 -80
11 -79
11 -79
11 -80
11 -78
11 -79
11 -78
11 -78
11 -78
11 -79
11 -78
11 -79
11 -81
11 -79
11 -78
11 -79
11 -78
11 -78
11 -78
11 -77
11 -78
11 -76
11 -78
11 -78
11 -78
11 -78
11 -78
11 -78
11 -77
11 -79
11 -78
11 -76
11 -77
12 -83
12 -83
12 -82
12 -78
12 -79
12 -80
12 -78
12 -77
12 -79
12 -79
12 -80
12 -81
12 -82
12 -82
12 -82
12 -72
12 -83
12 -80
12 -82
12 -81
12 -81
13 -74
13 -73
13 -76
13 -73
13 -78
13 -72
13 -72
13 -72
13 -73
13 -74
13 -73
13 -74
13 -71
13 -71
13 -72
13 -72
13 -72
13 -73
13 -72
13 -72
13 -73
13 -73
13 -72
13 -74
13 -77
13 -74
13 -76
13 -74
13 -74
13 -76
13 -74
13 -74
13 -74
13 -74
13 -72
13 -72
13 -72
13 -71
14 -81
14 -71
14 -83
14 -81
14 -80
14 -79
14 -81
14 -79
14 -76
14 -76
14 -78
14 -80
14 -80
14 -81
14 -80
14 -81
15 -70
15 -75
15 -76
15 -67
15 -75
15 -72
15 -59
15 -74
15 -74
15 -76
15 -76
15 -75
15 -72
15 -72
15 -75
15 -71
15 -70
15 -71
15 -67
15 -67
15 -68
15 -66
15 -66
15 -68
15 -66
15 -66
15 -66
15 -66
15 -66
15 -67
15 -66
15 -66
15 -66
15 -66
15 -66
15 -66
15 -66
15 -66
15 -66
15 -67
15 -66
15 -66
15 -67
15 -69
16 -82
16 -76
16 -74
16 -72
16 -74
16 -72
16 -71
16 -75
16 -75
16 -73
16 -78
16 -83
16 -80
16 -78
16 -79
16 -78
16 -78
16 -72
16 -72
16 -72
16 -71
16 -72
16 -72
16 -80
16 -76
16 -78
16 -53
16 -77
16 -76
16 -76
16 -76
16 -65
16 -76
16 -76
16 -76
16 -75
16 -76
16 -78
17 -71
17 -70
17 -73
17 -76
17 -70
17 -69
17 -67
17 -68
17 -71
17 -67
17 -65
17 -66
17 -70
17 -70
17 -67
17 -69
17 -65
17 -64
17 -64
17 -65
17 -65
17 -64
17 -64
17 -64
17 -64
17 -64
17 -59
17 -65
17 -64
17 -65
17 -64
17 -64
17 -64
17 -64
17 -64
17 -64
17 -64
17 -64
17 -64
17 -64
17 -63
17 -64
17 -64
17 -64
17 -64
18 -75
18 -73
18 -70
18 -73
18 -82
18 -75
18 -73
18 -72
18 -72
18 -76
18 -80
18 -71
18 -69
18 -75
18 -77
18 -76
18 -70
18 -68
18 -69
18 -58
18 -68
18 -68
18 -69
18 -70
18 -70
18 -70
18 -70
18 -71
18 -66
18 -67
18 -67
18 -69
18 -70
18 -70
18 -70
18 -70
18 -70
18 -69
18 -69
18 -70
18 -70
18 -69
18 -70
18 -70
18 -71
19 -83
19 -76
19 -77
19 -81
19 -81
19 -75
19 -76
19 -76
19 -76
19 -76
19 -83
19 -82
19 -81
19 -82
19 -79
19 -77
19 -78
19 -78
19 -81
19 -81
19 -81
19 -82
19 -80
19 -82
19 -82
19 -79
19 -81
19 -79
20 -81
20 -79
20 -80
20 -82
20 -82
20 -68
20 -67
20 -81
20 -82
20 -81
20 -81
21 -78
21 -79
21 -79
21 -79
21 -81
21 -81
21 -82
21 -81
21 -82
21 -81
21 -78
21 -77
21 -76
21 -76
21 -78
21 -79
21 -80
21 -79
21 -80
21 -80
21 -79
21 -78
21 -78
21 -79
21 -80
21 -80
21 -81
21 -79
21 -80
21 -80
21 -78
21 -78
21 -78
22 -83
22 -82
22 -82
22 -66
22 -84
22 -80
22 -83
22 -83
22 -84
22 -83
22 -83
22 -83
23 -80
23 -82
23 -82
23 -82
23 -82
23 -82
23 -84
23 -80
23 -79
23 -79
23 -78
23 -81
23 -80
23 -82
23 -80
23 -81
23 -79
23 -80
23 -80
23 -80
23 -80
23 -80
23 -81
23 -81
23 -80
23 -80
23 -79
23 -66
24 -83
24 -84
24 -84
25 -82
25 -86
26 -80
26 -80
26 -80
26 -80
26 -82
26 -83
26 -82
26 -82
26 -81
26 -80
26 -82
26 -82
26 -83
26 -83
26 -83
26 -83
26 -78
26 -84
26 -82
28 -84
28 -82
28 -84
29 -67
29 -82
29 -84
29 -84
29 -82
29 -82
30 -84
30 -81
30 -82
30 -83
30 -80
30 -79
30 -79
30 -80
30 -60
30 -78
30 -77
30 -78
30 -80
30 -81
30 -80
30 -80
30 -82
30 -81
30 -81
30 -81
30 -84
30 -82
31 -61
31 -81
31 -82
31 -76
31 -78
31 -84
31 -83
31 -80
31 -82
31 -83
31 -84
31 -83
31 -84
31 -83
32 -79
32 -76
32 -76
32 -75
32 -73
32 -74
32 -73
32 -72
32 -72
32 -73
32 -77
32 -73
32 -72
32 -70
32 -76
32 -78
32 -83
32 -84
32 -83
32 -82
32 -81
32 -75
32 -76
32 -76
32 -73
33 -76
33 -76
33 -81
33 -81
33 -74
33 -76
33 -73
33 -75
33 -76
33 -76
33 -78
33 -78
33 -78
33 -74
33 -81
33 -79
33 -82
33 -81
33 -81
33 -78
33 -79
33 -79
33 -78
33 -78
33 -73
33 -77
33 -78
33 -78
33 -78
33 -78
34 -75
34 -79
34 -76
34 -79
34 -82
34 -82
34 -82
34 -81
34 -85
34 -79
34 -82
34 -76
34 -78
34 -76
34 -82
34 -79
34 -82
34 -78
34 -78
34 -83
34 -83
34 -81
34 -80
34 -80
34 -82
34 -80
34 -82
34 -82
34 -77
34 -78
35 -76
35 -78
35 -74
35 -77
35 -81
35 -77
35 -81
35 -82
35 -75
35 -75
35 -76
35 -75
35 -75
35 -75
35 -73
35 -73
35 -73
35 -76
35 -77
35 -72
35 -74
35 -76
35 -75
35 -76
35 -77
35 -74
35 -76
35 -76
35 -77
35 -75
35 -74
36 -70
36 -70
36 -73
36 -74
36 -74
36 -73
36 -74
36 -78
36 -78
36 -75
36 -58
36 -77
36 -78
36 -74
36 -80
36 -76
36 -78
36 -78
36 -81
36 -83
36 -83
36 -81
36 -82
36 -80
36 -78
36 -78
36 -80
36 -79
36 -76
36 -76
36 -78
36 -76
36 -78
36 -78
36 -78
36 -81
36 -83
37 -80
37 -80
37 -73
37 -75
37 -77
37 -70
37 -71
37 -75
37 -70
37 -71
37 -74
37 -69
37 -72
37 -73
37 -70
37 -72
37 -72
37 -70
37 -69
37 -70
37 -69
37 -76
37 -68
37 -69
37 -68
37 -68
37 -68
37 -68
37 -68
37 -67
37 -66
37 -67
37 -67
37 -67
37 -68
37 -67
37 -67
37 -69
37 -70
37 -66
37 -66
37 -66
38 -66
38 -70
38 -71
38 -70
38 -72
38 -76
38 -76
38 -67
38 -67
38 -65
38 -67
38 -69
38 -69
38 -70
38 -73
38 -72
38 -81
38 -74
38 -76
38 -75
38 -76
38 -78
38 -77
38 -77
38 -78
38 -72
38 -72
38 -74
38 -72
38 -70
38 -70
38 -69
38 -69
38 -70
38 -70
38 -70
38 -69
38 -70
38 -67
38 -67
38 -69
38 -67
39 -70
39 -78
39 -76
39 -70
39 -72
39 -74
39 -66
39 -64
39 -63
39 -66
39 -64
39 -66
39 -73
39 -77
39 -67
39 -71
39 -74
39 -72
39 -76
39 -76
39 -70
39 -78
39 -70
39 -74
39 -78
39 -75
39 -78
39 -76
39 -74
39 -76
39 -76
39 -75
39 -77
39 -76
39 -75
39 -76
39 -66
39 -58
39 -73
39 -75
40 -60
40 -62
40 -63
40 -62
40 -62
40 -65
40 -68
40 -66
40 -63
40 -65
40 -72
40 -64
40 -66
40 -63
40 -61
40 -76
40 -65
40 -60
40 -63
40 -62
40 -63
40 -64
40 -63
40 -62
40 -63
40 -63
40 -62
40 -61
40 -63
40 -63
40 -62
40 -63
40 -62
40 -63
40 -64
40 -64
40 -64
40 -63
40 -63
40 -64
40 -63
40 -63
40 -64
41 -64
41 -62
41 -62
41 -60
41 -60
41 -62
41 -61
41 -60
41 -60
41 -60
41 -63
41 -60
41 -60
41 -60
41 -61
41 -63
41 -63
41 -64
41 -63
41 -63
41 -63
41 -63
41 -63
41 -63
41 -62
41 -62
41 -63
41 -64
41 -63
41 -63
41 -63
41 -62
41 -62
41 -61
41 -61
41 -62
41 -61
41 -61
41 -64
41 -64
41 -63
42 -71
42 -74
42 -72
42 -76
42 -73
42 -62
42 -77
42 -78
42 -76
42 -76
42 -76
42 -78
42 -76
42 -78
42 -76
42 -69
42 -75
42 -75
42 -75
42 -74
42 -76
42 -76
42 -76
42 -76
42 -75
42 -76
42 -76
42 -76
42 -76
42 -74
42 -75
42 -75
42 -75
42 -74
42 -74
42 -72
42 -73
43 -76
43 -75
43 -74
43 -74
43 -76
43 -75
43 -78
43 -75
43 -76
43 -80
43 -73
43 -76
43 -79
43 -75
43 -71
43 -76
43 -76
43 -76
43 -76
43 -76
43 -76
43 -76
43 -76
43 -77
43 -77
43 -78
43 -77
43 -76
43 -75
43 -76
43 -76
43 -76
43 -76
43 -76
43 -76
43 -76
43 -74
43 -74
43 -74
43 -72
44 -70
44 -69
44 -71
44 -72
44 -70
44 -70
44 -71
44 -72
44 -71
44 -70
44 -70
44 -73
44 -71
44 -73
44 -70
44 -70
44 -71
44 -72
44 -70
44 -70
44 -72
44 -70
44 -71
44 -70
44 -71
44 -69
44 -70
44 -70
44 -69
44 -70
44 -70
44 -70
44 -70
44 -70
44 -70
44 -64
44 -70
44 -70
44 -69
44 -70
44 -69
44 -69
44 -69
45 -76
45 -78
45 -79
45 -78
45 -74
45 -81
45 -80
45 -78
45 -82
45 -79
45 -79
45 -84
46 -73
46 -72
46 -55
46 -74
46 -73
46 -73
46 -73
46 -73
46 -74
46 -74
46 -74
46 -74
46 -70
46 -74
46 -74
46 -72
46 -75
46 -74
46 -75
46 -75
46 -75
46 -75
46 -74
46 -73
46 -75
46 -75
46 -74
46 -74
46 -74
46 -74
46 -74
46 -74
46 -75
46 -75
46 -74
46 -75
46 -57
46 -74
46 -74
46 -75
46 -73
46 -74
46 -73
47 -80
47 -80
47 -81
47 -81
47 -83
47 -81
47 -84
47 -83
47 -82
47 -83
47 -84
47 -84
47 -80
47 -83
47 -84
48 -83
49 -81
49 -80
49 -80
49 -79
49 -80
49 -54
49 -81
49 -81
49 -81
49 -81
49 -81
49 -84
49 -83
49 -81
49 -81
49 -81
49 -82
49 -82
49 -82
49 -83
49 -82
49 -81
49 -82
49 -83
49 -81
49 -79
49 -80
50 -72
50 -73
50 -84
50 -83
50 -82
51 -76
51 -75
51 -76
51 -76
51 -76
51 -74
51 -75
51 -75
51 -80
51 -77
51 -80
51 -76
51 -82
51 -75
51 -74
51 -86
51 -81
51 -83
51 -70
52 -82
52 -78
52 -82
52 -78
52 -76
52 -82
52 -80
52 -78
52 -79
52 -78
52 -78
52 -78
52 -78
52 -78
52 -80
52 -80
52 -79
52 -80
52 -79
52 -80
52 -78
52 -81
52 -81
52 -81
52 -79
52 -79
52 -81
53 -76
53 -76
53 -76
53 -72
53 -76
53 -76
53 -76
53 -78
53 -76
53 -76
53 -75
53 -74
53 -72
53 -75
53 -77
53 -76
53 -76
53 -74
53 -75
53 -76
53 -73
53 -75
53 -74
53 -72
53 -74
53 -74
53 -75
53 -74
53 -75
53 -76
53 -76
53 -76
53 -76
53 -76
53 -76
53 -75
53 -70
53 -76
53 -75
53 -76
54 -77
54 -73
54 -75
54 -74
54 -72
54 -72
54 -70
54 -70
54 -69
54 -69
54 -70
54 -71
54 -70
54 -72
54 -76
54 -73
54 -79
54 -69
54 -70
54 -70
54 -70
54 -70
54 -68
54 -66
54 -68
54 -68
54 -68
54 -69
54 -69
54 -68
54 -68
54 -68
54 -68
54 -67
54 -68
54 -68
54 -68
54 -67
54 -67
54 -67
54 -68
54 -68
54 -69
54 -70
54 -70
55 -66
55 -64
55 -64
55 -61
55 -61
55 -60
55 -64
55 -64
55 -61
55 -62
55 -64
55 -66
55 -60
55 -61
55 -58
55 -65
55 -64
55 -65
55 -64
55 -63
55 -64
55 -65
55 -66
55 -67
55 -66
55 -66
55 -66
55 -64
55 -64
55 -63
55 -64
55 -64
55 -64
55 -64
55 -64
55 -65
55 -64
55 -64
55 -64
55 -65
55 -63
55 -64
55 -64
55 -64
56 -68
56 -68
56 -69
56 -67
56 -70
56 -69
56 -71
56 -66
56 -67
56 -64
56 -67
56 -66
56 -66
56 -66
56 -64
56 -64
56 -76
56 -79
56 -77
56 -75
56 -78
56 -76
56 -78
56 -69
56 -70
56 -70
56 -76
56 -75
56 -75
56 -74
56 -73
56 -75
56 -74
56 -74
56 -75
56 -75
56 -73
56 -78
56 -80
57 -63
57 -61
57 -61
57 -61
57 -60
57 -64
57 -60
57 -61
57 -60
57 -60
57 -60
57 -63
57 -61
57 -64
57 -64
57 -60
57 -63
57 -66
57 -68
57 -70
57 -66
57 -69
57 -67
57 -70
57 -70
57 -69
57 -67
57 -67
57 -67
57 -67
57 -67
57 -68
57 -65
57 -65
57 -51
57 -66
57 -66
57 -66
57 -64
57 -62
57 -63
58 -71
58 -75
58 -64
58 -66
58 -73
58 -67
58 -64
58 -67
58 -67
58 -66
58 -65
58 -65
58 -66
58 -71
58 -66
58 -72
58 -70
58 -67
58 -66
58 -76
58 -74
58 -80
58 -78
58 -73
58 -67
58 -72
58 -72
58 -68
58 -70
58 -67
58 -64
58 -64
58 -64
58 -67
58 -67
58 -66
58 -73
58 -65
58 -66
59 -78
59 -81
59 -81
59 -73
59 -71
59 -68
59 -67
59 -63
59 -64
59 -65
59 -66
59 -67
59 -67
59 -68
59 -68
59 -64
59 -69
59 -70
59 -71
59 -71
59 -68
59 -67
59 -68
59 -67
59 -66
59 -69
59 -69
59 -69
59 -70
59 -68
59 -66
59 -67
59 -67
59 -66
59 -66
59 -66
59 -67
59 -66
59 -69
59 -69
59 -68
