Beacon Rssi
1 -76
1 -76
1 -76
1 -76
1 -77
1 -78
1 -77
1 -79
1 -76
1 -80
1 -81
1 -82
1 -82
1 -82
1 -83
1 -80
1 -81
1 -81
1 -83
1 -82
1 -83
1 -77
1 -82
1 -81
1 -81
1 -81
1 -80
1 -79
1 -76
1 -77
1 -71
1 -77
1 -76
1 -76
1 -76
1 -78
1 -78
1 -79
1 -78
1 -80
1 -80
1 -79
1 -80
1 -80
1 -79
1 -78
1 -78
1 -78
1 -78
1 -78
1 -78
1 -77
1 -79
1 -79
1 -79
1 -78
1 -79
1 -80
1 -80
1 -69
1 -80
1 -80
1 -79
1 -78
1 -78
1 -78
1 -78
1 -78
1 -78
1 -65
1 -70
1 -76
1 -76
1 -78
1 -77
1 -78
1 -78
1 -77
1 -76
1 -76
1 -78
1 -78
1 -72
1 -78
1 -78
1 -78
1 -78
1 -78
1 -79
1 -79
1 -80
1 -79
1 -76
1 -78
1 -78
1 -78
1 -78
1 -77
1 -78
1 -77
1 -78
1 -69
1 -76
1 -76
1 -75
1 -75
1 -74
1 -74
1 -73
1 -73
1 -72
1 -72
1 -72
1 -73
1 -72
1 -72
1 -72
1 -72
1 -72
1 -72
1 -72
1 -72
1 -72
1 -72
1 -72
1 -74
1 -74
1 -74
1 -74
1 -74
1 -74
1 -74
1 -74
1 -75
1 -74
1 -74
1 -75
1 -75
1 -64
1 -64
1 -76
1 -76
1 -75
1 -75
1 -75
1 -75
1 -75
1 -71
1 -75
1 -74
1 -75
1 -75
1 -74
1 -75
1 -75
1 -75
1 -75
1 -76
1 -76
1 -76
1 -76
1 -76
1 -76
1 -76
1 -76
1 -76
1 -76
1 -76
1 -76
1 -76
1 -76
1 -76
1 -76
1 -76
1 -75
1 -75
1 -75
1 -75
1 -74
1 -66
1 -74
1 -74
1 -74
1 -74
1 -74
1 -65
1 -75
1 -75
1 -74
1 -75
1 -75
1 -75
1 -76
1 -76
1 -76
1 -76
1 -76
1 -76
1 -76
1 -75
1 -76
1 -76
1 -76
1 -76
1 -76
1 -76
1 -76
1 -76
1 -76
1 -75
1 -76
1 -77
1 -76
1 -76
1 -63
1 -76
1 -78
1 -76
1 -61
1 -75
1 -76
1 -76
1 -76
1 -77
1 -76
1 -76
1 -77
1 -76
1 -76
1 -76
1 -76
1 -75
1 -75
1 -74
1 -74
1 -74
1 -74
1 -74
1 -74
1 -74
1 -74
1 -55
1 -72
1 -74
1 -71
1 -74
1 -73
1 -74
1 -74
1 -74
1 -74
1 -75
1 -75
1 -75
1 -75
1 -75
1 -76
1 -75
1 -75
1 -75
1 -75
1 -75
1 -75
1 -75
1 -75
1 -75
1 -75
1 -73
1 -75
1 -75
1 -75
1 -75
1 -75
1 -75
1 -76
1 -75
1 -75
1 -75
1 -75
1 -75
1 -75
1 -75
1 -74
1 -74
1 -75
1 -73
1 -75
1 -75
1 -75
1 -76
1 -75
1 -76
1 -76
1 -73
1 -76
1 -76
1 -76
1 -70
1 -76
1 -76
1 -73
1 -74
1 -74
1 -74
1 -75
1 -74
1 -72
1 -73
1 -74
1 -74
1 -58
1 -74
1 -74
1 -74
1 -74
1 -74
1 -74
1 -74
1 -74
1 -74
1 -74
1 -74
1 -74
1 -74
1 -82
1 -74
1 -74
1 -74
1 -74
1 -74
1 -74
1 -74
2 -68
2 -68
2 -68
2 -68
2 -68
2 -68
2 -69
2 -69
2 -69
2 -69
2 -69
2 -70
2 -70
2 -70
2 -70
2 -70
2 -70
2 -70
2 -70
2 -70
2 -70
2 -70
2 -70
2 -70
2 -77
2 -70
2 -70
2 -70
2 -70
2 -65
2 -70
2 -70
2 -70
2 -70
2 -69
2 -69
2 -69
2 -67
2 -69
2 -69
2 -69
2 -69
2 -69
2 -70
2 -70
2 -70
2 -70
2 -70
2 -70
2 -70
2 -70
2 -69
2 -70
2 -70
2 -70
2 -70
2 -70
2 -70
2 -70
2 -70
2 -70
2 -70
2 -70
2 -70
2 -70
2 -70
2 -70
2 -70
2 -70
2 -70
2 -70
2 -70
2 -70
2 -70
2 -70
2 -70
2 -70
2 -70
2 -70
2 -70
2 -68
2 -70
2 -70
2 -70
2 -70
2 -70
2 -70
2 -70
2 -70
2 -70
2 -70
2 -70
2 -69
2 -69
2 -70
2 -69
2 -68
2 -68
2 -68
2 -69
2 -69
2 -69
2 -69
2 -69
2 -69
2 -69
2 -70
2 -70
2 -70
2 -70
2 -70
2 -71
2 -71
2 -71
2 -71
2 -72
2 -71
2 -71
2 -70
2 -70
2 -70
2 -70
2 -70
2 -69
2 -70
2 -70
2 -71
2 -72
2 -74
2 -74
2 -74
2 -73
2 -73
2 -72
2 -72
2 -72
2 -72
2 -72
2 -73
2 -73
2 -73
2 -74
2 -73
2 -73
2 -73
2 -72
2 -72
2 -72
2 -72
2 -72
2 -72
2 -72
2 -72
2 -70
2 -71
2 -71
2 -71
2 -71
2 -71
2 -69
2 -71
2 -70
2 -69
2 -70
2 -70
2 -70
2 -70
2 -70
2 -70
2 -70
2 -70
2 -70
2 -70
2 -70
2 -71
2 -70
2 -71
2 -71
2 -72
2 -72
2 -72
2 -72
2 -72
2 -71
2 -71
2 -71
2 -61
2 -71
2 -71
2 -70
2 -70
2 -70
2 -71
2 -70
2 -70
2 -71
2 -71
2 -70
2 -71
2 -70
2 -71
2 -71
2 -71
2 -71
2 -71
2 -71
2 -71
2 -71
2 -63
2 -71
2 -71
2 -71
2 -71
2 -71
2 -70
2 -70
2 -70
2 -70
2 -70
2 -70
2 -70
2 -70
2 -70
2 -70
2 -70
2 -70
2 -70
2 -70
2 -70
2 -70
2 -70
2 -70
2 -70
2 -70
2 -70
2 -70
2 -70
2 -70
2 -71
2 -70
2 -71
2 -71
2 -71
2 -72
2 -72
2 -72
2 -71
2 -71
2 -71
2 -70
2 -70
2 -70
2 -71
2 -71
2 -70
2 -71
2 -70
2 -71
2 -71
2 -71
2 -71
2 -71
2 -72
2 -56
2 -72
2 -72
2 -72
2 -72
2 -63
2 -71
2 -72
2 -71
2 -71
2 -71
2 -71
2 -71
2 -71
2 -71
2 -71
2 -71
2 -71
2 -71
2 -71
2 -71
2 -71
2 -70
2 -70
2 -70
2 -70
2 -70
2 -70
2 -70
2 -70
2 -66
2 -70
2 -70
2 -70
2 -70
2 -70
2 -70
2 -70
2 -70
2 -70
2 -61
2 -70
2 -70
2 -70
2 -70
2 -65
2 -70
2 -70
2 -70
2 -66
2 -70
2 -70
2 -70
2 -67
2 -70
2 -70
2 -70
2 -70
2 -70
2 -71
2 -72
2 -72
2 -72
2 -62
2 -73
2 -73
2 -73
2 -73
2 -73
2 -73
2 -73
2 -73
2 -73
2 -74
2 -73
2 -73
2 -73
2 -73
2 -72
2 -73
2 -73
2 -73
2 -73
2 -73
2 -72
2 -72
2 -71
2 -72
2 -72
3 -72
3 -72
3 -72
3 -72
3 -71
3 -72
3 -72
3 -72
3 -72
3 -72
3 -72
3 -71
3 -72
3 -71
3 -71
3 -71
3 -70
3 -72
3 -71
3 -72
3 -69
3 -72
3 -71
3 -72
3 -72
3 -72
3 -72
3 -64
3 -73
3 -72
3 -72
3 -72
3 -72
3 -71
3 -73
3 -72
3 -73
3 -73
3 -74
3 -74
3 -75
3 -73
3 -73
3 -72
3 -71
3 -72
3 -72
3 -72
3 -72
3 -73
3 -73
3 -73
3 -73
3 -72
3 -73
3 -73
3 -63
3 -73
3 -72
3 -72
3 -72
3 -72
3 -64
3 -72
3 -72
3 -72
3 -72
3 -72
3 -71
3 -72
3 -73
3 -73
3 -73
3 -73
3 -62
3 -73
3 -73
3 -70
3 -65
3 -73
3 -73
3 -73
3 -73
3 -73
3 -72
3 -71
3 -75
3 -74
3 -66
3 -73
3 -68
3 -67
3 -73
3 -73
3 -73
3 -72
3 -72
3 -72
3 -72
3 -72
3 -72
3 -72
3 -72
3 -72
3 -72
3 -72
3 -72
3 -70
3 -72
3 -72
3 -72
3 -73
3 -73
3 -73
3 -74
3 -74
3 -72
3 -73
3 -73
3 -72
3 -72
3 -64
3 -69
3 -73
3 -73
3 -73
3 -73
3 -73
3 -73
3 -72
3 -72
3 -73
3 -73
3 -74
3 -73
3 -74
3 -73
3 -73
3 -72
3 -73
3 -73
3 -74
3 -74
3 -74
3 -74
3 -62
3 -74
3 -75
3 -74
3 -74
3 -74
3 -73
3 -73
3 -73
3 -73
3 -73
3 -73
3 -73
3 -74
3 -73
3 -73
3 -73
3 -73
3 -73
3 -72
3 -73
3 -72
3 -73
3 -73
3 -73
3 -73
3 -73
3 -72
3 -72
3 -72
3 -72
3 -72
3 -72
3 -71
3 -72
3 -72
3 -72
3 -72
3 -72
3 -72
3 -72
3 -73
3 -73
3 -73
3 -72
3 -73
3 -73
3 -73
3 -73
3 -73
3 -73
3 -73
3 -74
3 -73
3 -73
3 -72
3 -73
3 -73
3 -73
3 -73
3 -73
3 -74
3 -74
3 -74
3 -74
3 -74
3 -74
3 -74
3 -74
3 -74
3 -71
3 -74
3 -73
3 -73
3 -73
3 -73
3 -73
3 -73
3 -73
3 -73
3 -73
3 -73
3 -73
3 -72
3 -80
3 -72
3 -72
3 -73
3 -72
3 -72
3 -73
3 -73
3 -72
3 -73
3 -72
3 -72
3 -73
3 -73
3 -72
3 -73
3 -74
3 -74
3 -74
3 -74
3 -74
3 -73
3 -74
3 -73
3 -74
3 -74
3 -74
3 -73
3 -74
3 -73
3 -74
3 -73
3 -74
3 -74
3 -73
3 -74
3 -73
3 -73
3 -73
3 -73
3 -73
3 -73
3 -73
3 -73
3 -73
3 -73
3 -73
3 -73
3 -73
3 -73
3 -73
3 -74
3 -74
3 -74
3 -74
3 -74
3 -75
3 -73
3 -75
3 -71
3 -72
3 -75
3 -75
3 -75
3 -74
3 -75
3 -74
3 -74
3 -74
3 -74
3 -74
3 -74
3 -74
3 -75
3 -75
3 -75
3 -74
3 -75
3 -76
3 -76
3 -76
3 -76
3 -75
3 -74
3 -73
3 -64
3 -73
3 -72
3 -71
3 -72
3 -72
3 -72
3 -72
3 -73
3 -72
3 -73
3 -73
3 -73
3 -73
3 -73
3 -72
3 -72
3 -72
3 -72
3 -72
3 -72
3 -72
3 -72
3 -72
3 -72
3 -72
3 -72
3 -72
3 -72
3 -58
3 -72
3 -72
3 -72
3 -70
3 -57
4 -76
4 -76
4 -76
4 -76
4 -76
4 -76
4 -76
4 -76
4 -76
4 -76
4 -76
4 -76
4 -76
4 -76
4 -76
4 -77
4 -77
4 -66
4 -77
4 -77
4 -77
4 -76
4 -77
4 -76
4 -76
4 -76
4 -76
4 -76
4 -76
4 -76
4 -76
4 -76
4 -76
4 -76
4 -76
4 -76
4 -75
4 -74
4 -76
4 -76
4 -76
4 -78
4 -77
4 -78
4 -73
4 -78
4 -79
4 -75
4 -77
4 -61
4 -77
4 -78
4 -78
4 -75
4 -77
4 -65
4 -78
4 -78
4 -78
4 -78
4 -78
4 -78
4 -78
4 -78
4 -77
4 -77
4 -77
4 -77
4 -78
4 -77
4 -76
4 -76
4 -76
4 -76
4 -76
4 -76
4 -76
4 -76
4 -69
4 -76
4 -75
4 -76
4 -76
4 -76
4 -76
4 -76
4 -76
4 -76
4 -76
4 -76
4 -67
4 -76
4 -76
4 -76
4 -77
4 -76
4 -76
4 -78
4 -78
4 -76
4 -79
4 -78
4 -78
4 -78
4 -78
4 -79
4 -78
4 -78
4 -78
4 -77
4 -77
4 -76
4 -76
4 -84
4 -76
4 -76
4 -76
4 -76
4 -77
4 -77
4 -76
4 -76
4 -76
4 -72
4 -76
4 -76
4 -66
4 -76
4 -76
4 -76
4 -77
4 -77
4 -78
4 -77
4 -77
4 -77
4 -78
4 -78
4 -78
4 -78
4 -77
4 -77
4 -77
4 -77
4 -78
4 -77
4 -78
4 -78
4 -78
4 -78
4 -78
4 -78
4 -78
4 -78
4 -77
4 -77
4 -77
4 -78
4 -77
4 -77
4 -77
4 -77
4 -77
4 -78
4 -78
4 -78
4 -78
4 -78
4 -78
4 -78
4 -78
4 -79
4 -66
4 -78
4 -78
4 -78
4 -79
4 -79
4 -78
4 -79
4 -79
4 -78
4 -78
4 -78
4 -78
4 -78
4 -78
4 -78
4 -78
4 -78
4 -78
4 -77
4 -77
4 -77
4 -77
4 -71
4 -77
4 -77
4 -77
4 -76
4 -77
4 -77
4 -77
4 -77
4 -78
4 -77
4 -77
4 -78
4 -74
4 -78
4 -78
4 -78
4 -78
4 -78
4 -78
4 -78
4 -78
4 -78
4 -78
4 -78
4 -78
4 -63
4 -78
4 -78
4 -78
4 -79
4 -78
4 -78
4 -78
4 -78
4 -72
4 -64
4 -77
4 -78
4 -77
4 -78
4 -77
4 -77
4 -77
4 -78
4 -77
4 -77
4 -77
4 -75
4 -76
4 -77
4 -77
4 -72
4 -77
4 -77
4 -78
4 -78
4 -78
4 -78
4 -78
4 -78
4 -78
4 -77
4 -75
4 -77
4 -73
4 -74
4 -76
4 -76
4 -76
4 -77
4 -76
4 -77
4 -77
4 -76
4 -76
4 -76
4 -77
4 -76
4 -77
4 -77
4 -77
4 -76
4 -77
4 -76
4 -77
4 -76
4 -76
4 -76
4 -64
4 -76
4 -77
4 -75
4 -76
4 -76
4 -76
4 -76
4 -76
4 -76
4 -76
4 -76
4 -77
4 -77
4 -76
4 -76
4 -63
4 -76
4 -76
4 -76
4 -75
4 -76
4 -76
4 -76
4 -76
4 -76
4 -72
4 -76
4 -75
4 -76
4 -76
4 -76
4 -76
4 -76
4 -76
4 -76
4 -76
4 -76
4 -76
4 -76
4 -76
4 -76
5 -86
5 -78
5 -78
5 -78
5 -77
5 -77
5 -77
5 -76
5 -76
5 -77
5 -76
5 -76
5 -75
5 -76
5 -66
5 -76
5 -76
5 -75
5 -75
5 -75
5 -75
5 -76
5 -75
5 -75
5 -75
5 -75
5 -74
5 -74
5 -75
5 -75
5 -75
5 -75
5 -74
5 -74
5 -74
5 -74
5 -74
5 -74
5 -74
5 -74
5 -74
5 -73
5 -73
5 -74
5 -73
5 -73
5 -73
5 -74
5 -73
5 -74
5 -73
5 -74
5 -74
5 -74
5 -74
5 -74
5 -75
5 -75
5 -75
5 -75
5 -74
5 -74
5 -75
5 -75
5 -74
5 -75
5 -74
5 -75
5 -75
5 -75
5 -74
5 -75
5 -75
5 -75
5 -75
5 -75
5 -75
5 -74
5 -71
5 -75
5 -75
5 -74
5 -75
5 -75
5 -75
5 -75
5 -74
5 -75
5 -75
5 -75
5 -75
5 -75
5 -75
5 -75
5 -75
5 -75
5 -75
5 -75
5 -75
5 -75
5 -74
5 -74
5 -74
5 -74
5 -74
5 -74
5 -73
5 -74
5 -74
5 -74
5 -74
5 -74
5 -74
5 -74
5 -74
5 -74
5 -72
5 -74
5 -74
5 -74
5 -75
5 -75
5 -75
5 -75
5 -75
5 -75
5 -75
5 -75
5 -75
5 -75
5 -74
5 -73
5 -73
5 -73
5 -72
5 -72
5 -69
5 -72
5 -72
5 -72
5 -72
5 -72
5 -72
5 -65
5 -72
5 -72
5 -72
5 -72
5 -72
5 -72
5 -73
5 -72
5 -73
5 -73
5 -74
5 -59
5 -73
5 -73
5 -72
5 -73
5 -74
5 -74
5 -74
5 -73
5 -73
5 -73
5 -73
5 -74
5 -74
5 -73
5 -74
5 -74
5 -73
5 -72
5 -73
5 -74
5 -73
5 -73
5 -74
5 -82
5 -74
5 -73
5 -73
5 -74
5 -74
5 -74
5 -74
5 -74
5 -74
5 -74
5 -74
5 -74
5 -77
5 -74
5 -72
5 -74
5 -74
5 -74
5 -74
5 -74
5 -74
5 -72
5 -73
5 -74
5 -74
5 -74
5 -74
5 -74
5 -73
5 -73
5 -73
5 -74
5 -74
5 -73
5 -74
5 -74
5 -73
5 -74
5 -74
5 -73
5 -73
5 -74
5 -74
5 -73
5 -74
5 -74
5 -74
5 -74
5 -74
5 -74
5 -74
5 -74
5 -74
5 -74
5 -74
5 -74
5 -74
5 -74
5 -74
5 -75
5 -74
5 -74
5 -75
5 -74
5 -74
5 -75
5 -75
5 -74
5 -74
5 -74
5 -71
5 -71
5 -73
5 -74
5 -73
5 -64
5 -73
5 -73
5 -70
5 -74
5 -73
5 -74
5 -74
5 -74
5 -73
5 -74
5 -73
5 -73
5 -73
5 -74
5 -74
5 -73
5 -65
5 -73
5 -71
5 -70
5 -74
5 -73
5 -74
5 -74
5 -74
5 -70
5 -74
5 -74
5 -74
5 -73
5 -73
5 -73
5 -73
5 -68
5 -73
5 -73
5 -73
5 -74
5 -73
5 -73
5 -73
5 -73
5 -73
5 -73
5 -73
5 -73
5 -73
5 -73
5 -74
5 -73
5 -73
5 -73
5 -73
5 -73
5 -73
5 -74
5 -74
5 -74
5 -74
5 -74
5 -74
5 -74
5 -74
5 -74
5 -74
5 -74
5 -75
5 -75
5 -75
5 -75
5 -75
5 -75
5 -75
5 -75
5 -75
5 -75
5 -75
5 -75
5 -75
5 -71
5 -75
5 -71
5 -76
5 -76
5 -76
5 -75
5 -76
5 -76
5 -76
5 -75
5 -75
5 -75
5 -75
6 -85
6 -85
6 -86
8 -82
8 -85
8 -84
8 -88
8 -86
8 -85
8 -86
8 -86
8 -71
8 -84
8 -84
8 -84
8 -84
8 -83
8 -83
8 -83
8 -83
8 -83
8 -83
8 -84
8 -84
8 -84
8 -85
8 -87
8 -84
8 -86
8 -86
8 -87
8 -86
8 -85
8 -85
8 -85
8 -84
8 -84
8 -84
8 -84
8 -83
8 -83
8 -75
8 -83
8 -83
8 -83
8 -84
8 -85
8 -80
8 -84
8 -84
8 -81
8 -84
8 -83
8 -83
8 -83
8 -83
8 -83
8 -83
8 -82
8 -83
8 -83
8 -84
8 -84
8 -84
8 -83
8 -76
8 -84
8 -84
8 -83
8 -83
8 -83
8 -84
8 -83
8 -83
8 -84
8 -86
8 -84
8 -84
8 -84
8 -84
8 -83
8 -84
8 -84
8 -85
8 -83
10 -61
10 -83
10 -83
10 -83
10 -83
10 -82
10 -83
10 -83
10 -83
10 -82
10 -83
10 -82
10 -82
10 -82
10 -82
10 -82
10 -83
10 -82
10 -82
10 -82
10 -82
10 -82
10 -83
10 -82
10 -82
10 -82
10 -82
10 -82
10 -82
10 -82
10 -83
10 -82
10 -83
10 -83
10 -83
10 -83
10 -83
10 -83
10 -83
10 -82
10 -82
10 -82
10 -82
10 -82
10 -82
10 -82
10 -83
10 -82
10 -83
10 -80
10 -82
10 -83
10 -83
10 -84
10 -83
10 -84
10 -84
10 -84
10 -84
10 -84
10 -79
10 -77
10 -83
10 -83
10 -73
10 -83
10 -77
10 -82
10 -83
10 -82
10 -82
10 -83
10 -82
10 -82
10 -82
10 -83
10 -82
10 -82
10 -82
10 -82
10 -72
10 -82
10 -82
10 -83
10 -76
10 -83
10 -83
10 -77
10 -84
10 -85
10 -83
10 -81
10 -82
10 -83
10 -84
10 -83
10 -83
10 -83
10 -83
10 -83
10 -83
10 -83
10 -83
10 -82
10 -83
10 -83
10 -83
10 -83
10 -84
10 -83
10 -83
10 -81
10 -83
10 -83
10 -83
10 -83
10 -83
10 -83
10 -82
10 -83
10 -83
10 -82
10 -83
10 -83
10 -82
10 -82
10 -80
10 -82
10 -82
10 -82
10 -82
10 -82
10 -83
10 -82
10 -82
10 -82
10 -82
10 -82
10 -82
10 -79
10 -82
10 -82
10 -82
10 -82
10 -82
10 -60
10 -81
10 -82
10 -82
10 -83
10 -62
10 -82
10 -83
10 -82
10 -83
10 -70
10 -83
10 -83
10 -83
10 -84
10 -83
10 -83
10 -83
10 -83
10 -82
10 -83
10 -83
10 -82
10 -82
10 -82
10 -82
10 -81
10 -82
10 -82
10 -81
10 -81
10 -82
10 -82
10 -81
10 -82
10 -82
10 -81
10 -82
10 -73
10 -64
10 -64
10 -82
10 -83
10 -82
10 -83
10 -82
10 -83
10 -82
10 -83
10 -82
10 -82
10 -82
10 -80
10 -83
10 -82
10 -82
10 -83
10 -83
10 -83
10 -82
10 -82
10 -82
10 -83
10 -83
10 -84
10 -84
10 -84
10 -85
10 -85
10 -84
10 -69
10 -84
10 -83
10 -83
10 -83
10 -83
10 -83
10 -84
10 -83
10 -83
10 -83
10 -84
10 -84
10 -84
10 -84
14 -86
14 -77
14 -86
15 -84
15 -84
15 -84
15 -83
15 -83
15 -82
15 -81
15 -81
15 -80
15 -80
15 -80
15 -79
15 -80
15 -80
15 -79
15 -79
15 -80
15 -79
15 -80
15 -79
15 -79
15 -79
15 -79
15 -80
15 -80
15 -80
15 -80
15 -80
15 -80
15 -79
15 -79
15 -78
15 -78
15 -78
15 -79
15 -78
15 -80
15 -79
15 -80
15 -80
15 -81
15 -80
15 -80
15 -80
15 -80
15 -79
15 -76
15 -79
15 -80
15 -80
15 -79
15 -80
15 -79
15 -80
15 -79
15 -80
15 -80
15 -80
15 -81
15 -75
15 -81
15 -81
15 -81
15 -78
15 -81
15 -82
15 -82
15 -76
15 -83
15 -83
15 -83
15 -81
15 -80
15 -82
15 -82
15 -80
15 -64
15 -73
15 -80
15 -80
15 -71
15 -78
15 -78
15 -79
15 -78
15 -79
15 -79
15 -79
15 -74
15 -79
15 -79
15 -79
15 -78
15 -79
15 -79
15 -79
15 -72
15 -79
15 -78
15 -78
15 -78
15 -76
15 -79
15 -78
15 -79
15 -78
15 -72
15 -79
15 -78
15 -78
15 -78
15 -78
15 -78
15 -76
15 -78
15 -78
15 -78
15 -60
15 -52
15 -79
15 -79
15 -79
15 -79
15 -79
15 -79
15 -79
15 -79
15 -78
15 -80
15 -79
15 -77
15 -80
15 -79
15 -79
15 -79
15 -64
15 -79
15 -79
15 -79
15 -78
15 -79
15 -79
15 -79
15 -79
15 -78
15 -78
15 -78
15 -78
15 -78
15 -78
15 -78
15 -78
15 -79
15 -79
15 -79
15 -78
15 -78
15 -78
15 -79
15 -78
15 -78
15 -79
15 -79
15 -79
15 -78
15 -78
15 -78
15 -79
15 -78
15 -77
15 -78
15 -78
15 -78
15 -76
15 -78
15 -78
15 -78
15 -78
15 -77
15 -78
15 -78
15 -78
15 -78
15 -78
15 -78
15 -78
15 -78
15 -79
15 -78
15 -79
15 -80
15 -79
15 -80
15 -77
15 -80
15 -62
15 -80
15 -80
15 -80
15 -80
15 -80
15 -78
15 -79
15 -80
15 -79
15 -79
15 -79
15 -79
15 -79
15 -79
15 -66
15 -79
15 -79
15 -79
15 -78
15 -78
15 -78
15 -79
15 -78
15 -79
15 -78
15 -78
15 -78
15 -78
15 -78
15 -78
15 -78
15 -78
15 -78
15 -78
15 -78
15 -78
15 -78
15 -78
15 -78
15 -77
15 -78
15 -78
15 -78
15 -78
15 -78
15 -78
15 -78
15 -78
15 -78
15 -78
15 -78
15 -78
15 -78
15 -78
15 -78
15 -73
15 -78
15 -78
15 -78
15 -78
15 -78
15 -79
15 -79
15 -75
15 -79
15 -74
15 -79
15 -79
15 -79
15 -76
15 -80
15 -79
15 -80
15 -79
15 -79
15 -80
15 -80
15 -79
15 -79
15 -80
15 -79
15 -79
15 -79
15 -79
15 -79
15 -80
15 -79
15 -80
15 -80
15 -80
15 -80
15 -80
15 -79
15 -79
15 -80
15 -78
15 -78
15 -78
15 -60
15 -79
15 -78
15 -80
15 -81
15 -63
15 -81
15 -80
15 -80
15 -81
15 -80
15 -80
15 -66
15 -79
15 -80
15 -78
16 -83
16 -82
16 -82
16 -83
16 -66
16 -83
16 -83
16 -82
16 -64
16 -82
16 -82
16 -62
16 -81
16 -79
16 -80
16 -61
16 -80
16 -60
16 -75
16 -81
16 -82
16 -76
16 -81
16 -81
16 -81
16 -80
16 -81
16 -81
16 -81
16 -81
16 -82
16 -82
16 -82
16 -64
16 -82
16 -82
16 -81
16 -60
16 -72
16 -81
16 -81
16 -76
16 -81
16 -81
16 -81
16 -82
16 -82
16 -75
16 -83
16 -83
16 -83
16 -83
16 -79
16 -84
16 -84
16 -83
16 -82
16 -82
16 -81
16 -81
16 -82
16 -82
16 -79
16 -81
16 -81
16 -80
16 -81
16 -81
16 -81
16 -81
16 -81
16 -81
16 -82
16 -83
16 -81
16 -82
16 -82
16 -82
16 -81
16 -81
16 -80
16 -79
16 -78
16 -78
16 -78
16 -78
16 -78
16 -77
16 -77
16 -78
16 -76
16 -78
16 -78
16 -71
16 -79
16 -80
16 -80
16 -80
16 -80
16 -81
16 -80
16 -81
16 -81
16 -81
16 -77
16 -81
16 -80
16 -82
16 -82
16 -82
16 -82
16 -81
16 -82
16 -82
16 -81
16 -78
16 -82
16 -81
16 -81
16 -81
16 -81
16 -81
16 -81
16 -79
16 -82
16 -78
16 -81
16 -82
16 -82
16 -82
16 -81
16 -82
16 -82
16 -82
16 -81
16 -73
16 -82
16 -81
16 -82
16 -80
16 -80
16 -80
16 -80
16 -80
16 -80
16 -81
16 -81
16 -82
16 -82
16 -82
16 -82
16 -83
16 -83
16 -82
16 -84
16 -67
16 -65
16 -83
16 -82
16 -77
16 -83
16 -83
16 -83
16 -67
16 -82
16 -81
16 -64
16 -81
16 -72
16 -81
16 -80
16 -81
16 -81
16 -81
16 -80
16 -81
16 -81
16 -81
16 -81
16 -76
16 -81
16 -80
16 -80
16 -80
16 -80
16 -81
16 -64
16 -80
16 -80
16 -80
16 -79
16 -80
16 -80
16 -73
16 -80
16 -71
16 -80
16 -81
16 -80
16 -80
16 -80
16 -80
16 -80
16 -81
16 -80
16 -81
16 -81
16 -81
16 -81
16 -83
16 -82
16 -82
16 -82
16 -83
16 -80
16 -83
16 -83
16 -83
16 -77
16 -83
16 -83
16 -83
16 -83
16 -83
16 -84
16 -84
16 -84
16 -84
16 -84
16 -83
16 -81
16 -82
16 -82
16 -82
16 -81
16 -80
16 -80
16 -80
16 -80
16 -81
16 -69
16 -80
16 -80
16 -80
16 -80
16 -80
16 -80
16 -80
16 -80
16 -81
16 -80
16 -77
16 -80
16 -64
16 -80
16 -80
17 -84
17 -84
17 -85
17 -86
17 -89
18 -79
18 -75
18 -79
18 -79
18 -78
18 -69
18 -79
18 -78
18 -76
18 -80
18 -79
18 -79
18 -79
18 -57
18 -78
18 -78
18 -79
18 -79
18 -77
18 -77
18 -76
18 -76
18 -77
18 -78
18 -76
18 -77
18 -77
18 -77
18 -77
18 -77
18 -77
18 -77
18 -76
18 -77
18 -76
18 -76
18 -76
18 -76
18 -76
18 -77
18 -77
18 -78
18 -78
18 -78
18 -78
18 -78
18 -78
18 -77
18 -77
18 -77
18 -76
18 -76
18 -76
18 -76
18 -76
18 -77
18 -76
18 -77
18 -76
18 -75
18 -76
18 -77
18 -76
18 -76
18 -77
18 -64
18 -77
18 -77
18 -76
18 -76
18 -77
18 -76
18 -76
18 -70
18 -76
18 -77
18 -76
18 -76
18 -76
18 -76
18 -76
18 -76
18 -76
18 -76
18 -68
18 -77
18 -77
18 -77
18 -76
18 -77
18 -78
18 -77
18 -78
18 -77
18 -77
18 -76
18 -78
18 -78
18 -78
18 -78
18 -78
18 -78
18 -78
18 -78
18 -78
18 -78
18 -78
18 -78
18 -78
18 -78
18 -75
18 -78
18 -78
18 -77
18 -77
18 -76
18 -77
18 -77
18 -77
18 -78
18 -77
18 -77
18 -78
18 -77
18 -77
18 -77
18 -77
18 -78
18 -77
18 -77
18 -77
18 -72
18 -78
18 -78
18 -77
18 -77
18 -77
18 -77
18 -77
18 -76
18 -77
18 -77
18 -77
18 -78
18 -77
18 -77
18 -78
18 -78
18 -78
18 -78
18 -78
18 -78
18 -78
18 -78
18 -71
18 -63
18 -78
18 -79
18 -76
18 -79
18 -78
18 -78
18 -78
18 -78
18 -78
18 -78
18 -78
18 -78
18 -78
18 -78
18 -78
18 -78
18 -78
18 -78
18 -78
18 -78
18 -68
18 -78
18 -78
18 -78
18 -78
18 -68
18 -78
18 -78
18 -78
18 -78
18 -78
18 -75
18 -78
18 -79
18 -78
18 -78
18 -78
18 -78
18 -77
18 -75
18 -78
18 -78
18 -78
18 -77
18 -77
18 -75
18 -78
18 -77
18 -77
18 -64
18 -78
18 -78
18 -78
18 -78
18 -78
18 -78
18 -78
18 -78
18 -78
18 -78
18 -70
18 -78
18 -78
18 -78
18 -78
18 -78
18 -78
18 -78
18 -78
18 -78
18 -78
18 -78
18 -78
18 -76
18 -78
18 -78
18 -78
18 -78
18 -78
18 -64
18 -78
18 -79
18 -78
18 -78
18 -78
18 -79
18 -74
18 -79
18 -79
18 -79
18 -78
18 -78
18 -78
18 -78
18 -78
18 -79
18 -74
18 -78
18 -79
18 -78
18 -78
18 -79
18 -79
18 -78
18 -79
18 -78
18 -78
18 -78
18 -74
18 -78
18 -78
18 -78
18 -78
18 -78
18 -78
18 -78
18 -78
18 -78
18 -78
18 -78
18 -78
18 -78
18 -78
18 -78
18 -78
18 -78
18 -77
18 -78
18 -78
18 -78
18 -78
18 -78
18 -78
18 -78
18 -78
18 -78
18 -77
18 -78
18 -76
18 -78
18 -77
18 -78
18 -78
18 -78
18 -75
18 -80
18 -79
18 -80
18 -79
18 -80
18 -80
18 -80
18 -80
18 -80
18 -81
18 -80
18 -81
18 -81
18 -70
18 -81
18 -80
18 -80
18 -80
18 -80
18 -81
18 -78
18 -80
18 -80
18 -80
18 -75
19 -66
19 -75
19 -75
19 -75
19 -76
19 -76
19 -76
19 -75
19 -76
19 -76
19 -76
19 -77
19 -76
19 -76
19 -77
19 -77
19 -76
19 -76
19 -76
19 -76
19 -76
19 -76
19 -77
19 -77
19 -77
19 -77
19 -65
19 -71
19 -76
19 -46
19 -77
19 -77
19 -77
19 -76
19 -78
19 -78
19 -76
19 -78
19 -77
19 -78
19 -77
19 -76
19 -76
19 -76
19 -76
19 -76
19 -75
19 -74
19 -75
19 -75
19 -75
19 -75
19 -75
19 -75
19 -75
19 -75
19 -75
19 -75
19 -75
19 -75
19 -75
19 -75
19 -75
19 -75
19 -75
19 -75
19 -75
19 -75
19 -75
19 -75
19 -74
19 -75
19 -75
19 -75
19 -75
19 -74
19 -75
19 -75
19 -75
19 -74
19 -74
19 -74
19 -74
19 -74
19 -75
19 -76
19 -76
19 -77
19 -77
19 -77
19 -76
19 -77
19 -77
19 -77
19 -77
19 -77
19 -77
19 -77
19 -77
19 -78
19 -72
19 -77
19 -78
19 -78
19 -77
19 -77
19 -76
19 -76
19 -76
19 -77
19 -77
19 -77
19 -84
19 -73
19 -78
19 -78
19 -78
19 -78
19 -78
19 -77
19 -76
19 -77
19 -76
19 -76
19 -72
19 -76
19 -77
19 -76
19 -76
19 -76
19 -76
19 -76
19 -76
19 -76
19 -76
19 -76
19 -76
19 -76
19 -76
19 -76
19 -76
19 -76
19 -75
19 -75
19 -75
19 -75
19 -44
19 -75
19 -75
19 -75
19 -75
19 -75
19 -74
19 -76
19 -75
19 -76
19 -76
19 -76
19 -75
19 -76
19 -67
19 -76
19 -76
19 -76
19 -76
19 -75
19 -76
19 -76
19 -75
19 -76
19 -75
19 -76
19 -76
19 -75
19 -76
19 -76
19 -75
19 -76
19 -76
19 -76
19 -76
19 -76
19 -77
19 -78
19 -77
19 -78
19 -77
19 -77
19 -77
19 -74
19 -73
19 -76
19 -74
19 -76
19 -76
19 -76
19 -74
19 -75
19 -76
19 -75
19 -76
19 -75
19 -75
19 -75
19 -70
19 -76
19 -76
19 -76
19 -76
19 -76
19 -76
19 -76
19 -76
19 -76
19 -76
19 -76
19 -76
19 -76
19 -76
19 -76
19 -76
19 -76
19 -76
19 -76
19 -76
19 -76
19 -57
19 -76
19 -76
19 -76
19 -77
19 -78
19 -78
19 -79
19 -69
19 -78
19 -78
19 -78
19 -78
19 -78
19 -78
19 -78
19 -78
19 -78
19 -78
19 -77
19 -60
19 -78
19 -78
19 -78
19 -78
19 -59
19 -78
19 -78
19 -77
19 -76
19 -74
19 -77
19 -76
19 -76
19 -77
19 -76
19 -76
19 -77
19 -76
19 -76
19 -76
19 -76
19 -76
19 -76
19 -76
19 -76
19 -76
19 -75
19 -76
19 -76
19 -76
19 -76
19 -76
19 -76
19 -64
19 -77
19 -76
19 -76
19 -76
19 -76
19 -76
19 -77
19 -78
19 -76
19 -76
19 -76
19 -76
19 -77
19 -78
19 -77
19 -78
19 -78
19 -78
19 -77
19 -76
19 -76
19 -76
19 -76
19 -76
19 -76
19 -76
19 -76
19 -76
19 -76
19 -76
19 -76
19 -77
19 -77
19 -77
19 -77
19 -77
20 -73
20 -74
20 -73
20 -73
20 -73
20 -73
20 -73
20 -73
20 -73
20 -73
20 -74
20 -73
20 -73
20 -70
20 -73
20 -73
20 -73
20 -72
20 -73
20 -73
20 -72
20 -72
20 -72
20 -72
20 -72
20 -73
20 -73
20 -70
20 -72
20 -72
20 -72
20 -72
20 -73
20 -73
20 -73
20 -73
20 -72
20 -73
20 -73
20 -73
20 -73
20 -73
20 -73
20 -72
20 -73
20 -72
20 -72
20 -72
20 -72
20 -72
20 -73
20 -73
20 -72
20 -72
20 -72
20 -72
20 -72
20 -72
20 -72
20 -72
20 -72
20 -72
20 -72
20 -72
20 -72
20 -71
20 -72
20 -72
20 -72
20 -72
20 -72
20 -72
20 -72
20 -72
20 -72
20 -72
20 -72
20 -72
20 -72
20 -72
20 -72
20 -72
20 -72
20 -72
20 -72
20 -72
20 -72
20 -73
20 -73
20 -73
20 -72
20 -72
20 -72
20 -72
20 -72
20 -73
20 -72
20 -72
20 -72
20 -72
20 -73
20 -73
20 -72
20 -72
20 -73
20 -72
20 -72
20 -72
20 -73
20 -72
20 -72
20 -72
20 -72
20 -72
20 -72
20 -72
20 -66
20 -72
20 -72
20 -72
20 -72
20 -72
20 -72
20 -72
20 -72
20 -72
20 -72
20 -72
20 -72
20 -72
20 -69
20 -73
20 -73
20 -73
20 -73
20 -73
20 -73
20 -74
20 -73
20 -73
20 -74
20 -73
20 -73
20 -72
20 -64
20 -73
20 -63
20 -72
20 -72
20 -72
20 -72
20 -72
20 -72
20 -72
20 -72
20 -72
20 -72
20 -72
20 -72
20 -72
20 -72
20 -72
20 -71
20 -72
20 -72
20 -71
20 -72
20 -72
20 -72
20 -72
20 -72
20 -69
20 -72
20 -72
20 -72
20 -72
20 -70
20 -72
20 -72
20 -72
20 -72
20 -72
20 -72
20 -71
20 -72
20 -72
20 -72
20 -72
20 -72
20 -72
20 -72
20 -71
20 -72
20 -72
20 -72
20 -72
20 -72
20 -72
20 -72
20 -72
20 -72
20 -72
20 -72
20 -72
20 -72
20 -72
20 -71
20 -72
20 -72
20 -72
20 -72
20 -72
20 -72
20 -72
20 -72
20 -72
20 -72
20 -72
20 -72
20 -72
20 -70
20 -72
20 -72
20 -72
20 -72
20 -71
20 -72
20 -72
20 -72
20 -72
20 -72
20 -72
20 -72
20 -72
20 -72
20 -72
20 -72
20 -70
20 -72
20 -72
20 -72
20 -72
20 -71
20 -72
20 -72
20 -71
20 -71
20 -72
20 -72
20 -72
20 -71
20 -72
20 -72
20 -72
20 -72
20 -72
20 -72
20 -72
20 -72
20 -72
20 -72
20 -72
20 -72
20 -72
20 -72
20 -72
20 -72
20 -72
20 -72
20 -71
20 -72
20 -72
20 -71
20 -72
20 -71
20 -46
20 -73
20 -72
20 -72
20 -72
20 -72
20 -72
20 -71
20 -71
20 -72
20 -72
20 -72
20 -72
20 -72
20 -72
20 -72
20 -72
20 -72
20 -72
20 -72
20 -72
20 -72
20 -72
20 -72
20 -72
20 -72
20 -71
20 -72
20 -71
20 -72
20 -72
20 -72
20 -69
20 -72
20 -72
20 -71
20 -72
20 -72
20 -72
20 -72
20 -72
20 -72
20 -72
20 -72
20 -72
20 -72
20 -72
20 -72
20 -72
20 -70
20 -72
20 -72
20 -72
20 -72
20 -72
20 -72
20 -72
20 -72
20 -73
20 -72
20 -72
20 -73
20 -72
20 -64
20 -74
20 -73
20 -73
20 -74
20 -73
20 -73
20 -73
20 -73
20 -71
20 -73
20 -73
20 -73
20 -73
20 -73
20 -73
20 -74
20 -74
20 -74
20 -73
20 -73
20 -73
21 -76
21 -77
21 -73
21 -76
21 -76
21 -76
21 -76
21 -76
21 -76
21 -76
21 -77
21 -76
21 -76
21 -76
21 -73
21 -77
21 -78
21 -77
21 -78
21 -69
21 -77
21 -75
21 -76
21 -77
21 -77
21 -77
21 -77
21 -76
21 -78
21 -78
21 -78
21 -76
21 -75
21 -75
21 -74
21 -74
21 -73
21 -74
21 -74
21 -75
21 -74
21 -74
21 -69
21 -76
21 -76
21 -70
21 -77
21 -77
21 -77
21 -76
21 -76
21 -76
21 -76
21 -76
21 -62
21 -75
21 -75
21 -75
21 -76
21 -75
21 -76
21 -76
21 -76
21 -76
21 -76
21 -73
21 -76
21 -76
21 -76
21 -76
21 -72
21 -76
21 -76
21 -76
21 -76
21 -76
21 -76
21 -76
21 -76
21 -75
21 -72
21 -76
21 -76
21 -76
21 -76
21 -76
21 -76
21 -75
21 -75
21 -75
21 -75
21 -76
21 -76
21 -76
21 -76
21 -76
21 -76
21 -75
21 -75
21 -75
21 -76
21 -75
21 -76
21 -76
21 -76
21 -76
21 -76
21 -76
21 -76
21 -76
21 -76
21 -63
21 -76
21 -75
21 -75
21 -75
21 -74
21 -72
21 -72
21 -70
21 -69
21 -69
21 -69
21 -68
21 -68
21 -68
21 -68
21 -68
21 -69
21 -67
21 -68
21 -69
21 -68
21 -68
21 -69
21 -69
21 -69
21 -70
21 -70
21 -78
21 -70
21 -70
21 -70
21 -66
21 -70
21 -70
21 -70
21 -70
21 -71
21 -71
21 -72
21 -72
21 -71
21 -72
21 -73
21 -73
21 -72
21 -72
21 -72
21 -72
21 -72
21 -72
21 -72
21 -72
21 -72
21 -72
21 -72
21 -72
21 -72
21 -72
21 -72
21 -72
21 -73
21 -73
21 -74
21 -74
21 -74
21 -75
21 -74
21 -75
21 -74
21 -75
21 -76
21 -75
21 -75
21 -75
21 -70
21 -75
21 -75
21 -75
21 -74
21 -74
21 -74
21 -74
21 -73
21 -73
21 -73
21 -73
21 -72
21 -72
21 -72
21 -72
21 -72
21 -72
21 -68
21 -72
21 -72
21 -70
21 -72
21 -72
21 -73
21 -72
21 -72
21 -73
21 -73
21 -73
21 -73
21 -73
21 -73
21 -73
21 -73
21 -73
21 -72
21 -70
21 -74
21 -74
21 -64
21 -74
21 -74
21 -74
21 -74
21 -75
21 -75
21 -75
21 -75
21 -75
21 -75
21 -74
21 -74
21 -74
21 -74
21 -74
21 -74
21 -74
21 -75
21 -75
21 -74
21 -74
21 -74
21 -73
21 -73
21 -73
21 -73
21 -72
21 -72
21 -71
21 -72
21 -72
21 -71
21 -71
21 -71
21 -71
21 -72
21 -72
21 -72
21 -72
21 -72
21 -71
21 -72
21 -71
21 -72
21 -72
21 -63
21 -72
21 -72
21 -71
21 -72
21 -72
21 -72
21 -72
21 -73
21 -73
21 -73
21 -73
21 -73
21 -73
21 -72
21 -72
21 -73
21 -72
21 -72
21 -72
21 -72
21 -72
21 -72
21 -71
21 -71
21 -71
21 -71
21 -70
21 -71
21 -71
21 -70
21 -70
21 -70
21 -71
21 -71
21 -71
21 -71
21 -71
21 -71
21 -71
21 -71
21 -72
21 -71
21 -72
21 -72
21 -72
21 -72
21 -72
21 -72
21 -72
21 -72
21 -72
21 -72
21 -72
21 -73
21 -73
21 -69
21 -70
21 -68
21 -68
21 -68
21 -70
21 -70
21 -69
21 -70
21 -70
21 -70
21 -70
21 -70
21 -70
21 -70
21 -67
21 -70
21 -70
21 -70
21 -70
21 -70
21 -70
21 -70
21 -70
21 -70
21 -70
21 -70
21 -71
21 -70
21 -69
21 -70
21 -70
21 -70
21 -70
22 -70
22 -70
22 -70
22 -70
22 -70
22 -70
22 -70
22 -69
22 -69
22 -68
22 -68
22 -68
22 -67
22 -67
22 -66
22 -66
22 -66
22 -66
22 -66
22 -66
22 -66
22 -66
22 -66
22 -66
22 -66
22 -66
22 -66
22 -66
22 -66
22 -66
22 -66
22 -66
22 -66
22 -66
22 -66
22 -66
22 -66
22 -67
22 -66
22 -66
22 -65
22 -64
22 -64
22 -64
22 -64
22 -64
22 -64
22 -64
22 -64
22 -64
22 -65
22 -65
22 -65
22 -66
22 -66
22 -67
22 -66
22 -67
22 -66
22 -66
22 -65
22 -65
22 -65
22 -65
22 -66
22 -65
22 -65
22 -66
22 -66
22 -66
22 -66
22 -66
22 -66
22 -66
22 -66
22 -66
22 -66
22 -67
22 -66
22 -66
22 -67
22 -67
22 -67
22 -67
22 -67
22 -67
22 -67
22 -67
22 -68
22 -68
22 -68
22 -70
22 -69
22 -69
22 -69
22 -69
22 -68
22 -67
22 -67
22 -66
22 -66
22 -66
22 -66
22 -66
22 -66
22 -66
22 -66
22 -66
22 -66
22 -66
22 -66
22 -66
22 -65
22 -65
22 -65
22 -65
22 -64
22 -64
22 -64
22 -64
22 -64
22 -64
22 -65
22 -65
22 -65
22 -65
22 -65
22 -64
22 -64
22 -64
22 -64
22 -64
22 -64
22 -64
22 -65
22 -65
22 -65
22 -65
22 -66
22 -66
22 -66
22 -66
22 -66
22 -66
22 -66
22 -66
22 -66
22 -66
22 -66
22 -66
22 -66
22 -66
22 -66
22 -66
22 -63
22 -63
22 -66
22 -66
22 -66
22 -66
22 -66
22 -66
22 -66
22 -66
22 -66
22 -65
22 -65
22 -65
22 -65
22 -64
22 -64
22 -64
22 -64
22 -64
22 -64
22 -63
22 -64
22 -65
22 -65
22 -66
22 -66
22 -66
22 -66
22 -66
22 -66
22 -66
22 -66
22 -66
22 -66
22 -66
22 -66
22 -66
22 -66
22 -66
22 -66
22 -61
22 -66
22 -66
22 -66
22 -65
22 -65
22 -65
22 -65
22 -64
22 -64
22 -64
22 -64
22 -64
22 -64
22 -64
22 -64
22 -64
22 -65
22 -65
22 -65
22 -66
22 -66
22 -66
22 -66
22 -66
22 -66
22 -66
22 -67
22 -67
22 -67
22 -67
22 -67
22 -67
22 -67
22 -67
22 -67
22 -66
22 -66
22 -66
22 -66
22 -66
22 -66
22 -66
22 -66
22 -66
22 -66
22 -66
22 -65
22 -66
22 -66
22 -66
22 -66
22 -66
22 -66
22 -65
22 -66
22 -66
22 -66
22 -66
22 -66
22 -66
22 -66
22 -65
22 -65
22 -65
22 -64
22 -64
22 -63
22 -64
22 -64
22 -64
22 -64
22 -64
22 -64
22 -64
22 -64
22 -64
22 -64
22 -64
22 -64
22 -64
22 -64
22 -64
22 -64
22 -73
22 -64
22 -64
22 -64
22 -65
22 -65
22 -65
22 -65
22 -65
22 -66
22 -66
22 -66
22 -66
22 -65
22 -65
22 -65
22 -65
22 -66
22 -65
22 -66
22 -66
22 -66
22 -66
22 -66
22 -66
22 -66
22 -66
22 -66
22 -66
22 -66
22 -66
22 -66
22 -66
22 -65
22 -65
22 -66
22 -66
22 -66
22 -66
22 -66
22 -66
22 -66
22 -66
22 -66
22 -66
22 -66
22 -66
22 -66
22 -66
22 -65
22 -66
22 -66
22 -66
22 -66
22 -66
22 -66
22 -66
22 -66
22 -66
22 -65
22 -66
22 -65
22 -66
22 -66
22 -66
22 -65
22 -65
22 -65
22 -66
22 -66
22 -66
22 -66
22 -66
22 -66
22 -66
22 -66
22 -66
22 -66
22 -66
22 -66
22 -66
22 -66
22 -66
22 -66
22 -67
22 -66
22 -66
22 -65
22 -66
22 -66
22 -66
22 -67
23 -65
23 -65
23 -65
23 -65
23 -65
23 -64
23 -64
23 -64
23 -64
23 -64
23 -64
23 -64
23 -65
23 -64
23 -64
23 -64
23 -64
23 -64
23 -64
23 -64
23 -61
23 -64
23 -61
23 -64
23 -64
23 -64
23 -64
23 -64
23 -64
23 -64
23 -64
23 -64
23 -64
23 -64
23 -64
23 -64
23 -64
23 -64
23 -64
23 -63
23 -63
23 -63
23 -63
23 -64
23 -64
23 -64
23 -64
23 -64
23 -64
23 -64
23 -64
23 -65
23 -65
23 -64
23 -64
23 -64
23 -64
23 -65
23 -65
23 -64
23 -64
23 -64
23 -64
23 -64
23 -64
23 -64
23 -64
23 -64
23 -64
23 -64
23 -64
23 -64
23 -64
23 -64
23 -64
23 -64
23 -64
23 -64
23 -64
23 -64
23 -64
23 -64
23 -64
23 -64
23 -64
23 -65
23 -65
23 -65
23 -65
23 -64
23 -65
23 -65
23 -64
23 -65
23 -65
23 -65
23 -64
23 -64
23 -64
23 -64
23 -64
23 -64
23 -64
23 -64
23 -64
23 -65
23 -65
23 -64
23 -64
23 -64
23 -64
23 -65
23 -65
23 -64
23 -64
23 -65
23 -65
23 -66
23 -65
23 -65
23 -65
23 -62
23 -64
23 -65
23 -66
23 -66
23 -66
23 -66
23 -66
23 -64
23 -64
23 -64
23 -64
23 -64
23 -64
23 -64
23 -64
23 -64
23 -64
23 -64
23 -64
23 -64
23 -64
23 -64
23 -64
23 -64
23 -65
23 -65
23 -65
23 -64
23 -64
23 -64
23 -64
23 -64
23 -64
23 -64
23 -64
23 -64
23 -64
23 -64
23 -64
23 -64
23 -64
23 -64
23 -64
23 -64
23 -64
23 -64
23 -64
23 -64
23 -64
23 -64
23 -64
23 -64
23 -64
23 -64
23 -64
23 -64
23 -64
23 -64
23 -64
23 -64
23 -64
23 -64
23 -64
23 -64
23 -64
23 -64
23 -64
23 -64
23 -64
23 -64
23 -64
23 -64
23 -64
23 -64
23 -64
23 -64
23 -64
23 -64
23 -64
23 -64
23 -65
23 -65
23 -65
23 -65
23 -65
23 -65
23 -64
23 -65
23 -64
23 -64
23 -64
23 -64
23 -64
23 -64
23 -64
23 -64
23 -64
23 -64
23 -64
23 -64
23 -64
23 -64
23 -64
23 -64
23 -64
23 -64
23 -65
23 -65
23 -61
23 -64
23 -64
23 -64
23 -64
23 -65
23 -64
23 -65
23 -65
23 -65
23 -64
23 -64
23 -64
23 -64
23 -64
23 -64
23 -64
23 -64
23 -64
23 -64
23 -65
23 -65
23 -65
23 -66
23 -66
23 -66
23 -65
23 -65
23 -65
23 -65
23 -64
23 -66
23 -66
23 -66
23 -66
23 -65
23 -65
23 -65
23 -65
23 -64
23 -64
23 -64
23 -64
23 -64
23 -64
23 -65
23 -64
23 -64
23 -64
23 -64
23 -64
23 -64
23 -65
23 -65
23 -65
23 -65
23 -66
23 -66
23 -66
23 -66
23 -66
23 -65
23 -65
23 -65
23 -65
23 -65
23 -65
23 -65
23 -65
23 -65
23 -65
23 -65
23 -65
23 -66
23 -66
23 -65
23 -66
23 -66
23 -66
23 -65
23 -65
23 -65
23 -64
23 -65
23 -64
23 -64
23 -64
23 -65
23 -64
23 -64
23 -73
23 -65
23 -65
23 -66
23 -66
23 -65
23 -64
23 -65
23 -64
23 -64
23 -64
23 -64
23 -64
23 -64
23 -65
23 -65
23 -64
23 -64
23 -64
23 -64
23 -64
23 -64
23 -64
23 -64
23 -64
23 -64
23 -64
23 -64
23 -64
23 -64
23 -64
23 -64
23 -64
23 -64
23 -64
23 -64
23 -63
23 -64
23 -64
23 -61
23 -64
23 -64
23 -64
23 -64
24 -66
24 -66
24 -66
24 -66
24 -66
24 -66
24 -64
24 -65
24 -64
24 -64
24 -64
24 -64
24 -64
24 -64
24 -64
24 -64
24 -65
24 -66
24 -66
24 -66
24 -66
24 -66
24 -66
24 -66
24 -66
24 -66
24 -66
24 -66
24 -65
24 -66
24 -65
24 -64
24 -64
24 -64
24 -65
24 -66
24 -65
24 -66
24 -65
24 -64
24 -64
24 -64
24 -64
24 -64
24 -64
24 -64
24 -64
24 -64
24 -64
24 -64
24 -61
24 -63
24 -64
24 -61
24 -64
24 -64
24 -63
24 -64
24 -64
24 -64
24 -64
24 -64
24 -64
24 -64
24 -64
24 -64
24 -64
24 -58
24 -64
24 -64
24 -64
24 -64
24 -64
24 -64
24 -64
24 -64
24 -64
24 -64
24 -65
24 -64
24 -64
24 -64
24 -66
24 -66
24 -66
24 -67
24 -65
24 -66
24 -66
24 -65
24 -64
24 -64
24 -64
24 -64
24 -64
24 -64
24 -63
24 -64
24 -64
24 -64
24 -63
24 -63
24 -63
24 -63
24 -63
24 -63
24 -63
24 -62
24 -62
24 -62
24 -63
24 -63
24 -63
24 -64
24 -64
24 -64
24 -64
24 -61
24 -64
24 -64
24 -61
24 -64
24 -64
24 -64
24 -64
24 -64
24 -64
24 -64
24 -64
24 -64
24 -63
24 -63
24 -63
24 -63
24 -63
24 -63
24 -63
24 -63
24 -63
24 -64
24 -64
24 -64
24 -64
24 -64
24 -64
24 -63
24 -63
24 -63
24 -64
24 -64
24 -64
24 -64
24 -64
24 -64
24 -64
24 -64
24 -64
24 -64
24 -64
24 -64
24 -64
24 -64
24 -64
24 -64
24 -64
24 -64
24 -64
24 -64
24 -64
24 -63
24 -63
24 -63
24 -63
24 -62
24 -70
24 -62
24 -62
24 -62
24 -62
24 -62
24 -62
24 -62
24 -62
24 -62
24 -62
24 -62
24 -62
24 -62
24 -62
24 -62
24 -62
24 -62
24 -62
24 -62
24 -62
24 -63
24 -63
24 -63
24 -63
24 -63
24 -63
24 -63
24 -63
24 -63
24 -64
24 -63
24 -63
24 -63
24 -62
24 -63
24 -63
24 -64
24 -64
24 -64
24 -64
24 -64
24 -64
24 -65
24 -64
24 -64
24 -64
24 -64
24 -64
24 -64
24 -64
24 -64
24 -64
24 -64
24 -64
24 -64
24 -63
24 -64
24 -64
24 -63
24 -62
24 -62
24 -62
24 -62
24 -62
24 -62
24 -62
24 -62
24 -63
24 -63
24 -62
24 -63
24 -63
24 -63
24 -63
24 -63
24 -64
24 -64
24 -64
24 -64
24 -64
24 -64
24 -64
24 -64
24 -64
24 -62
24 -63
24 -63
24 -64
24 -63
24 -63
24 -63
24 -63
24 -63
24 -63
24 -63
24 -63
24 -63
24 -63
24 -63
24 -63
24 -63
24 -63
24 -64
24 -63
24 -63
24 -63
24 -63
24 -63
24 -63
24 -63
24 -64
24 -64
24 -64
24 -64
24 -64
24 -64
24 -61
24 -65
24 -65
24 -66
24 -66
24 -66
24 -67
24 -67
24 -67
24 -66
24 -66
24 -66
24 -66
24 -66
24 -65
24 -65
24 -65
24 -65
24 -65
24 -66
24 -66
24 -66
24 -67
24 -67
24 -67
24 -67
24 -67
24 -65
24 -62
24 -62
24 -63
24 -63
24 -63
24 -63
24 -61
24 -62
24 -62
24 -58
24 -62
24 -62
24 -62
24 -62
24 -61
24 -61
24 -61
24 -61
24 -61
24 -61
24 -61
24 -61
24 -61
24 -60
24 -54
24 -61
24 -61
24 -61
24 -61
24 -62
24 -62
24 -61
24 -62
24 -62
24 -62
25 -60
25 -60
25 -61
25 -60
25 -60
25 -60
25 -60
25 -60
25 -60
25 -60
25 -60
25 -60
25 -60
25 -60
25 -60
25 -60
25 -60
25 -60
25 -60
25 -60
25 -60
25 -60
25 -60
25 -60
25 -60
25 -60
25 -60
25 -60
25 -60
25 -60
25 -61
25 -61
25 -61
25 -61
25 -61
25 -62
25 -62
25 -61
25 -61
25 -61
25 -61
25 -61
25 -61
25 -61
25 -59
25 -62
25 -62
25 -62
25 -61
25 -61
25 -61
25 -61
25 -60
25 -60
25 -60
25 -60
25 -60
25 -60
25 -60
25 -60
25 -60
25 -60
25 -60
25 -60
25 -60
25 -60
25 -60
25 -60
25 -60
25 -60
25 -60
25 -60
25 -60
25 -60
25 -60
25 -60
25 -60
25 -60
25 -60
25 -60
25 -60
25 -60
25 -60
25 -60
25 -61
25 -60
25 -60
25 -61
25 -61
25 -61
25 -62
25 -62
25 -63
25 -63
25 -62
25 -62
25 -62
25 -62
25 -62
25 -62
25 -62
25 -61
25 -61
25 -61
25 -61
25 -61
25 -62
25 -62
25 -61
25 -61
25 -61
25 -61
25 -60
25 -61
25 -61
25 -60
25 -61
25 -61
25 -61
25 -61
25 -61
25 -61
25 -61
25 -62
25 -62
25 -62
25 -62
25 -63
25 -64
25 -64
25 -61
25 -65
25 -64
25 -64
25 -64
25 -64
25 -63
25 -63
25 -63
25 -62
25 -60
25 -62
25 -64
25 -64
25 -64
25 -64
25 -64
25 -62
25 -63
25 -63
25 -63
25 -63
25 -63
25 -70
25 -63
25 -62
25 -62
25 -63
25 -62
25 -63
25 -63
25 -62
25 -62
25 -62
25 -62
25 -62
25 -62
25 -62
25 -62
25 -62
25 -62
25 -62
25 -62
25 -62
25 -62
25 -62
25 -62
25 -62
25 -62
25 -62
25 -61
25 -61
25 -61
25 -62
25 -62
25 -61
25 -61
25 -69
25 -61
25 -61
25 -61
25 -61
25 -60
25 -60
25 -61
25 -60
25 -60
25 -61
25 -60
25 -60
25 -60
25 -61
25 -61
25 -60
25 -60
25 -61
25 -61
25 -61
25 -61
25 -61
25 -61
25 -61
25 -61
25 -62
25 -62
25 -62
25 -62
25 -62
25 -62
25 -62
25 -62
25 -70
25 -62
25 -62
25 -62
25 -63
25 -62
25 -62
25 -62
25 -62
25 -62
25 -62
25 -62
25 -62
25 -63
25 -62
25 -62
25 -62
25 -66
25 -61
25 -62
25 -61
25 -61
25 -61
25 -61
25 -61
25 -61
25 -62
25 -61
25 -61
25 -61
25 -61
25 -61
25 -61
25 -61
25 -61
25 -60
25 -61
25 -61
25 -61
25 -60
25 -61
25 -60
25 -61
25 -61
25 -61
25 -61
25 -61
25 -61
25 -62
25 -61
25 -62
25 -62
25 -62
25 -63
25 -62
25 -63
25 -63
25 -63
25 -62
25 -62
25 -62
25 -62
25 -62
25 -62
25 -62
25 -62
25 -62
25 -62
25 -62
25 -62
25 -62
25 -63
25 -62
25 -62
25 -62
25 -62
25 -62
25 -62
25 -62
25 -62
25 -62
25 -62
25 -62
25 -62
25 -62
25 -63
25 -62
25 -62
25 -63
25 -63
25 -63
25 -64
25 -64
25 -64
25 -64
25 -64
25 -64
25 -64
25 -64
25 -64
25 -64
25 -64
25 -64
25 -64
25 -64
25 -64
25 -64
25 -64
25 -64
25 -64
25 -64
25 -64
25 -64
25 -64
25 -63
25 -63
25 -63
25 -63
25 -63
25 -63
25 -63
25 -62
25 -62
25 -63
25 -63
25 -63
25 -63
25 -63
25 -63
25 -63
25 -63
25 -63
25 -62
25 -63
25 -63
25 -63
25 -62
25 -62
25 -62
25 -62
25 -62
25 -62
25 -63
25 -63
25 -63
25 -62
25 -63
25 -62
25 -63
25 -63
25 -63
26 -63
26 -64
26 -59
26 -64
26 -64
26 -64
26 -64
26 -64
26 -64
26 -64
26 -64
26 -64
26 -64
26 -64
26 -64
26 -64
26 -65
26 -66
26 -65
26 -64
26 -64
26 -66
26 -65
26 -65
26 -65
26 -65
26 -65
26 -66
26 -66
26 -66
26 -66
26 -67
26 -69
26 -69
26 -70
26 -70
26 -67
26 -64
26 -63
26 -62
26 -63
26 -63
26 -63
26 -60
26 -64
26 -66
26 -67
26 -66
26 -66
26 -66
26 -66
26 -66
26 -66
26 -64
26 -64
26 -64
26 -64
26 -62
26 -62
26 -61
26 -61
26 -61
26 -61
26 -61
26 -61
26 -61
26 -62
26 -62
26 -63
26 -63
26 -70
26 -63
26 -63
26 -63
26 -63
26 -63
26 -63
26 -63
26 -64
26 -64
26 -64
26 -63
26 -62
26 -62
26 -62
26 -62
26 -62
26 -60
26 -60
26 -60
26 -61
26 -60
26 -60
26 -59
26 -59
26 -58
26 -58
26 -57
26 -57
26 -58
26 -58
26 -60
26 -60
26 -60
26 -61
26 -64
26 -64
26 -64
26 -64
26 -65
26 -66
26 -66
26 -65
26 -65
26 -65
26 -66
26 -66
26 -66
26 -66
26 -66
26 -66
26 -65
26 -64
26 -64
26 -64
26 -63
26 -63
26 -62
26 -62
26 -62
26 -61
26 -61
26 -60
26 -59
26 -58
26 -58
26 -57
26 -56
26 -57
26 -57
26 -56
26 -57
26 -58
26 -58
26 -60
26 -60
26 -60
26 -60
26 -60
26 -60
26 -60
26 -60
26 -59
26 -58
26 -58
26 -58
26 -58
26 -58
26 -58
26 -58
26 -59
26 -60
26 -60
26 -60
26 -60
26 -60
26 -60
26 -60
26 -59
26 -58
26 -59
26 -59
26 -59
26 -59
26 -60
26 -59
26 -58
26 -59
26 -59
26 -59
26 -59
26 -59
26 -59
26 -59
26 -59
26 -59
26 -59
26 -59
26 -60
26 -60
26 -60
26 -60
26 -60
26 -60
26 -60
26 -60
26 -61
26 -61
26 -61
26 -61
26 -61
26 -61
26 -61
26 -61
26 -61
26 -61
26 -60
26 -61
26 -60
26 -60
26 -60
26 -60
26 -60
26 -60
26 -59
26 -59
26 -59
26 -59
26 -60
26 -59
26 -59
26 -59
26 -59
26 -59
26 -59
26 -58
26 -58
26 -58
26 -58
26 -58
26 -58
26 -58
26 -58
26 -58
26 -58
26 -60
26 -60
26 -60
26 -60
26 -61
26 -60
26 -61
26 -61
26 -61
26 -61
26 -62
26 -61
26 -60
26 -60
26 -60
26 -60
26 -60
26 -60
26 -62
26 -62
26 -62
26 -62
26 -62
26 -61
26 -61
26 -61
26 -61
26 -60
26 -60
26 -60
26 -60
26 -60
26 -59
26 -60
26 -60
26 -60
26 -60
26 -60
26 -60
26 -60
26 -60
26 -59
26 -59
26 -59
26 -59
26 -60
26 -58
26 -59
26 -60
26 -60
26 -60
26 -60
26 -60
26 -60
26 -60
26 -60
26 -60
26 -60
26 -60
26 -60
26 -60
26 -60
26 -59
26 -59
26 -58
26 -58
26 -58
26 -58
26 -57
26 -57
26 -57
26 -57
26 -56
26 -56
26 -56
26 -56
26 -56
26 -56
26 -56
26 -56
26 -56
26 -56
26 -56
26 -56
26 -56
26 -57
26 -56
26 -57
26 -56
26 -56
26 -57
26 -57
26 -57
26 -57
26 -58
26 -58
26 -59
26 -59
26 -59
26 -59
26 -60
26 -60
26 -59
26 -58
26 -58
26 -58
26 -58
26 -58
26 -58
26 -58
26 -58
26 -57
26 -58
26 -58
26 -58
26 -58
26 -58
26 -58
26 -58
26 -58
26 -58
26 -58
26 -58
26 -58
26 -66
26 -58
26 -58
26 -58
26 -58
26 -58
26 -58
26 -58
26 -58
26 -58
27 -61
27 -61
27 -61
27 -61
27 -61
27 -61
27 -61
27 -61
27 -61
27 -61
27 -61
27 -61
27 -61
27 -61
27 -61
27 -61
27 -61
27 -61
27 -62
27 -62
27 -63
27 -62
27 -62
27 -62
27 -62
27 -62
27 -62
27 -62
27 -62
27 -62
27 -62
27 -62
27 -62
27 -62
27 -62
27 -62
27 -62
27 -62
27 -62
27 -62
27 -62
27 -62
27 -62
27 -62
27 -63
27 -62
27 -62
27 -62
27 -62
27 -62
27 -62
27 -62
27 -62
27 -62
27 -62
27 -62
27 -62
27 -62
27 -62
27 -62
27 -62
27 -62
27 -63
27 -63
27 -63
27 -63
27 -62
27 -62
27 -62
27 -62
27 -62
27 -62
27 -62
27 -62
27 -62
27 -62
27 -62
27 -62
27 -62
27 -61
27 -62
27 -62
27 -62
27 -62
27 -62
27 -62
27 -62
27 -62
27 -62
27 -62
27 -62
27 -62
27 -62
27 -62
27 -62
27 -62
27 -48
27 -62
27 -62
27 -62
27 -62
27 -62
27 -62
27 -62
27 -62
27 -62
27 -62
27 -61
27 -61
27 -61
27 -61
27 -61
27 -61
27 -61
27 -61
27 -61
27 -61
27 -61
27 -61
27 -61
27 -61
27 -61
27 -61
27 -61
27 -61
27 -62
27 -62
27 -62
27 -62
27 -62
27 -62
27 -62
27 -63
27 -63
27 -63
27 -64
27 -65
27 -66
27 -67
27 -66
27 -66
27 -65
27 -64
27 -65
27 -66
27 -66
27 -66
27 -66
27 -66
27 -66
27 -66
27 -66
27 -66
27 -66
27 -65
27 -65
27 -65
27 -64
27 -64
27 -64
27 -64
27 -64
27 -64
27 -64
27 -64
27 -64
27 -64
27 -64
27 -64
27 -64
27 -64
27 -63
27 -63
27 -63
27 -63
27 -63
27 -63
27 -63
27 -63
27 -63
27 -63
27 -63
27 -63
27 -63
27 -63
27 -63
27 -63
27 -63
27 -62
27 -62
27 -62
27 -62
27 -62
27 -62
27 -62
27 -62
27 -62
27 -61
27 -62
27 -61
27 -61
27 -62
27 -62
27 -62
27 -62
27 -58
27 -62
27 -62
27 -63
27 -63
27 -63
27 -63
27 -61
27 -62
27 -63
27 -63
27 -63
27 -63
27 -63
27 -63
27 -63
27 -63
27 -63
27 -63
27 -63
27 -63
27 -63
27 -62
27 -63
27 -63
27 -63
27 -62
27 -62
27 -62
27 -63
27 -63
27 -63
27 -62
27 -62
27 -62
27 -62
27 -62
27 -62
27 -62
27 -62
27 -62
27 -62
27 -62
27 -62
27 -62
27 -62
27 -62
27 -62
27 -59
27 -62
27 -62
27 -62
27 -62
27 -61
27 -62
27 -62
27 -62
27 -62
27 -62
27 -62
27 -62
27 -63
27 -63
27 -63
27 -63
27 -63
27 -63
27 -63
27 -63
27 -64
27 -64
27 -64
27 -63
27 -63
27 -63
27 -63
27 -64
27 -63
27 -63
27 -64
27 -63
27 -64
27 -63
27 -63
27 -63
27 -63
27 -63
27 -63
27 -63
27 -63
27 -62
27 -63
27 -63
27 -63
27 -63
27 -63
27 -63
27 -63
27 -63
27 -63
27 -63
27 -63
27 -63
27 -63
27 -63
27 -63
27 -63
27 -63
27 -63
27 -63
27 -63
27 -63
27 -63
27 -63
27 -63
27 -63
27 -63
27 -63
27 -63
27 -63
27 -63
27 -63
27 -61
27 -63
27 -63
27 -63
27 -64
27 -64
27 -64
27 -63
27 -63
27 -63
27 -63
27 -63
27 -62
27 -63
27 -63
27 -63
27 -63
27 -63
27 -63
27 -63
27 -63
27 -63
27 -63
27 -62
27 -63
27 -62
27 -63
27 -63
27 -63
27 -63
27 -63
27 -63
27 -63
27 -62
27 -63
27 -63
27 -63
27 -63
28 -70
28 -70
28 -70
28 -70
28 -70
28 -70
28 -70
28 -70
28 -70
28 -70
28 -70
28 -70
28 -71
28 -70
28 -70
28 -69
28 -70
28 -70
28 -70
28 -69
28 -70
28 -70
28 -69
28 -70
28 -70
28 -70
28 -70
28 -70
28 -69
28 -69
28 -70
28 -69
28 -69
28 -69
28 -69
28 -69
28 -68
28 -69
28 -69
28 -69
28 -69
28 -69
28 -69
28 -69
28 -69
28 -69
28 -69
28 -69
28 -69
28 -69
28 -69
28 -69
28 -69
28 -69
28 -69
28 -69
28 -69
28 -69
28 -69
28 -69
28 -69
28 -69
28 -70
28 -70
28 -69
28 -70
28 -70
28 -70
28 -70
28 -69
28 -69
28 -70
28 -69
28 -70
28 -69
28 -70
28 -70
28 -69
28 -69
28 -69
28 -69
28 -70
28 -69
28 -69
28 -69
28 -69
28 -69
28 -70
28 -69
28 -69
28 -69
28 -69
28 -69
28 -69
28 -69
28 -69
28 -69
28 -70
28 -69
28 -70
28 -70
28 -70
28 -70
28 -69
28 -69
28 -69
28 -69
28 -69
28 -69
28 -64
28 -69
28 -69
28 -69
28 -69
28 -69
28 -69
28 -69
28 -69
28 -69
28 -69
28 -69
28 -69
28 -69
28 -70
28 -70
28 -70
28 -70
28 -69
28 -69
28 -69
28 -69
28 -69
28 -69
28 -69
28 -69
28 -69
28 -69
28 -69
28 -69
28 -69
28 -69
28 -69
28 -69
28 -69
28 -69
28 -69
28 -69
28 -69
28 -69
28 -70
28 -70
28 -69
28 -69
28 -69
28 -70
28 -70
28 -70
28 -69
28 -69
28 -75
28 -69
28 -70
28 -69
28 -69
28 -70
28 -69
28 -70
28 -66
28 -69
28 -70
28 -70
28 -71
28 -70
28 -78
28 -70
28 -70
28 -70
28 -70
28 -70
28 -70
28 -70
28 -70
28 -70
28 -70
28 -70
28 -70
28 -70
28 -70
28 -70
28 -70
28 -70
28 -70
28 -70
28 -70
28 -70
28 -70
28 -70
28 -70
28 -69
28 -70
28 -70
28 -70
28 -70
28 -70
28 -70
28 -70
28 -70
28 -77
28 -69
28 -70
28 -70
28 -69
28 -70
28 -70
28 -70
28 -69
28 -70
28 -70
28 -61
28 -70
28 -69
28 -69
28 -69
28 -70
28 -70
28 -68
28 -69
28 -70
28 -60
28 -69
28 -70
28 -70
28 -70
28 -70
28 -70
28 -70
28 -70
28 -70
28 -70
28 -70
28 -70
28 -70
28 -70
28 -70
28 -70
28 -70
28 -63
28 -70
28 -70
28 -69
28 -70
28 -70
28 -70
28 -70
28 -70
28 -70
28 -70
28 -70
28 -70
28 -69
28 -70
28 -69
28 -70
28 -70
28 -70
28 -70
28 -70
28 -70
28 -70
28 -70
28 -70
28 -70
28 -70
28 -70
28 -70
28 -70
28 -69
28 -70
28 -70
28 -70
28 -70
28 -70
28 -70
28 -70
28 -70
28 -68
28 -70
28 -70
28 -67
28 -56
28 -70
28 -70
28 -70
28 -70
28 -70
28 -70
28 -69
28 -52
28 -69
28 -70
28 -70
28 -69
28 -70
28 -70
28 -69
28 -70
28 -70
28 -69
28 -69
28 -70
28 -70
28 -70
28 -69
28 -69
28 -66
28 -68
28 -70
28 -70
28 -70
28 -70
28 -70
28 -70
28 -70
28 -70
28 -70
28 -70
28 -70
28 -70
28 -70
28 -70
28 -70
28 -70
28 -70
28 -70
28 -70
28 -70
28 -70
28 -70
28 -70
28 -70
28 -70
28 -70
28 -70
28 -70
28 -70
28 -70
28 -70
28 -64
29 -76
29 -77
29 -77
29 -77
29 -76
29 -77
29 -77
29 -76
29 -76
29 -77
29 -77
29 -76
29 -76
29 -74
29 -75
29 -74
29 -76
29 -76
29 -76
29 -76
29 -76
29 -76
29 -76
29 -76
29 -76
29 -75
29 -74
29 -75
29 -75
29 -75
29 -75
29 -75
29 -75
29 -75
29 -75
29 -75
29 -75
29 -75
29 -75
29 -75
29 -75
29 -75
29 -75
29 -75
29 -75
29 -75
29 -74
29 -74
29 -74
29 -74
29 -75
29 -76
29 -76
29 -76
29 -76
29 -76
29 -76
29 -76
29 -76
29 -76
29 -76
29 -76
29 -75
29 -75
29 -75
29 -64
29 -75
29 -74
29 -75
29 -74
29 -75
29 -75
29 -75
29 -75
29 -73
29 -75
29 -75
29 -75
29 -75
29 -75
29 -74
29 -74
29 -74
29 -75
29 -75
29 -75
29 -75
29 -75
29 -75
29 -63
29 -76
29 -76
29 -76
29 -72
29 -74
29 -75
29 -75
29 -75
29 -76
29 -75
29 -75
29 -74
29 -74
29 -73
29 -73
29 -72
29 -72
29 -72
29 -72
29 -71
29 -72
29 -72
29 -72
29 -73
29 -73
29 -64
29 -73
29 -72
29 -72
29 -72
29 -73
29 -72
29 -72
29 -73
29 -74
29 -73
29 -73
29 -73
29 -74
29 -73
29 -73
29 -74
29 -74
29 -74
29 -73
29 -75
29 -74
29 -74
29 -75
29 -75
29 -75
29 -74
29 -74
29 -74
29 -75
29 -74
29 -65
29 -75
29 -74
29 -72
29 -75
29 -75
29 -75
29 -75
29 -75
29 -75
29 -76
29 -76
29 -76
29 -76
29 -76
29 -76
29 -71
29 -77
29 -76
29 -77
29 -77
29 -77
29 -76
29 -77
29 -77
29 -77
29 -77
29 -76
29 -76
29 -76
29 -76
29 -76
29 -76
29 -76
29 -73
29 -75
29 -76
29 -75
29 -75
29 -72
29 -75
29 -76
29 -75
29 -75
29 -75
29 -75
29 -75
29 -76
29 -75
29 -76
29 -75
29 -76
29 -76
29 -76
29 -76
29 -76
29 -76
29 -76
29 -76
29 -76
29 -76
29 -76
29 -76
29 -77
29 -76
29 -78
29 -76
29 -78
29 -78
29 -78
29 -78
29 -78
29 -78
29 -78
29 -77
29 -77
29 -76
29 -76
29 -77
29 -76
29 -76
29 -74
29 -76
29 -76
29 -76
29 -76
29 -76
29 -76
29 -76
29 -76
29 -76
29 -76
29 -76
29 -76
29 -74
29 -76
29 -76
29 -77
29 -76
29 -76
29 -76
29 -76
29 -74
29 -72
29 -76
29 -76
29 -76
29 -75
29 -74
29 -75
29 -75
29 -75
29 -75
29 -74
29 -75
29 -74
29 -74
29 -74
29 -74
29 -74
29 -70
29 -73
29 -73
29 -74
29 -74
29 -70
29 -66
29 -74
29 -66
29 -74
29 -75
29 -75
29 -75
29 -76
29 -75
29 -76
29 -75
29 -74
29 -75
29 -74
29 -75
29 -76
29 -76
29 -76
29 -75
29 -76
29 -75
29 -76
29 -70
29 -76
29 -76
29 -76
29 -76
29 -76
29 -76
29 -76
29 -76
29 -75
29 -76
29 -76
29 -76
29 -76
29 -72
29 -75
29 -75
30 -85
30 -85
30 -85
30 -84
30 -84
30 -84
30 -84
30 -84
30 -84
30 -84
30 -72
30 -84
30 -84
30 -85
30 -86
30 -86
30 -84
30 -84
30 -85
30 -85
30 -84
30 -84
30 -84
30 -84
30 -84
30 -83
30 -83
30 -82
30 -61
30 -81
30 -81
30 -80
30 -80
30 -80
30 -80
30 -67
30 -80
30 -82
30 -81
30 -66
30 -82
30 -81
30 -81
30 -80
30 -81
30 -80
30 -81
30 -81
30 -81
30 -82
30 -82
30 -82
30 -82
30 -82
30 -82
30 -83
30 -83
30 -84
30 -83
30 -82
30 -82
30 -79
30 -81
30 -81
30 -81
30 -79
30 -71
30 -82
30 -83
30 -83
30 -84
30 -83
30 -84
30 -84
30 -83
30 -84
30 -84
30 -83
30 -83
30 -82
30 -82
30 -82
30 -82
30 -82
30 -81
30 -78
30 -81
30 -81
30 -81
30 -80
30 -80
30 -81
30 -81
30 -67
30 -81
30 -81
30 -81
30 -81
30 -82
30 -58
30 -82
30 -82
30 -83
30 -82
30 -83
30 -83
30 -83
30 -82
30 -82
30 -83
30 -66
30 -83
30 -82
30 -83
30 -83
30 -83
30 -83
30 -82
30 -83
30 -84
30 -82
30 -83
30 -83
30 -81
30 -82
30 -82
30 -82
30 -81
30 -81
30 -80
30 -80
30 -80
30 -80
30 -80
30 -80
30 -81
30 -78
30 -81
30 -80
30 -80
30 -77
30 -79
30 -79
30 -81
30 -81
30 -81
30 -81
30 -81
30 -82
30 -82
30 -81
30 -81
30 -81
30 -81
30 -80
30 -81
30 -80
30 -81
30 -81
30 -80
30 -79
30 -80
30 -81
30 -81
30 -81
30 -81
30 -81
30 -81
30 -81
30 -81
30 -81
30 -81
30 -80
30 -81
30 -80
30 -80
30 -80
30 -81
30 -81
30 -81
30 -82
30 -83
30 -82
30 -83
30 -82
30 -79
30 -83
30 -82
30 -82
30 -81
30 -80
30 -78
30 -79
30 -78
30 -78
30 -78
30 -77
30 -77
30 -77
30 -78
30 -77
30 -78
30 -78
30 -78
30 -78
30 -78
30 -78
30 -78
30 -78
30 -78
30 -78
30 -78
30 -77
30 -78
30 -78
30 -78
30 -74
30 -78
30 -77
30 -78
30 -77
30 -78
31 -83
31 -83
31 -82
31 -81
31 -81
31 -83
31 -83
31 -83
31 -83
31 -83
31 -84
31 -84
31 -83
31 -83
31 -81
31 -79
31 -78
31 -79
31 -79
31 -79
31 -79
31 -70
31 -79
31 -78
31 -78
31 -79
31 -78
31 -78
31 -70
31 -79
31 -79
31 -79
31 -79
31 -79
31 -79
31 -79
31 -80
31 -80
31 -80
31 -80
31 -81
31 -80
31 -81
31 -76
31 -81
31 -80
31 -80
31 -80
31 -83
31 -84
31 -85
31 -85
31 -84
31 -84
31 -83
31 -66
31 -84
31 -83
31 -83
31 -84
31 -83
31 -82
31 -83
31 -82
31 -82
31 -82
31 -83
31 -83
31 -83
31 -81
31 -81
31 -74
31 -80
31 -83
31 -82
31 -82
31 -82
31 -82
31 -82
31 -81
31 -81
31 -80
31 -80
31 -78
31 -79
31 -80
31 -80
31 -80
31 -80
31 -79
31 -80
31 -79
31 -79
31 -79
31 -80
31 -80
31 -79
31 -76
31 -79
31 -78
31 -79
31 -79
31 -78
31 -76
31 -77
31 -78
31 -76
31 -78
31 -78
31 -78
31 -79
31 -78
31 -73
31 -78
31 -79
31 -79
31 -79
31 -79
31 -79
31 -70
31 -79
31 -79
31 -79
31 -79
31 -78
31 -79
31 -80
31 -79
31 -80
31 -80
31 -80
31 -80
31 -80
31 -80
31 -80
31 -81
31 -81
31 -80
31 -80
31 -80
31 -80
31 -80
31 -80
31 -81
31 -81
31 -82
31 -81
31 -81
31 -78
31 -81
31 -81
31 -81
31 -81
31 -73
31 -81
31 -73
31 -79
31 -80
31 -79
31 -79
31 -79
31 -79
31 -80
31 -80
31 -80
31 -80
31 -79
31 -80
31 -80
31 -80
31 -81
31 -80
31 -81
31 -80
31 -80
31 -82
31 -82
31 -80
31 -81
31 -81
31 -81
31 -81
31 -81
31 -81
31 -81
31 -81
31 -74
31 -79
31 -80
31 -81
31 -81
31 -81
31 -81
31 -82
31 -82
31 -81
31 -81
31 -70
31 -82
31 -82
31 -83
31 -83
31 -83
31 -83
31 -82
31 -81
31 -81
31 -81
31 -80
31 -81
31 -81
31 -81
31 -80
31 -80
31 -81
31 -82
31 -82
31 -83
31 -82
31 -75
31 -83
31 -82
31 -82
31 -81
31 -81
31 -79
31 -80
31 -78
31 -78
31 -78
31 -78
31 -78
31 -78
31 -78
31 -78
31 -76
31 -78
31 -78
31 -76
31 -78
31 -78
31 -78
31 -78
31 -73
31 -78
31 -78
31 -79
31 -78
31 -79
31 -79
31 -78
31 -78
32 -85
32 -85
32 -68
32 -85
32 -85
32 -84
32 -85
33 -87
33 -87
33 -86
33 -85
33 -85
33 -86
33 -85
33 -85
33 -86
33 -84
33 -85
33 -84
33 -84
33 -84
33 -84
33 -84
33 -84
33 -84
33 -84
33 -85
33 -85
33 -66
33 -84
33 -84
33 -84
33 -84
33 -85
33 -84
33 -84
33 -83
33 -84
33 -85
33 -84
33 -85
33 -42
33 -84
33 -84
33 -84
33 -84
33 -84
33 -83
33 -83
33 -81
33 -83
33 -83
33 -85
33 -72
33 -85
33 -85
33 -84
33 -84
33 -84
33 -84
33 -84
33 -84
33 -84
33 -83
33 -83
33 -83
33 -83
33 -83
33 -80
33 -83
33 -83
33 -83
33 -83
33 -84
33 -84
33 -84
33 -83
33 -83
33 -83
33 -84
33 -62
33 -85
33 -79
33 -84
33 -86
33 -78
33 -72
33 -85
33 -62
33 -84
33 -85
33 -86
33 -86
33 -86
33 -85
35 -76
35 -77
35 -74
36 -81
36 -80
36 -81
36 -66
36 -80
36 -80
36 -80
36 -81
36 -80
36 -81
36 -81
36 -81
36 -81
36 -79
36 -79
36 -79
36 -80
36 -80
36 -79
36 -80
36 -79
36 -79
36 -79
36 -79
36 -79
36 -79
36 -77
36 -79
36 -79
36 -79
36 -79
36 -77
36 -79
36 -79
36 -79
36 -80
36 -79
36 -80
36 -80
36 -80
36 -80
36 -80
36 -80
36 -79
36 -80
36 -79
36 -80
36 -80
36 -80
36 -80
36 -66
36 -81
36 -80
36 -80
36 -80
36 -77
36 -60
36 -80
36 -80
36 -80
36 -80
36 -79
36 -80
36 -80
36 -80
36 -80
36 -80
36 -80
36 -80
36 -78
36 -79
36 -80
36 -80
36 -79
36 -76
36 -79
36 -79
36 -78
36 -79
36 -79
36 -79
36 -79
36 -79
36 -79
36 -79
36 -80
36 -79
36 -79
36 -80
36 -80
36 -80
36 -81
36 -77
36 -81
36 -82
36 -82
36 -83
36 -83
36 -83
36 -76
36 -84
36 -85
36 -84
36 -84
36 -83
36 -83
36 -79
36 -83
36 -83
36 -82
36 -82
36 -82
36 -82
36 -81
36 -82
36 -81
36 -81
36 -81
36 -81
36 -82
36 -82
36 -75
36 -75
36 -82
36 -83
36 -83
36 -82
36 -83
36 -82
36 -82
36 -82
36 -82
36 -81
36 -81
36 -80
36 -81
36 -80
36 -81
36 -80
36 -81
36 -80
36 -80
36 -66
36 -80
36 -81
36 -81
36 -81
36 -81
36 -82
36 -81
36 -82
36 -82
36 -82
36 -83
36 -83
36 -82
36 -82
36 -82
36 -81
36 -81
36 -81
36 -81
36 -81
36 -80
36 -81
36 -81
36 -81
36 -81
36 -81
36 -81
36 -81
36 -81
36 -81
36 -81
36 -75
36 -80
36 -80
36 -81
36 -81
36 -81
36 -82
36 -80
36 -81
36 -79
36 -80
36 -80
36 -80
36 -81
36 -81
36 -78
36 -82
36 -81
36 -82
36 -82
36 -76
36 -82
36 -82
36 -83
36 -83
36 -77
36 -83
36 -83
36 -82
36 -82
36 -82
36 -79
36 -82
36 -81
36 -82
36 -81
36 -81
36 -81
36 -81
36 -81
36 -81
36 -81
36 -82
36 -82
36 -81
36 -81
36 -81
36 -82
36 -82
36 -82
36 -82
36 -82
36 -82
36 -82
36 -81
36 -82
36 -82
36 -80
36 -79
36 -81
36 -79
36 -81
36 -81
36 -80
36 -81
36 -81
36 -81
36 -83
36 -83
36 -83
36 -83
36 -85
36 -86
36 -86
40 -84
40 -84
40 -84
40 -84
40 -83
40 -83
40 -83
40 -70
40 -83
40 -82
40 -82
40 -82
40 -82
40 -83
40 -82
40 -83
40 -78
40 -83
40 -82
40 -78
40 -81
40 -81
40 -81
40 -81
40 -81
40 -81
40 -82
40 -82
40 -81
40 -82
40 -81
40 -81
40 -82
40 -83
40 -83
40 -83
40 -83
40 -82
40 -83
40 -83
40 -83
40 -82
40 -83
40 -83
40 -83
40 -83
40 -84
40 -83
40 -83
40 -79
40 -84
40 -83
40 -83
40 -83
40 -82
40 -82
40 -82
40 -82
40 -82
40 -80
40 -81
40 -81
40 -80
40 -81
40 -79
40 -81
40 -81
40 -81
40 -81
40 -81
40 -81
40 -80
40 -81
40 -81
40 -80
40 -81
40 -81
40 -82
40 -81
40 -72
40 -65
40 -83
40 -83
40 -83
40 -83
40 -83
40 -82
40 -78
40 -82
40 -80
40 -79
40 -78
40 -81
40 -81
40 -81
40 -81
40 -81
40 -81
40 -81
40 -79
40 -72
40 -80
40 -80
40 -77
40 -72
40 -81
40 -80
40 -80
40 -80
40 -79
40 -60
40 -80
40 -80
40 -81
40 -83
40 -82
40 -82
40 -83
40 -83
40 -83
40 -83
40 -83
40 -83
40 -83
40 -82
40 -83
40 -83
40 -82
40 -83
40 -66
40 -83
40 -83
40 -82
40 -82
40 -82
40 -83
40 -79
40 -83
40 -83
40 -82
40 -82
40 -83
40 -83
40 -73
40 -83
40 -83
40 -83
40 -82
40 -82
40 -83
40 -83
40 -82
40 -83
40 -83
40 -83
40 -83
40 -83
40 -62
40 -83
40 -82
40 -83
40 -64
40 -83
40 -83
40 -83
40 -81
40 -83
40 -83
40 -83
40 -83
40 -83
40 -83
40 -83
40 -83
40 -83
40 -82
40 -83
40 -83
40 -82
40 -82
40 -83
40 -83
40 -82
40 -83
40 -82
40 -82
40 -83
40 -83
40 -83
40 -83
40 -82
40 -83
40 -83
40 -83
40 -83
40 -83
40 -82
40 -82
40 -83
40 -83
40 -82
40 -81
40 -82
40 -82
40 -82
40 -82
40 -82
40 -73
40 -82
40 -82
40 -82
40 -82
40 -82
40 -81
40 -82
40 -82
40 -66
40 -81
40 -81
40 -81
40 -81
40 -82
40 -82
40 -82
40 -82
40 -82
40 -82
40 -83
40 -83
40 -83
40 -82
40 -82
40 -80
40 -81
40 -81
40 -82
40 -82
40 -82
40 -82
40 -83
40 -82
40 -82
40 -82
40 -82
40 -82
40 -81
40 -82
40 -82
40 -82
40 -82
40 -82
40 -75
40 -82
40 -81
40 -82
40 -82
40 -82
42 -85
42 -84
42 -83
42 -83
42 -82
42 -82
42 -82
42 -77
42 -81
42 -80
42 -81
42 -81
42 -76
42 -83
42 -79
42 -82
42 -82
42 -82
42 -82
42 -82
42 -82
42 -82
42 -80
42 -80
42 -80
42 -80
42 -81
42 -59
42 -80
42 -81
42 -81
42 -81
42 -80
42 -79
42 -80
42 -80
42 -64
42 -80
42 -74
42 -78
42 -78
42 -79
42 -78
42 -78
42 -79
42 -79
42 -79
42 -80
42 -80
42 -81
42 -80
42 -81
42 -81
42 -81
42 -80
42 -81
42 -70
42 -79
42 -80
42 -76
42 -60
42 -79
42 -81
42 -80
42 -80
42 -81
42 -72
42 -82
42 -82
42 -82
42 -82
42 -81
42 -81
42 -69
42 -81
42 -81
42 -82
42 -82
42 -82
42 -82
42 -82
42 -81
42 -81
42 -81
42 -80
42 -79
42 -76
42 -80
42 -79
42 -78
42 -78
42 -78
42 -78
42 -77
42 -64
42 -78
42 -78
42 -78
42 -77
42 -78
42 -77
42 -77
42 -78
42 -77
42 -71
42 -78
42 -78
42 -78
42 -78
42 -72
42 -78
42 -79
42 -78
42 -79
42 -79
42 -62
42 -79
42 -79
42 -79
42 -79
42 -79
42 -79
42 -77
42 -79
42 -79
42 -79
42 -79
42 -78
42 -78
42 -78
42 -78
42 -78
42 -78
42 -78
42 -78
42 -78
42 -77
42 -78
42 -78
42 -78
42 -78
42 -79
42 -79
42 -79
42 -79
42 -80
42 -80
42 -48
42 -80
42 -81
42 -80
42 -81
42 -80
42 -77
42 -80
42 -80
42 -77
42 -80
42 -79
42 -80
42 -79
42 -79
42 -79
42 -64
42 -79
42 -78
42 -71
42 -79
42 -77
42 -78
42 -78
42 -78
42 -72
42 -79
42 -79
42 -79
42 -79
42 -79
42 -80
42 -79
42 -79
42 -79
42 -79
42 -79
42 -79
42 -79
42 -79
42 -79
42 -79
42 -79
42 -80
42 -80
42 -80
42 -80
42 -79
42 -79
42 -80
42 -77
42 -80
42 -80
42 -79
42 -76
42 -80
42 -80
42 -79
42 -79
42 -79
42 -80
42 -79
42 -79
42 -78
42 -79
42 -79
42 -78
42 -78
42 -79
42 -79
42 -76
42 -79
42 -77
42 -77
42 -78
42 -78
42 -79
42 -87
42 -78
42 -78
42 -78
42 -76
42 -78
42 -78
42 -79
42 -79
42 -78
42 -79
42 -79
42 -79
42 -79
42 -79
42 -79
42 -80
42 -76
42 -78
42 -79
42 -79
42 -78
42 -79
42 -78
42 -79
42 -79
42 -79
42 -78
42 -78
42 -78
42 -78
42 -78
42 -78
42 -77
42 -78
42 -78
42 -78
42 -78
42 -79
42 -79
42 -79
42 -80
42 -79
42 -80
42 -79
42 -68
42 -79
42 -79
42 -78
42 -78
42 -74
42 -78
42 -78
42 -78
42 -78
42 -78
42 -78
42 -78
42 -78
42 -78
42 -78
42 -78
42 -78
42 -78
42 -78
42 -78
42 -78
42 -78
42 -78
42 -78
42 -78
42 -78
42 -55
42 -78
42 -78
42 -85
42 -77
42 -77
42 -78
42 -77
42 -77
42 -77
42 -78
42 -78
42 -77
43 -76
43 -76
43 -76
43 -76
43 -76
43 -76
43 -50
43 -76
43 -76
43 -76
43 -76
43 -76
43 -76
43 -76
43 -76
43 -76
43 -76
43 -76
43 -76
43 -65
43 -76
43 -76
43 -76
43 -76
43 -76
43 -76
43 -76
43 -76
43 -76
43 -75
43 -76
43 -65
43 -76
43 -75
43 -62
43 -75
43 -74
43 -75
43 -76
43 -73
43 -76
43 -76
43 -76
43 -76
43 -76
43 -76
43 -76
43 -76
43 -76
43 -76
43 -76
43 -76
43 -76
43 -76
43 -76
43 -76
43 -76
43 -76
43 -76
43 -76
43 -76
43 -76
43 -76
43 -76
43 -76
43 -62
43 -74
43 -76
43 -76
43 -76
43 -76
43 -76
43 -76
43 -76
43 -76
43 -75
43 -76
43 -75
43 -76
43 -75
43 -75
43 -67
43 -76
43 -76
43 -76
43 -76
43 -76
43 -76
43 -77
43 -76
43 -76
43 -76
43 -76
43 -76
43 -76
43 -76
43 -76
43 -77
43 -76
43 -76
43 -76
43 -77
43 -76
43 -76
43 -76
43 -76
43 -76
43 -76
43 -76
43 -76
43 -76
43 -76
43 -76
43 -76
43 -76
43 -76
43 -76
43 -76
43 -73
43 -76
43 -76
43 -60
43 -76
43 -76
43 -76
43 -76
43 -76
43 -76
43 -76
43 -76
43 -76
43 -76
43 -76
43 -76
43 -76
43 -76
43 -76
43 -76
43 -76
43 -76
43 -76
43 -75
43 -75
43 -75
43 -76
43 -76
43 -76
43 -76
43 -76
43 -76
43 -72
43 -76
43 -76
43 -76
43 -76
43 -76
43 -76
43 -76
43 -76
43 -76
43 -76
43 -76
43 -59
43 -76
43 -76
43 -76
43 -76
43 -76
43 -76
43 -76
43 -76
43 -76
43 -76
43 -76
43 -70
43 -76
43 -76
43 -76
43 -76
43 -76
43 -76
43 -76
43 -76
43 -76
43 -77
43 -76
43 -77
43 -77
43 -76
43 -77
43 -76
43 -76
43 -52
43 -76
43 -76
43 -76
43 -72
43 -76
43 -76
43 -76
43 -76
43 -76
43 -76
43 -76
43 -76
43 -76
43 -76
43 -76
43 -76
43 -76
43 -76
43 -76
43 -76
43 -76
43 -76
43 -76
43 -76
43 -76
43 -76
43 -76
43 -76
43 -76
43 -76
43 -77
43 -77
43 -75
43 -76
43 -77
43 -77
43 -76
43 -76
43 -77
43 -77
43 -77
43 -77
43 -76
43 -77
43 -76
43 -77
43 -77
43 -77
43 -77
43 -77
43 -77
43 -76
43 -77
43 -77
43 -76
43 -77
43 -77
43 -77
43 -77
43 -77
43 -76
43 -76
43 -76
43 -77
43 -77
43 -77
43 -76
43 -77
43 -77
43 -76
43 -76
43 -76
43 -76
43 -76
43 -76
43 -73
43 -76
43 -76
43 -76
43 -76
43 -76
43 -76
43 -76
43 -76
43 -74
43 -76
43 -74
43 -76
43 -76
43 -76
43 -76
43 -76
43 -76
43 -76
43 -76
43 -76
43 -76
43 -76
43 -76
43 -76
43 -76
43 -76
43 -75
43 -75
43 -76
43 -76
43 -76
43 -76
43 -76
43 -76
43 -72
43 -62
43 -76
43 -77
43 -78
43 -77
43 -78
43 -78
43 -73
43 -78
43 -78
43 -76
43 -77
43 -77
43 -78
43 -77
43 -77
43 -77
43 -76
43 -77
43 -77
43 -77
43 -76
43 -77
44 -80
44 -76
44 -80
44 -81
44 -80
44 -80
44 -80
44 -80
44 -80
44 -79
44 -78
44 -78
44 -79
44 -78
44 -78
44 -78
44 -79
44 -79
44 -80
44 -80
44 -80
44 -79
44 -80
44 -78
44 -78
44 -77
44 -77
44 -77
44 -75
44 -77
44 -77
44 -76
44 -75
44 -76
44 -76
44 -76
44 -76
44 -76
44 -76
44 -76
44 -76
44 -76
44 -77
44 -77
44 -78
44 -77
44 -78
44 -78
44 -77
44 -76
44 -76
44 -77
44 -76
44 -76
44 -76
44 -77
44 -77
44 -77
44 -76
44 -77
44 -78
44 -77
44 -78
44 -63
44 -78
44 -78
44 -78
44 -78
44 -77
44 -77
44 -77
44 -77
44 -73
44 -77
44 -78
44 -78
44 -77
44 -76
44 -77
44 -77
44 -79
44 -80
44 -79
44 -77
44 -76
44 -76
44 -45
44 -76
44 -76
44 -76
44 -76
44 -76
44 -76
44 -76
44 -76
44 -76
44 -76
44 -76
44 -76
44 -76
44 -77
44 -76
44 -76
44 -76
44 -77
44 -76
44 -76
44 -76
44 -76
44 -76
44 -76
44 -76
44 -76
44 -76
44 -76
44 -75
44 -71
44 -74
44 -74
44 -72
44 -71
44 -73
44 -73
44 -73
44 -72
44 -73
44 -72
44 -72
44 -73
44 -72
44 -73
44 -73
44 -73
44 -73
44 -73
44 -73
44 -73
44 -73
44 -74
44 -74
44 -73
44 -74
44 -74
44 -74
44 -66
44 -75
44 -75
44 -75
44 -76
44 -76
44 -76
44 -76
44 -76
44 -76
44 -76
44 -76
44 -76
44 -76
44 -76
44 -75
44 -76
44 -75
44 -76
44 -75
44 -73
44 -74
44 -75
44 -76
44 -66
44 -76
44 -76
44 -76
44 -76
44 -76
44 -76
44 -76
44 -76
44 -76
44 -76
44 -76
44 -76
44 -76
44 -76
44 -76
44 -76
44 -75
44 -75
44 -75
44 -76
44 -75
44 -75
44 -75
44 -76
44 -76
44 -76
44 -76
44 -76
44 -76
44 -76
44 -76
44 -76
44 -75
44 -76
44 -76
44 -76
44 -76
44 -76
44 -76
44 -76
44 -76
44 -76
44 -76
44 -76
44 -76
44 -76
44 -76
44 -76
44 -76
44 -76
44 -73
44 -76
44 -76
44 -76
44 -76
44 -76
44 -76
44 -75
44 -77
44 -76
44 -76
44 -76
44 -76
44 -76
44 -76
44 -76
44 -76
44 -76
44 -76
44 -76
44 -75
44 -76
44 -75
44 -75
44 -75
44 -75
44 -75
44 -75
44 -75
44 -76
44 -76
44 -76
44 -76
44 -76
44 -75
44 -76
44 -76
44 -76
44 -76
44 -76
44 -76
44 -76
44 -76
44 -76
44 -76
44 -76
44 -76
44 -77
44 -77
44 -76
44 -77
44 -77
44 -77
44 -76
44 -77
44 -76
44 -76
44 -76
44 -76
44 -76
44 -67
44 -76
44 -76
44 -76
44 -77
44 -76
44 -76
44 -76
44 -76
44 -76
44 -77
44 -77
44 -76
44 -78
44 -72
44 -76
44 -76
44 -76
44 -76
44 -75
44 -76
44 -76
44 -76
44 -76
44 -76
44 -76
44 -76
44 -75
44 -75
44 -75
44 -75
44 -75
44 -75
44 -75
44 -75
44 -75
44 -75
44 -75
44 -75
44 -75
44 -75
44 -75
44 -75
44 -75
44 -75
44 -76
44 -75
44 -75
44 -75
44 -75
44 -75
44 -75
44 -75
46 -83
46 -82
46 -82
46 -83
46 -84
46 -84
46 -83
46 -83
46 -83
46 -82
46 -81
46 -80
46 -80
46 -80
46 -80
46 -79
46 -84
46 -83
46 -82
46 -82
46 -72
46 -82
46 -82
46 -82
46 -82
46 -81
46 -80
46 -80
46 -81
46 -84
46 -85
46 -86
46 -82
46 -82
46 -79
46 -80
46 -78
46 -76
46 -76
46 -74
46 -73
46 -74
46 -74
46 -74
46 -75
46 -76
46 -76
46 -77
46 -76
46 -76
46 -76
46 -76
46 -76
46 -74
46 -58
46 -74
46 -69
46 -74
46 -73
46 -73
46 -74
46 -64
46 -76
46 -75
46 -75
46 -75
46 -76
46 -76
46 -76
46 -76
46 -76
46 -76
46 -76
46 -75
46 -76
46 -76
46 -77
46 -78
46 -74
46 -77
46 -78
46 -77
46 -68
46 -78
46 -76
46 -76
46 -76
46 -76
46 -77
46 -78
46 -78
46 -78
46 -78
46 -78
46 -78
46 -79
46 -81
46 -82
46 -78
46 -84
46 -82
46 -82
46 -80
46 -79
46 -77
46 -78
46 -78
46 -78
46 -79
46 -78
46 -77
46 -77
46 -78
46 -77
46 -77
46 -77
46 -77
46 -77
46 -78
46 -78
46 -78
46 -78
46 -78
46 -79
46 -80
46 -81
46 -81
46 -79
46 -80
46 -81
46 -82
46 -83
46 -84
46 -86
46 -83
46 -83
46 -82
46 -81
46 -79
46 -79
46 -78
46 -78
46 -78
46 -79
46 -79
46 -79
46 -79
46 -79
46 -78
46 -79
46 -78
46 -79
46 -79
46 -78
46 -80
46 -80
46 -81
46 -81
46 -81
46 -82
46 -81
46 -80
46 -75
46 -79
46 -78
46 -59
46 -78
46 -76
46 -76
46 -77
46 -76
46 -76
46 -64
46 -76
46 -76
46 -76
46 -76
46 -76
46 -76
46 -76
46 -76
46 -76
46 -76
46 -74
46 -75
46 -76
46 -76
46 -75
46 -76
46 -76
46 -76
46 -77
46 -77
46 -78
46 -78
46 -77
46 -77
46 -76
46 -78
46 -78
46 -78
46 -78
46 -78
46 -76
46 -76
46 -72
46 -76
46 -71
46 -75
46 -44
46 -74
46 -75
46 -75
46 -75
46 -76
46 -76
46 -76
46 -76
46 -76
46 -76
46 -76
46 -76
46 -77
46 -77
46 -76
46 -76
46 -75
46 -69
46 -75
46 -76
46 -76
46 -76
46 -76
46 -75
46 -75
47 -82
47 -81
47 -81
47 -79
47 -79
47 -78
47 -78
47 -64
47 -79
47 -78
47 -78
47 -78
47 -78
47 -78
47 -80
47 -83
47 -82
47 -82
47 -81
47 -80
47 -79
47 -80
47 -79
47 -79
47 -79
47 -77
47 -78
47 -78
47 -78
47 -78
47 -77
47 -76
47 -76
47 -76
47 -76
47 -76
47 -76
47 -76
47 -76
47 -76
47 -76
47 -76
47 -75
47 -75
47 -75
47 -75
47 -76
47 -76
47 -76
47 -77
47 -76
47 -76
47 -78
47 -78
47 -76
47 -77
47 -77
47 -76
47 -77
47 -77
47 -77
47 -77
47 -76
47 -76
47 -77
47 -77
47 -71
47 -77
47 -78
47 -77
47 -77
47 -77
47 -78
47 -79
47 -79
47 -80
47 -77
47 -77
47 -76
47 -76
47 -76
47 -77
47 -76
47 -76
47 -69
47 -76
47 -77
47 -76
47 -76
47 -76
47 -76
47 -75
47 -75
47 -75
47 -75
47 -75
47 -69
47 -76
47 -76
47 -76
47 -73
47 -75
47 -74
47 -74
47 -73
47 -73
47 -73
47 -73
47 -73
47 -73
47 -72
47 -73
47 -72
47 -72
47 -72
47 -72
47 -71
47 -73
47 -72
47 -72
47 -72
47 -73
47 -73
47 -73
47 -73
47 -73
47 -74
47 -74
47 -74
47 -74
47 -74
47 -74
47 -74
47 -74
47 -75
47 -75
47 -75
47 -76
47 -76
47 -62
47 -76
47 -65
47 -76
47 -76
47 -76
47 -76
47 -75
47 -76
47 -75
47 -75
47 -83
47 -74
47 -74
47 -74
47 -74
47 -74
47 -74
47 -74
47 -74
47 -74
47 -74
47 -74
47 -74
47 -74
47 -75
47 -75
47 -75
47 -75
47 -75
47 -75
47 -75
47 -75
47 -75
47 -76
47 -71
47 -75
47 -75
47 -75
47 -74
47 -74
47 -72
47 -74
47 -74
47 -74
47 -74
47 -74
47 -74
47 -74
47 -73
47 -74
47 -74
47 -74
47 -74
47 -74
47 -70
47 -75
47 -75
47 -75
47 -75
47 -75
47 -76
47 -76
47 -76
47 -76
47 -75
47 -75
47 -75
47 -76
47 -75
47 -76
47 -76
47 -76
47 -76
47 -76
47 -75
47 -75
47 -74
47 -75
47 -75
47 -74
47 -75
47 -75
47 -75
47 -76
47 -76
47 -76
47 -76
47 -76
47 -76
47 -76
47 -76
47 -76
47 -75
47 -75
47 -75
47 -75
47 -75
47 -75
47 -75
47 -75
47 -74
47 -75
47 -74
47 -72
47 -74
47 -74
47 -74
47 -72
47 -72
47 -72
47 -65
47 -73
47 -73
47 -74
47 -73
47 -73
47 -73
47 -73
47 -62
47 -74
47 -73
47 -73
47 -74
47 -74
47 -74
47 -74
47 -75
47 -75
47 -75
47 -75
47 -63
47 -75
47 -75
47 -75
47 -75
47 -75
47 -75
47 -75
47 -75
47 -75
47 -75
47 -75
47 -76
47 -75
47 -75
47 -75
47 -75
47 -74
47 -75
47 -75
47 -75
47 -75
47 -75
47 -75
47 -75
47 -75
47 -76
47 -76
47 -76
47 -76
47 -76
47 -76
47 -75
47 -76
47 -76
47 -75
47 -75
47 -74
47 -74
47 -74
47 -75
47 -75
47 -73
47 -73
47 -72
47 -73
47 -73
47 -72
47 -72
47 -72
47 -72
47 -73
47 -73
47 -73
47 -73
47 -71
47 -73
47 -73
47 -73
47 -73
47 -73
47 -71
47 -73
47 -72
47 -73
47 -73
47 -73
47 -73
47 -73
47 -74
47 -73
48 -75
48 -75
48 -75
48 -76
48 -75
48 -75
48 -75
48 -75
48 -75
48 -76
48 -76
48 -76
48 -76
48 -76
48 -77
48 -75
48 -75
48 -76
48 -78
48 -79
48 -80
48 -79
48 -80
48 -80
48 -78
48 -78
48 -78
48 -78
48 -78
48 -76
48 -76
48 -75
48 -76
48 -75
48 -76
48 -76
48 -76
48 -75
48 -76
48 -76
48 -77
48 -77
48 -77
48 -76
48 -76
48 -75
48 -76
48 -76
48 -76
48 -76
48 -77
48 -77
48 -77
48 -76
48 -76
48 -76
48 -76
48 -77
48 -79
48 -79
48 -78
48 -78
48 -78
48 -78
48 -78
48 -78
48 -75
48 -78
48 -76
48 -78
48 -78
48 -76
48 -76
48 -76
48 -75
48 -74
48 -75
48 -75
48 -71
48 -75
48 -75
48 -64
48 -74
48 -75
48 -75
48 -73
48 -74
48 -74
48 -75
48 -76
48 -76
48 -76
48 -76
48 -76
48 -76
48 -76
48 -76
48 -77
48 -77
48 -78
48 -77
48 -78
48 -78
48 -79
48 -78
48 -78
48 -78
48 -69
48 -70
48 -76
48 -62
48 -76
48 -76
48 -76
48 -76
48 -69
48 -74
48 -74
48 -64
48 -74
48 -70
48 -69
48 -73
48 -73
48 -75
48 -64
48 -77
48 -77
48 -77
48 -78
48 -77
48 -76
48 -76
48 -75
48 -75
48 -74
48 -75
48 -75
48 -74
48 -75
48 -76
48 -76
48 -76
48 -75
48 -75
48 -75
48 -76
48 -75
48 -76
48 -76
48 -76
48 -76
48 -76
48 -76
48 -76
48 -76
48 -76
48 -76
48 -76
48 -76
48 -76
48 -77
48 -77
48 -78
48 -78
48 -78
48 -73
48 -77
48 -78
48 -78
48 -78
48 -78
48 -76
48 -78
48 -78
48 -79
48 -78
48 -78
48 -78
48 -78
48 -78
48 -79
48 -73
48 -77
48 -78
48 -78
48 -77
48 -76
48 -77
48 -76
48 -76
48 -76
48 -76
48 -76
48 -76
48 -76
48 -76
48 -76
48 -76
48 -76
48 -76
48 -76
48 -75
48 -75
48 -76
48 -76
48 -75
48 -75
48 -75
48 -75
48 -75
48 -76
48 -76
48 -76
48 -77
48 -77
48 -77
48 -77
48 -77
48 -77
48 -76
48 -77
48 -77
48 -78
48 -77
48 -78
48 -76
48 -75
48 -77
48 -78
48 -73
48 -77
48 -77
48 -76
48 -77
48 -78
48 -77
48 -76
48 -76
48 -76
48 -76
48 -76
48 -74
48 -76
48 -75
48 -75
48 -66
48 -75
48 -75
48 -75
48 -76
48 -76
48 -76
48 -76
48 -76
48 -76
48 -76
48 -76
48 -76
48 -76
48 -76
48 -75
48 -76
48 -76
48 -76
48 -76
48 -76
48 -76
48 -74
48 -76
48 -76
48 -76
48 -76
48 -76
48 -76
48 -60
48 -75
48 -76
48 -76
48 -76
48 -75
48 -75
48 -75
48 -74
48 -74
48 -71
48 -73
48 -73
48 -73
48 -72
48 -72
48 -72
48 -73
48 -72
48 -72
48 -72
48 -73
48 -73
48 -73
48 -73
48 -73
48 -73
48 -73
48 -73
48 -73
48 -73
48 -73
48 -73
48 -73
48 -73
48 -72
48 -72
48 -73
48 -72
48 -72
48 -73
48 -73
48 -74
48 -74
48 -75
48 -76
48 -76
48 -75
48 -75
48 -74
48 -66
48 -75
48 -75
48 -73
48 -75
48 -75
48 -74
48 -75
48 -75
48 -75
48 -76
48 -76
48 -76
48 -76
48 -76
48 -76
48 -76
48 -76
48 -76
48 -76
48 -76
48 -76
48 -76
48 -75
48 -75
48 -75
48 -75
48 -68
48 -75
48 -74
49 -70
49 -70
49 -70
49 -70
49 -70
49 -70
49 -70
49 -70
49 -70
49 -70
49 -70
49 -70
49 -70
49 -70
49 -70
49 -71
49 -70
49 -70
49 -70
49 -70
49 -70
49 -71
49 -71
49 -71
49 -71
49 -71
49 -70
49 -70
49 -70
49 -70
49 -70
49 -70
49 -70
49 -70
49 -70
49 -70
49 -69
49 -69
49 -70
49 -69
49 -69
49 -69
49 -69
49 -70
49 -70
49 -70
49 -70
49 -70
49 -70
49 -70
49 -70
49 -70
49 -70
49 -70
49 -70
49 -70
49 -70
49 -70
49 -70
49 -70
49 -70
49 -70
49 -70
49 -70
49 -64
49 -70
49 -70
49 -70
49 -71
49 -71
49 -71
49 -70
49 -71
49 -70
49 -70
49 -70
49 -70
49 -70
49 -70
49 -70
49 -70
49 -70
49 -69
49 -70
49 -69
49 -68
49 -68
49 -68
49 -68
49 -67
49 -66
49 -66
49 -66
49 -66
49 -66
49 -66
49 -68
49 -69
49 -70
49 -70
49 -70
49 -71
49 -71
49 -72
49 -72
49 -73
49 -73
49 -73
49 -73
49 -73
49 -73
49 -74
49 -74
49 -73
49 -72
49 -74
49 -74
49 -73
49 -72
49 -72
49 -72
49 -71
49 -65
49 -70
49 -70
49 -70
49 -69
49 -69
49 -69
49 -68
49 -67
49 -66
49 -66
49 -66
49 -66
49 -66
49 -66
49 -66
49 -66
49 -67
49 -68
49 -68
49 -68
49 -68
49 -69
49 -68
49 -68
49 -67
49 -67
49 -66
49 -66
49 -66
49 -66
49 -66
49 -67
49 -66
49 -66
49 -66
49 -66
49 -66
49 -66
49 -66
49 -66
49 -66
49 -66
49 -66
49 -67
49 -67
49 -68
49 -68
49 -68
49 -68
49 -68
49 -68
49 -68
49 -68
49 -68
49 -69
49 -69
49 -70
49 -70
49 -70
49 -67
49 -69
49 -70
49 -70
49 -70
49 -70
49 -70
49 -70
49 -70
49 -70
49 -70
49 -70
49 -70
49 -70
49 -70
49 -70
49 -70
49 -70
49 -70
49 -70
49 -70
49 -70
49 -70
49 -70
49 -70
49 -70
49 -70
49 -70
49 -70
49 -70
49 -69
49 -69
49 -69
49 -69
49 -70
49 -70
49 -69
49 -69
49 -69
49 -68
49 -68
49 -68
49 -63
49 -67
49 -67
49 -67
49 -67
49 -67
49 -67
49 -67
49 -67
49 -69
49 -68
49 -68
49 -68
49 -69
49 -69
49 -69
49 -69
49 -60
49 -68
49 -69
49 -68
49 -69
49 -69
49 -70
49 -70
49 -70
49 -70
49 -70
49 -70
49 -70
49 -70
49 -70
49 -70
49 -70
49 -69
49 -70
49 -69
49 -69
49 -69
49 -69
49 -68
49 -68
49 -64
49 -68
49 -69
49 -69
49 -69
49 -69
49 -69
49 -69
49 -69
49 -69
49 -70
49 -64
49 -65
49 -70
49 -70
49 -63
49 -70
49 -69
49 -69
49 -69
49 -69
49 -69
49 -69
49 -69
49 -69
49 -69
49 -69
49 -69
49 -69
49 -69
49 -68
49 -68
49 -68
49 -67
49 -67
49 -67
49 -67
49 -67
49 -67
49 -66
49 -66
49 -66
49 -66
49 -66
49 -66
49 -66
49 -66
49 -66
49 -67
49 -67
49 -66
49 -66
49 -66
49 -66
49 -66
49 -66
49 -63
49 -66
49 -66
49 -64
49 -66
49 -66
49 -66
49 -64
49 -66
49 -67
49 -67
49 -67
49 -69
49 -69
49 -69
49 -69
49 -68
49 -68
49 -69
49 -69
49 -70
49 -69
49 -70
49 -70
49 -70
49 -70
49 -70
49 -70
49 -70
49 -70
49 -70
49 -70
49 -70
49 -70
49 -70
49 -70
49 -70
49 -69
49 -69
49 -69
49 -69
49 -69
49 -69
49 -69
49 -69
50 -65
50 -66
50 -66
50 -66
50 -66
50 -66
50 -66
50 -66
50 -65
50 -65
50 -65
50 -64
50 -64
50 -64
50 -64
50 -65
50 -64
50 -64
50 -64
50 -64
50 -64
50 -65
50 -65
50 -66
50 -66
50 -66
50 -65
50 -65
50 -65
50 -64
50 -64
50 -64
50 -64
50 -64
50 -64
50 -64
50 -63
50 -63
50 -64
50 -63
50 -64
50 -64
50 -64
50 -64
50 -64
50 -63
50 -63
50 -63
50 -63
50 -63
50 -63
50 -63
50 -62
50 -64
50 -64
50 -64
50 -64
50 -64
50 -64
50 -64
50 -64
50 -65
50 -64
50 -65
50 -65
50 -65
50 -65
50 -65
50 -64
50 -64
50 -65
50 -65
50 -64
50 -65
50 -65
50 -64
50 -64
50 -64
50 -64
50 -64
50 -64
50 -64
50 -64
50 -64
50 -64
50 -64
50 -59
50 -64
50 -64
50 -64
50 -63
50 -63
50 -63
50 -63
50 -63
50 -63
50 -63
50 -63
50 -63
50 -63
50 -63
50 -63
50 -63
50 -63
50 -63
50 -63
50 -63
50 -63
50 -63
50 -63
50 -63
50 -63
50 -63
50 -63
50 -63
50 -63
50 -63
50 -64
50 -64
50 -64
50 -64
50 -64
50 -64
50 -64
50 -64
50 -63
50 -63
50 -63
50 -63
50 -64
50 -64
50 -64
50 -64
50 -64
50 -50
50 -64
50 -64
50 -64
50 -64
50 -64
50 -64
50 -64
50 -64
50 -64
50 -64
50 -64
50 -64
50 -64
50 -64
50 -64
50 -64
50 -64
50 -64
50 -64
50 -64
50 -62
50 -64
50 -64
50 -64
50 -64
50 -64
50 -64
50 -64
50 -64
50 -64
50 -64
50 -64
50 -64
50 -64
50 -64
50 -64
50 -63
50 -64
50 -64
50 -64
50 -64
50 -64
50 -64
50 -64
50 -64
50 -64
50 -63
50 -64
50 -64
50 -64
50 -64
50 -64
50 -64
50 -64
50 -64
50 -63
50 -64
50 -64
50 -64
50 -64
50 -64
50 -64
50 -64
50 -64
50 -64
50 -64
50 -64
50 -64
50 -64
50 -64
50 -64
50 -64
50 -64
50 -64
50 -64
50 -64
50 -63
50 -64
50 -64
50 -64
50 -64
50 -64
50 -64
50 -64
50 -64
50 -64
50 -64
50 -64
50 -64
50 -64
50 -64
50 -64
50 -64
50 -64
50 -64
50 -64
50 -64
50 -64
50 -64
50 -64
50 -64
50 -64
50 -64
50 -64
50 -64
50 -64
50 -64
50 -64
50 -64
50 -64
50 -64
50 -64
50 -64
50 -64
50 -64
50 -64
50 -64
50 -64
50 -64
50 -64
50 -64
50 -64
50 -64
50 -64
50 -64
50 -64
50 -64
50 -64
50 -64
50 -64
50 -64
50 -64
50 -64
50 -64
50 -64
50 -64
50 -63
50 -64
50 -64
50 -64
50 -64
50 -64
50 -64
50 -64
50 -64
50 -64
50 -64
50 -64
50 -64
50 -64
50 -64
50 -64
50 -64
50 -64
50 -64
50 -63
50 -64
50 -64
50 -64
50 -64
50 -64
50 -64
50 -64
50 -64
50 -64
50 -64
50 -64
50 -64
50 -64
50 -64
50 -64
50 -64
50 -64
50 -64
50 -64
50 -64
50 -64
50 -64
50 -64
50 -64
50 -64
50 -64
50 -64
50 -64
50 -64
50 -64
50 -64
50 -64
50 -64
50 -64
50 -64
50 -64
50 -64
50 -64
50 -64
50 -64
50 -64
50 -64
50 -64
50 -64
50 -64
50 -64
50 -64
50 -64
50 -64
50 -64
50 -64
50 -64
50 -64
50 -64
50 -64
50 -64
50 -64
50 -64
50 -64
50 -64
50 -64
50 -64
50 -64
50 -64
50 -64
50 -64
50 -64
50 -64
50 -64
50 -64
50 -64
50 -64
50 -64
51 -64
51 -80
51 -80
51 -80
51 -78
51 -78
51 -78
51 -78
51 -78
51 -78
51 -78
51 -78
51 -78
51 -77
51 -76
51 -76
51 -76
51 -76
51 -76
51 -75
51 -75
51 -75
51 -75
51 -71
51 -74
51 -75
51 -75
51 -75
51 -75
51 -76
51 -76
51 -76
51 -76
51 -76
51 -77
51 -77
51 -66
51 -76
51 -76
51 -76
51 -75
51 -75
51 -75
51 -74
51 -75
51 -75
51 -75
51 -75
51 -75
51 -76
51 -76
51 -76
51 -78
51 -79
51 -78
51 -77
51 -76
51 -76
51 -76
51 -76
51 -76
51 -76
51 -76
51 -76
51 -70
51 -76
51 -77
51 -77
51 -76
51 -77
51 -77
51 -76
51 -77
51 -77
51 -70
51 -78
51 -78
51 -78
51 -78
51 -78
51 -78
51 -79
51 -80
51 -78
51 -80
51 -80
51 -82
51 -82
51 -82
51 -82
51 -81
51 -80
51 -80
51 -74
51 -80
51 -79
51 -79
51 -78
51 -61
51 -78
51 -77
51 -76
51 -76
51 -76
51 -73
51 -74
51 -77
51 -61
51 -76
51 -76
51 -76
51 -76
51 -76
51 -76
51 -77
51 -76
51 -76
51 -76
51 -76
51 -76
51 -76
51 -76
51 -76
51 -75
51 -73
51 -73
51 -73
51 -73
51 -72
51 -73
51 -72
51 -72
51 -72
51 -69
51 -72
51 -72
51 -72
51 -72
51 -73
51 -73
51 -73
51 -73
51 -73
51 -73
51 -74
51 -73
51 -73
51 -74
51 -73
51 -74
51 -74
51 -74
51 -76
51 -76
51 -77
51 -78
51 -79
51 -78
51 -79
51 -78
51 -78
51 -78
51 -78
51 -78
51 -79
51 -78
51 -78
51 -78
51 -76
51 -76
51 -76
51 -76
51 -75
51 -75
51 -75
51 -75
51 -76
51 -76
51 -76
51 -76
51 -76
51 -76
51 -77
51 -78
51 -77
51 -61
51 -77
51 -77
51 -76
51 -76
51 -76
51 -76
51 -76
51 -76
51 -76
51 -76
51 -76
51 -75
51 -75
51 -76
51 -76
51 -75
51 -76
51 -76
51 -76
51 -76
51 -77
51 -78
51 -80
51 -80
51 -81
51 -82
51 -82
51 -82
51 -83
51 -67
51 -83
51 -84
51 -80
51 -79
51 -79
51 -79
51 -79
51 -79
51 -79
51 -80
51 -79
51 -79
51 -78
51 -76
51 -76
51 -76
51 -75
51 -76
51 -76
51 -76
51 -61
51 -76
51 -61
51 -78
51 -77
51 -76
51 -76
51 -76
51 -76
51 -76
51 -77
51 -76
51 -76
51 -76
51 -76
51 -75
51 -76
51 -76
51 -76
51 -76
51 -63
51 -76
51 -75
51 -75
51 -75
51 -75
51 -75
51 -76
51 -76
51 -76
51 -71
51 -76
51 -77
51 -77
51 -77
51 -77
51 -78
51 -78
51 -78
51 -79
51 -79
51 -80
51 -83
51 -76
51 -84
51 -85
51 -84
51 -84
51 -84
51 -84
51 -83
51 -82
51 -63
51 -75
51 -76
51 -79
51 -76
51 -76
51 -75
51 -74
51 -75
51 -58
51 -75
51 -76
51 -75
51 -74
51 -75
51 -74
51 -72
51 -75
51 -74
51 -75
51 -75
51 -75
51 -60
51 -75
51 -75
51 -75
51 -64
51 -63
51 -64
51 -75
51 -76
51 -76
52 -66
52 -66
52 -66
52 -66
52 -66
52 -66
52 -66
52 -66
52 -66
52 -66
52 -66
52 -66
52 -66
52 -65
52 -66
52 -66
52 -66
52 -66
52 -65
52 -66
52 -65
52 -65
52 -66
52 -66
52 -66
52 -66
52 -66
52 -66
52 -66
52 -67
52 -68
52 -68
52 -67
52 -67
52 -66
52 -66
52 -66
52 -66
52 -66
52 -67
52 -67
52 -67
52 -67
52 -66
52 -66
52 -66
52 -66
52 -66
52 -66
52 -66
52 -66
52 -66
52 -66
52 -66
52 -65
52 -65
52 -65
52 -66
52 -66
52 -65
52 -64
52 -65
52 -66
52 -65
52 -66
52 -66
52 -66
52 -66
52 -66
52 -64
52 -66
52 -66
52 -66
52 -66
52 -66
52 -66
52 -66
52 -66
52 -66
52 -66
52 -66
52 -66
52 -66
52 -66
52 -66
52 -65
52 -66
52 -67
52 -67
52 -68
52 -68
52 -68
52 -68
52 -68
52 -68
52 -68
52 -68
52 -68
52 -68
52 -65
52 -68
52 -68
52 -69
52 -67
52 -67
52 -67
52 -67
52 -66
52 -67
52 -67
52 -67
52 -66
52 -67
52 -66
52 -66
52 -66
52 -66
52 -66
52 -66
52 -66
52 -63
52 -66
52 -66
52 -52
52 -66
52 -65
52 -66
52 -65
52 -65
52 -65
52 -66
52 -65
52 -65
52 -65
52 -62
52 -65
52 -66
52 -66
52 -66
52 -66
52 -66
52 -65
52 -66
52 -66
52 -66
52 -66
52 -65
52 -66
52 -66
52 -66
52 -66
52 -66
52 -66
52 -66
52 -66
52 -66
52 -66
52 -66
52 -66
52 -66
52 -66
52 -66
52 -66
52 -66
52 -66
52 -66
52 -66
52 -66
52 -66
52 -66
52 -66
52 -66
52 -66
52 -66
52 -66
52 -66
52 -64
52 -66
52 -66
52 -66
52 -66
52 -66
52 -66
52 -66
52 -66
52 -66
52 -66
52 -52
52 -66
52 -67
52 -67
52 -66
52 -67
52 -67
52 -66
52 -67
52 -67
52 -67
52 -66
52 -67
52 -66
52 -66
52 -66
52 -66
52 -66
52 -66
52 -66
52 -66
52 -66
52 -66
52 -66
52 -66
52 -66
52 -66
52 -66
52 -66
52 -66
52 -66
52 -66
52 -66
52 -66
52 -66
52 -66
52 -66
52 -66
52 -66
52 -66
52 -66
52 -66
52 -66
52 -66
52 -67
52 -66
52 -66
52 -66
52 -66
52 -66
52 -66
52 -67
52 -66
52 -67
52 -68
52 -67
52 -67
52 -67
52 -57
52 -67
52 -68
52 -68
52 -67
52 -67
52 -67
52 -68
52 -67
52 -49
52 -67
52 -67
52 -67
52 -67
52 -67
52 -67
52 -67
52 -67
52 -67
52 -67
52 -67
52 -67
52 -67
52 -67
52 -67
52 -67
52 -67
52 -67
52 -67
52 -67
52 -67
52 -67
52 -67
52 -67
52 -68
52 -64
52 -67
52 -67
52 -67
52 -67
52 -67
52 -67
52 -67
52 -67
52 -67
52 -67
52 -67
52 -67
52 -67
52 -67
52 -67
52 -67
52 -66
52 -67
52 -67
52 -56
52 -67
52 -66
52 -67
52 -67
52 -67
52 -67
52 -67
52 -67
52 -66
52 -66
52 -66
52 -66
52 -66
52 -67
52 -67
52 -67
52 -67
52 -67
52 -67
52 -67
52 -66
52 -67
52 -67
52 -67
52 -66
52 -66
52 -66
52 -66
52 -66
52 -66
52 -66
52 -66
52 -66
52 -66
52 -66
52 -66
52 -66
52 -66
52 -66
52 -66
52 -66
52 -66
52 -66
52 -66
52 -66
52 -66
52 -66
52 -66
52 -66
52 -66
52 -66
52 -66
52 -66
52 -66
52 -66
52 -66
52 -66
52 -66
52 -66
52 -66
52 -65
52 -66
53 -72
53 -72
53 -71
53 -72
53 -73
53 -66
53 -73
53 -73
53 -72
53 -72
53 -73
53 -73
53 -73
53 -73
53 -73
53 -72
53 -71
53 -72
53 -72
53 -72
53 -72
53 -72
53 -72
53 -72
53 -73
53 -73
53 -73
53 -73
53 -73
53 -73
53 -73
53 -73
53 -73
53 -73
53 -72
53 -72
53 -72
53 -72
53 -72
53 -71
53 -71
53 -71
53 -72
53 -73
53 -73
53 -74
53 -73
53 -73
53 -73
53 -62
53 -72
53 -72
53 -72
53 -72
53 -72
53 -72
53 -72
53 -72
53 -72
53 -72
53 -72
53 -72
53 -72
53 -72
53 -73
53 -73
53 -73
53 -73
53 -72
53 -46
53 -74
53 -73
53 -73
53 -73
53 -73
53 -72
53 -72
53 -72
53 -72
53 -72
53 -71
53 -70
53 -64
53 -70
53 -70
53 -70
53 -70
53 -70
53 -71
53 -65
53 -72
53 -72
53 -66
53 -73
53 -73
53 -73
53 -74
53 -74
53 -72
53 -74
53 -74
53 -76
53 -76
53 -74
53 -76
53 -76
53 -76
53 -76
53 -75
53 -75
53 -74
53 -74
53 -66
53 -74
53 -74
53 -66
53 -73
53 -72
53 -72
53 -72
53 -70
53 -70
53 -71
53 -72
53 -72
53 -72
53 -72
53 -72
53 -73
53 -73
53 -73
53 -72
53 -73
53 -72
53 -72
53 -72
53 -72
53 -72
53 -72
53 -71
53 -71
53 -72
53 -72
53 -71
53 -71
53 -71
53 -72
53 -72
53 -72
53 -71
53 -71
53 -71
53 -71
53 -71
53 -72
53 -72
53 -72
53 -72
53 -72
53 -72
53 -72
53 -72
53 -72
53 -72
53 -72
53 -72
53 -72
53 -72
53 -73
53 -64
53 -74
53 -73
53 -74
53 -74
53 -74
53 -74
53 -75
53 -75
53 -75
53 -75
53 -75
53 -75
53 -75
53 -73
53 -75
53 -71
53 -75
53 -75
53 -75
53 -75
53 -76
53 -75
53 -76
53 -75
53 -75
53 -75
53 -75
53 -76
53 -76
53 -75
53 -75
53 -75
53 -75
53 -74
53 -64
53 -73
53 -74
53 -73
53 -72
53 -73
53 -73
53 -72
53 -72
53 -72
53 -72
53 -72
53 -72
53 -72
53 -72
53 -72
53 -72
53 -73
53 -74
53 -74
53 -73
53 -74
53 -74
53 -71
53 -74
53 -74
53 -63
53 -75
53 -74
53 -74
53 -75
53 -64
53 -75
53 -75
53 -75
53 -75
53 -76
53 -76
53 -76
53 -76
53 -76
53 -75
53 -68
53 -75
53 -75
53 -76
53 -44
53 -76
53 -75
53 -75
53 -75
53 -75
53 -75
53 -75
53 -75
53 -75
53 -75
53 -75
53 -75
53 -75
53 -75
53 -64
53 -76
53 -75
53 -76
53 -76
53 -75
53 -75
53 -65
53 -76
53 -72
53 -75
53 -76
53 -73
53 -76
53 -74
53 -75
53 -75
53 -74
53 -74
53 -74
53 -74
53 -74
53 -73
53 -73
53 -73
53 -73
53 -72
53 -72
53 -72
53 -72
53 -72
53 -72
53 -72
53 -72
53 -72
53 -72
53 -72
53 -72
53 -71
53 -72
53 -71
53 -72
53 -70
53 -68
53 -73
53 -73
53 -73
53 -72
53 -73
53 -73
53 -73
53 -74
53 -74
53 -74
53 -74
53 -74
53 -75
53 -75
53 -74
53 -74
53 -75
53 -74
53 -75
53 -75
53 -74
53 -74
53 -74
53 -74
53 -73
53 -73
53 -73
53 -73
53 -73
53 -73
53 -73
53 -73
53 -74
53 -73
53 -74
53 -73
55 -73
55 -72
55 -72
55 -72
55 -72
55 -72
55 -72
55 -72
55 -72
55 -71
55 -71
55 -71
55 -71
55 -71
55 -76
55 -70
55 -71
55 -70
55 -70
55 -69
55 -68
55 -68
55 -67
55 -67
55 -67
55 -67
55 -67
55 -67
55 -67
55 -67
55 -67
55 -68
55 -69
55 -70
55 -70
55 -71
55 -71
55 -71
55 -70
55 -69
55 -69
55 -68
55 -67
55 -67
55 -67
55 -67
55 -67
55 -67
55 -68
55 -68
55 -69
55 -69
55 -69
55 -70
55 -70
55 -70
55 -71
55 -71
55 -72
55 -70
55 -70
55 -70
55 -70
55 -69
55 -69
55 -68
55 -68
55 -69
55 -69
55 -69
55 -68
55 -68
55 -68
55 -69
55 -68
55 -68
55 -69
55 -69
55 -70
55 -70
55 -70
55 -71
55 -71
55 -72
55 -60
55 -73
55 -73
55 -74
55 -74
55 -75
55 -76
55 -76
55 -76
55 -75
55 -74
55 -73
55 -73
55 -72
55 -74
55 -70
55 -69
55 -69
55 -68
55 -68
55 -68
55 -68
55 -67
55 -67
55 -67
55 -67
55 -66
55 -66
55 -66
55 -66
55 -66
55 -66
55 -66
55 -66
55 -66
55 -67
55 -67
55 -66
55 -66
55 -67
55 -68
55 -69
55 -69
55 -70
55 -70
55 -71
55 -71
55 -72
55 -71
55 -70
55 -69
55 -69
55 -68
55 -68
55 -67
55 -68
55 -68
55 -69
55 -68
55 -69
55 -69
55 -69
55 -69
55 -69
55 -70
55 -69
55 -70
55 -69
55 -69
55 -69
55 -69
55 -69
55 -69
55 -68
55 -68
55 -69
55 -69
55 -69
55 -69
55 -70
55 -70
55 -70
55 -70
55 -70
55 -70
55 -69
55 -69
55 -69
55 -69
55 -69
55 -69
55 -68
55 -68
55 -68
55 -68
55 -68
55 -68
55 -67
55 -67
55 -67
55 -66
55 -66
55 -66
55 -66
55 -66
55 -66
55 -66
55 -66
55 -66
55 -66
55 -66
55 -66
55 -66
55 -66
55 -65
55 -65
55 -65
55 -65
55 -65
55 -65
55 -65
55 -64
55 -65
55 -65
55 -65
55 -65
55 -66
55 -66
55 -66
55 -68
55 -68
55 -69
55 -68
55 -68
55 -69
55 -69
55 -69
55 -69
55 -69
55 -69
55 -69
55 -69
55 -69
55 -68
55 -67
55 -67
55 -67
55 -67
55 -67
55 -67
55 -67
55 -67
55 -67
55 -66
55 -66
55 -66
55 -66
55 -66
55 -66
55 -66
55 -66
55 -65
55 -66
55 -65
55 -64
55 -64
55 -64
55 -65
55 -65
55 -65
55 -65
55 -65
55 -65
55 -64
55 -65
55 -65
55 -64
55 -65
55 -65
55 -65
55 -65
55 -65
55 -65
55 -65
55 -62
55 -65
55 -65
55 -65
55 -66
55 -65
55 -65
55 -65
55 -65
55 -65
55 -65
55 -65
55 -65
55 -65
55 -65
55 -65
55 -65
55 -65
55 -66
55 -66
55 -66
55 -66
55 -65
55 -66
55 -66
55 -66
55 -66
55 -67
55 -67
55 -66
55 -68
55 -68
55 -68
55 -69
55 -69
55 -70
55 -75
55 -70
55 -70
55 -70
55 -70
55 -70
55 -70
55 -70
55 -70
55 -70
55 -70
55 -70
55 -70
55 -70
55 -70
55 -70
55 -70
55 -71
55 -71
55 -71
55 -71
55 -70
55 -70
55 -68
55 -68
55 -68
55 -69
55 -69
55 -70
55 -70
55 -69
55 -68
55 -69
55 -70
55 -70
55 -69
55 -69
55 -69
55 -69
55 -68
55 -69
55 -70
55 -68
55 -70
55 -69
55 -70
55 -70
55 -70
55 -70
55 -71
55 -70
55 -70
55 -70
55 -70
55 -70
55 -70
55 -70
55 -70
55 -70
55 -70
56 -80
56 -80
56 -80
56 -80
56 -80
56 -80
56 -80
56 -80
56 -80
56 -60
56 -80
56 -81
56 -80
56 -80
56 -80
56 -78
56 -80
56 -79
56 -79
56 -79
56 -76
56 -78
56 -78
56 -74
56 -77
56 -78
56 -78
56 -78
56 -78
56 -64
56 -78
56 -79
56 -79
56 -68
56 -80
56 -81
56 -80
56 -80
56 -81
56 -79
56 -79
56 -78
56 -79
56 -79
56 -79
56 -79
56 -79
56 -79
56 -79
56 -79
56 -79
56 -76
56 -79
56 -75
56 -79
56 -79
56 -79
56 -78
56 -78
56 -78
56 -78
56 -78
56 -78
56 -78
56 -78
56 -78
56 -78
56 -78
56 -78
56 -75
56 -78
56 -79
56 -78
56 -78
56 -79
56 -79
56 -46
56 -80
56 -80
56 -80
56 -81
56 -81
56 -82
56 -81
56 -81
56 -80
56 -80
56 -80
56 -80
56 -80
56 -80
56 -79
56 -76
56 -79
56 -79
56 -79
56 -79
56 -79
56 -79
56 -79
56 -65
56 -79
56 -78
56 -79
56 -80
56 -79
56 -80
56 -81
56 -82
56 -82
56 -81
56 -79
56 -76
56 -79
56 -77
56 -79
56 -78
56 -79
56 -79
56 -80
56 -79
56 -64
56 -80
56 -80
56 -80
56 -80
56 -80
56 -80
56 -80
56 -80
56 -77
56 -79
56 -80
56 -79
56 -80
56 -79
56 -80
56 -80
56 -80
56 -79
56 -79
56 -79
56 -79
56 -79
56 -79
56 -79
56 -79
56 -79
56 -78
56 -79
56 -79
56 -79
56 -79
56 -79
56 -79
56 -79
56 -79
56 -78
56 -78
56 -78
56 -78
56 -78
56 -78
56 -78
56 -77
56 -78
56 -43
56 -78
56 -75
56 -76
56 -78
56 -78
56 -78
56 -78
56 -78
56 -78
56 -78
56 -78
56 -78
56 -78
56 -78
56 -78
56 -78
56 -78
56 -78
56 -76
56 -78
56 -79
56 -78
56 -79
56 -76
56 -79
56 -79
56 -79
56 -79
56 -79
56 -79
56 -79
56 -78
56 -79
56 -79
56 -78
56 -79
56 -78
56 -78
56 -78
56 -78
56 -77
56 -78
56 -78
56 -78
56 -78
56 -78
56 -78
56 -76
56 -78
56 -78
56 -78
56 -64
56 -78
56 -78
56 -75
56 -77
56 -77
56 -77
56 -78
56 -78
56 -78
56 -78
56 -78
56 -78
56 -78
56 -78
56 -78
56 -78
56 -78
56 -78
56 -78
56 -78
56 -78
56 -78
56 -78
56 -78
56 -79
56 -78
56 -78
56 -78
56 -79
56 -78
56 -75
56 -78
56 -77
56 -78
56 -78
56 -67
56 -78
56 -78
56 -78
56 -77
56 -63
56 -79
56 -79
56 -78
56 -79
56 -77
56 -77
56 -79
56 -79
56 -80
56 -80
56 -80
56 -79
56 -80
56 -81
56 -80
56 -66
56 -72
56 -80
56 -80
56 -66
56 -81
56 -66
56 -80
56 -79
56 -64
56 -79
56 -81
56 -80
56 -80
56 -80
56 -80
56 -81
56 -81
56 -81
56 -81
56 -81
56 -79
56 -70
56 -81
56 -82
56 -81
56 -82
56 -82
56 -81
56 -81
56 -81
56 -81
56 -81
56 -81
56 -81
57 -83
57 -82
57 -83
57 -83
57 -82
57 -82
57 -83
57 -83
57 -83
57 -83
57 -83
57 -83
57 -80
57 -83
57 -83
57 -83
57 -83
57 -84
57 -83
57 -84
57 -83
57 -83
57 -84
57 -83
57 -84
57 -83
57 -83
57 -84
57 -84
57 -84
57 -84
57 -84
57 -84
57 -75
57 -83
57 -83
57 -83
57 -83
57 -84
57 -83
57 -83
57 -83
57 -83
57 -83
57 -83
57 -82
57 -82
57 -82
57 -82
57 -83
57 -82
57 -83
57 -83
57 -83
57 -83
57 -83
57 -82
57 -83
57 -84
57 -83
57 -78
57 -83
57 -84
57 -85
57 -84
57 -86
57 -85
57 -85
57 -85
57 -85
57 -79
57 -84
57 -84
57 -83
57 -85
57 -86
57 -86
57 -86
57 -84
57 -84
57 -84
57 -84
57 -83
57 -66
57 -84
57 -85
57 -84
57 -84
57 -85
57 -84
57 -86
57 -84
57 -87
57 -72
57 -84
57 -84
57 -84
57 -84
57 -84
57 -84
57 -84
57 -76
57 -85
57 -84
57 -84
57 -84
57 -84
57 -84
57 -83
57 -84
57 -84
58 -79
58 -79
58 -80
58 -79
58 -79
58 -79
58 -79
58 -79
58 -78
58 -79
58 -79
58 -79
58 -80
58 -79
58 -78
58 -78
58 -79
58 -79
58 -79
58 -78
58 -78
58 -79
58 -79
58 -70
58 -79
58 -79
58 -78
58 -79
58 -78
58 -79
58 -79
58 -79
58 -80
58 -79
58 -79
58 -79
58 -79
58 -79
58 -79
58 -79
58 -79
58 -79
58 -79
58 -79
58 -79
58 -79
58 -79
58 -79
58 -80
58 -75
58 -80
58 -80
58 -80
58 -80
58 -65
58 -80
58 -80
58 -79
58 -79
58 -79
58 -80
58 -80
58 -79
58 -79
58 -79
58 -75
58 -79
58 -79
58 -68
58 -79
58 -79
58 -79
58 -80
58 -65
58 -79
58 -78
58 -78
58 -78
58 -79
58 -79
58 -79
58 -70
58 -79
58 -79
58 -64
58 -79
58 -79
58 -79
58 -79
58 -79
58 -78
58 -78
58 -79
58 -79
58 -79
58 -79
58 -63
58 -79
58 -80
58 -75
58 -80
58 -80
58 -81
58 -80
58 -80
58 -72
58 -72
58 -80
58 -81
58 -82
58 -82
58 -82
58 -82
58 -82
58 -82
58 -82
58 -83
58 -82
58 -83
58 -82
58 -82
58 -82
58 -81
58 -82
58 -82
58 -82
58 -82
58 -82
58 -82
58 -82
58 -80
58 -80
58 -81
58 -81
58 -81
58 -81
58 -81
58 -81
58 -82
58 -81
58 -81
58 -81
58 -81
58 -69
58 -81
58 -81
58 -73
58 -81
58 -81
58 -81
58 -81
58 -80
58 -78
58 -80
58 -80
58 -81
58 -81
58 -80
58 -81
58 -81
58 -81
58 -49
58 -81
58 -81
58 -81
58 -81
58 -81
58 -82
58 -82
58 -82
58 -82
58 -81
58 -78
58 -80
58 -73
58 -81
58 -81
58 -81
58 -81
58 -81
58 -81
58 -72
58 -80
58 -80
58 -80
58 -80
58 -78
58 -80
58 -80
58 -81
58 -80
58 -79
58 -81
58 -81
58 -81
58 -78
58 -81
58 -81
58 -81
58 -81
58 -81
58 -80
58 -80
58 -80
58 -80
58 -80
58 -80
58 -81
58 -81
58 -81
58 -82
58 -82
58 -82
58 -82
58 -81
58 -82
58 -82
58 -82
58 -81
58 -81
58 -81
58 -81
58 -82
58 -81
58 -75
58 -82
58 -81
58 -81
58 -81
58 -81
58 -81
58 -81
58 -81
58 -81
58 -81
58 -80
58 -80
58 -81
58 -80
58 -80
58 -81
58 -81
58 -81
58 -81
58 -80
58 -81
58 -80
58 -80
58 -80
58 -80
58 -81
58 -81
58 -66
58 -80
58 -79
58 -80
58 -80
58 -81
58 -81
58 -80
58 -82
58 -82
58 -83
58 -83
58 -83
58 -83
58 -84
58 -83
58 -44
58 -83
58 -82
58 -82
58 -82
58 -82
58 -50
58 -82
58 -82
58 -82
58 -82
58 -82
58 -82
59 -79
59 -80
59 -79
59 -79
59 -80
59 -79
59 -79
59 -79
59 -79
59 -80
59 -76
59 -80
59 -79
59 -73
59 -81
59 -80
59 -81
59 -81
59 -81
59 -82
59 -81
59 -82
59 -81
59 -81
59 -81
59 -81
59 -81
59 -81
59 -81
59 -81
59 -81
59 -81
59 -81
59 -81
59 -81
59 -81
59 -79
59 -81
59 -81
59 -80
59 -80
59 -80
59 -81
59 -78
59 -80
59 -81
59 -81
59 -81
59 -73
59 -81
59 -81
59 -81
59 -80
59 -81
59 -64
59 -81
59 -81
59 -80
59 -80
59 -80
59 -80
59 -55
59 -70
59 -80
59 -80
59 -72
59 -79
59 -80
59 -80
59 -78
59 -80
59 -80
59 -80
59 -62
59 -81
59 -81
59 -81
59 -81
59 -81
59 -80
59 -81
59 -81
59 -81
59 -81
59 -81
59 -81
59 -81
59 -80
59 -80
59 -81
59 -81
59 -81
59 -80
59 -81
59 -81
59 -82
59 -69
59 -67
59 -84
59 -85
59 -82
59 -84
59 -83
59 -83
59 -83
59 -83
59 -83
59 -83
59 -82
59 -82
59 -82
59 -81
59 -66
59 -78
59 -60
59 -82
59 -63
59 -82
59 -81
59 -81
59 -81
59 -82
59 -69
59 -82
59 -82
59 -80
59 -81
59 -82
59 -81
59 -81
59 -80
59 -80
59 -81
59 -68
59 -81
59 -81
59 -81
59 -82
59 -80
59 -61
59 -79
59 -81
59 -82
59 -81
59 -73
59 -81
59 -82
59 -82
59 -82
59 -79
59 -81
59 -81
59 -80
59 -81
59 -81
59 -81
59 -81
59 -81
59 -80
59 -80
59 -71
59 -81
59 -79
59 -64
59 -80
59 -81
59 -81
59 -81
59 -81
59 -76
59 -81
59 -66
59 -81
59 -81
59 -81
59 -82
59 -81
59 -80
59 -81
59 -81
59 -81
59 -81
59 -81
59 -81
59 -80
59 -81
59 -81
59 -81
59 -81
59 -80
59 -81
59 -81
59 -82
59 -82
59 -82
59 -81
59 -82
59 -82
59 -82
59 -82
59 -82
59 -82
59 -82
59 -82
59 -82
59 -82
59 -82
59 -77
59 -81
59 -82
59 -80
59 -79
59 -81
59 -81
59 -81
59 -80
59 -81
59 -81
59 -81
59 -80
59 -81
59 -76
59 -80
59 -80
59 -80
59 -81
59 -81
59 -80
59 -80
59 -81
59 -80
59 -81
59 -75
59 -78
59 -80
59 -74
59 -80
59 -81
59 -64
59 -80
59 -81
59 -80
59 -66
59 -80
59 -81
59 -81
59 -81
59 -81
59 -83
59 -81
59 -64
59 -81
59 -73
59 -81
59 -81
59 -81
59 -81
59 -81
59 -80
59 -80
59 -82
59 -82
59 -80
59 -63
59 -80
59 -81
59 -81
59 -81
59 -81
59 -72
59 -82
59 -81
59 -81
59 -73
59 -81
59 -82
59 -81
60 -83
60 -83
60 -85
60 -87
60 -84
60 -84
60 -84
60 -86
60 -84
60 -84
60 -77
60 -81
60 -82
60 -85
60 -85
60 -85
60 -87
60 -84
60 -84
60 -84
60 -83
60 -82
60 -83
60 -84
60 -84
60 -85
60 -84
60 -85
60 -84
60 -84
60 -84
60 -84
60 -86
60 -84
60 -85
