Beacon Rssi
1 -84
1 -86
1 -84
1 -86
1 -88
2 -84
2 -84
2 -84
2 -49
2 -84
2 -84
2 -83
2 -84
2 -84
2 -84
2 -83
2 -83
2 -84
2 -84
2 -83
2 -82
2 -82
2 -83
2 -83
2 -83
2 -83
2 -83
2 -83
2 -80
2 -82
2 -82
2 -82
2 -83
2 -50
2 -82
2 -82
2 -82
2 -83
2 -82
2 -83
2 -83
2 -82
2 -82
2 -84
2 -83
2 -83
2 -83
2 -83
2 -82
2 -82
2 -83
2 -83
2 -83
2 -83
2 -83
2 -84
2 -82
2 -83
2 -82
2 -83
2 -83
2 -81
2 -83
2 -83
2 -82
2 -84
2 -86
2 -82
2 -84
2 -84
2 -84
2 -84
2 -84
2 -84
2 -84
2 -85
2 -82
2 -83
2 -82
2 -82
2 -81
2 -81
2 -82
2 -83
2 -83
2 -83
2 -83
2 -82
2 -83
2 -83
2 -80
2 -83
2 -82
2 -82
2 -82
2 -83
2 -82
2 -83
2 -83
2 -82
2 -82
2 -82
2 -82
2 -82
2 -83
2 -83
2 -83
2 -86
2 -84
3 -83
3 -86
3 -73
3 -83
3 -83
3 -78
3 -84
3 -84
3 -85
3 -85
3 -85
3 -83
3 -83
3 -83
3 -82
3 -82
3 -83
3 -84
3 -83
3 -86
3 -87
3 -85
16 -84
16 -84
16 -85
16 -85
16 -85
16 -84
16 -85
16 -86
16 -85
16 -84
16 -83
16 -83
16 -84
16 -83
16 -83
16 -83
16 -84
16 -82
16 -82
16 -82
16 -83
16 -82
16 -82
16 -83
16 -83
16 -83
16 -83
16 -83
16 -83
16 -83
16 -82
16 -83
16 -82
16 -83
16 -74
16 -84
16 -51
16 -83
16 -83
16 -82
16 -83
16 -83
16 -84
16 -84
16 -84
16 -84
16 -83
16 -83
16 -83
16 -85
16 -54
16 -84
17 -58
17 -84
17 -51
17 -84
17 -83
17 -85
17 -86
17 -85
17 -87
17 -84
17 -86
17 -87
17 -84
17 -85
18 -82
18 -82
18 -80
18 -81
18 -81
18 -81
18 -82
18 -81
18 -82
18 -82
18 -83
18 -84
18 -84
18 -84
18 -83
18 -84
18 -84
18 -84
18 -84
18 -83
18 -82
18 -82
18 -82
18 -82
18 -81
18 -82
18 -81
18 -82
18 -82
18 -82
18 -82
18 -83
18 -82
18 -82
18 -82
18 -82
18 -72
18 -82
18 -81
18 -82
18 -81
18 -81
18 -80
18 -81
18 -80
18 -81
18 -81
18 -81
18 -81
18 -50
18 -82
18 -82
18 -82
18 -81
18 -81
18 -80
18 -81
18 -78
18 -79
18 -81
18 -80
18 -80
18 -80
18 -81
18 -80
18 -81
18 -80
18 -80
18 -81
18 -80
18 -80
18 -80
18 -81
18 -81
18 -80
18 -82
18 -81
18 -80
18 -81
18 -81
18 -78
18 -80
18 -51
18 -80
18 -81
18 -80
18 -81
18 -80
18 -80
18 -80
18 -81
18 -80
18 -81
18 -81
18 -81
18 -81
18 -81
18 -80
18 -81
18 -53
18 -80
18 -80
18 -80
18 -80
18 -80
18 -80
18 -80
18 -81
18 -81
18 -81
18 -80
18 -80
18 -80
18 -80
18 -80
18 -81
18 -79
18 -80
18 -80
18 -80
18 -80
18 -79
18 -80
18 -80
18 -78
18 -80
18 -80
18 -80
18 -80
18 -81
18 -52
18 -80
18 -81
18 -80
18 -81
18 -82
18 -82
18 -83
18 -81
18 -82
18 -82
18 -82
18 -82
18 -82
18 -82
18 -82
18 -81
18 -81
18 -82
18 -78
18 -82
18 -81
18 -82
18 -82
18 -80
18 -77
18 -81
18 -81
18 -81
18 -80
18 -77
18 -81
18 -81
18 -81
18 -81
18 -81
18 -81
18 -81
18 -80
18 -81
18 -79
18 -81
18 -83
18 -84
18 -82
18 -80
18 -79
18 -80
18 -80
18 -80
18 -81
18 -81
18 -81
18 -81
18 -81
18 -81
18 -81
18 -81
18 -73
18 -81
18 -52
18 -51
18 -80
18 -59
18 -80
18 -80
18 -80
18 -80
18 -80
18 -81
18 -78
18 -80
18 -80
18 -81
18 -81
18 -52
18 -80
18 -79
18 -80
18 -80
18 -80
18 -79
18 -80
18 -80
18 -80
18 -79
18 -80
18 -49
18 -80
18 -80
18 -80
18 -80
18 -80
18 -80
18 -80
18 -82
18 -84
18 -84
18 -82
18 -82
18 -82
18 -83
18 -83
18 -82
19 -79
19 -51
19 -80
19 -79
19 -80
19 -80
19 -80
19 -80
19 -79
19 -80
19 -79
19 -79
19 -79
19 -79
19 -79
19 -80
19 -82
19 -81
19 -49
19 -81
19 -80
19 -80
19 -81
19 -80
19 -80
19 -80
19 -81
19 -82
19 -82
19 -81
19 -80
19 -81
19 -81
19 -82
19 -82
19 -82
19 -80
19 -81
19 -74
19 -81
19 -80
19 -81
19 -80
19 -81
19 -81
19 -82
19 -82
19 -84
19 -84
19 -86
19 -70
19 -83
19 -52
19 -82
19 -82
19 -82
19 -82
19 -82
19 -81
19 -82
19 -82
19 -83
19 -72
19 -83
19 -83
19 -83
19 -82
19 -82
19 -81
19 -82
19 -81
19 -80
19 -81
19 -80
19 -77
19 -79
19 -81
19 -81
19 -80
19 -80
19 -80
19 -81
19 -81
19 -81
19 -81
19 -81
19 -81
19 -81
19 -81
19 -81
19 -81
19 -81
19 -80
19 -64
19 -81
19 -80
19 -81
19 -81
19 -82
19 -82
19 -81
19 -82
19 -82
19 -81
19 -78
19 -81
19 -82
19 -81
19 -81
19 -81
19 -81
19 -76
19 -81
19 -79
19 -79
19 -81
19 -81
19 -81
19 -81
19 -79
19 -82
19 -82
19 -82
19 -52
19 -81
19 -81
19 -81
19 -81
19 -81
19 -82
19 -82
19 -81
19 -82
19 -80
19 -82
19 -79
19 -82
19 -82
19 -52
19 -82
19 -83
19 -82
19 -82
19 -82
19 -82
19 -82
19 -83
19 -82
19 -83
19 -78
19 -83
19 -83
19 -83
19 -82
19 -83
19 -83
19 -84
19 -76
19 -83
19 -81
19 -82
19 -82
19 -84
19 -81
19 -82
19 -82
19 -82
19 -83
19 -83
19 -82
19 -82
19 -83
19 -82
19 -82
19 -82
19 -79
19 -82
19 -82
19 -76
19 -83
19 -83
19 -83
19 -83
19 -83
19 -52
19 -76
19 -84
19 -83
19 -83
19 -83
19 -82
19 -82
19 -82
19 -82
19 -79
19 -86
20 -54
20 -84
20 -85
20 -82
20 -83
20 -81
20 -82
20 -83
20 -84
20 -83
20 -83
20 -82
20 -85
20 -85
20 -85
20 -85
20 -84
20 -83
20 -84
20 -86
20 -86
20 -84
20 -84
20 -83
20 -83
20 -84
20 -84
20 -84
20 -83
20 -75
20 -84
20 -84
20 -84
20 -83
20 -84
20 -84
20 -83
20 -84
20 -84
20 -84
20 -84
20 -76
20 -52
20 -83
20 -84
20 -84
20 -84
20 -84
20 -84
20 -84
20 -84
20 -84
20 -84
20 -84
20 -83
20 -86
20 -85
21 -49
21 -82
21 -82
21 -82
21 -71
21 -82
21 -82
21 -81
21 -81
21 -77
21 -79
21 -78
21 -78
21 -78
21 -78
21 -79
21 -79
21 -80
21 -79
21 -79
21 -79
21 -78
21 -79
21 -79
21 -78
21 -80
21 -78
21 -78
21 -76
21 -76
21 -76
21 -76
21 -76
21 -78
21 -77
21 -78
21 -78
21 -78
21 -79
21 -77
21 -78
21 -79
21 -78
21 -78
21 -78
21 -78
21 -78
21 -77
21 -76
21 -76
21 -76
21 -76
21 -76
21 -76
21 -76
21 -76
21 -76
21 -76
21 -78
21 -79
21 -82
21 -79
21 -78
21 -79
21 -79
21 -79
21 -78
21 -79
21 -78
21 -78
21 -76
21 -76
21 -76
21 -76
21 -76
21 -76
21 -76
21 -76
21 -50
21 -76
21 -75
21 -76
21 -76
21 -75
21 -77
21 -78
21 -78
21 -77
21 -76
21 -76
21 -76
21 -76
21 -76
21 -76
21 -76
21 -77
21 -76
21 -76
21 -76
21 -76
21 -76
21 -76
21 -76
21 -76
21 -76
21 -76
21 -76
21 -76
21 -76
21 -76
21 -75
21 -75
21 -75
21 -75
21 -76
21 -76
21 -76
21 -76
21 -76
21 -76
21 -76
21 -76
21 -76
21 -76
21 -76
21 -76
21 -76
21 -76
21 -77
21 -76
21 -73
21 -77
21 -76
21 -76
21 -76
21 -76
21 -76
21 -76
21 -75
21 -76
21 -75
21 -75
21 -76
21 -75
21 -76
21 -75
21 -75
21 -74
21 -72
21 -75
21 -76
21 -75
21 -75
21 -75
21 -75
21 -75
21 -75
21 -75
21 -73
21 -75
21 -75
21 -75
21 -75
21 -74
21 -74
21 -69
21 -75
21 -74
21 -74
21 -75
21 -74
21 -74
21 -74
21 -74
21 -74
21 -75
21 -75
21 -72
21 -75
21 -75
21 -75
21 -75
21 -74
21 -74
21 -74
21 -74
21 -74
21 -74
21 -74
21 -74
21 -73
21 -73
21 -73
21 -74
21 -73
21 -74
21 -73
21 -73
21 -74
21 -74
21 -74
21 -74
21 -74
21 -74
21 -74
21 -74
21 -74
21 -75
21 -74
21 -75
21 -74
21 -74
21 -74
21 -74
21 -74
21 -74
21 -75
21 -74
21 -75
21 -74
21 -74
21 -74
21 -51
21 -74
21 -73
21 -74
21 -73
21 -73
21 -73
21 -73
21 -74
21 -74
21 -73
21 -73
21 -74
21 -74
21 -74
21 -74
21 -73
21 -72
21 -73
21 -73
21 -58
21 -73
21 -73
21 -73
21 -73
21 -73
21 -73
21 -73
21 -73
21 -73
21 -73
21 -73
21 -52
21 -73
21 -73
21 -73
21 -74
21 -74
21 -75
21 -74
21 -74
21 -74
21 -76
21 -76
21 -76
21 -81
21 -76
21 -82
21 -81
21 -79
21 -79
21 -78
21 -78
21 -77
21 -77
21 -77
21 -50
21 -76
21 -76
21 -76
21 -75
21 -76
21 -76
21 -76
21 -76
21 -75
21 -75
21 -75
21 -75
21 -75
21 -74
21 -75
21 -75
21 -75
21 -76
21 -76
21 -76
21 -76
21 -76
21 -76
21 -76
21 -76
21 -76
21 -76
21 -76
21 -75
21 -76
21 -75
21 -76
21 -75
21 -76
21 -75
21 -75
21 -75
21 -76
21 -76
21 -75
21 -75
21 -75
21 -76
21 -76
21 -57
21 -76
21 -76
21 -76
21 -76
21 -76
21 -76
21 -76
21 -52
21 -76
21 -77
21 -77
21 -76
21 -77
21 -78
21 -79
21 -78
21 -80
21 -82
21 -83
21 -82
21 -82
21 -83
21 -83
21 -80
21 -81
21 -81
21 -81
21 -82
21 -82
21 -82
22 -78
22 -78
22 -77
22 -77
22 -78
22 -76
22 -77
22 -77
22 -77
22 -76
22 -77
22 -77
22 -77
22 -77
22 -77
22 -70
22 -78
22 -78
22 -78
22 -78
22 -78
22 -80
22 -83
22 -48
22 -78
22 -80
22 -80
22 -76
22 -79
22 -82
22 -80
22 -79
22 -76
22 -77
22 -76
22 -77
22 -76
22 -78
22 -78
22 -78
22 -78
22 -79
22 -79
22 -80
22 -78
22 -80
22 -80
22 -81
22 -81
22 -82
22 -81
22 -80
22 -81
22 -80
22 -80
22 -80
22 -80
22 -80
22 -80
22 -80
22 -80
22 -79
22 -79
22 -78
22 -78
22 -77
22 -58
22 -80
22 -48
22 -80
22 -78
22 -76
22 -82
22 -83
22 -82
22 -82
22 -82
22 -81
22 -81
22 -50
22 -82
22 -50
22 -83
22 -82
22 -82
22 -71
22 -81
22 -79
22 -79
22 -78
22 -78
22 -45
22 -78
22 -78
22 -78
22 -78
22 -79
22 -79
22 -67
22 -78
22 -78
22 -80
22 -80
22 -80
22 -80
22 -80
22 -81
22 -82
22 -82
22 -82
22 -82
22 -76
22 -80
22 -81
22 -73
22 -79
22 -79
22 -79
22 -76
22 -80
22 -80
22 -79
22 -80
22 -79
22 -79
22 -80
22 -80
22 -81
22 -81
22 -80
22 -81
22 -81
22 -81
22 -81
22 -81
22 -81
22 -81
22 -82
22 -82
22 -82
22 -82
22 -78
22 -81
22 -70
22 -80
22 -80
22 -80
22 -80
22 -80
22 -80
22 -81
22 -82
22 -82
22 -81
22 -51
22 -80
22 -80
22 -81
22 -80
22 -80
22 -80
22 -80
22 -80
22 -81
22 -80
22 -79
22 -79
22 -79
22 -80
22 -79
22 -50
22 -80
22 -80
22 -80
22 -80
22 -80
22 -81
22 -81
22 -81
22 -81
22 -81
22 -80
22 -80
22 -80
22 -80
22 -80
22 -80
22 -80
22 -80
22 -80
22 -80
22 -79
22 -80
22 -80
22 -80
22 -80
22 -80
22 -81
22 -80
22 -81
22 -82
22 -81
22 -82
22 -82
22 -81
22 -82
22 -81
22 -50
22 -81
22 -81
22 -82
22 -80
22 -81
22 -80
22 -49
22 -80
22 -80
22 -80
22 -79
22 -80
22 -80
22 -79
22 -80
22 -80
22 -77
22 -80
22 -79
22 -64
22 -79
22 -78
22 -80
22 -79
22 -79
22 -75
22 -78
22 -78
22 -78
22 -79
22 -79
22 -80
22 -79
22 -79
22 -80
22 -79
22 -81
22 -80
22 -79
22 -78
22 -78
22 -77
22 -76
22 -72
22 -77
22 -78
22 -69
22 -78
22 -79
22 -78
22 -80
22 -78
22 -78
22 -77
22 -75
22 -79
22 -79
22 -79
22 -78
22 -78
22 -78
22 -78
22 -78
22 -78
22 -78
22 -76
22 -76
22 -76
22 -76
22 -76
22 -76
22 -76
22 -77
22 -77
22 -77
22 -77
22 -78
22 -78
22 -78
22 -78
22 -78
22 -78
22 -78
22 -78
22 -78
22 -78
22 -78
22 -78
22 -78
22 -78
22 -78
22 -78
22 -78
22 -78
22 -78
22 -78
22 -78
22 -78
22 -78
22 -78
22 -78
22 -79
22 -79
22 -79
22 -78
22 -78
22 -80
22 -79
22 -80
22 -79
22 -78
22 -78
22 -77
22 -76
22 -75
22 -75
22 -76
22 -75
22 -75
22 -76
22 -76
22 -77
22 -77
22 -77
22 -78
22 -76
22 -76
22 -76
22 -76
22 -76
22 -75
22 -76
22 -77
22 -76
22 -76
22 -75
22 -66
22 -75
22 -75
22 -75
22 -75
22 -76
22 -75
22 -51
22 -74
23 -79
23 -83
23 -83
23 -82
23 -70
23 -84
23 -83
23 -83
23 -84
23 -84
23 -85
23 -86
23 -85
23 -85
23 -85
23 -84
23 -60
23 -83
23 -83
23 -83
23 -82
23 -83
23 -81
23 -83
23 -73
23 -83
23 -84
23 -83
23 -83
23 -83
23 -78
23 -84
23 -84
23 -83
23 -83
23 -84
23 -84
23 -82
23 -82
23 -83
23 -80
23 -82
23 -82
23 -82
23 -82
23 -81
23 -82
23 -82
23 -81
23 -78
23 -79
23 -78
23 -80
23 -81
23 -83
23 -85
23 -85
23 -83
23 -82
23 -83
23 -83
23 -84
23 -85
24 -84
24 -83
24 -83
24 -82
24 -81
24 -81
24 -79
24 -80
24 -79
24 -78
24 -76
24 -76
24 -76
24 -60
24 -76
24 -76
24 -77
24 -77
24 -76
24 -76
24 -76
24 -76
24 -76
24 -76
24 -48
24 -76
24 -75
24 -76
24 -76
24 -79
24 -77
24 -76
24 -76
24 -76
24 -76
24 -76
24 -76
24 -76
24 -76
24 -53
24 -76
24 -76
24 -75
24 -75
24 -74
24 -74
24 -73
24 -73
24 -73
24 -73
24 -73
24 -73
24 -74
24 -74
24 -74
24 -74
24 -74
24 -74
24 -74
24 -75
24 -67
24 -76
24 -76
24 -76
24 -76
24 -76
24 -76
24 -77
24 -76
24 -76
24 -76
24 -74
24 -72
24 -72
24 -72
24 -73
24 -73
24 -74
24 -74
24 -75
24 -76
24 -71
24 -72
24 -74
24 -73
24 -73
24 -74
24 -75
24 -75
24 -76
24 -76
24 -78
24 -79
24 -75
24 -78
24 -78
24 -78
24 -78
24 -79
24 -79
24 -79
24 -79
24 -79
24 -79
24 -78
24 -56
24 -73
24 -79
24 -80
24 -80
24 -79
24 -78
24 -78
24 -77
24 -78
24 -66
24 -77
24 -76
24 -76
24 -76
24 -76
24 -76
24 -77
24 -77
24 -78
24 -78
24 -78
24 -78
24 -79
24 -78
24 -78
24 -78
24 -79
24 -79
24 -79
24 -80
24 -59
24 -64
24 -77
24 -73
24 -76
24 -76
24 -76
24 -76
24 -75
24 -76
24 -76
24 -76
24 -76
24 -76
24 -75
24 -76
24 -76
24 -75
24 -75
24 -75
24 -75
24 -75
24 -75
24 -75
24 -74
24 -73
24 -74
24 -75
24 -75
24 -76
24 -76
24 -76
24 -76
24 -76
24 -71
24 -76
24 -76
24 -76
24 -76
24 -76
24 -76
24 -76
24 -76
24 -76
24 -76
24 -76
24 -76
24 -70
24 -76
24 -76
24 -76
24 -76
24 -76
24 -76
24 -76
24 -76
24 -76
24 -76
24 -76
24 -76
24 -73
24 -76
24 -76
24 -76
24 -76
24 -76
24 -76
24 -76
24 -76
24 -76
24 -77
24 -76
24 -76
24 -76
24 -76
24 -76
24 -77
24 -77
24 -77
24 -77
24 -77
24 -77
24 -77
24 -76
24 -76
24 -76
24 -76
24 -77
24 -78
24 -77
24 -77
24 -77
24 -77
24 -77
24 -77
24 -77
24 -78
24 -78
24 -78
24 -79
24 -80
24 -76
24 -81
24 -81
24 -81
24 -82
24 -82
24 -80
24 -81
24 -77
24 -81
24 -80
24 -80
24 -80
24 -80
24 -79
24 -79
24 -79
24 -79
24 -79
24 -79
24 -78
24 -78
24 -79
24 -80
24 -80
24 -78
24 -78
24 -78
24 -78
24 -78
24 -78
24 -72
24 -77
24 -77
24 -77
24 -78
24 -78
24 -78
24 -77
24 -77
24 -76
24 -76
24 -76
24 -76
24 -76
24 -76
24 -76
24 -75
24 -72
24 -73
24 -74
24 -75
24 -76
24 -78
24 -78
24 -76
24 -75
24 -75
24 -75
24 -75
24 -76
24 -73
24 -76
24 -76
24 -76
24 -76
24 -75
24 -76
24 -73
24 -77
24 -77
24 -78
24 -78
24 -78
24 -78
24 -77
24 -77
24 -77
24 -76
24 -76
24 -76
24 -76
24 -76
24 -76
24 -51
24 -76
24 -76
24 -76
24 -76
24 -77
24 -77
24 -77
24 -77
24 -76
24 -76
24 -76
24 -76
24 -75
24 -76
24 -76
24 -76
24 -76
24 -76
24 -75
24 -75
24 -76
24 -75
24 -75
24 -76
24 -75
24 -75
24 -75
24 -75
24 -75
24 -74
24 -74
24 -74
24 -73
24 -72
24 -71
24 -72
24 -76
24 -76
24 -76
24 -75
24 -75
24 -74
24 -73
24 -73
24 -73
24 -73
24 -73
24 -73
24 -73
24 -73
24 -73
24 -72
24 -72
24 -72
24 -50
24 -73
24 -73
24 -74
24 -74
24 -73
24 -73
24 -73
25 -83
25 -85
25 -85
25 -69
25 -68
25 -62
26 -50
26 -76
26 -77
26 -78
26 -78
26 -76
26 -77
26 -79
26 -79
26 -49
26 -81
26 -81
26 -82
26 -81
26 -80
26 -78
26 -77
26 -76
26 -76
26 -75
26 -76
26 -76
26 -76
26 -75
26 -76
26 -77
26 -79
26 -80
26 -80
26 -78
26 -77
26 -76
26 -76
26 -77
26 -78
26 -79
26 -80
26 -81
26 -80
26 -79
26 -79
26 -79
26 -80
26 -78
26 -78
26 -77
26 -77
26 -76
26 -76
26 -70
26 -76
26 -76
26 -76
26 -76
26 -76
26 -76
26 -75
26 -65
26 -76
26 -76
26 -76
26 -76
26 -76
26 -76
26 -75
26 -75
26 -73
26 -82
26 -70
26 -82
26 -81
26 -83
26 -86
26 -82
26 -81
26 -80
26 -79
26 -83
26 -84
26 -84
26 -84
26 -83
26 -83
26 -81
26 -79
26 -79
26 -78
26 -76
26 -76
26 -65
26 -74
26 -75
26 -75
26 -75
26 -75
26 -77
26 -81
26 -84
26 -83
26 -80
26 -79
26 -79
26 -78
26 -78
26 -51
26 -79
26 -80
26 -77
26 -82
26 -83
26 -84
26 -83
26 -73
26 -76
26 -83
26 -76
26 -81
26 -83
26 -83
26 -83
26 -73
26 -83
27 -81
27 -59
27 -83
27 -81
27 -81
27 -81
27 -80
27 -72
27 -81
27 -80
27 -80
27 -81
27 -82
27 -82
27 -82
27 -82
27 -83
27 -82
27 -83
27 -82
27 -82
27 -81
27 -82
27 -84
27 -84
27 -80
27 -78
27 -78
27 -77
27 -76
27 -77
27 -77
27 -78
27 -79
27 -81
27 -81
27 -81
27 -80
27 -81
27 -81
27 -82
27 -82
27 -82
27 -82
27 -82
27 -81
27 -82
27 -78
27 -83
27 -83
27 -83
27 -82
27 -82
27 -82
27 -79
27 -81
27 -82
27 -78
27 -81
27 -81
27 -81
27 -81
27 -81
27 -81
27 -81
27 -81
27 -81
27 -82
27 -82
27 -82
27 -84
27 -85
27 -84
27 -83
27 -83
27 -59
27 -83
27 -82
27 -83
27 -70
27 -83
27 -83
27 -83
27 -82
27 -82
27 -82
27 -61
27 -82
27 -83
27 -83
27 -51
27 -83
27 -84
27 -84
27 -84
27 -80
27 -84
27 -85
27 -84
27 -84
27 -83
27 -83
27 -84
27 -84
27 -85
27 -84
27 -84
27 -83
27 -48
27 -83
27 -83
27 -84
27 -83
27 -84
27 -83
27 -57
27 -83
27 -80
27 -84
27 -70
27 -83
27 -80
27 -83
27 -82
27 -84
27 -84
27 -85
27 -84
27 -84
27 -84
27 -70
27 -82
27 -82
27 -81
27 -83
27 -82
27 -81
27 -81
27 -80
27 -80
27 -82
27 -82
27 -83
27 -84
27 -84
27 -84
27 -82
27 -82
27 -82
27 -82
27 -82
27 -81
27 -82
27 -81
27 -81
27 -82
27 -82
27 -81
27 -81
27 -80
27 -81
27 -80
27 -80
27 -80
27 -81
27 -80
27 -81
27 -80
27 -80
27 -80
27 -57
27 -79
27 -79
27 -79
27 -78
27 -72
27 -78
27 -79
27 -67
27 -79
27 -79
27 -78
27 -79
27 -80
27 -81
27 -81
27 -81
27 -82
27 -80
27 -49
27 -83
27 -85
28 -84
28 -85
28 -84
28 -82
28 -83
28 -83
28 -83
28 -79
28 -83
28 -83
28 -84
28 -84
28 -84
28 -83
28 -82
28 -84
28 -83
28 -83
28 -83
28 -84
28 -73
28 -84
28 -84
28 -84
28 -84
28 -85
28 -84
28 -84
28 -84
28 -84
28 -84
28 -84
28 -87
28 -86
28 -87
28 -85
29 -84
29 -83
29 -81
29 -80
29 -80
29 -80
29 -80
29 -78
29 -78
29 -78
29 -78
29 -76
29 -78
29 -80
29 -80
29 -80
29 -81
29 -80
29 -80
29 -80
29 -81
29 -80
29 -80
29 -80
29 -57
29 -80
29 -79
29 -80
29 -79
29 -80
29 -80
29 -79
29 -78
29 -79
29 -80
29 -78
29 -79
29 -81
29 -80
29 -81
29 -80
29 -81
29 -80
29 -54
29 -81
29 -82
29 -82
29 -83
29 -82
29 -82
29 -82
29 -83
29 -83
29 -83
29 -83
29 -83
29 -83
29 -82
29 -83
29 -77
29 -81
29 -81
29 -72
29 -72
29 -82
29 -81
29 -82
29 -82
29 -82
29 -82
29 -81
29 -81
29 -81
29 -81
29 -74
29 -81
29 -82
29 -82
29 -81
29 -81
29 -52
29 -81
29 -51
29 -81
29 -51
29 -81
29 -54
29 -81
29 -80
29 -80
29 -81
29 -81
29 -81
29 -82
29 -79
29 -81
29 -81
29 -81
29 -82
29 -81
29 -81
29 -82
29 -82
29 -81
29 -81
29 -81
29 -81
29 -82
29 -81
29 -81
29 -80
29 -81
29 -81
29 -81
29 -81
29 -81
29 -79
29 -82
29 -81
29 -81
29 -82
29 -76
29 -81
29 -82
29 -78
29 -78
29 -81
29 -82
29 -81
29 -50
29 -81
29 -82
29 -82
29 -82
29 -82
29 -82
29 -82
29 -80
29 -83
29 -83
29 -84
29 -83
29 -83
29 -82
29 -82
29 -82
29 -82
29 -82
29 -81
29 -82
29 -81
29 -82
29 -81
29 -81
29 -81
29 -81
29 -81
29 -81
29 -78
29 -82
29 -81
29 -81
29 -81
29 -81
29 -81
29 -80
29 -80
29 -83
29 -84
29 -83
29 -82
29 -60
29 -79
29 -80
29 -83
29 -83
29 -82
29 -81
29 -81
29 -81
29 -49
29 -81
29 -81
29 -82
29 -86
29 -83
29 -84
29 -84
29 -51
29 -83
29 -82
29 -82
29 -82
29 -82
29 -82
29 -82
29 -81
29 -81
29 -82
29 -82
29 -82
29 -81
29 -82
29 -81
29 -81
29 -80
29 -82
29 -81
29 -81
29 -81
29 -81
29 -81
29 -80
29 -79
29 -77
29 -80
29 -80
29 -81
29 -81
29 -80
29 -81
29 -81
29 -81
29 -81
29 -82
29 -82
29 -81
29 -84
29 -83
29 -78
29 -83
30 -83
30 -83
30 -85
30 -85
30 -79
30 -84
30 -84
30 -84
30 -83
30 -82
30 -84
30 -84
30 -84
30 -84
30 -85
30 -84
30 -85
30 -85
30 -85
30 -85
30 -85
30 -86
30 -86
30 -85
30 -84
30 -84
30 -84
30 -84
30 -84
30 -85
30 -86
30 -86
30 -82
30 -83
30 -82
30 -83
30 -83
30 -82
30 -83
30 -82
30 -82
30 -83
30 -82
30 -82
30 -82
30 -82
30 -81
30 -82
30 -82
30 -82
30 -82
30 -82
30 -83
30 -82
30 -82
30 -52
30 -83
30 -83
30 -83
30 -51
30 -82
30 -78
30 -81
30 -82
30 -82
30 -64
30 -82
30 -82
30 -83
30 -84
30 -84
30 -84
30 -83
30 -84
32 -83
32 -83
32 -83
32 -83
32 -85
35 -74
35 -71
35 -71
41 -84
41 -84
41 -82
41 -84
41 -85
41 -85
41 -84
41 -84
41 -83
41 -48
41 -84
41 -84
41 -84
41 -84
41 -84
41 -84
41 -76
41 -78
41 -82
41 -84
41 -57
41 -83
41 -83
41 -85
41 -84
41 -84
41 -83
41 -69
41 -84
41 -84
41 -83
41 -83
41 -84
41 -84
41 -84
41 -83
41 -84
41 -84
41 -83
41 -83
41 -83
41 -84
41 -84
41 -84
41 -84
41 -84
41 -83
41 -83
41 -84
41 -83
41 -84
41 -84
41 -84
41 -82
41 -83
41 -83
41 -83
41 -84
41 -81
41 -83
41 -84
41 -84
41 -83
41 -84
41 -84
41 -84
41 -83
41 -84
41 -83
41 -84
41 -84
42 -83
42 -82
42 -83
42 -83
42 -83
42 -83
42 -85
42 -83
42 -82
42 -82
42 -83
42 -83
42 -87
42 -87
42 -85
42 -83
42 -85
42 -84
42 -84
42 -84
42 -84
42 -83
42 -84
42 -83
42 -83
42 -74
42 -83
42 -83
42 -83
42 -84
42 -83
42 -83
42 -79
42 -66
42 -85
42 -84
42 -85
43 -51
43 -82
43 -81
43 -80
43 -82
43 -67
43 -81
43 -81
43 -66
43 -81
43 -81
43 -83
43 -82
43 -83
43 -83
43 -85
43 -88
44 -81
44 -80
44 -79
44 -79
44 -78
44 -77
44 -78
44 -78
44 -72
44 -76
44 -76
44 -77
44 -78
44 -84
44 -63
44 -82
44 -81
44 -80
44 -80
44 -80
44 -79
44 -80
44 -79
44 -78
44 -78
44 -78
44 -78
44 -78
44 -78
44 -78
44 -78
44 -80
44 -82
44 -81
44 -82
44 -81
44 -82
44 -81
44 -80
44 -80
44 -80
44 -79
44 -81
44 -82
44 -83
44 -83
44 -72
44 -81
44 -82
44 -80
44 -81
44 -81
44 -81
44 -81
44 -82
44 -82
44 -83
44 -82
44 -79
44 -84
44 -84
44 -85
44 -84
44 -77
44 -83
44 -81
44 -80
44 -80
44 -81
44 -81
44 -80
44 -80
44 -81
44 -81
44 -82
44 -81
44 -82
44 -82
44 -82
44 -82
44 -80
44 -81
44 -52
44 -80
44 -80
44 -80
44 -81
44 -58
44 -81
44 -81
44 -82
44 -82
44 -82
44 -52
44 -77
44 -77
44 -81
44 -82
44 -82
44 -82
44 -82
44 -82
44 -71
44 -80
44 -80
44 -80
44 -80
44 -80
44 -72
44 -80
44 -81
44 -80
44 -81
44 -81
44 -81
44 -53
44 -82
44 -82
44 -81
44 -81
44 -81
44 -63
44 -80
44 -79
44 -80
44 -81
44 -80
44 -79
44 -78
44 -77
44 -77
44 -77
44 -77
44 -77
44 -76
44 -78
44 -78
44 -77
44 -78
44 -75
44 -76
44 -78
44 -80
44 -78
44 -51
44 -78
44 -71
44 -78
44 -79
44 -78
44 -78
44 -78
44 -79
44 -78
44 -78
44 -71
44 -80
44 -80
44 -80
44 -80
44 -81
44 -81
44 -81
44 -81
44 -80
44 -81
44 -81
44 -80
44 -79
44 -77
44 -76
44 -76
44 -77
44 -78
44 -76
44 -77
44 -82
44 -80
44 -80
44 -79
44 -78
44 -79
44 -78
44 -78
44 -78
44 -78
44 -79
44 -78
44 -79
44 -78
44 -78
44 -78
44 -78
44 -78
44 -78
44 -79
44 -78
44 -80
44 -80
44 -80
44 -80
44 -80
44 -80
44 -80
44 -80
44 -79
44 -80
44 -80
44 -80
44 -62
44 -79
44 -80
44 -78
44 -79
44 -77
44 -78
44 -78
44 -79
44 -78
44 -78
44 -78
44 -79
44 -79
44 -79
44 -78
44 -79
44 -80
44 -78
44 -54
44 -77
44 -79
44 -79
44 -81
44 -82
44 -79
44 -78
44 -78
44 -74
44 -78
44 -80
44 -81
44 -83
44 -82
44 -82
44 -83
44 -84
45 -76
45 -78
45 -77
45 -77
45 -77
45 -77
45 -77
45 -78
45 -77
45 -77
45 -78
45 -76
45 -76
45 -77
45 -76
45 -76
45 -77
45 -78
45 -79
45 -80
45 -79
45 -79
45 -78
45 -75
45 -63
45 -48
45 -76
45 -74
45 -74
45 -74
45 -76
45 -76
45 -76
45 -75
45 -59
45 -74
45 -75
45 -74
45 -75
45 -75
45 -75
45 -75
45 -76
45 -76
45 -76
45 -76
45 -76
45 -76
45 -76
45 -76
45 -75
45 -75
45 -75
45 -75
45 -75
45 -75
45 -75
45 -75
45 -75
45 -74
45 -74
45 -75
45 -75
45 -74
45 -74
45 -74
45 -75
45 -76
45 -76
45 -77
45 -50
45 -77
45 -76
45 -76
45 -76
45 -76
45 -64
45 -49
45 -77
45 -79
45 -78
45 -79
45 -78
45 -79
45 -79
45 -77
45 -76
45 -76
45 -76
45 -77
45 -77
45 -77
45 -78
45 -77
45 -78
45 -78
45 -78
45 -52
45 -78
45 -78
45 -78
45 -78
45 -77
45 -78
45 -78
45 -78
45 -78
45 -78
45 -78
45 -78
45 -78
45 -78
45 -78
45 -78
45 -78
45 -78
45 -78
45 -78
45 -77
45 -78
45 -78
45 -51
45 -78
45 -79
45 -78
45 -78
45 -78
45 -79
45 -78
45 -78
45 -78
45 -79
45 -79
45 -80
45 -79
45 -80
45 -79
45 -78
45 -79
45 -73
45 -80
45 -78
45 -79
45 -80
45 -78
45 -78
45 -79
45 -78
45 -78
45 -78
45 -79
45 -79
45 -79
45 -80
45 -79
45 -80
45 -80
45 -79
45 -80
45 -79
45 -78
45 -80
45 -80
45 -80
45 -80
45 -80
45 -79
45 -79
45 -79
45 -80
45 -79
45 -69
45 -80
45 -79
45 -80
45 -79
45 -81
45 -79
45 -81
45 -81
45 -81
45 -81
45 -81
45 -81
45 -80
45 -80
45 -79
45 -81
45 -80
45 -80
45 -80
45 -80
45 -79
45 -81
45 -81
45 -81
45 -81
45 -81
45 -82
45 -82
45 -83
45 -82
45 -82
45 -81
45 -81
45 -82
45 -82
45 -82
45 -82
45 -80
45 -81
45 -81
45 -81
45 -80
45 -81
45 -81
45 -81
45 -81
45 -66
45 -81
45 -81
45 -81
45 -81
45 -81
45 -81
45 -80
45 -80
45 -81
45 -81
45 -80
45 -79
45 -81
45 -80
45 -80
45 -81
45 -80
45 -80
45 -80
45 -80
45 -80
45 -80
45 -80
45 -81
45 -81
45 -81
45 -82
45 -81
45 -79
45 -79
45 -79
45 -78
45 -78
45 -79
45 -78
45 -78
45 -76
45 -75
45 -76
45 -77
45 -76
45 -76
45 -75
45 -75
45 -75
45 -75
45 -63
45 -75
45 -75
45 -75
45 -76
45 -75
45 -75
45 -75
45 -70
45 -74
45 -75
45 -74
45 -74
45 -74
45 -74
45 -75
45 -75
45 -74
45 -75
45 -74
45 -75
45 -75
45 -75
45 -73
45 -76
45 -75
45 -75
45 -73
45 -76
45 -76
45 -76
45 -76
45 -75
45 -76
45 -76
45 -76
45 -75
45 -76
45 -76
45 -76
45 -76
45 -75
45 -74
45 -76
45 -76
45 -76
45 -76
45 -76
45 -76
45 -76
45 -76
45 -76
45 -76
45 -76
45 -76
45 -76
45 -76
45 -76
45 -76
45 -75
45 -75
45 -76
45 -76
45 -76
45 -77
45 -80
45 -81
45 -82
45 -82
45 -81
45 -80
45 -79
45 -80
45 -82
45 -80
45 -79
45 -79
45 -78
45 -78
45 -78
45 -78
45 -79
45 -78
45 -78
45 -78
45 -78
46 -50
46 -74
46 -83
46 -84
46 -84
46 -82
46 -80
46 -82
46 -78
46 -80
46 -81
46 -81
46 -78
46 -76
46 -75
46 -75
46 -75
46 -75
46 -74
46 -74
46 -74
46 -76
46 -76
46 -78
46 -79
46 -79
46 -82
46 -88
46 -86
46 -81
46 -78
46 -79
46 -82
46 -81
46 -83
46 -82
46 -82
46 -83
46 -53
46 -84
46 -81
46 -76
46 -80
46 -62
46 -77
46 -78
46 -78
46 -78
46 -77
46 -78
46 -77
46 -78
46 -78
46 -79
46 -82
46 -83
46 -83
46 -82
46 -79
46 -78
46 -77
46 -77
46 -77
46 -73
46 -76
46 -78
46 -78
46 -78
46 -79
46 -80
46 -80
46 -80
46 -79
46 -77
46 -78
46 -77
46 -77
46 -76
46 -76
46 -77
46 -77
46 -76
46 -76
46 -76
46 -77
46 -76
46 -78
46 -78
46 -78
46 -76
46 -77
46 -77
46 -77
46 -77
46 -77
46 -77
46 -78
46 -78
46 -78
46 -78
46 -78
46 -78
46 -78
46 -78
46 -78
46 -78
46 -77
46 -77
46 -76
46 -58
46 -77
46 -77
46 -76
46 -77
46 -77
46 -78
46 -78
46 -78
46 -78
46 -78
46 -78
46 -78
46 -78
46 -78
46 -78
46 -78
46 -78
46 -78
46 -77
46 -78
46 -78
46 -78
46 -78
46 -78
46 -78
46 -78
46 -78
46 -78
46 -75
46 -78
46 -78
46 -78
46 -78
46 -78
46 -78
46 -78
46 -78
46 -79
46 -78
46 -78
46 -79
46 -78
46 -78
46 -78
46 -78
46 -78
46 -78
46 -77
46 -77
46 -76
46 -78
46 -78
46 -76
46 -78
46 -78
46 -77
46 -78
46 -77
46 -78
46 -74
46 -75
46 -78
46 -78
46 -77
46 -78
46 -78
46 -78
46 -78
46 -78
46 -78
46 -76
46 -78
46 -78
46 -78
46 -78
46 -78
46 -78
46 -78
46 -77
46 -78
46 -78
46 -78
46 -76
46 -78
46 -79
46 -79
46 -80
46 -80
46 -75
46 -80
46 -80
46 -80
46 -80
46 -80
46 -79
46 -79
46 -79
46 -79
46 -78
46 -78
46 -78
46 -76
46 -77
46 -78
46 -78
46 -78
46 -83
46 -81
46 -77
46 -81
46 -77
46 -77
46 -76
46 -76
46 -75
46 -76
46 -76
46 -76
46 -77
46 -78
46 -78
46 -78
46 -78
46 -78
46 -77
46 -77
46 -77
46 -76
46 -76
46 -76
46 -78
46 -78
46 -78
46 -77
46 -78
46 -78
46 -78
46 -77
46 -78
46 -77
46 -76
46 -77
46 -76
46 -76
46 -76
46 -77
46 -76
46 -76
46 -76
46 -76
46 -76
46 -76
46 -76
46 -76
46 -77
46 -76
46 -52
46 -76
46 -76
46 -76
46 -76
46 -76
46 -76
46 -77
46 -76
46 -77
46 -76
46 -76
46 -76
46 -76
46 -76
46 -76
46 -76
46 -79
46 -81
46 -81
46 -81
46 -81
46 -82
46 -82
46 -83
46 -82
46 -80
46 -81
46 -82
46 -81
46 -82
47 -73
47 -73
47 -73
47 -73
47 -72
47 -72
47 -72
47 -71
47 -71
47 -70
47 -70
47 -71
47 -72
47 -71
47 -72
47 -71
47 -71
47 -71
47 -72
47 -71
47 -72
47 -73
47 -74
47 -75
47 -76
47 -62
47 -77
47 -76
47 -77
47 -73
47 -77
47 -76
47 -78
47 -76
47 -79
47 -80
47 -80
47 -79
47 -78
47 -76
47 -81
47 -82
47 -81
47 -79
47 -78
47 -78
47 -79
47 -72
47 -79
47 -80
47 -81
47 -54
47 -80
47 -82
47 -78
47 -82
47 -74
47 -75
47 -62
47 -75
47 -76
47 -75
47 -58
47 -49
47 -77
47 -76
47 -75
47 -76
47 -76
47 -76
47 -76
47 -76
47 -78
47 -78
47 -78
47 -78
47 -78
47 -78
47 -72
47 -80
47 -82
47 -81
47 -82
47 -84
47 -80
47 -80
47 -80
47 -73
47 -78
47 -77
47 -76
47 -77
47 -77
47 -78
47 -79
47 -79
47 -79
47 -80
47 -81
47 -83
47 -81
47 -81
47 -81
47 -82
47 -82
47 -82
47 -82
47 -83
47 -83
47 -83
47 -81
47 -76
47 -81
47 -81
47 -81
47 -81
47 -81
47 -82
47 -83
47 -82
47 -83
47 -83
47 -83
47 -81
47 -83
47 -83
47 -83
47 -51
47 -81
47 -81
47 -81
47 -79
47 -80
47 -80
47 -81
47 -79
47 -80
47 -80
47 -80
47 -80
47 -80
47 -79
47 -78
47 -81
47 -80
47 -82
47 -82
47 -82
47 -83
47 -84
47 -83
47 -80
47 -78
47 -76
47 -76
47 -78
47 -76
47 -76
47 -79
47 -74
47 -84
47 -81
47 -78
47 -78
47 -79
47 -76
47 -81
47 -81
47 -83
47 -82
47 -83
47 -82
47 -82
47 -82
47 -51
47 -82
47 -82
47 -82
47 -82
47 -83
47 -83
47 -52
47 -84
47 -83
47 -79
47 -76
47 -78
47 -80
47 -49
48 -76
48 -75
48 -76
48 -75
48 -75
48 -75
48 -76
48 -76
48 -75
48 -76
48 -69
48 -76
48 -77
48 -79
48 -80
48 -81
48 -79
48 -78
48 -80
48 -80
48 -55
48 -79
48 -79
48 -75
48 -74
48 -73
48 -72
48 -72
48 -72
48 -73
48 -72
48 -70
48 -49
48 -71
48 -71
48 -74
48 -70
48 -48
48 -75
48 -75
48 -74
48 -74
48 -73
48 -74
48 -74
48 -73
48 -73
48 -74
48 -74
48 -75
48 -76
48 -77
48 -78
48 -77
48 -76
48 -75
48 -75
48 -75
48 -75
48 -74
48 -75
48 -74
48 -74
48 -74
48 -74
48 -73
48 -73
48 -73
48 -73
48 -73
48 -72
48 -73
48 -73
48 -73
48 -74
48 -74
48 -74
48 -74
48 -73
48 -73
48 -73
48 -72
48 -72
48 -72
48 -72
48 -71
48 -72
48 -72
48 -73
48 -73
48 -73
48 -76
48 -75
48 -75
48 -76
48 -62
48 -76
48 -76
48 -75
48 -75
48 -74
48 -72
48 -72
48 -72
48 -72
48 -73
48 -72
48 -72
48 -73
48 -72
48 -72
48 -72
48 -72
48 -72
48 -72
48 -72
48 -72
48 -72
48 -72
48 -72
48 -72
48 -72
48 -72
48 -72
48 -72
48 -73
48 -72
48 -72
48 -73
48 -73
48 -73
48 -73
48 -74
48 -73
48 -73
48 -73
48 -73
48 -72
48 -73
48 -72
48 -73
48 -72
48 -72
48 -72
48 -72
48 -72
48 -73
48 -73
48 -74
48 -75
48 -75
48 -76
48 -76
48 -76
48 -64
48 -77
48 -77
48 -77
48 -78
48 -77
48 -77
48 -77
48 -77
48 -77
48 -76
48 -76
48 -76
48 -76
48 -76
48 -76
48 -76
48 -76
48 -76
48 -76
48 -76
48 -76
48 -76
48 -76
48 -76
48 -76
48 -76
48 -76
48 -76
48 -76
48 -76
48 -76
48 -76
48 -76
48 -76
48 -76
48 -76
48 -77
48 -76
48 -76
48 -77
48 -77
48 -76
48 -76
48 -76
48 -76
48 -76
48 -77
48 -77
48 -77
48 -71
48 -78
48 -78
48 -56
48 -78
48 -78
48 -78
48 -52
48 -78
48 -74
48 -78
48 -78
48 -78
48 -78
48 -78
48 -78
48 -78
48 -78
48 -78
48 -78
48 -54
48 -78
48 -77
48 -77
48 -78
48 -77
48 -78
48 -79
48 -78
48 -78
48 -78
48 -78
48 -78
48 -78
48 -71
48 -78
48 -79
48 -78
48 -79
48 -78
48 -77
48 -78
48 -79
48 -79
48 -74
48 -78
48 -78
48 -78
48 -78
48 -78
48 -73
48 -78
48 -78
48 -78
48 -78
48 -77
48 -47
48 -78
48 -78
48 -78
48 -78
48 -78
48 -78
48 -78
48 -78
48 -78
48 -78
48 -76
48 -78
48 -75
48 -51
48 -78
48 -78
48 -77
48 -77
48 -77
48 -77
48 -76
48 -76
48 -76
48 -77
48 -76
48 -77
48 -77
48 -77
48 -78
48 -78
48 -76
48 -78
48 -76
48 -78
48 -76
48 -76
48 -77
48 -76
48 -74
48 -72
48 -71
48 -70
48 -73
48 -75
48 -74
48 -74
48 -74
48 -75
48 -76
48 -76
48 -76
48 -76
48 -76
48 -76
48 -78
48 -77
48 -77
48 -76
48 -78
48 -78
48 -79
48 -79
48 -78
48 -79
48 -78
48 -78
48 -78
48 -78
48 -78
48 -77
48 -77
48 -76
48 -77
48 -77
48 -76
48 -76
48 -76
48 -76
48 -76
48 -76
48 -76
48 -76
48 -76
48 -76
48 -76
48 -76
48 -76
48 -76
48 -76
48 -76
48 -76
48 -76
48 -76
48 -76
48 -76
48 -75
48 -76
48 -76
48 -77
48 -77
48 -77
48 -77
48 -77
48 -77
48 -77
48 -77
48 -78
48 -83
48 -78
48 -64
48 -83
48 -76
48 -79
48 -80
48 -79
48 -78
48 -80
48 -80
48 -79
48 -79
48 -78
48 -76
48 -76
48 -76
48 -76
48 -75
48 -75
48 -75
48 -75
48 -74
48 -74
48 -74
48 -74
48 -75
48 -75
49 -67
49 -68
49 -68
49 -67
49 -67
49 -67
49 -67
49 -68
49 -68
49 -68
49 -68
49 -68
49 -68
49 -68
49 -69
49 -69
49 -68
49 -68
49 -68
49 -68
49 -68
49 -69
49 -69
49 -69
49 -69
49 -69
49 -70
49 -69
49 -69
49 -68
49 -68
49 -69
49 -72
49 -74
49 -73
49 -69
49 -70
49 -75
49 -78
49 -75
49 -73
49 -73
49 -75
49 -75
49 -75
49 -75
49 -72
49 -75
49 -75
49 -75
49 -74
49 -75
49 -74
49 -74
49 -68
49 -72
49 -73
49 -72
49 -74
49 -74
49 -74
49 -74
49 -74
49 -74
49 -54
49 -75
49 -75
49 -73
49 -75
49 -75
49 -75
49 -75
49 -75
49 -76
49 -78
49 -78
49 -74
49 -72
49 -71
49 -72
49 -76
49 -77
49 -76
49 -76
49 -76
49 -76
49 -72
49 -70
49 -72
49 -80
49 -84
49 -84
49 -84
49 -85
49 -83
49 -76
49 -81
49 -79
49 -79
49 -78
49 -78
49 -79
49 -78
49 -78
49 -78
49 -82
49 -82
49 -81
49 -81
49 -52
49 -81
49 -81
49 -82
49 -83
49 -82
49 -80
49 -80
49 -79
49 -80
49 -82
49 -82
49 -82
49 -58
49 -80
49 -79
49 -80
49 -79
49 -78
49 -79
49 -78
49 -79
49 -79
49 -79
49 -79
49 -79
49 -81
49 -80
49 -81
49 -81
49 -81
49 -77
49 -81
49 -81
49 -80
49 -79
49 -78
49 -79
49 -79
49 -79
49 -79
49 -79
49 -79
49 -79
49 -79
49 -80
49 -75
49 -79
49 -80
49 -80
49 -51
49 -79
49 -80
49 -80
49 -79
49 -79
49 -79
49 -78
49 -79
49 -78
49 -79
49 -78
49 -78
49 -79
49 -78
49 -78
49 -79
49 -78
49 -78
49 -79
49 -79
49 -80
49 -80
49 -79
49 -80
49 -80
49 -79
49 -80
49 -80
49 -79
49 -78
49 -79
49 -79
49 -78
49 -78
49 -78
49 -77
49 -78
49 -78
49 -50
49 -78
49 -55
49 -78
49 -78
49 -78
49 -78
49 -78
49 -78
49 -78
49 -69
49 -78
49 -79
49 -79
49 -78
49 -79
49 -78
49 -78
49 -78
49 -78
49 -76
49 -77
49 -76
49 -76
49 -75
49 -76
49 -76
49 -76
49 -76
49 -76
49 -75
49 -75
49 -76
49 -76
49 -77
49 -76
49 -77
49 -77
49 -76
49 -78
49 -78
49 -78
49 -78
49 -78
49 -78
49 -78
49 -77
49 -78
49 -77
49 -78
49 -78
49 -79
49 -79
49 -80
49 -78
49 -79
49 -79
49 -80
49 -79
49 -79
49 -79
49 -80
49 -79
49 -80
49 -79
49 -52
49 -80
49 -80
49 -80
49 -80
49 -80
49 -83
49 -82
49 -82
49 -84
49 -79
49 -74
49 -72
49 -70
49 -70
49 -70
49 -70
49 -70
49 -70
49 -70
49 -78
49 -81
49 -79
49 -82
49 -83
49 -80
49 -77
49 -76
49 -75
49 -75
49 -75
49 -75
49 -73
49 -76
49 -76
49 -64
49 -77
49 -77
49 -78
49 -78
49 -78
49 -78
49 -78
49 -79
49 -79
49 -78
49 -79
49 -79
49 -80
49 -79
49 -66
49 -79
49 -80
49 -58
49 -80
49 -80
49 -52
49 -80
49 -81
49 -81
49 -81
49 -81
49 -81
49 -81
49 -82
49 -52
49 -79
49 -78
49 -78
49 -77
49 -76
49 -75
49 -78
49 -70
49 -73
49 -76
49 -76
49 -76
49 -76
49 -76
49 -76
49 -76
49 -74
49 -74
49 -73
49 -72
49 -72
49 -74
49 -73
49 -72
49 -71
49 -71
49 -72
49 -70
49 -71
49 -71
49 -71
49 -71
49 -71
50 -71
50 -70
50 -70
50 -70
50 -70
50 -71
50 -70
50 -70
50 -70
50 -70
50 -70
50 -53
50 -69
50 -68
50 -68
50 -68
50 -68
50 -68
50 -68
50 -69
50 -69
50 -69
50 -70
50 -72
50 -76
50 -79
50 -81
50 -79
50 -76
50 -73
50 -76
50 -48
50 -72
50 -78
50 -66
50 -78
50 -81
50 -79
50 -74
50 -73
50 -74
50 -76
50 -76
50 -76
50 -76
50 -78
50 -78
50 -81
50 -83
50 -62
50 -82
50 -79
50 -76
50 -75
50 -74
50 -72
50 -72
50 -72
50 -72
50 -71
50 -71
50 -71
50 -71
50 -71
50 -71
50 -71
50 -72
50 -49
50 -72
50 -73
50 -73
50 -72
50 -72
50 -72
50 -72
50 -50
50 -70
50 -69
50 -70
50 -73
50 -74
50 -76
50 -75
50 -72
50 -70
50 -70
50 -71
50 -71
50 -71
50 -70
50 -72
50 -75
50 -75
50 -75
50 -76
50 -76
50 -73
50 -75
50 -75
50 -74
50 -74
50 -74
50 -73
50 -74
50 -72
50 -71
50 -71
50 -71
50 -70
50 -70
50 -70
50 -70
50 -70
50 -70
50 -70
50 -70
50 -70
50 -71
50 -72
50 -72
50 -72
50 -73
50 -73
50 -72
50 -72
50 -72
50 -72
50 -74
50 -74
50 -76
50 -76
50 -76
50 -75
50 -75
50 -74
50 -73
50 -72
50 -73
50 -72
50 -72
50 -72
50 -72
50 -72
50 -72
50 -73
50 -73
50 -73
50 -74
50 -74
50 -50
50 -75
50 -76
50 -76
50 -76
50 -76
50 -76
50 -75
50 -75
50 -75
50 -73
50 -72
50 -72
50 -72
50 -72
50 -72
50 -72
50 -72
50 -72
50 -72
50 -73
50 -74
50 -74
50 -73
50 -73
50 -72
50 -72
50 -72
50 -72
50 -72
50 -72
50 -72
50 -72
50 -72
50 -72
50 -73
50 -73
50 -73
50 -73
50 -74
50 -63
50 -52
50 -73
50 -72
50 -72
50 -72
50 -72
50 -72
50 -72
50 -71
50 -71
50 -71
50 -51
50 -71
50 -72
50 -72
50 -72
50 -72
50 -72
50 -72
50 -71
50 -72
50 -72
50 -72
50 -72
50 -73
50 -73
50 -73
50 -73
50 -73
50 -74
50 -73
50 -73
50 -73
50 -73
50 -72
50 -73
50 -74
50 -73
50 -73
50 -73
50 -73
50 -73
50 -72
50 -72
50 -73
50 -73
50 -72
50 -73
50 -73
50 -73
50 -73
50 -73
50 -73
50 -73
50 -73
50 -73
50 -72
50 -73
50 -72
50 -73
50 -73
50 -75
50 -72
50 -75
50 -74
50 -75
50 -75
50 -74
50 -74
50 -73
50 -72
50 -72
50 -72
50 -72
50 -72
50 -72
50 -72
50 -72
50 -72
50 -72
50 -72
50 -72
50 -72
50 -72
50 -73
50 -72
50 -71
50 -72
50 -72
50 -72
50 -72
50 -71
50 -71
50 -52
50 -69
50 -69
50 -69
50 -70
50 -71
50 -72
50 -70
50 -70
50 -67
50 -69
50 -69
50 -69
50 -69
50 -68
50 -72
50 -71
50 -72
50 -76
50 -76
50 -76
50 -75
50 -76
50 -75
50 -74
50 -75
50 -75
50 -74
50 -74
50 -75
50 -76
50 -78
50 -80
50 -76
50 -76
50 -76
50 -75
50 -76
50 -77
50 -78
50 -80
50 -82
50 -82
50 -81
50 -80
50 -79
50 -79
50 -78
50 -78
50 -77
50 -77
50 -76
50 -76
50 -77
50 -77
50 -76
50 -76
50 -76
50 -76
50 -76
50 -76
50 -51
50 -75
50 -75
50 -76
50 -76
50 -76
50 -75
50 -75
50 -75
50 -75
50 -74
50 -64
50 -78
50 -78
50 -79
50 -76
50 -75
50 -75
50 -74
50 -77
50 -73
50 -70
50 -70
50 -71
50 -50
50 -73
50 -75
50 -73
50 -73
50 -74
50 -75
50 -75
50 -75
50 -76
50 -76
50 -75
50 -75
50 -75
50 -75
51 -77
51 -77
51 -78
51 -79
51 -80
51 -81
51 -80
51 -78
51 -79
51 -82
51 -82
51 -80
51 -78
51 -81
51 -80
51 -79
51 -78
51 -76
51 -77
51 -71
51 -78
51 -76
51 -76
51 -77
51 -80
51 -78
51 -78
51 -79
51 -79
51 -79
51 -78
51 -79
51 -78
51 -78
51 -76
51 -76
51 -76
51 -76
51 -76
51 -77
51 -72
51 -76
51 -75
51 -75
51 -73
51 -73
51 -72
51 -72
51 -76
51 -72
51 -66
51 -72
51 -72
51 -72
51 -72
51 -72
51 -72
51 -72
51 -73
51 -72
51 -72
51 -72
51 -74
51 -75
51 -50
51 -76
51 -78
51 -78
51 -78
51 -76
51 -76
51 -78
51 -77
51 -76
51 -77
51 -78
51 -79
51 -76
51 -75
51 -74
51 -73
51 -72
51 -72
51 -72
51 -72
51 -72
51 -70
51 -71
51 -71
51 -71
51 -71
51 -70
51 -71
51 -71
51 -71
51 -71
51 -49
51 -70
51 -72
51 -72
51 -72
51 -72
51 -73
51 -74
51 -74
51 -74
51 -74
51 -73
51 -73
51 -72
51 -72
51 -72
51 -72
51 -72
51 -72
51 -72
51 -72
51 -72
51 -72
51 -72
51 -72
51 -72
51 -72
51 -72
51 -72
51 -73
51 -72
51 -72
51 -72
51 -73
51 -73
51 -73
51 -73
51 -74
51 -73
51 -74
51 -74
51 -74
51 -75
51 -75
51 -75
51 -75
51 -75
51 -75
51 -74
51 -52
51 -75
51 -75
51 -74
51 -74
51 -74
51 -75
51 -75
51 -74
51 -75
51 -75
51 -70
51 -76
51 -76
51 -76
51 -76
51 -76
51 -76
51 -76
51 -75
51 -76
51 -75
51 -75
51 -75
51 -74
51 -74
51 -74
51 -74
51 -75
51 -74
51 -74
51 -74
51 -52
51 -70
51 -75
51 -76
51 -76
51 -58
51 -76
51 -76
51 -76
51 -76
51 -76
51 -76
51 -76
51 -76
51 -76
51 -76
51 -76
51 -76
51 -76
51 -75
51 -76
51 -76
51 -76
51 -76
51 -76
51 -76
51 -76
51 -76
51 -76
51 -76
51 -76
51 -76
51 -76
51 -76
51 -76
51 -76
51 -76
51 -76
51 -76
51 -76
51 -76
51 -76
51 -76
51 -76
51 -75
51 -76
51 -76
51 -77
51 -77
51 -78
51 -78
51 -78
51 -78
51 -49
51 -78
51 -78
51 -77
51 -77
51 -76
51 -76
51 -76
51 -75
51 -76
51 -76
51 -76
51 -76
51 -76
51 -76
51 -78
51 -78
51 -78
51 -78
51 -78
51 -78
51 -77
51 -77
51 -77
51 -76
51 -76
51 -76
51 -76
51 -76
51 -76
51 -76
51 -76
51 -76
51 -76
51 -75
51 -76
51 -76
51 -76
51 -78
51 -78
51 -78
51 -76
51 -77
51 -81
51 -80
51 -78
51 -76
51 -75
51 -76
51 -76
51 -73
51 -73
51 -75
51 -75
51 -75
51 -76
51 -77
51 -75
51 -64
51 -79
51 -80
51 -79
51 -79
51 -77
51 -76
51 -76
51 -75
51 -75
51 -75
51 -73
51 -76
51 -76
51 -76
51 -76
51 -77
51 -76
51 -51
51 -76
51 -76
51 -76
51 -76
51 -76
51 -76
51 -76
51 -76
51 -73
51 -76
51 -76
51 -76
51 -76
51 -76
51 -46
51 -77
51 -77
51 -77
51 -52
51 -77
51 -77
51 -77
51 -78
51 -78
51 -78
51 -77
51 -78
51 -78
51 -78
51 -78
51 -77
51 -76
51 -76
51 -78
51 -77
51 -75
51 -75
51 -74
51 -76
51 -78
51 -80
51 -83
51 -84
51 -83
52 -82
52 -83
52 -80
52 -79
52 -79
52 -79
52 -78
52 -78
52 -77
52 -78
52 -77
52 -78
52 -75
52 -77
52 -76
52 -78
52 -79
52 -78
52 -79
52 -78
52 -78
52 -57
52 -78
52 -77
52 -56
52 -77
52 -80
52 -80
52 -81
52 -82
52 -81
52 -79
52 -78
52 -78
52 -77
52 -76
52 -76
52 -77
52 -76
52 -76
52 -76
52 -78
52 -78
52 -79
52 -80
52 -58
52 -80
52 -80
52 -81
52 -82
52 -81
52 -78
52 -76
52 -76
52 -75
52 -75
52 -75
52 -75
52 -50
52 -68
52 -76
52 -75
52 -77
52 -77
52 -78
52 -78
52 -50
52 -78
52 -78
52 -78
52 -78
52 -76
52 -76
52 -76
52 -77
52 -77
52 -77
52 -77
52 -77
52 -77
52 -78
52 -77
52 -79
52 -79
52 -79
52 -78
52 -79
52 -78
52 -78
52 -78
52 -78
52 -77
52 -77
52 -77
52 -78
52 -78
52 -78
52 -78
52 -78
52 -77
52 -78
52 -78
52 -77
52 -77
52 -77
52 -77
52 -76
52 -77
52 -77
52 -78
52 -78
52 -78
52 -77
52 -76
52 -78
52 -78
52 -78
52 -77
52 -78
52 -78
52 -77
52 -77
52 -77
52 -78
52 -77
52 -78
52 -78
52 -78
52 -78
52 -78
52 -77
52 -78
52 -78
52 -78
52 -78
52 -77
52 -76
52 -76
52 -77
52 -76
52 -76
52 -77
52 -76
52 -76
52 -76
52 -77
52 -76
52 -77
52 -77
52 -76
52 -77
52 -77
52 -76
52 -77
52 -77
52 -50
52 -77
52 -77
52 -77
52 -76
52 -76
52 -77
52 -77
52 -77
52 -72
52 -77
52 -75
52 -77
52 -76
52 -77
52 -77
52 -77
52 -77
52 -78
52 -77
52 -76
52 -54
52 -76
52 -76
52 -76
52 -77
52 -77
52 -77
52 -77
52 -77
52 -76
52 -76
52 -77
52 -77
52 -77
52 -77
52 -78
52 -77
52 -77
52 -77
52 -77
52 -78
52 -77
52 -77
52 -77
52 -77
52 -77
52 -77
52 -77
52 -77
52 -77
52 -76
52 -77
52 -76
52 -77
52 -78
52 -74
52 -77
52 -77
52 -77
52 -77
52 -77
52 -77
52 -77
52 -76
52 -76
52 -76
52 -47
52 -76
52 -76
52 -76
52 -76
52 -76
52 -76
52 -77
52 -76
52 -76
52 -77
52 -77
52 -76
52 -76
52 -76
52 -77
52 -77
52 -75
52 -77
52 -77
52 -76
52 -77
52 -76
52 -76
52 -76
52 -76
52 -77
52 -77
52 -76
52 -76
52 -76
52 -76
52 -76
52 -76
52 -77
52 -76
52 -76
52 -76
52 -59
52 -76
52 -77
52 -77
52 -76
52 -77
52 -77
52 -77
52 -77
52 -78
52 -78
52 -78
52 -78
52 -77
52 -77
52 -78
52 -79
52 -78
52 -76
52 -75
52 -76
52 -80
52 -80
52 -79
52 -76
52 -75
52 -79
52 -79
52 -80
52 -80
52 -79
52 -78
52 -77
52 -78
52 -79
52 -80
52 -81
52 -80
52 -80
52 -79
52 -57
52 -78
52 -51
52 -78
52 -78
52 -78
52 -78
52 -78
52 -78
52 -78
52 -78
52 -78
52 -79
52 -79
52 -78
52 -79
52 -80
52 -80
52 -81
52 -81
52 -80
52 -79
52 -79
52 -79
52 -78
52 -78
52 -70
52 -78
52 -78
52 -76
52 -78
52 -78
52 -78
52 -77
52 -51
52 -78
52 -80
52 -80
52 -84
52 -84
52 -84
52 -83
52 -84
52 -85
52 -84
53 -82
53 -82
53 -83
53 -82
53 -81
53 -81
53 -81
53 -82
53 -82
53 -81
53 -80
53 -79
53 -79
53 -79
53 -79
53 -49
53 -84
53 -83
53 -83
53 -81
53 -82
53 -83
53 -80
53 -80
53 -80
53 -82
53 -81
53 -82
53 -80
53 -79
53 -80
53 -80
53 -78
53 -79
53 -80
53 -80
53 -78
53 -81
53 -81
53 -84
53 -83
53 -83
53 -84
53 -84
53 -83
53 -82
53 -82
53 -83
53 -81
53 -81
53 -80
53 -80
53 -82
53 -82
53 -81
53 -82
53 -82
53 -76
53 -82
53 -82
53 -82
53 -83
53 -66
53 -83
53 -81
53 -72
53 -83
53 -81
53 -82
53 -84
53 -84
53 -83
53 -83
53 -82
53 -83
53 -83
53 -83
53 -83
53 -83
53 -82
53 -83
53 -51
53 -82
53 -82
53 -83
53 -83
53 -82
53 -83
53 -74
53 -83
53 -83
53 -83
53 -84
53 -83
53 -83
53 -84
53 -84
53 -83
53 -84
53 -84
53 -83
53 -79
53 -83
53 -83
53 -84
53 -84
53 -84
53 -83
53 -83
53 -51
53 -83
53 -52
53 -83
53 -58
53 -83
53 -80
53 -83
53 -84
53 -81
53 -83
53 -83
53 -83
53 -83
53 -83
53 -81
53 -83
53 -82
53 -83
53 -82
53 -82
53 -66
53 -83
53 -77
53 -82
53 -82
53 -81
53 -80
53 -82
53 -83
53 -83
53 -83
53 -83
53 -83
53 -83
53 -84
53 -84
53 -84
53 -84
53 -83
53 -84
53 -83
53 -83
53 -81
53 -83
53 -84
53 -82
53 -83
53 -83
53 -82
53 -83
53 -84
53 -80
53 -81
53 -81
53 -81
53 -78
53 -76
53 -76
53 -78
53 -81
53 -81
53 -80
53 -84
53 -82
53 -82
53 -81
53 -81
53 -81
53 -81
53 -82
53 -82
53 -83
53 -83
53 -83
53 -84
53 -84
53 -83
53 -84
53 -84
53 -84
53 -79
53 -83
53 -83
53 -56
53 -76
53 -83
53 -82
53 -81
53 -79
53 -81
53 -86
53 -85
54 -81
54 -81
54 -81
54 -81
54 -81
54 -82
54 -79
54 -84
54 -79
54 -85
54 -84
54 -84
54 -83
54 -83
54 -84
54 -84
54 -83
54 -82
54 -83
54 -86
54 -86
54 -85
54 -84
54 -85
54 -84
54 -84
54 -85
54 -84
54 -84
54 -84
54 -85
54 -85
54 -84
54 -86
54 -84
54 -83
54 -83
54 -76
54 -86
54 -85
54 -85
54 -84
54 -84
54 -85
54 -84
54 -84
54 -84
54 -84
54 -83
54 -71
54 -83
54 -83
54 -70
54 -82
54 -83
54 -83
54 -83
54 -84
54 -83
54 -83
54 -85
54 -84
54 -84
54 -84
54 -84
54 -83
54 -84
54 -84
54 -81
54 -83
54 -52
54 -84
54 -84
54 -54
54 -84
54 -85
55 -80
55 -81
55 -50
55 -82
55 -83
55 -82
55 -80
55 -82
55 -82
55 -82
55 -78
55 -77
55 -76
55 -74
55 -74
55 -76
55 -77
55 -75
55 -72
55 -72
55 -73
55 -74
55 -75
55 -75
55 -76
55 -76
55 -76
55 -76
55 -76
55 -76
55 -77
55 -81
55 -78
55 -78
55 -77
55 -77
55 -73
55 -77
55 -77
55 -77
55 -76
55 -77
55 -76
55 -77
55 -78
55 -78
55 -78
55 -77
55 -76
55 -76
55 -76
55 -76
55 -65
55 -76
55 -76
55 -75
55 -75
55 -73
55 -72
55 -72
55 -72
55 -71
55 -70
55 -50
55 -70
55 -73
55 -76
55 -80
55 -49
55 -83
55 -80
55 -74
55 -81
55 -81
55 -80
55 -79
55 -79
55 -78
55 -77
55 -78
55 -78
55 -78
55 -76
55 -78
55 -78
55 -78
55 -78
55 -78
55 -78
55 -78
55 -78
55 -77
55 -78
55 -78
55 -79
55 -83
55 -83
55 -84
55 -82
55 -79
55 -79
55 -79
55 -79
55 -79
55 -79
55 -79
55 -81
55 -80
55 -79
55 -79
55 -78
55 -78
55 -78
55 -79
55 -78
55 -78
55 -80
55 -80
55 -80
55 -81
55 -80
55 -80
55 -79
55 -79
55 -79
55 -79
55 -81
55 -80
55 -80
55 -80
55 -79
55 -79
55 -79
55 -79
55 -80
55 -80
55 -81
55 -81
55 -81
55 -81
55 -81
55 -77
55 -80
55 -79
55 -79
55 -79
55 -79
55 -79
55 -79
55 -80
55 -78
55 -79
55 -79
55 -79
55 -80
55 -79
55 -80
55 -81
55 -79
55 -79
55 -81
55 -78
55 -82
55 -80
55 -81
55 -80
55 -79
55 -72
55 -79
55 -79
55 -78
55 -80
55 -82
55 -82
55 -82
55 -82
55 -81
55 -82
55 -64
55 -80
55 -80
55 -80
55 -73
55 -80
55 -80
55 -79
55 -79
55 -79
55 -79
55 -79
55 -80
55 -80
55 -80
55 -78
55 -78
55 -79
55 -78
55 -55
55 -79
55 -79
55 -78
55 -78
55 -79
55 -79
55 -79
55 -79
55 -79
55 -79
55 -79
55 -79
55 -80
55 -80
55 -80
55 -74
55 -80
55 -79
55 -79
55 -79
55 -80
55 -79
55 -80
55 -79
55 -79
55 -79
55 -59
55 -80
55 -80
55 -79
55 -81
55 -80
55 -80
55 -78
55 -78
55 -78
55 -78
55 -80
55 -80
55 -78
55 -75
55 -78
55 -76
55 -74
55 -73
55 -72
55 -71
55 -72
55 -72
55 -72
55 -75
55 -78
55 -81
55 -81
55 -81
55 -80
55 -78
55 -77
55 -78
55 -76
55 -77
55 -76
55 -78
55 -78
55 -78
55 -78
55 -78
55 -77
55 -78
55 -78
55 -79
55 -80
55 -80
55 -80
55 -80
55 -81
55 -79
55 -80
55 -80
55 -80
55 -79
55 -80
55 -79
55 -78
55 -77
55 -79
55 -78
55 -78
55 -80
55 -80
55 -81
55 -81
55 -81
55 -81
55 -81
55 -81
55 -81
55 -80
55 -81
55 -78
55 -80
55 -77
55 -76
55 -77
55 -73
55 -76
55 -80
55 -83
55 -86
55 -51
56 -73
57 -76
