Beacon Rssi
6 -88
7 -78
7 -81
7 -82
7 -82
7 -81
7 -82
7 -84
7 -77
7 -82
7 -78
7 -78
7 -77
7 -76
7 -75
7 -75
7 -78
7 -78
7 -76
7 -76
7 -76
7 -76
7 -76
7 -78
7 -78
7 -78
7 -78
7 -78
7 -78
7 -78
7 -78
7 -79
7 -79
7 -75
7 -73
7 -75
7 -73
7 -76
7 -81
7 -81
7 -80
7 -80
7 -79
7 -78
7 -79
7 -79
7 -79
7 -78
7 -79
7 -79
7 -79
7 -79
7 -79
7 -80
7 -80
7 -79
7 -78
7 -79
7 -81
7 -81
7 -83
7 -83
7 -83
7 -82
7 -82
7 -84
7 -83
7 -83
7 -83
7 -81
7 -86
7 -85
7 -82
8 -85
8 -85
8 -85
8 -86
9 -81
9 -82
9 -83
9 -62
9 -82
9 -82
9 -80
9 -81
9 -81
9 -81
9 -82
9 -82
9 -82
9 -82
9 -80
9 -82
9 -85
9 -82
9 -84
9 -81
9 -83
9 -83
9 -82
9 -81
11 -85
11 -83
11 -84
11 -84
11 -85
12 -84
12 -85
12 -84
12 -85
13 -77
13 -77
13 -77
13 -78
13 -77
13 -76
13 -76
13 -76
13 -76
13 -78
13 -78
13 -78
13 -57
13 -78
13 -85
13 -86
13 -83
13 -83
13 -82
13 -81
13 -81
13 -82
13 -82
13 -81
13 -77
13 -76
13 -76
13 -77
13 -80
13 -82
13 -83
13 -83
13 -81
13 -82
13 -81
13 -81
13 -80
13 -80
13 -81
13 -81
13 -81
13 -80
13 -79
13 -80
13 -81
13 -82
13 -80
13 -80
13 -80
13 -80
13 -74
13 -80
13 -81
13 -81
13 -81
13 -82
13 -82
13 -81
13 -80
13 -80
13 -80
13 -78
13 -80
13 -80
13 -80
13 -81
13 -78
13 -77
13 -79
13 -79
13 -81
14 -83
14 -84
14 -84
14 -84
14 -82
14 -78
14 -79
14 -83
14 -83
14 -83
14 -83
14 -82
14 -82
14 -81
14 -81
14 -81
14 -82
14 -84
14 -85
14 -83
14 -79
14 -78
14 -79
14 -79
14 -78
14 -80
14 -79
14 -78
14 -79
14 -80
14 -80
14 -79
14 -79
14 -79
14 -78
14 -80
14 -80
14 -81
14 -81
14 -80
14 -80
14 -80
14 -81
14 -81
14 -81
14 -80
14 -80
14 -80
14 -80
14 -78
14 -81
14 -81
14 -82
14 -82
14 -86
15 -76
15 -70
15 -79
15 -85
15 -88
15 -79
15 -80
15 -81
15 -83
15 -72
15 -73
15 -74
15 -72
15 -75
15 -58
15 -80
15 -81
15 -82
15 -83
15 -83
15 -80
15 -78
15 -76
15 -77
15 -77
15 -76
15 -74
15 -75
15 -74
15 -74
15 -78
15 -81
15 -81
15 -81
15 -81
15 -82
15 -82
15 -80
15 -81
15 -82
15 -81
15 -82
15 -83
15 -82
15 -82
15 -82
15 -83
15 -81
15 -81
15 -81
15 -81
15 -80
15 -80
15 -79
15 -80
15 -80
15 -82
15 -81
15 -82
15 -82
15 -82
15 -81
15 -82
15 -80
15 -81
15 -84
15 -85
15 -85
15 -83
15 -79
15 -80
15 -79
15 -83
16 -83
16 -84
16 -83
16 -82
16 -83
16 -80
16 -83
16 -83
16 -81
16 -73
16 -82
16 -81
16 -83
16 -84
16 -84
16 -83
16 -82
16 -83
16 -82
16 -80
16 -82
16 -81
16 -80
16 -79
16 -80
16 -80
16 -84
16 -82
17 -74
17 -73
17 -74
17 -75
17 -77
17 -76
17 -74
17 -73
17 -76
17 -75
17 -71
17 -72
17 -72
17 -72
17 -73
17 -72
17 -74
17 -79
17 -81
17 -77
17 -76
17 -78
17 -78
17 -76
17 -76
17 -76
17 -75
17 -76
17 -74
17 -72
17 -72
17 -74
17 -75
17 -74
17 -73
17 -73
17 -73
17 -74
17 -73
17 -73
17 -73
17 -73
17 -72
17 -72
17 -73
17 -73
17 -73
17 -73
17 -73
17 -72
17 -72
17 -73
17 -75
17 -74
17 -75
17 -74
17 -73
17 -72
17 -72
17 -72
17 -72
17 -72
17 -72
17 -72
17 -72
17 -72
17 -72
17 -72
17 -72
17 -72
17 -72
17 -72
17 -76
17 -74
17 -75
17 -75
17 -74
17 -73
17 -73
17 -74
17 -76
18 -80
18 -80
18 -82
18 -84
18 -84
18 -80
18 -79
18 -76
18 -76
18 -76
18 -79
18 -77
18 -84
18 -82
18 -83
18 -83
18 -77
18 -76
18 -78
18 -82
18 -82
18 -83
18 -83
18 -81
18 -83
18 -83
18 -82
18 -83
18 -83
18 -80
18 -70
18 -83
18 -82
18 -78
18 -82
18 -80
18 -79
18 -80
18 -79
19 -83
19 -83
19 -83
19 -84
19 -85
21 -86
21 -85
21 -86
21 -85
21 -86
21 -84
23 -86
23 -69
30 -85
30 -82
30 -82
30 -83
30 -83
30 -83
30 -84
30 -85
30 -84
30 -84
30 -84
30 -84
30 -84
30 -87
30 -85
30 -84
30 -85
30 -84
30 -84
30 -82
30 -85
31 -87
31 -84
31 -87
32 -83
32 -82
32 -83
32 -83
32 -82
32 -82
32 -81
32 -80
32 -82
32 -84
32 -87
33 -84
33 -82
33 -81
33 -81
33 -82
33 -83
33 -80
34 -87
34 -84
34 -86
34 -86
34 -83
34 -85
34 -84
34 -84
34 -83
34 -83
34 -84
34 -84
34 -84
34 -86
35 -86
35 -83
35 -85
35 -83
35 -86
36 -83
36 -82
36 -81
36 -78
36 -82
36 -83
36 -84
36 -83
37 -75
37 -75
37 -78
37 -79
37 -78
37 -78
37 -77
37 -77
37 -79
37 -75
37 -76
37 -76
37 -75
37 -76
37 -75
37 -76
37 -77
37 -77
37 -76
37 -76
37 -75
37 -75
37 -74
37 -74
37 -74
37 -75
37 -75
37 -73
37 -73
37 -72
37 -72
37 -73
37 -72
37 -72
37 -72
37 -74
37 -78
37 -79
37 -73
37 -73
37 -74
37 -75
37 -75
37 -75
37 -75
37 -75
37 -74
37 -74
37 -74
37 -75
37 -74
37 -74
37 -74
37 -74
37 -73
37 -73
37 -75
37 -77
37 -77
37 -76
37 -76
37 -76
37 -75
37 -74
37 -74
37 -74
37 -74
37 -74
37 -74
37 -74
37 -74
37 -73
37 -73
37 -73
37 -73
37 -75
37 -74
37 -73
37 -74
37 -74
37 -74
37 -74
37 -74
37 -76
37 -75
38 -82
38 -84
38 -83
38 -78
38 -79
38 -80
38 -83
38 -81
38 -79
38 -78
38 -78
38 -79
38 -78
38 -79
38 -84
38 -83
38 -83
38 -83
38 -51
38 -80
38 -78
38 -78
38 -82
38 -81
38 -78
38 -78
38 -77
38 -78
39 -81
39 -83
39 -74
39 -77
39 -76
39 -76
39 -82
39 -78
39 -75
39 -83
39 -83
39 -84
39 -85
39 -78
39 -75
39 -82
39 -78
39 -78
39 -78
39 -78
39 -78
39 -79
39 -77
39 -78
39 -78
39 -78
39 -78
39 -78
39 -78
39 -78
39 -75
39 -79
39 -78
39 -78
39 -78
39 -77
39 -78
39 -78
39 -78
39 -78
39 -78
39 -78
39 -78
39 -78
39 -78
39 -77
39 -77
39 -78
39 -78
39 -78
39 -78
39 -80
39 -83
39 -82
39 -82
39 -81
39 -82
40 -75
40 -75
40 -76
40 -74
40 -70
40 -71
40 -73
40 -74
40 -74
40 -72
40 -68
40 -68
40 -67
40 -67
40 -67
40 -68
40 -68
40 -68
40 -70
40 -70
40 -70
40 -70
40 -70
40 -69
40 -68
40 -68
40 -68
40 -68
40 -70
40 -70
40 -69
40 -67
40 -67
40 -69
40 -66
40 -69
40 -71
40 -70
40 -72
40 -71
40 -70
40 -69
40 -68
40 -68
40 -68
40 -68
40 -68
40 -68
40 -69
40 -68
40 -68
40 -67
40 -68
40 -69
40 -69
40 -69
40 -68
40 -68
40 -68
40 -69
40 -68
40 -69
40 -69
40 -70
40 -70
40 -70
40 -70
40 -70
40 -70
40 -70
40 -70
40 -70
40 -70
40 -70
40 -75
40 -76
40 -78
40 -74
40 -73
40 -74
40 -80
40 -78
41 -67
41 -66
41 -66
41 -66
41 -66
41 -66
41 -66
41 -65
41 -66
41 -68
41 -68
41 -68
41 -68
41 -67
41 -67
41 -70
41 -73
41 -75
41 -76
41 -76
41 -76
41 -77
41 -76
41 -75
41 -74
41 -74
41 -75
41 -75
41 -73
41 -73
41 -73
41 -72
41 -57
41 -69
41 -68
41 -69
41 -69
41 -68
41 -67
41 -67
41 -67
41 -68
41 -68
41 -68
41 -68
41 -68
41 -68
41 -68
41 -67
41 -67
41 -67
41 -68
41 -68
41 -67
41 -71
41 -71
41 -70
41 -70
41 -70
41 -69
41 -68
41 -68
41 -67
41 -67
41 -67
41 -66
41 -66
41 -66
41 -67
41 -67
41 -67
41 -66
41 -67
41 -66
41 -69
41 -67
41 -68
41 -68
41 -69
41 -68
41 -68
41 -69
42 -82
42 -80
42 -79
42 -85
42 -78
42 -77
42 -79
42 -80
42 -79
42 -80
42 -80
42 -80
42 -78
42 -80
42 -82
42 -83
42 -83
42 -84
42 -70
42 -82
42 -82
42 -78
42 -79
42 -84
42 -56
42 -84
42 -59
42 -83
42 -83
42 -81
42 -81
42 -81
42 -79
42 -81
42 -82
42 -85
42 -83
42 -76
42 -84
43 -81
43 -79
43 -52
43 -78
43 -79
43 -79
43 -78
43 -78
43 -81
43 -81
43 -83
43 -81
43 -82
43 -83
43 -85
43 -83
43 -83
43 -82
43 -83
43 -83
43 -80
43 -80
43 -82
43 -82
43 -84
43 -80
43 -53
43 -83
43 -83
43 -83
43 -82
43 -82
43 -82
43 -82
43 -83
44 -80
44 -79
44 -80
44 -81
44 -81
44 -81
44 -79
44 -79
44 -79
44 -78
44 -76
44 -76
44 -77
44 -77
44 -79
44 -76
44 -81
44 -82
44 -81
44 -81
44 -81
44 -82
44 -82
44 -82
44 -81
44 -81
44 -80
44 -80
44 -78
44 -76
44 -80
44 -78
44 -76
44 -79
44 -78
44 -79
44 -80
44 -80
44 -81
44 -81
44 -81
44 -81
44 -82
44 -81
44 -80
44 -81
44 -81
44 -81
44 -82
44 -84
44 -84
44 -81
44 -81
44 -79
44 -78
44 -79
44 -78
44 -78
44 -78
44 -78
44 -78
44 -78
44 -78
44 -76
44 -78
44 -78
44 -79
44 -80
44 -79
44 -78
44 -78
44 -79
45 -86
46 -80
46 -80
46 -80
46 -81
46 -81
46 -80
46 -80
46 -80
46 -81
46 -82
46 -81
46 -81
46 -81
46 -83
46 -81
46 -85
46 -86
46 -84
46 -81
46 -84
46 -82
46 -80
46 -80
46 -80
46 -80
46 -81
46 -81
46 -81
46 -81
46 -81
46 -81
46 -82
46 -81
46 -81
46 -82
46 -82
46 -83
46 -84
46 -80
46 -81
46 -78
46 -81
46 -80
46 -80
46 -80
46 -80
46 -79
46 -79
46 -80
46 -75
46 -80
46 -81
46 -80
46 -80
46 -80
46 -81
46 -81
46 -80
46 -76
46 -80
49 -85
49 -85
49 -85
49 -86
49 -85
49 -84
49 -86
49 -87
49 -70
52 -84
52 -84
52 -83
52 -83
52 -83
52 -83
52 -82
52 -83
52 -83
52 -83
52 -83
52 -83
52 -83
52 -86
52 -85
52 -83
52 -84
52 -84
52 -83
52 -83
52 -82
52 -83
52 -84
52 -84
52 -84
52 -84
52 -84
52 -84
53 -83
53 -81
53 -82
53 -84
53 -83
53 -83
53 -82
53 -82
53 -82
53 -83
53 -78
53 -77
53 -77
53 -77
53 -76
53 -76
53 -76
53 -76
53 -76
53 -76
53 -76
53 -76
53 -76
53 -69
53 -76
53 -76
53 -76
53 -77
53 -78
53 -84
53 -82
53 -80
53 -82
53 -55
53 -82
53 -82
53 -80
53 -80
53 -80
53 -80
53 -80
53 -81
53 -80
53 -80
53 -80
53 -81
53 -80
53 -79
53 -79
53 -76
53 -76
53 -76
53 -76
53 -76
53 -77
53 -77
53 -77
53 -78
53 -80
53 -80
53 -80
53 -81
53 -81
53 -81
53 -80
53 -81
53 -81
53 -81
53 -82
53 -80
53 -80
53 -80
53 -79
53 -78
53 -81
53 -81
53 -81
54 -76
54 -77
54 -78
54 -80
54 -79
54 -79
54 -79
54 -75
54 -76
54 -78
54 -78
54 -78
54 -81
54 -78
54 -83
54 -83
54 -81
54 -82
54 -84
54 -81
54 -82
54 -80
54 -81
54 -78
54 -78
54 -77
54 -79
54 -78
54 -78
54 -80
54 -79
54 -80
54 -72
54 -83
54 -82
54 -81
54 -83
54 -82
54 -83
54 -82
54 -82
54 -80
54 -83
54 -84
54 -82
54 -79
54 -78
54 -78
54 -77
54 -77
54 -77
54 -77
54 -77
54 -77
54 -78
54 -78
54 -77
54 -78
54 -78
54 -78
54 -76
54 -76
54 -78
54 -78
54 -78
54 -78
54 -77
54 -76
54 -76
55 -70
55 -69
55 -68
55 -69
55 -70
55 -70
55 -69
55 -68
55 -65
55 -67
55 -71
55 -70
55 -69
55 -70
55 -74
55 -66
55 -66
55 -67
55 -67
55 -68
55 -68
55 -68
55 -67
55 -67
55 -66
55 -67
55 -68
55 -67
55 -68
55 -68
55 -68
55 -72
55 -69
55 -72
55 -69
55 -74
55 -72
55 -69
55 -70
55 -70
55 -70
55 -71
55 -70
55 -70
55 -70
55 -70
55 -70
55 -70
55 -71
55 -70
55 -70
55 -70
55 -70
55 -70
55 -70
55 -70
55 -70
55 -71
55 -70
55 -71
55 -71
55 -71
55 -71
55 -71
55 -70
55 -72
55 -72
55 -72
55 -72
55 -73
55 -68
55 -70
55 -72
55 -70
55 -69
55 -69
55 -67
55 -67
55 -68
56 -76
56 -78
56 -78
56 -78
56 -76
56 -78
56 -80
56 -76
56 -75
56 -76
56 -81
56 -78
56 -82
56 -75
56 -72
56 -73
56 -73
56 -73
56 -72
56 -76
56 -75
56 -75
56 -74
56 -75
56 -75
56 -76
56 -78
56 -78
56 -79
56 -78
56 -78
56 -79
56 -78
56 -78
56 -75
56 -77
56 -76
56 -76
56 -76
56 -77
56 -77
56 -78
56 -78
56 -78
56 -78
56 -78
56 -78
56 -78
56 -78
56 -78
56 -78
56 -78
56 -78
56 -76
56 -78
56 -76
56 -76
56 -76
56 -76
56 -76
56 -78
56 -76
56 -76
56 -76
56 -76
56 -76
56 -76
56 -76
56 -77
56 -76
56 -76
56 -76
56 -74
56 -74
56 -74
56 -75
56 -75
56 -75
56 -75
56 -77
56 -76
56 -76
57 -67
57 -67
57 -67
57 -67
57 -67
57 -66
57 -69
57 -69
57 -72
57 -72
57 -70
57 -70
57 -71
57 -71
57 -72
57 -71
57 -70
57 -71
57 -72
57 -72
57 -72
57 -71
57 -71
57 -70
57 -70
57 -71
57 -73
57 -72
57 -72
57 -73
57 -72
57 -72
57 -72
57 -72
57 -80
57 -78
57 -72
57 -70
57 -70
57 -69
57 -69
57 -69
57 -68
57 -68
57 -68
57 -68
57 -68
57 -68
57 -68
57 -68
57 -68
57 -68
57 -68
57 -68
57 -67
57 -69
57 -67
57 -67
57 -67
57 -67
57 -68
57 -67
57 -68
57 -69
57 -69
57 -69
57 -70
57 -69
57 -69
57 -69
57 -70
57 -69
57 -70
57 -70
57 -71
57 -72
57 -67
57 -68
57 -70
57 -68
57 -68
57 -69
57 -69
57 -70
57 -70
58 -77
58 -77
58 -76
58 -72
58 -72
58 -74
58 -76
58 -79
58 -76
58 -72
58 -82
58 -78
58 -77
58 -73
58 -72
58 -69
58 -70
58 -70
58 -72
58 -78
58 -78
58 -81
58 -78
58 -77
58 -80
58 -78
58 -81
58 -82
58 -73
58 -75
58 -75
58 -72
58 -74
58 -77
58 -78
58 -78
58 -78
58 -81
58 -84
58 -81
58 -82
58 -84
58 -84
58 -83
58 -83
58 -83
58 -81
58 -78
58 -77
58 -76
58 -78
58 -78
58 -76
58 -76
58 -75
58 -76
58 -76
58 -76
58 -78
58 -75
58 -74
58 -75
58 -77
58 -74
58 -72
58 -74
58 -74
59 -81
59 -83
59 -76
59 -78
59 -76
59 -76
59 -78
59 -82
59 -84
59 -82
59 -83
59 -83
59 -84
59 -79
59 -76
59 -77
59 -78
59 -75
59 -73
59 -75
59 -77
59 -76
59 -84
59 -83
59 -81
59 -82
59 -82
59 -82
59 -83
59 -83
59 -83
59 -83
59 -83
59 -83
59 -82
59 -81
59 -81
59 -80
59 -79
59 -77
59 -78
59 -78
59 -78
59 -78
59 -78
59 -78
59 -79
