Beacon Rssi
2 -85
2 -82
3 -84
3 -86
3 -83
3 -82
3 -82
3 -83
3 -85
16 -84
16 -82
16 -82
16 -83
16 -84
16 -85
16 -84
16 -83
16 -79
16 -82
16 -84
16 -83
16 -84
16 -85
16 -84
17 -86
17 -85
17 -85
17 -85
17 -85
17 -84
18 -82
18 -83
18 -83
18 -83
18 -85
18 -81
18 -80
18 -81
18 -79
18 -81
18 -82
18 -84
18 -82
18 -83
18 -84
18 -83
18 -84
19 -52
19 -82
19 -82
19 -83
19 -82
19 -82
19 -82
19 -82
19 -82
19 -81
19 -81
19 -80
19 -82
19 -81
19 -80
19 -81
19 -82
19 -83
19 -82
19 -82
19 -82
19 -82
19 -81
19 -81
19 -81
19 -82
19 -81
19 -82
19 -83
19 -81
19 -81
20 -83
20 -83
20 -81
20 -82
20 -82
20 -80
20 -79
20 -80
20 -82
20 -82
20 -80
20 -81
20 -79
20 -80
20 -80
20 -80
20 -81
20 -83
21 -78
21 -76
21 -78
21 -80
21 -80
21 -76
21 -80
21 -79
21 -79
21 -79
21 -76
21 -80
21 -79
21 -78
21 -80
21 -75
21 -76
21 -78
21 -76
21 -76
21 -76
21 -76
21 -76
21 -76
21 -76
21 -76
21 -76
21 -76
21 -76
21 -76
21 -75
21 -74
21 -76
21 -75
21 -76
21 -76
21 -76
21 -76
21 -76
21 -77
21 -78
21 -78
21 -77
21 -77
21 -76
21 -77
21 -78
21 -79
21 -80
21 -78
21 -77
21 -76
21 -76
21 -76
21 -76
21 -78
21 -78
21 -80
21 -80
21 -80
21 -81
21 -82
21 -80
21 -81
21 -82
21 -78
21 -78
21 -78
21 -79
21 -79
21 -79
21 -80
21 -81
21 -79
21 -77
22 -79
22 -79
22 -79
22 -75
22 -75
22 -76
22 -76
22 -73
22 -74
22 -72
22 -73
22 -74
22 -75
22 -73
22 -76
22 -79
22 -77
22 -75
22 -74
22 -82
22 -55
22 -81
22 -79
22 -76
22 -76
22 -75
22 -76
22 -76
22 -78
22 -78
22 -77
22 -76
22 -78
22 -79
22 -79
22 -76
22 -75
22 -75
22 -74
22 -74
22 -75
22 -76
22 -75
22 -75
22 -76
22 -75
22 -75
22 -76
22 -75
22 -74
22 -73
22 -74
22 -74
22 -75
22 -74
22 -73
22 -74
22 -76
22 -76
22 -75
22 -75
22 -75
22 -75
22 -74
22 -73
22 -74
22 -74
22 -75
22 -75
22 -76
22 -75
22 -75
22 -75
22 -75
22 -75
22 -76
22 -78
22 -78
23 -80
23 -84
23 -85
23 -84
23 -85
23 -83
23 -85
23 -84
24 -71
24 -72
24 -71
24 -78
24 -73
24 -76
24 -76
24 -76
24 -72
24 -73
24 -72
24 -72
24 -73
24 -75
24 -74
24 -76
24 -76
24 -80
24 -81
24 -75
24 -81
24 -81
24 -79
24 -80
24 -81
24 -84
24 -83
24 -86
24 -82
24 -78
24 -76
24 -76
24 -77
24 -78
24 -77
24 -76
24 -78
24 -78
24 -78
24 -78
24 -79
24 -80
24 -80
24 -80
24 -78
24 -78
24 -78
24 -80
24 -81
24 -81
24 -82
24 -81
24 -82
24 -81
24 -82
24 -82
24 -83
24 -82
25 -82
25 -83
25 -84
25 -82
25 -82
25 -79
25 -80
25 -78
25 -82
25 -82
25 -81
25 -80
25 -81
25 -78
25 -79
25 -78
25 -78
25 -78
25 -78
25 -79
25 -78
25 -79
25 -78
25 -78
25 -79
25 -79
25 -79
25 -79
25 -78
25 -78
25 -78
25 -80
25 -81
25 -81
25 -79
25 -81
25 -81
25 -82
25 -81
25 -81
25 -82
25 -81
25 -76
25 -82
26 -79
26 -76
26 -81
26 -78
26 -84
26 -83
26 -81
26 -81
26 -81
26 -79
26 -79
26 -81
26 -81
26 -83
26 -81
26 -82
26 -81
26 -82
26 -79
26 -84
26 -82
26 -81
26 -83
27 -79
27 -78
27 -82
27 -83
27 -84
27 -82
27 -81
27 -81
27 -83
27 -84
28 -84
29 -85
30 -83
30 -83
30 -81
30 -82
30 -82
30 -82
30 -84
30 -83
30 -81
30 -83
30 -83
30 -83
30 -83
30 -83
30 -83
30 -83
30 -84
30 -83
31 -85
31 -87
32 -81
32 -82
32 -82
32 -83
32 -83
32 -84
35 -71
41 -83
41 -84
41 -84
41 -85
41 -84
41 -50
41 -84
41 -84
41 -85
41 -85
42 -83
42 -82
42 -82
42 -83
42 -83
42 -84
42 -83
42 -83
42 -83
42 -84
43 -84
43 -82
43 -84
43 -85
44 -68
44 -76
44 -60
44 -78
44 -77
44 -76
44 -81
44 -80
44 -81
44 -81
44 -82
44 -78
44 -76
44 -77
44 -76
44 -76
44 -52
44 -83
44 -80
44 -80
44 -82
44 -78
44 -84
44 -78
44 -79
44 -82
44 -81
44 -81
44 -82
44 -81
44 -80
44 -80
44 -82
44 -83
44 -81
44 -81
44 -80
44 -80
44 -80
44 -78
44 -80
44 -81
44 -81
44 -81
44 -78
44 -78
44 -77
44 -78
44 -78
44 -77
44 -77
44 -78
44 -78
44 -78
44 -78
44 -60
44 -78
45 -81
45 -82
45 -75
45 -75
45 -76
45 -74
45 -76
45 -76
45 -75
45 -78
45 -75
45 -76
45 -79
45 -79
45 -79
45 -51
45 -84
45 -82
45 -79
45 -83
45 -82
45 -81
45 -80
45 -79
45 -78
45 -77
45 -78
45 -78
45 -78
45 -79
45 -80
45 -79
45 -81
45 -78
45 -78
45 -77
45 -78
45 -78
45 -78
45 -78
45 -78
45 -79
45 -78
45 -78
45 -78
45 -79
45 -79
45 -79
45 -78
45 -78
45 -78
45 -78
45 -78
45 -78
45 -78
45 -78
45 -78
45 -78
45 -79
45 -79
45 -79
45 -79
45 -78
45 -78
45 -79
45 -83
45 -59
45 -82
45 -82
46 -72
46 -76
46 -78
46 -78
46 -79
46 -78
46 -80
46 -80
46 -78
46 -76
46 -78
46 -79
46 -77
46 -76
46 -78
46 -82
46 -79
46 -77
46 -76
46 -76
46 -75
46 -76
46 -77
46 -76
46 -76
46 -75
46 -76
46 -81
46 -78
46 -78
46 -49
46 -77
46 -79
46 -79
46 -78
46 -77
46 -77
46 -79
46 -78
46 -80
46 -79
46 -80
46 -81
46 -81
46 -80
46 -80
46 -78
46 -78
46 -78
46 -79
46 -78
46 -78
46 -68
46 -78
46 -79
46 -80
46 -80
46 -78
46 -78
46 -77
46 -77
46 -78
46 -78
46 -78
46 -77
46 -77
46 -77
47 -80
47 -78
47 -76
47 -78
47 -78
47 -79
47 -76
47 -82
47 -78
47 -76
47 -79
47 -73
47 -71
47 -70
47 -72
47 -74
47 -77
47 -82
47 -81
47 -78
47 -80
47 -81
47 -84
47 -80
47 -78
47 -82
47 -82
47 -82
47 -83
47 -80
47 -76
47 -75
47 -75
47 -76
47 -75
47 -76
47 -83
47 -85
47 -83
47 -80
47 -78
47 -78
47 -78
47 -81
47 -81
47 -80
48 -76
48 -51
48 -78
48 -79
48 -76
48 -76
48 -74
48 -73
48 -74
48 -77
48 -78
48 -77
48 -76
48 -78
48 -74
48 -77
48 -76
48 -73
48 -72
48 -72
48 -71
48 -71
48 -72
48 -73
48 -73
48 -71
48 -71
48 -72
48 -72
48 -74
48 -78
48 -79
48 -73
48 -73
48 -72
48 -72
48 -72
48 -72
48 -72
48 -72
48 -72
48 -72
48 -72
48 -72
48 -72
48 -72
48 -72
48 -72
48 -74
48 -75
48 -76
48 -76
48 -78
48 -76
48 -74
48 -72
48 -72
48 -72
48 -72
48 -72
48 -73
48 -72
48 -72
48 -72
48 -72
48 -73
48 -49
48 -73
48 -72
48 -74
48 -76
48 -76
48 -76
48 -76
48 -78
48 -78
48 -78
48 -78
48 -77
49 -68
49 -70
49 -69
49 -70
49 -72
49 -71
49 -73
49 -70
49 -70
49 -69
49 -69
49 -72
49 -70
49 -76
49 -77
49 -77
49 -80
49 -76
49 -79
49 -82
49 -82
49 -78
49 -78
49 -78
49 -78
49 -80
49 -79
49 -78
49 -78
49 -79
49 -80
49 -79
49 -78
49 -78
49 -78
49 -78
49 -78
49 -78
49 -78
49 -80
49 -79
49 -78
49 -78
49 -78
49 -80
49 -81
49 -79
49 -78
49 -78
49 -78
49 -78
49 -77
49 -76
49 -77
49 -76
49 -76
49 -76
49 -76
49 -76
49 -76
49 -76
49 -76
49 -77
49 -77
49 -76
49 -77
49 -76
49 -75
49 -76
49 -76
49 -76
49 -76
50 -68
50 -70
50 -64
50 -76
50 -77
50 -75
50 -73
50 -72
50 -73
50 -74
50 -52
50 -74
50 -82
50 -66
50 -66
50 -72
50 -70
50 -53
50 -69
50 -72
50 -71
50 -74
50 -70
50 -70
50 -72
50 -71
50 -72
50 -71
50 -74
50 -72
50 -70
50 -69
50 -69
50 -70
50 -66
50 -64
50 -64
50 -66
50 -66
50 -66
50 -66
50 -67
50 -66
50 -67
50 -57
50 -67
50 -67
50 -67
50 -66
50 -66
50 -66
50 -66
50 -66
50 -66
50 -66
50 -67
50 -68
50 -68
50 -68
50 -68
50 -52
50 -68
50 -67
50 -66
50 -66
50 -67
50 -68
50 -68
50 -68
50 -67
50 -68
50 -67
50 -66
50 -66
50 -66
50 -67
50 -69
50 -69
50 -69
51 -80
51 -80
51 -78
51 -80
51 -82
51 -83
51 -76
51 -81
51 -78
51 -81
51 -81
51 -82
51 -78
51 -84
51 -78
51 -52
51 -78
51 -78
51 -46
51 -73
51 -73
51 -75
51 -75
51 -74
51 -76
51 -76
51 -73
51 -76
51 -78
51 -81
51 -76
51 -73
51 -72
51 -72
51 -73
51 -72
51 -73
51 -67
51 -73
51 -73
51 -73
51 -73
51 -73
51 -72
51 -73
51 -72
51 -73
51 -73
51 -74
51 -74
51 -74
51 -73
51 -72
51 -72
51 -50
51 -73
51 -74
51 -74
51 -74
51 -73
51 -73
51 -72
51 -72
51 -73
51 -73
51 -74
51 -73
51 -76
51 -76
51 -76
51 -76
51 -76
51 -76
51 -75
51 -60
51 -76
51 -77
51 -78
52 -77
52 -76
52 -51
52 -78
52 -78
52 -76
52 -76
52 -83
52 -76
52 -49
52 -81
52 -81
52 -78
52 -76
52 -76
52 -80
52 -83
52 -77
52 -83
52 -82
52 -81
52 -79
52 -79
52 -79
52 -80
52 -80
52 -51
52 -80
52 -81
52 -82
52 -80
52 -79
52 -78
52 -79
52 -78
52 -79
52 -77
52 -77
52 -77
52 -77
52 -76
52 -78
52 -79
52 -78
52 -77
52 -78
52 -79
52 -80
52 -81
52 -79
52 -77
52 -78
52 -76
52 -76
52 -75
52 -75
52 -76
52 -76
52 -78
52 -77
52 -53
52 -76
52 -78
52 -78
52 -78
52 -78
52 -78
52 -78
52 -79
52 -79
52 -78
52 -77
52 -78
52 -77
53 -81
53 -83
53 -82
53 -79
53 -84
53 -81
53 -80
53 -81
53 -72
53 -81
53 -77
53 -78
53 -81
53 -82
53 -80
53 -78
53 -81
53 -81
53 -82
53 -82
53 -83
53 -82
53 -82
53 -82
53 -82
53 -82
53 -81
53 -81
53 -82
53 -82
53 -83
53 -84
53 -82
53 -83
53 -83
53 -83
53 -82
53 -83
53 -83
53 -82
54 -78
54 -77
54 -79
54 -80
54 -83
54 -84
54 -86
54 -80
54 -83
54 -79
54 -58
54 -82
54 -81
54 -81
54 -81
54 -82
54 -80
54 -83
54 -83
54 -82
54 -81
54 -80
54 -80
55 -76
55 -76
55 -76
55 -76
55 -70
55 -72
55 -78
55 -76
55 -76
55 -74
55 -83
55 -77
55 -52
55 -76
55 -76
55 -77
55 -77
55 -75
55 -75
55 -73
55 -75
55 -75
55 -74
55 -75
55 -74
55 -72
55 -73
55 -75
55 -73
55 -73
55 -74
55 -74
55 -73
55 -72
55 -73
55 -73
55 -73
55 -74
55 -73
55 -73
55 -72
55 -72
55 -72
55 -71
55 -71
55 -71
55 -70
55 -71
55 -72
55 -71
55 -71
55 -72
55 -72
55 -71
55 -72
55 -71
55 -71
55 -70
55 -70
55 -70
55 -71
55 -71
55 -71
55 -73
55 -74
55 -75
55 -73
55 -74
55 -74
55 -73
55 -74
55 -73
55 -72
55 -72
55 -72
57 -66
