Beacon Rssi
7 -81
7 -81
7 -79
7 -66
7 -81
7 -81
7 -81
7 -81
7 -81
7 -81
7 -81
7 -80
7 -81
7 -80
7 -81
7 -80
7 -81
7 -80
7 -80
7 -80
7 -79
7 -80
7 -79
7 -80
7 -80
7 -80
7 -78
7 -76
7 -76
7 -77
7 -78
7 -78
7 -76
7 -78
7 -78
7 -77
7 -78
7 -78
7 -78
7 -76
7 -76
7 -75
7 -76
7 -76
7 -75
7 -75
7 -75
7 -75
7 -76
7 -78
7 -78
7 -78
7 -76
7 -74
7 -76
7 -77
7 -79
7 -82
7 -70
7 -84
7 -84
7 -84
7 -74
7 -82
7 -83
7 -83
7 -83
7 -83
7 -78
7 -83
7 -83
7 -86
7 -85
7 -86
7 -85
7 -78
7 -85
7 -84
7 -84
7 -84
7 -83
7 -81
7 -79
7 -82
7 -82
7 -82
7 -82
7 -82
7 -81
7 -80
7 -80
7 -80
7 -80
7 -80
7 -79
7 -80
7 -80
7 -81
7 -81
7 -82
7 -82
7 -74
7 -82
7 -82
7 -82
7 -81
7 -81
7 -80
7 -80
7 -81
7 -80
7 -80
7 -80
7 -80
7 -80
7 -79
7 -80
7 -80
7 -80
7 -80
7 -80
7 -81
7 -80
7 -80
7 -80
7 -80
7 -79
7 -79
7 -80
7 -79
7 -79
7 -80
7 -79
7 -79
7 -79
7 -75
7 -79
7 -79
7 -80
7 -79
7 -79
7 -80
7 -80
7 -80
7 -80
7 -80
7 -81
7 -80
7 -81
7 -80
7 -82
7 -82
7 -80
7 -81
7 -80
7 -80
7 -80
7 -81
7 -80
7 -80
7 -81
7 -80
7 -81
7 -80
7 -80
7 -80
7 -81
7 -74
7 -81
7 -82
7 -81
7 -82
7 -81
7 -82
7 -79
7 -79
7 -79
7 -79
7 -76
7 -78
7 -79
7 -79
7 -79
7 -80
7 -81
7 -80
7 -79
7 -80
7 -76
7 -79
7 -80
7 -79
7 -80
7 -80
7 -81
7 -80
7 -79
7 -79
7 -79
7 -79
7 -79
7 -79
7 -78
7 -78
7 -78
7 -78
7 -78
7 -79
7 -79
7 -79
7 -79
7 -79
7 -79
7 -78
7 -78
7 -78
7 -78
7 -78
7 -77
7 -78
7 -78
7 -78
7 -77
7 -77
7 -78
7 -77
7 -77
7 -77
7 -78
7 -77
7 -77
7 -78
7 -78
7 -78
7 -75
7 -78
7 -78
7 -77
7 -76
7 -74
7 -76
7 -77
7 -77
7 -77
7 -77
7 -77
7 -77
7 -76
7 -77
7 -75
7 -78
7 -77
7 -78
7 -78
7 -78
7 -78
7 -78
7 -79
7 -79
7 -79
7 -78
7 -78
7 -78
7 -73
7 -79
7 -78
7 -74
7 -79
7 -79
7 -79
7 -79
8 -85
8 -85
8 -89
8 -85
8 -86
9 -84
9 -84
9 -84
9 -84
9 -84
9 -86
9 -87
9 -85
9 -84
9 -83
9 -83
9 -85
9 -82
9 -80
9 -80
9 -81
9 -81
9 -82
9 -82
9 -73
9 -81
9 -80
9 -81
9 -81
9 -80
9 -70
9 -82
9 -80
9 -80
9 -80
9 -80
9 -80
9 -81
9 -80
9 -80
9 -80
9 -81
9 -81
9 -82
9 -81
9 -77
9 -76
9 -81
9 -81
9 -80
9 -81
9 -81
9 -81
9 -80
9 -81
9 -81
9 -74
9 -81
9 -83
9 -82
9 -70
9 -83
9 -82
9 -82
9 -82
9 -82
9 -83
9 -83
9 -84
9 -83
9 -83
9 -83
9 -87
9 -85
9 -85
9 -85
9 -86
10 -85
10 -85
10 -87
11 -87
11 -84
11 -85
11 -82
11 -86
11 -87
11 -87
12 -87
12 -85
12 -86
12 -86
12 -86
12 -86
12 -87
12 -85
12 -86
12 -85
12 -82
12 -85
12 -85
12 -86
12 -87
12 -84
12 -86
12 -86
12 -87
12 -87
13 -76
13 -76
13 -76
13 -76
13 -69
13 -76
13 -76
13 -76
13 -76
13 -76
13 -76
13 -76
13 -67
13 -76
13 -76
13 -76
13 -76
13 -55
13 -76
13 -76
13 -76
13 -76
13 -76
13 -76
13 -76
13 -76
13 -76
13 -76
13 -76
13 -76
13 -76
13 -76
13 -76
13 -76
13 -76
13 -76
13 -76
13 -76
13 -76
13 -76
13 -74
13 -75
13 -76
13 -76
13 -76
13 -76
13 -76
13 -76
13 -76
13 -76
13 -78
13 -78
13 -78
13 -78
13 -78
13 -78
13 -79
13 -81
13 -70
13 -83
13 -79
13 -77
13 -80
13 -81
13 -83
13 -83
13 -83
13 -83
13 -82
13 -83
13 -83
13 -83
13 -83
13 -82
13 -82
13 -82
13 -82
13 -82
13 -82
13 -82
13 -81
13 -82
13 -82
13 -81
13 -83
13 -83
13 -84
13 -85
13 -84
13 -84
13 -83
13 -81
13 -81
13 -81
13 -81
13 -81
13 -81
13 -82
13 -82
13 -84
13 -83
13 -82
13 -83
13 -81
13 -81
13 -82
13 -82
13 -84
13 -86
13 -84
13 -84
13 -84
13 -83
13 -85
13 -85
13 -87
13 -83
13 -82
13 -82
13 -83
13 -82
13 -83
13 -83
13 -84
13 -85
13 -85
13 -85
14 -78
14 -79
14 -79
14 -80
14 -79
14 -80
14 -80
14 -80
14 -79
14 -80
14 -80
14 -79
14 -80
14 -79
14 -80
14 -81
14 -80
14 -80
14 -80
14 -80
14 -79
14 -81
14 -80
14 -80
14 -81
14 -82
14 -82
14 -82
14 -83
14 -82
14 -82
14 -66
14 -81
14 -81
14 -80
14 -78
14 -77
14 -78
14 -79
14 -79
14 -78
14 -78
14 -79
14 -76
14 -77
14 -79
14 -82
14 -80
14 -79
14 -80
14 -77
14 -76
14 -75
14 -75
14 -76
14 -75
14 -75
14 -74
14 -75
14 -76
14 -76
14 -76
14 -76
14 -75
14 -76
14 -75
14 -76
14 -76
14 -72
14 -76
14 -76
14 -75
14 -76
14 -76
14 -76
14 -75
14 -76
14 -75
14 -75
14 -76
14 -76
14 -76
14 -75
14 -76
14 -76
14 -76
14 -76
14 -76
14 -76
14 -76
14 -77
14 -76
14 -76
14 -75
14 -76
14 -74
14 -75
14 -75
14 -76
14 -76
14 -76
14 -77
14 -76
14 -75
14 -76
14 -73
14 -75
14 -76
14 -76
14 -76
14 -76
14 -74
14 -75
14 -75
14 -74
14 -75
14 -73
14 -74
14 -74
14 -74
14 -75
14 -74
14 -75
14 -76
14 -76
14 -76
14 -76
14 -76
14 -77
14 -76
14 -77
14 -77
14 -77
14 -78
14 -78
14 -77
14 -76
14 -76
14 -76
14 -74
14 -75
14 -76
14 -74
14 -76
14 -67
14 -76
14 -76
14 -76
14 -76
14 -76
14 -76
14 -76
14 -70
14 -75
14 -75
14 -75
14 -76
14 -76
14 -75
14 -75
14 -76
14 -75
14 -76
14 -75
14 -75
14 -66
14 -76
14 -75
14 -75
14 -75
14 -75
14 -75
14 -75
14 -75
14 -75
14 -76
14 -75
14 -76
14 -76
14 -76
14 -76
14 -77
14 -78
14 -80
14 -82
14 -82
14 -81
14 -81
14 -63
14 -52
14 -80
14 -81
14 -64
14 -80
14 -79
14 -80
14 -80
14 -80
14 -63
14 -80
14 -80
14 -80
14 -65
14 -79
14 -78
14 -78
14 -77
14 -78
14 -78
14 -78
14 -77
14 -76
14 -76
14 -76
14 -76
14 -76
14 -76
14 -66
14 -76
14 -76
14 -76
14 -76
14 -76
14 -66
14 -77
14 -65
14 -77
14 -76
14 -76
14 -76
14 -76
14 -76
14 -75
14 -75
14 -74
14 -75
14 -75
14 -75
14 -76
14 -76
14 -77
14 -77
14 -78
14 -78
14 -78
14 -78
14 -79
14 -79
14 -79
14 -78
14 -78
14 -77
14 -76
14 -76
14 -76
14 -76
14 -76
14 -75
14 -76
14 -75
14 -75
14 -75
14 -75
14 -75
14 -75
14 -75
14 -75
14 -75
14 -75
14 -76
14 -75
14 -75
14 -75
14 -75
14 -75
14 -75
14 -75
14 -75
14 -75
14 -75
14 -75
14 -75
14 -74
14 -75
14 -75
14 -75
14 -75
14 -74
14 -75
14 -75
14 -75
14 -75
14 -75
14 -75
14 -75
14 -76
14 -76
14 -75
14 -76
14 -67
14 -76
14 -76
14 -76
14 -76
14 -76
14 -76
14 -76
14 -76
14 -76
14 -76
14 -76
14 -76
15 -79
15 -80
15 -79
15 -80
15 -79
15 -73
15 -78
15 -78
15 -79
15 -79
15 -78
15 -77
15 -77
15 -80
15 -80
15 -80
15 -82
15 -82
15 -82
15 -82
15 -79
15 -80
15 -81
15 -80
15 -80
15 -79
15 -79
15 -79
15 -79
15 -79
15 -82
15 -83
15 -80
15 -79
15 -78
15 -77
15 -76
15 -76
15 -76
15 -76
15 -75
15 -75
15 -76
15 -77
15 -77
15 -76
15 -76
15 -74
15 -73
15 -73
15 -73
15 -74
15 -76
15 -78
15 -81
15 -83
15 -79
15 -78
15 -76
15 -77
15 -76
15 -70
15 -77
15 -78
15 -70
15 -79
15 -78
15 -80
15 -79
15 -79
15 -79
15 -80
15 -79
15 -79
15 -80
15 -80
15 -80
15 -81
15 -81
15 -82
15 -80
15 -81
15 -81
15 -79
15 -83
15 -84
15 -82
15 -81
15 -80
15 -79
15 -78
15 -78
15 -78
15 -79
15 -80
15 -80
15 -81
15 -79
15 -83
15 -80
15 -79
15 -80
15 -80
15 -80
15 -79
15 -80
15 -80
15 -82
15 -82
15 -82
15 -83
15 -82
15 -83
15 -83
15 -83
15 -83
15 -86
15 -78
15 -82
15 -82
15 -81
15 -81
15 -81
15 -82
15 -82
15 -81
15 -81
15 -80
15 -79
15 -80
15 -80
15 -65
15 -80
15 -81
15 -82
15 -83
15 -83
15 -83
15 -82
15 -83
15 -81
15 -79
15 -78
15 -78
15 -79
15 -81
15 -83
15 -83
15 -84
15 -89
15 -87
15 -84
15 -84
15 -84
15 -83
15 -49
15 -84
15 -83
15 -83
15 -83
15 -83
15 -82
15 -83
15 -83
15 -83
15 -83
15 -83
15 -83
15 -74
15 -84
15 -84
15 -85
15 -85
15 -85
16 -80
16 -83
16 -82
16 -82
16 -81
16 -81
16 -82
16 -82
16 -82
16 -82
16 -83
16 -82
16 -83
16 -83
16 -83
16 -82
16 -56
16 -82
16 -82
16 -82
16 -82
16 -82
16 -83
16 -81
16 -83
16 -84
16 -81
16 -79
16 -80
16 -79
16 -82
16 -84
16 -83
16 -83
16 -85
16 -84
16 -84
16 -85
16 -83
16 -83
16 -83
16 -84
16 -84
16 -83
16 -82
16 -83
16 -82
16 -83
16 -83
16 -85
16 -80
16 -79
16 -79
16 -79
16 -79
16 -79
16 -69
16 -78
16 -80
16 -81
16 -83
16 -84
16 -84
16 -84
16 -82
16 -50
16 -82
16 -83
16 -83
16 -83
16 -85
16 -86
16 -86
16 -84
17 -76
17 -76
17 -76
17 -76
17 -76
17 -52
17 -76
17 -76
17 -77
17 -77
17 -77
17 -78
17 -78
17 -78
17 -78
17 -78
17 -78
17 -78
17 -78
17 -78
17 -77
17 -77
17 -76
17 -76
17 -77
17 -80
17 -81
17 -82
17 -81
17 -80
17 -79
17 -64
17 -78
17 -73
17 -78
17 -76
17 -77
17 -76
17 -76
17 -78
17 -78
17 -76
17 -77
17 -76
17 -78
17 -77
17 -76
17 -74
17 -75
17 -73
17 -75
17 -76
17 -76
17 -74
17 -74
17 -75
17 -73
17 -74
17 -74
17 -74
17 -74
17 -74
17 -74
17 -74
17 -73
17 -74
17 -74
17 -74
17 -74
17 -74
17 -73
17 -74
17 -74
17 -74
17 -74
17 -74
17 -74
17 -71
17 -74
17 -75
17 -74
17 -75
17 -75
17 -75
17 -75
17 -75
17 -75
17 -74
17 -74
17 -74
17 -74
17 -74
17 -73
17 -74
17 -73
17 -73
17 -74
17 -73
17 -74
17 -74
17 -74
17 -74
17 -75
17 -75
17 -75
17 -75
17 -75
17 -74
17 -74
17 -74
17 -73
17 -73
17 -74
17 -73
17 -74
17 -74
17 -74
17 -74
17 -74
17 -74
17 -74
17 -74
17 -75
17 -75
17 -75
17 -76
17 -77
17 -77
17 -77
17 -77
17 -78
17 -78
17 -59
17 -79
17 -79
17 -79
17 -79
17 -79
17 -79
17 -78
17 -78
17 -78
17 -78
17 -77
17 -77
17 -77
17 -77
17 -77
17 -78
17 -77
17 -78
17 -78
17 -78
17 -78
17 -79
17 -81
17 -88
17 -82
17 -81
17 -81
17 -80
17 -80
17 -79
17 -79
17 -78
17 -78
17 -64
17 -78
17 -79
17 -79
17 -79
17 -78
17 -79
17 -79
17 -80
17 -80
17 -81
17 -82
17 -84
17 -80
17 -83
17 -82
17 -82
17 -81
17 -82
17 -82
17 -80
17 -80
17 -80
17 -79
17 -79
17 -77
17 -79
17 -78
17 -78
17 -78
17 -78
17 -76
17 -76
17 -76
17 -74
17 -70
17 -75
17 -76
17 -76
17 -75
17 -76
17 -76
17 -76
17 -77
17 -78
17 -79
17 -79
17 -78
17 -77
17 -76
17 -76
17 -78
17 -78
17 -78
17 -78
17 -80
17 -80
17 -79
17 -73
17 -79
17 -79
17 -79
17 -77
17 -78
17 -79
17 -79
17 -79
17 -79
17 -81
17 -83
17 -80
17 -79
17 -79
17 -77
17 -78
17 -78
17 -77
17 -78
17 -75
17 -79
17 -79
17 -78
17 -78
17 -78
17 -78
17 -77
17 -76
17 -78
17 -77
17 -78
17 -77
17 -77
17 -77
17 -76
17 -77
17 -76
17 -76
17 -75
17 -76
17 -76
17 -76
17 -76
17 -76
17 -76
17 -76
17 -76
17 -77
17 -77
17 -77
17 -77
17 -77
17 -76
17 -76
17 -76
17 -77
17 -73
17 -76
17 -76
17 -76
17 -76
17 -76
17 -76
17 -76
17 -76
17 -77
17 -76
17 -76
17 -76
17 -76
17 -77
17 -77
17 -76
17 -76
17 -76
17 -76
17 -76
17 -76
17 -76
17 -76
18 -79
18 -80
18 -80
18 -80
18 -80
18 -81
18 -81
18 -78
18 -80
18 -80
18 -80
18 -81
18 -82
18 -81
18 -81
18 -80
18 -81
18 -82
18 -81
18 -81
18 -81
18 -81
18 -81
18 -81
18 -80
18 -80
18 -80
18 -80
18 -82
18 -83
18 -82
18 -81
18 -79
18 -78
18 -77
18 -76
18 -76
18 -75
18 -76
18 -76
18 -76
18 -75
18 -76
18 -76
18 -76
18 -76
18 -78
18 -78
18 -76
18 -76
18 -76
18 -76
18 -81
18 -81
18 -80
18 -79
18 -78
18 -77
18 -76
18 -69
18 -76
18 -76
18 -76
18 -76
18 -76
18 -76
18 -76
18 -76
18 -76
18 -76
18 -75
18 -75
18 -75
18 -76
18 -75
18 -76
18 -76
18 -76
18 -76
18 -76
18 -72
18 -76
18 -76
18 -76
18 -76
18 -76
18 -76
18 -74
18 -76
18 -76
18 -77
18 -64
18 -76
18 -77
18 -77
18 -78
18 -78
18 -78
18 -78
18 -78
18 -78
18 -78
18 -78
18 -78
18 -78
18 -77
18 -81
18 -82
18 -82
18 -82
18 -81
18 -83
18 -82
18 -80
18 -79
18 -56
18 -79
18 -80
18 -80
18 -81
18 -81
18 -80
18 -81
18 -80
18 -80
18 -80
18 -81
18 -81
18 -81
18 -81
18 -81
18 -81
18 -80
18 -81
18 -81
18 -81
18 -82
18 -81
18 -83
18 -84
18 -85
18 -83
18 -84
18 -84
18 -84
18 -84
18 -83
18 -82
18 -83
18 -82
18 -80
18 -80
18 -79
18 -79
18 -80
18 -80
18 -79
18 -81
18 -82
18 -83
18 -76
18 -74
18 -84
18 -84
18 -82
18 -81
18 -75
18 -81
18 -83
18 -84
18 -84
18 -84
18 -87
19 -85
19 -83
19 -81
19 -82
19 -82
19 -84
19 -81
19 -81
19 -83
19 -81
19 -80
19 -79
19 -79
19 -80
19 -79
19 -81
19 -79
19 -81
19 -81
19 -81
19 -80
19 -81
19 -80
19 -81
19 -80
19 -80
19 -81
19 -80
19 -81
19 -81
19 -81
19 -80
19 -80
19 -80
19 -79
19 -80
19 -80
19 -80
19 -80
19 -74
19 -69
19 -80
19 -81
19 -57
19 -81
19 -81
19 -82
19 -82
19 -82
19 -82
19 -82
19 -82
19 -48
19 -82
19 -83
19 -82
19 -80
19 -80
19 -79
19 -79
19 -79
19 -80
19 -80
19 -81
19 -81
19 -81
19 -81
19 -81
19 -81
19 -81
19 -81
19 -82
19 -80
19 -81
19 -75
19 -81
19 -80
19 -78
19 -78
19 -78
19 -78
19 -74
19 -78
19 -78
19 -79
19 -79
19 -79
19 -78
19 -71
19 -78
19 -79
19 -79
19 -78
19 -79
19 -66
19 -77
19 -79
19 -78
19 -79
19 -79
19 -79
19 -79
19 -79
19 -79
19 -79
19 -79
19 -80
19 -80
19 -80
19 -79
19 -81
19 -79
19 -80
19 -75
19 -79
19 -80
19 -80
19 -80
19 -80
19 -79
19 -80
19 -80
19 -79
19 -79
19 -80
19 -65
19 -80
19 -80
19 -80
19 -81
19 -80
19 -80
19 -80
19 -80
19 -80
19 -80
19 -80
19 -80
19 -80
19 -81
19 -64
19 -80
19 -81
19 -80
19 -80
19 -81
19 -81
19 -63
19 -79
19 -81
19 -81
19 -81
19 -81
19 -81
19 -82
19 -82
19 -81
19 -81
19 -81
19 -82
19 -82
19 -82
19 -81
19 -79
19 -79
19 -80
19 -80
19 -80
19 -80
19 -80
19 -80
19 -80
19 -81
19 -82
19 -82
19 -82
19 -82
19 -81
19 -81
19 -81
19 -81
19 -81
19 -81
19 -80
19 -81
19 -80
19 -81
19 -81
19 -81
19 -81
19 -82
19 -82
19 -82
19 -81
19 -82
19 -82
19 -82
19 -82
19 -81
19 -82
19 -81
19 -81
19 -81
19 -81
19 -74
19 -81
19 -82
19 -82
19 -81
19 -81
19 -78
19 -82
19 -81
19 -81
19 -82
19 -78
19 -74
19 -81
19 -82
19 -80
19 -80
19 -78
19 -81
19 -81
19 -81
19 -81
19 -81
19 -81
19 -81
19 -81
19 -81
19 -74
19 -80
19 -81
20 -87
21 -85
21 -83
21 -85
21 -84
21 -86
21 -85
21 -85
21 -82
21 -84
21 -84
21 -80
21 -80
21 -84
21 -61
21 -83
21 -83
21 -83
21 -83
21 -83
21 -82
21 -83
21 -64
21 -83
21 -82
21 -83
21 -83
21 -83
21 -83
21 -68
21 -83
21 -83
21 -82
21 -83
21 -82
21 -83
21 -83
21 -83
21 -81
21 -84
21 -83
21 -84
21 -83
21 -84
21 -84
21 -83
21 -83
21 -83
21 -83
21 -70
21 -83
21 -83
21 -69
21 -83
21 -83
21 -83
21 -64
21 -84
21 -66
21 -78
21 -84
21 -78
21 -83
21 -84
21 -84
21 -84
21 -83
21 -84
21 -84
21 -84
21 -79
21 -78
21 -83
21 -83
21 -80
21 -83
21 -84
21 -83
21 -83
21 -83
21 -84
21 -84
21 -84
21 -84
21 -84
21 -85
21 -84
21 -84
21 -85
21 -84
21 -84
21 -85
21 -84
21 -85
21 -85
21 -85
21 -84
21 -84
21 -84
21 -84
21 -84
21 -84
21 -84
21 -83
21 -83
21 -84
21 -84
23 -76
23 -85
23 -85
23 -84
23 -85
23 -84
23 -85
23 -84
23 -84
23 -84
23 -85
23 -85
30 -86
30 -84
30 -85
30 -83
30 -85
30 -85
30 -86
30 -85
30 -84
30 -85
30 -72
30 -83
30 -84
30 -84
30 -83
30 -84
30 -84
30 -82
30 -84
30 -80
31 -85
31 -85
31 -85
32 -83
32 -83
32 -83
32 -83
32 -82
32 -83
32 -82
32 -82
32 -81
32 -81
32 -81
32 -81
32 -80
32 -81
32 -81
32 -69
32 -81
32 -81
32 -78
32 -81
32 -80
32 -80
32 -80
32 -79
32 -80
32 -80
32 -78
32 -78
32 -78
32 -79
32 -78
32 -79
32 -82
32 -80
32 -82
32 -79
32 -79
32 -80
32 -84
32 -82
32 -70
32 -81
32 -80
32 -80
32 -81
32 -80
32 -78
32 -78
32 -79
32 -82
32 -84
32 -84
32 -84
32 -84
32 -81
32 -84
32 -84
32 -84
32 -82
32 -82
32 -82
32 -81
32 -80
32 -81
32 -81
32 -82
32 -83
32 -79
32 -81
32 -81
32 -82
32 -82
32 -82
32 -83
32 -82
32 -83
32 -84
32 -83
32 -82
32 -83
32 -83
32 -83
32 -83
32 -82
32 -82
32 -82
32 -82
32 -75
32 -82
32 -83
32 -83
32 -82
32 -82
32 -83
32 -81
32 -80
32 -49
32 -80
32 -81
32 -81
32 -82
32 -79
32 -78
32 -80
32 -82
32 -82
32 -82
32 -82
32 -82
32 -66
32 -83
32 -82
32 -83
32 -83
32 -84
32 -84
32 -83
32 -82
32 -80
32 -80
32 -79
32 -80
32 -80
32 -80
32 -80
32 -80
32 -80
32 -79
32 -80
32 -80
32 -80
32 -81
32 -81
32 -80
32 -81
32 -81
32 -81
32 -81
32 -81
32 -81
32 -80
32 -80
32 -79
32 -79
32 -73
32 -79
32 -79
32 -80
32 -79
32 -81
32 -81
32 -80
32 -81
32 -81
32 -83
33 -86
33 -85
33 -82
33 -81
33 -82
33 -83
33 -83
33 -83
33 -69
33 -83
33 -82
33 -86
33 -83
33 -85
33 -85
33 -83
33 -86
33 -85
33 -84
33 -84
33 -85
33 -86
33 -86
33 -79
33 -85
33 -84
33 -84
33 -84
33 -84
33 -84
33 -84
33 -85
33 -84
33 -84
33 -84
33 -84
33 -83
33 -84
33 -84
33 -83
33 -84
33 -84
33 -84
33 -84
33 -84
33 -84
33 -83
33 -84
33 -81
33 -67
33 -83
34 -85
34 -76
34 -80
34 -84
34 -86
34 -85
34 -86
34 -85
34 -85
34 -85
34 -84
34 -82
34 -81
34 -84
34 -86
34 -85
34 -85
34 -84
34 -84
34 -83
34 -84
34 -84
34 -84
34 -85
34 -82
35 -85
35 -84
35 -84
35 -84
35 -84
35 -83
35 -84
35 -78
35 -83
35 -83
35 -83
35 -83
35 -84
35 -84
35 -83
35 -81
35 -84
35 -86
35 -81
35 -82
35 -84
35 -86
35 -85
35 -75
35 -78
35 -78
35 -78
35 -78
35 -77
35 -77
35 -77
35 -77
35 -78
35 -76
35 -78
35 -78
35 -77
35 -78
35 -70
35 -78
35 -78
35 -78
35 -78
35 -79
35 -78
35 -78
35 -78
35 -78
35 -78
35 -78
35 -78
35 -77
35 -78
35 -78
35 -77
35 -74
35 -77
35 -77
35 -77
35 -77
35 -78
35 -78
35 -69
35 -79
35 -80
35 -79
35 -79
35 -79
35 -78
35 -79
35 -79
35 -79
35 -78
35 -78
35 -78
35 -78
35 -78
35 -78
35 -77
35 -77
35 -74
35 -78
35 -79
35 -80
35 -79
35 -79
35 -79
35 -79
35 -79
35 -79
35 -78
35 -79
35 -78
35 -77
35 -78
35 -78
35 -78
35 -78
35 -78
35 -78
35 -78
35 -78
35 -78
35 -78
35 -78
35 -78
35 -78
35 -78
35 -78
35 -78
35 -78
35 -78
35 -78
35 -78
35 -78
35 -78
35 -78
35 -78
35 -78
35 -78
35 -78
35 -78
35 -78
35 -78
35 -78
35 -78
35 -55
35 -78
35 -79
35 -78
35 -78
35 -78
35 -78
35 -79
35 -78
35 -78
35 -78
35 -78
35 -78
35 -79
35 -78
35 -78
35 -78
35 -78
35 -78
35 -78
35 -78
35 -78
35 -78
35 -78
35 -78
35 -79
35 -78
35 -66
35 -78
35 -78
35 -79
35 -78
35 -78
35 -78
35 -78
35 -78
35 -78
35 -78
35 -79
35 -78
35 -78
35 -79
35 -78
35 -79
35 -79
35 -79
35 -79
35 -79
35 -80
35 -80
35 -79
35 -79
35 -79
35 -79
35 -79
35 -78
35 -79
35 -78
35 -78
35 -78
35 -78
35 -78
35 -78
35 -78
35 -79
35 -79
35 -80
35 -80
35 -80
35 -80
35 -80
35 -80
35 -79
35 -80
35 -79
35 -79
35 -80
35 -80
35 -80
35 -74
35 -80
35 -80
35 -81
35 -81
35 -81
35 -81
35 -80
35 -80
35 -80
35 -79
35 -79
35 -78
35 -78
35 -78
35 -78
35 -78
35 -78
35 -79
35 -79
35 -73
35 -79
35 -79
35 -79
35 -79
35 -79
35 -79
35 -78
35 -78
35 -78
35 -78
35 -79
35 -78
35 -78
35 -79
35 -78
35 -78
35 -78
35 -78
35 -73
35 -79
35 -78
35 -78
35 -77
35 -78
35 -78
35 -78
35 -78
35 -79
35 -78
35 -78
35 -78
35 -78
35 -78
35 -78
35 -78
35 -78
35 -78
35 -78
35 -78
35 -78
35 -78
35 -78
35 -78
35 -79
35 -79
35 -79
35 -79
35 -78
35 -79
35 -78
35 -77
35 -79
36 -80
36 -80
36 -81
36 -81
36 -81
36 -80
36 -80
36 -80
36 -81
36 -80
36 -80
36 -80
36 -80
36 -79
36 -80
36 -79
36 -79
36 -80
36 -79
36 -80
36 -80
36 -81
36 -81
36 -82
36 -82
36 -83
36 -84
36 -83
36 -83
36 -78
36 -82
36 -84
36 -87
36 -86
36 -85
37 -82
37 -81
37 -81
37 -70
37 -81
37 -81
37 -80
37 -79
37 -80
37 -80
37 -81
37 -81
37 -82
37 -81
37 -82
37 -81
37 -81
37 -80
37 -81
37 -81
37 -82
37 -78
37 -80
37 -81
37 -80
37 -82
37 -82
37 -79
37 -79
37 -75
37 -78
37 -82
37 -83
37 -86
37 -85
37 -79
37 -79
37 -80
37 -82
37 -86
37 -82
37 -81
37 -82
37 -70
37 -85
37 -84
37 -85
37 -73
37 -84
37 -83
37 -83
37 -82
37 -82
37 -83
37 -82
37 -81
37 -81
37 -81
37 -82
37 -82
37 -81
37 -81
37 -82
37 -82
37 -82
37 -81
37 -80
37 -78
37 -81
37 -81
37 -80
37 -80
37 -78
37 -78
37 -78
37 -75
37 -78
37 -78
37 -79
37 -79
37 -79
37 -79
37 -79
37 -78
37 -78
37 -78
37 -78
37 -78
37 -78
37 -78
37 -78
37 -78
37 -78
37 -78
37 -77
37 -77
37 -78
37 -77
37 -78
37 -77
37 -78
37 -77
37 -77
37 -77
37 -76
37 -76
37 -76
37 -77
37 -77
37 -77
37 -76
37 -78
37 -78
37 -77
37 -77
37 -77
37 -78
37 -78
37 -78
37 -77
37 -77
37 -76
37 -77
37 -78
37 -78
37 -78
37 -79
37 -78
37 -78
37 -78
37 -78
37 -78
37 -78
37 -78
37 -79
37 -78
37 -78
37 -78
37 -78
37 -72
37 -78
37 -78
37 -77
37 -78
37 -77
37 -78
37 -78
37 -77
37 -77
37 -76
37 -78
37 -78
37 -78
37 -79
37 -81
37 -82
37 -81
37 -81
37 -81
37 -64
37 -76
37 -76
37 -78
37 -77
37 -76
37 -76
37 -76
37 -76
37 -76
37 -72
37 -76
37 -76
37 -76
37 -77
37 -77
37 -77
37 -78
37 -76
37 -76
37 -76
37 -76
37 -76
37 -75
37 -76
37 -76
37 -76
37 -76
37 -76
37 -76
37 -76
37 -76
37 -76
37 -76
37 -76
37 -76
37 -76
37 -76
37 -76
37 -76
37 -76
37 -76
37 -76
37 -76
37 -75
37 -75
37 -75
37 -75
37 -75
37 -73
37 -75
37 -76
37 -75
37 -75
37 -75
37 -76
37 -75
37 -76
37 -76
37 -76
37 -75
37 -76
37 -76
37 -76
37 -76
37 -76
37 -75
37 -76
37 -76
37 -76
37 -75
37 -76
37 -76
37 -76
37 -75
37 -75
37 -76
37 -76
37 -76
37 -76
37 -76
37 -76
37 -76
37 -76
37 -76
37 -74
37 -76
37 -76
37 -76
37 -76
37 -76
37 -76
37 -76
37 -76
37 -76
37 -76
37 -76
37 -76
37 -76
37 -76
37 -76
37 -76
37 -76
37 -76
37 -75
37 -75
37 -76
37 -75
37 -75
37 -75
37 -75
37 -75
37 -75
37 -75
37 -75
37 -75
37 -76
37 -75
37 -75
38 -83
38 -76
38 -82
38 -86
38 -85
38 -83
38 -84
38 -80
38 -81
38 -84
38 -53
38 -83
38 -82
38 -81
38 -82
38 -86
38 -85
38 -81
38 -81
38 -82
38 -84
38 -82
38 -78
38 -78
38 -75
38 -75
38 -73
38 -73
38 -73
38 -74
38 -74
38 -74
38 -74
38 -74
38 -74
38 -72
38 -74
38 -72
38 -74
38 -70
38 -74
38 -74
38 -74
38 -73
38 -72
38 -72
38 -72
38 -72
38 -71
38 -71
38 -71
38 -71
38 -72
38 -72
38 -72
38 -72
38 -72
38 -72
38 -73
38 -75
38 -76
38 -76
38 -77
38 -78
38 -78
38 -78
38 -78
38 -78
38 -77
38 -76
38 -76
38 -66
38 -75
38 -84
38 -82
38 -80
38 -81
38 -81
38 -80
38 -78
38 -79
38 -80
38 -79
38 -81
38 -76
38 -81
38 -81
38 -80
38 -79
38 -80
38 -79
38 -79
38 -78
38 -78
38 -78
38 -78
38 -78
38 -76
38 -77
38 -77
38 -77
38 -77
38 -78
38 -78
38 -78
38 -79
38 -80
38 -82
38 -82
38 -82
38 -82
38 -82
38 -82
38 -82
38 -82
38 -82
38 -82
38 -82
38 -81
38 -80
38 -80
38 -81
38 -81
38 -81
38 -81
38 -79
38 -80
38 -80
38 -82
38 -82
38 -82
38 -81
38 -81
38 -80
38 -80
38 -77
38 -76
38 -76
38 -75
38 -76
38 -78
38 -78
38 -81
38 -82
38 -82
38 -81
38 -82
38 -80
38 -80
38 -79
38 -78
38 -78
38 -77
38 -77
38 -76
38 -76
38 -76
38 -76
38 -76
38 -78
38 -78
38 -78
38 -78
38 -79
38 -80
38 -81
38 -82
38 -85
38 -84
38 -83
38 -81
38 -80
38 -80
38 -80
38 -82
38 -83
38 -83
38 -82
38 -83
38 -82
38 -81
38 -82
38 -80
38 -79
38 -78
38 -76
38 -76
38 -76
38 -76
38 -76
38 -77
38 -76
38 -79
38 -80
38 -81
38 -83
38 -72
38 -82
38 -81
38 -82
38 -80
38 -81
38 -80
38 -80
38 -79
38 -79
38 -80
38 -79
38 -80
38 -81
38 -81
38 -82
38 -81
39 -78
39 -78
39 -78
39 -78
39 -79
39 -78
39 -79
39 -79
39 -80
39 -79
39 -80
39 -79
39 -79
39 -78
39 -80
39 -80
39 -81
39 -81
39 -82
39 -82
39 -83
39 -82
39 -82
39 -83
39 -76
39 -81
39 -80
39 -79
39 -82
39 -74
39 -81
39 -77
39 -77
39 -76
39 -75
39 -76
39 -76
39 -76
39 -75
39 -74
39 -72
39 -71
39 -71
39 -71
39 -72
39 -72
39 -72
39 -72
39 -67
39 -76
39 -82
39 -82
39 -78
39 -76
39 -75
39 -75
39 -73
39 -74
39 -74
39 -73
39 -73
39 -73
39 -73
39 -73
39 -73
39 -74
39 -74
39 -74
39 -74
39 -75
39 -74
39 -74
39 -74
39 -74
39 -74
39 -75
39 -73
39 -72
39 -76
39 -76
39 -76
39 -76
39 -73
39 -77
39 -78
39 -78
39 -79
39 -79
39 -78
39 -78
39 -77
39 -77
39 -77
39 -77
39 -79
39 -80
39 -80
39 -80
39 -78
39 -76
39 -75
39 -75
39 -76
39 -75
39 -75
39 -76
39 -76
39 -77
39 -78
39 -80
39 -81
39 -80
39 -79
39 -80
39 -80
39 -79
39 -79
39 -78
39 -78
39 -78
39 -77
39 -77
39 -78
39 -76
39 -78
39 -78
39 -77
39 -78
39 -80
39 -82
39 -81
39 -81
39 -81
39 -80
39 -81
39 -81
39 -80
39 -80
39 -80
39 -80
39 -80
39 -79
39 -80
39 -80
39 -78
39 -81
39 -82
39 -81
39 -79
39 -80
39 -80
39 -81
39 -80
39 -80
39 -80
39 -81
39 -81
39 -80
39 -82
39 -82
39 -82
39 -82
39 -82
39 -81
39 -81
39 -81
39 -81
39 -80
39 -79
39 -80
39 -80
39 -80
39 -79
39 -74
39 -78
39 -78
39 -79
39 -78
39 -78
39 -78
39 -78
39 -78
39 -78
39 -78
39 -78
39 -78
39 -76
39 -76
39 -75
39 -75
39 -75
39 -73
39 -74
39 -75
39 -75
39 -69
39 -76
39 -65
39 -77
39 -78
39 -78
39 -76
39 -78
39 -73
39 -77
39 -77
39 -77
39 -76
39 -76
39 -76
39 -76
39 -77
39 -77
39 -78
39 -78
39 -72
39 -79
39 -79
39 -79
39 -79
39 -80
39 -80
39 -77
39 -79
39 -79
39 -79
39 -79
39 -76
39 -75
39 -78
39 -78
39 -77
39 -77
39 -77
39 -77
39 -78
39 -77
39 -78
39 -74
39 -77
39 -77
39 -77
39 -78
39 -78
39 -76
39 -78
39 -79
39 -79
39 -79
39 -79
39 -62
39 -78
39 -78
39 -79
39 -78
39 -78
39 -78
39 -78
39 -78
39 -78
39 -78
39 -78
39 -78
39 -78
39 -78
39 -78
39 -78
39 -78
39 -78
39 -78
39 -78
39 -78
39 -78
39 -79
39 -80
39 -80
39 -79
39 -80
39 -80
39 -78
39 -79
39 -79
39 -79
39 -79
39 -79
39 -78
39 -79
39 -79
39 -79
39 -78
39 -78
39 -79
39 -78
39 -78
39 -78
39 -78
39 -78
39 -78
39 -78
39 -78
39 -78
39 -78
39 -78
39 -79
39 -79
39 -79
39 -79
39 -79
40 -73
40 -72
40 -72
40 -72
40 -72
40 -72
40 -72
40 -72
40 -72
40 -72
40 -72
40 -71
40 -71
40 -71
40 -71
40 -70
40 -70
40 -70
40 -70
40 -70
40 -70
40 -70
40 -70
40 -70
40 -70
40 -70
40 -70
40 -70
40 -70
40 -70
40 -70
40 -70
40 -70
40 -70
40 -72
40 -72
40 -71
40 -70
40 -73
40 -74
40 -76
40 -76
40 -78
40 -77
40 -76
40 -76
40 -77
40 -78
40 -76
40 -76
40 -77
40 -74
40 -72
40 -70
40 -69
40 -69
40 -68
40 -67
40 -67
40 -67
40 -68
40 -69
40 -70
40 -69
40 -69
40 -70
40 -70
40 -70
40 -69
40 -69
40 -68
40 -70
40 -68
40 -68
40 -68
40 -68
40 -69
40 -68
40 -54
40 -68
40 -68
40 -68
40 -68
40 -68
40 -67
40 -68
40 -68
40 -68
40 -68
40 -68
40 -67
40 -68
40 -68
40 -67
40 -68
40 -68
40 -68
40 -68
40 -68
40 -69
40 -69
40 -69
40 -69
40 -70
40 -70
40 -70
40 -69
40 -68
40 -69
40 -68
40 -68
40 -68
40 -66
40 -67
40 -68
40 -67
40 -66
40 -66
40 -67
40 -68
40 -68
40 -68
40 -67
40 -67
40 -67
40 -67
40 -67
40 -67
40 -66
40 -66
40 -66
40 -67
40 -67
40 -67
40 -67
40 -67
40 -66
40 -66
40 -67
40 -67
40 -67
40 -66
40 -66
40 -66
40 -67
40 -66
40 -66
40 -66
40 -66
40 -66
40 -66
40 -66
40 -66
40 -47
40 -66
40 -67
40 -66
40 -66
40 -66
40 -66
40 -67
40 -67
40 -67
40 -67
40 -66
40 -67
40 -67
40 -67
40 -67
40 -67
40 -67
40 -67
40 -67
40 -67
40 -67
40 -65
40 -66
40 -67
40 -67
40 -67
40 -67
40 -67
40 -67
40 -62
40 -67
40 -67
40 -68
40 -68
40 -68
40 -68
40 -67
40 -66
40 -66
40 -66
40 -66
40 -66
40 -63
40 -66
40 -66
40 -66
40 -66
40 -66
40 -66
40 -66
40 -66
40 -66
40 -62
40 -66
40 -66
40 -66
40 -66
40 -66
40 -66
40 -66
40 -66
40 -66
40 -66
40 -66
40 -65
40 -66
40 -65
40 -66
40 -66
40 -66
40 -66
40 -66
40 -66
40 -66
40 -66
40 -67
40 -67
40 -67
40 -66
40 -67
40 -67
40 -67
40 -67
40 -68
40 -68
40 -68
40 -67
40 -67
40 -67
40 -67
40 -67
40 -67
40 -67
40 -67
40 -67
40 -68
40 -68
40 -68
40 -68
40 -67
40 -67
40 -67
40 -66
40 -66
40 -66
40 -66
40 -66
40 -66
40 -66
40 -66
40 -66
40 -66
40 -66
40 -66
40 -66
40 -66
40 -66
40 -66
40 -66
40 -66
40 -66
40 -66
40 -66
40 -66
40 -66
40 -66
40 -66
40 -66
40 -66
40 -66
40 -66
40 -66
40 -66
40 -66
40 -66
40 -66
40 -67
40 -66
40 -66
40 -66
40 -66
40 -66
40 -66
40 -66
40 -66
40 -66
40 -66
40 -66
40 -66
40 -66
40 -66
40 -67
40 -67
40 -67
40 -67
40 -67
40 -47
40 -66
40 -66
40 -66
40 -66
40 -66
41 -66
41 -66
41 -66
41 -66
41 -66
41 -66
41 -66
41 -66
41 -66
41 -66
41 -66
41 -66
41 -67
41 -67
41 -67
41 -67
41 -68
41 -67
41 -68
41 -68
41 -67
41 -67
41 -67
41 -67
41 -66
41 -67
41 -66
41 -66
41 -66
41 -66
41 -66
41 -66
41 -67
41 -66
41 -67
41 -66
41 -65
41 -65
41 -66
41 -67
41 -66
41 -67
41 -67
41 -67
41 -67
41 -68
41 -68
41 -67
41 -67
41 -68
41 -67
41 -68
41 -69
41 -69
41 -68
41 -68
41 -70
41 -73
41 -75
41 -73
41 -72
41 -72
41 -71
41 -70
41 -70
41 -69
41 -69
41 -69
41 -70
41 -69
41 -69
41 -69
41 -69
41 -69
41 -69
41 -69
41 -69
41 -69
41 -69
41 -69
41 -69
41 -69
41 -69
41 -68
41 -68
41 -69
41 -69
41 -69
41 -69
41 -69
41 -69
41 -69
41 -69
41 -69
41 -69
41 -42
41 -68
41 -68
41 -68
41 -67
41 -67
41 -67
41 -67
41 -67
41 -67
41 -67
41 -67
41 -68
41 -68
41 -68
41 -68
41 -68
41 -68
41 -69
41 -70
41 -70
41 -70
41 -70
41 -70
41 -70
41 -69
41 -68
41 -68
41 -68
41 -68
41 -68
41 -69
41 -69
41 -69
41 -70
41 -69
41 -70
41 -69
41 -70
41 -70
41 -70
41 -70
41 -70
41 -70
41 -71
41 -72
41 -67
41 -72
41 -71
41 -72
41 -72
41 -72
41 -72
41 -72
41 -72
41 -72
41 -68
41 -72
41 -72
41 -71
41 -71
41 -72
41 -72
41 -72
41 -72
41 -72
41 -72
41 -72
41 -72
41 -74
41 -75
41 -75
41 -75
41 -75
41 -75
41 -75
41 -75
41 -75
41 -75
41 -74
41 -73
41 -73
41 -72
41 -73
41 -73
41 -72
41 -72
41 -73
41 -73
41 -73
41 -73
41 -73
41 -74
41 -75
41 -74
41 -76
41 -78
41 -74
41 -75
41 -74
41 -74
41 -75
41 -75
41 -74
41 -74
41 -74
41 -74
41 -74
41 -74
41 -73
41 -73
41 -72
41 -71
41 -70
41 -70
41 -71
41 -70
41 -70
41 -71
41 -71
41 -71
41 -72
41 -72
41 -58
41 -72
41 -72
41 -73
41 -73
41 -73
41 -74
41 -75
41 -75
41 -75
41 -75
41 -76
41 -75
41 -75
41 -76
41 -76
41 -76
41 -76
41 -73
41 -74
41 -76
41 -76
41 -75
41 -75
41 -76
41 -76
41 -76
41 -76
41 -76
41 -76
41 -75
41 -75
41 -74
41 -73
41 -73
41 -74
41 -75
41 -75
41 -75
41 -76
41 -76
41 -76
41 -76
41 -63
41 -76
41 -75
41 -75
41 -75
41 -75
41 -75
41 -75
41 -74
41 -74
41 -74
41 -74
41 -74
41 -74
41 -74
41 -74
41 -73
41 -73
41 -73
41 -73
41 -74
41 -74
41 -74
41 -73
41 -74
41 -73
41 -73
41 -73
41 -73
41 -73
41 -72
41 -73
41 -72
41 -72
41 -72
41 -71
41 -72
41 -72
41 -72
41 -72
41 -72
41 -72
41 -72
41 -72
41 -72
41 -72
41 -72
41 -72
41 -72
41 -72
41 -72
41 -71
41 -72
41 -72
42 -84
42 -84
42 -85
42 -84
42 -81
42 -80
42 -77
42 -74
42 -79
42 -79
42 -79
42 -80
42 -77
42 -83
42 -84
42 -84
42 -78
42 -83
42 -83
42 -83
42 -83
42 -83
42 -83
42 -83
42 -83
42 -83
42 -84
42 -83
42 -82
42 -82
42 -82
42 -82
42 -81
42 -81
42 -81
42 -81
42 -81
42 -81
42 -82
42 -82
42 -82
42 -82
42 -76
42 -82
42 -82
42 -83
42 -83
42 -83
42 -84
42 -84
42 -83
42 -84
42 -84
42 -83
42 -84
42 -82
42 -84
42 -85
42 -85
42 -84
42 -84
42 -83
42 -83
42 -83
42 -83
42 -83
42 -82
42 -81
42 -82
42 -68
42 -81
42 -82
42 -82
42 -66
42 -85
42 -85
42 -84
42 -83
42 -83
42 -82
42 -83
42 -74
42 -84
42 -84
42 -84
42 -84
42 -84
42 -84
42 -83
42 -81
42 -83
42 -83
42 -83
42 -84
42 -85
42 -84
42 -84
42 -84
42 -83
42 -83
42 -82
42 -83
42 -83
42 -83
42 -77
42 -83
42 -84
42 -84
42 -86
42 -84
42 -86
42 -85
43 -79
43 -79
43 -80
43 -78
43 -79
43 -79
43 -78
43 -78
43 -78
43 -78
43 -78
43 -78
43 -79
43 -54
43 -79
43 -78
43 -78
43 -78
43 -78
43 -78
43 -75
43 -78
43 -78
43 -78
43 -55
43 -78
43 -78
43 -77
43 -77
43 -78
43 -79
43 -80
43 -79
43 -77
43 -78
43 -81
43 -83
43 -83
43 -82
43 -82
43 -78
43 -78
43 -79
43 -79
43 -79
43 -83
43 -82
43 -83
43 -84
43 -85
43 -84
43 -84
43 -84
43 -84
43 -85
43 -84
43 -84
43 -84
43 -82
43 -84
43 -82
43 -83
43 -82
43 -82
43 -82
43 -83
43 -81
43 -81
43 -83
43 -82
43 -82
43 -82
43 -83
43 -83
43 -82
43 -83
43 -82
43 -81
43 -83
43 -82
43 -82
43 -80
43 -81
43 -79
43 -81
43 -81
43 -80
43 -80
43 -81
43 -81
43 -81
43 -82
43 -82
43 -60
43 -82
43 -83
43 -82
43 -82
43 -83
43 -82
43 -82
43 -83
43 -82
43 -82
43 -83
43 -82
43 -83
43 -83
43 -83
43 -83
43 -83
43 -83
43 -83
43 -82
43 -82
43 -67
43 -82
43 -82
43 -82
43 -81
43 -80
43 -78
43 -78
43 -77
43 -78
43 -78
43 -78
43 -67
43 -78
43 -78
43 -78
43 -74
43 -78
43 -80
43 -80
43 -80
43 -80
43 -80
43 -80
43 -79
43 -80
43 -80
43 -80
43 -81
43 -81
43 -82
43 -83
43 -84
43 -82
43 -83
43 -83
43 -82
43 -82
43 -82
43 -82
43 -82
43 -83
43 -81
43 -80
43 -66
43 -80
43 -80
43 -80
43 -80
43 -80
43 -79
43 -80
43 -80
43 -80
43 -79
43 -78
43 -79
43 -80
43 -80
43 -81
43 -81
43 -75
43 -77
43 -83
43 -83
43 -83
43 -83
43 -83
43 -83
43 -83
43 -83
43 -83
43 -82
43 -82
43 -82
43 -83
43 -83
43 -82
43 -82
43 -83
43 -83
43 -82
43 -83
43 -82
43 -83
43 -83
43 -83
43 -83
43 -83
43 -83
43 -83
43 -83
43 -83
43 -83
43 -83
43 -83
43 -82
43 -81
43 -82
43 -81
43 -82
43 -81
43 -81
43 -80
43 -81
43 -80
43 -81
43 -81
43 -81
43 -81
43 -81
43 -81
43 -81
43 -81
43 -81
43 -81
43 -81
44 -80
44 -80
44 -80
44 -80
44 -79
44 -80
44 -79
44 -79
44 -79
44 -79
44 -80
44 -80
44 -80
44 -80
44 -77
44 -81
44 -81
44 -81
44 -54
44 -81
44 -81
44 -78
44 -80
44 -80
44 -80
44 -80
44 -79
44 -80
44 -80
44 -80
44 -79
44 -81
44 -80
44 -81
44 -82
44 -82
44 -78
44 -79
44 -79
44 -78
44 -77
44 -77
44 -59
44 -77
44 -77
44 -77
44 -77
44 -77
44 -76
44 -77
44 -76
44 -78
44 -80
44 -80
44 -78
44 -78
44 -76
44 -82
44 -83
44 -81
44 -83
44 -82
44 -83
44 -82
44 -81
44 -70
44 -80
44 -80
44 -80
44 -80
44 -77
44 -76
44 -78
44 -79
44 -79
44 -79
44 -79
44 -79
44 -79
44 -79
44 -79
44 -79
44 -79
44 -79
44 -85
44 -80
44 -80
44 -80
44 -80
44 -80
44 -68
44 -80
44 -80
44 -80
44 -80
44 -81
44 -81
44 -70
44 -82
44 -82
44 -83
44 -83
44 -74
44 -82
44 -83
44 -82
44 -79
44 -82
44 -82
44 -82
44 -83
44 -78
44 -83
44 -83
44 -83
44 -83
44 -83
44 -82
44 -83
44 -83
44 -83
44 -83
44 -76
44 -76
44 -83
44 -83
44 -83
44 -83
44 -83
44 -83
44 -82
44 -83
44 -83
44 -83
44 -83
44 -83
44 -83
44 -83
44 -83
44 -83
44 -83
44 -83
44 -83
44 -82
44 -82
44 -83
44 -82
44 -82
44 -83
44 -81
44 -83
44 -83
44 -83
44 -83
44 -76
44 -82
44 -82
44 -63
44 -83
44 -83
44 -83
44 -84
44 -84
44 -76
44 -84
44 -76
44 -84
44 -83
44 -85
44 -79
44 -84
44 -83
44 -84
44 -84
44 -84
44 -83
44 -83
44 -84
44 -84
44 -84
44 -83
44 -83
44 -83
44 -82
44 -82
44 -82
44 -80
44 -83
44 -81
44 -82
44 -82
44 -82
44 -81
44 -82
44 -82
44 -82
44 -82
44 -83
44 -78
44 -82
44 -82
44 -83
44 -82
44 -79
44 -79
44 -82
44 -82
44 -83
44 -83
44 -82
44 -82
44 -83
44 -81
44 -81
44 -82
44 -82
44 -82
44 -81
44 -82
44 -82
44 -82
44 -82
44 -82
44 -82
44 -82
44 -82
44 -83
44 -83
44 -82
44 -82
44 -78
44 -82
44 -82
44 -82
44 -82
44 -82
44 -82
44 -82
44 -82
44 -82
44 -80
44 -82
44 -82
44 -82
44 -81
44 -82
44 -82
44 -82
44 -82
44 -81
45 -88
45 -86
45 -86
45 -85
45 -86
45 -86
45 -86
45 -86
45 -87
45 -87
46 -76
46 -80
46 -81
46 -80
46 -80
46 -80
46 -80
46 -79
46 -80
46 -81
46 -81
46 -81
46 -80
46 -81
46 -81
46 -81
46 -80
46 -80
46 -80
46 -80
46 -79
46 -80
46 -80
46 -80
46 -82
46 -81
46 -81
46 -81
46 -82
46 -81
46 -82
46 -81
46 -81
46 -80
46 -81
46 -81
46 -81
46 -81
46 -81
46 -81
46 -81
46 -82
46 -82
46 -83
46 -83
46 -83
46 -83
46 -82
46 -82
46 -86
46 -84
46 -84
46 -82
46 -82
46 -70
46 -81
46 -82
46 -82
46 -82
46 -82
46 -71
46 -82
46 -82
46 -83
46 -82
46 -82
46 -82
46 -82
46 -82
46 -82
46 -74
46 -82
46 -82
46 -82
46 -82
46 -83
46 -81
46 -82
46 -82
46 -81
46 -81
46 -82
46 -81
46 -82
46 -82
46 -82
46 -84
46 -84
46 -83
46 -84
46 -83
46 -84
46 -84
46 -84
46 -85
46 -84
46 -85
46 -77
46 -86
46 -85
46 -86
46 -78
46 -84
46 -85
46 -84
46 -84
46 -85
46 -84
46 -84
46 -86
46 -84
46 -84
46 -85
46 -83
46 -83
46 -85
46 -85
46 -84
46 -85
46 -84
46 -84
46 -84
46 -84
46 -84
46 -85
46 -84
46 -86
46 -84
46 -85
46 -84
46 -84
46 -81
46 -84
46 -84
46 -84
46 -84
46 -85
46 -84
46 -84
46 -84
46 -84
46 -85
48 -71
48 -72
48 -78
49 -83
49 -86
49 -88
49 -83
49 -82
49 -83
49 -81
49 -88
49 -85
49 -85
49 -83
49 -84
51 -84
51 -84
51 -83
51 -84
51 -84
51 -43
51 -84
51 -84
51 -84
51 -78
51 -83
51 -84
51 -58
51 -85
51 -84
51 -83
51 -68
51 -83
51 -83
51 -83
51 -83
51 -83
51 -85
51 -85
51 -86
51 -84
51 -84
51 -64
51 -63
51 -63
51 -85
51 -86
51 -63
52 -70
52 -87
52 -84
52 -83
52 -84
52 -83
52 -84
52 -84
52 -84
52 -84
52 -84
52 -84
52 -84
52 -84
52 -84
52 -85
52 -83
52 -84
52 -84
52 -84
52 -85
53 -83
53 -82
53 -83
53 -82
53 -83
53 -82
53 -82
53 -82
53 -82
53 -81
53 -82
53 -81
53 -82
53 -82
53 -81
53 -82
53 -82
53 -82
53 -83
53 -80
53 -81
53 -81
53 -80
53 -82
53 -83
53 -80
53 -84
53 -84
53 -85
53 -84
53 -81
53 -76
53 -76
53 -76
53 -75
53 -76
53 -77
53 -78
53 -78
53 -69
53 -79
53 -79
53 -79
53 -79
53 -79
53 -80
53 -78
53 -80
53 -80
53 -79
53 -79
53 -79
53 -68
53 -80
53 -80
53 -80
53 -80
53 -80
53 -78
53 -79
53 -77
53 -78
53 -78
53 -78
53 -78
53 -78
53 -78
53 -78
53 -78
53 -77
53 -78
53 -78
53 -78
53 -78
53 -78
53 -78
53 -77
53 -76
53 -77
53 -76
53 -77
53 -78
53 -78
53 -78
53 -77
53 -78
53 -77
53 -78
53 -78
53 -76
53 -77
53 -77
53 -77
53 -76
53 -66
53 -78
53 -78
53 -78
53 -78
53 -78
53 -78
53 -78
53 -78
53 -77
53 -77
53 -77
53 -78
53 -78
53 -78
53 -77
53 -78
53 -78
53 -78
53 -78
53 -76
53 -78
53 -78
53 -78
53 -78
53 -78
53 -78
53 -78
53 -78
53 -78
53 -76
53 -78
53 -77
53 -77
53 -76
53 -77
53 -77
53 -76
53 -76
53 -76
53 -76
53 -76
53 -76
53 -76
53 -80
53 -76
53 -77
53 -68
53 -76
53 -77
53 -77
53 -76
53 -77
53 -77
53 -49
53 -77
53 -76
53 -78
53 -78
53 -78
53 -79
53 -79
53 -80
53 -79
53 -80
53 -80
53 -80
53 -81
53 -81
53 -81
53 -80
53 -81
53 -68
53 -79
53 -79
53 -79
53 -79
53 -78
53 -78
53 -78
53 -78
53 -70
53 -78
53 -77
53 -64
53 -78
53 -76
53 -77
53 -78
53 -78
53 -78
53 -78
53 -78
53 -77
53 -78
53 -78
53 -78
53 -66
53 -78
53 -76
53 -76
53 -76
53 -76
53 -76
53 -77
53 -76
53 -76
53 -76
53 -76
53 -76
53 -76
53 -76
53 -76
53 -76
53 -76
53 -76
53 -77
53 -77
53 -77
53 -78
53 -78
53 -78
53 -78
53 -78
53 -78
53 -78
53 -78
53 -78
53 -78
53 -78
53 -78
53 -77
53 -78
53 -78
53 -77
53 -77
53 -78
53 -77
53 -78
53 -78
53 -78
53 -76
53 -77
53 -77
53 -77
53 -77
53 -77
53 -78
53 -77
53 -78
53 -78
53 -77
53 -77
53 -78
53 -77
53 -78
53 -78
53 -77
53 -77
53 -77
53 -78
53 -77
53 -77
53 -78
53 -77
53 -77
53 -78
53 -78
53 -78
53 -77
53 -78
53 -78
53 -77
53 -77
53 -77
53 -77
53 -77
53 -77
53 -77
53 -78
53 -78
53 -78
53 -78
53 -64
53 -78
54 -76
54 -76
54 -76
54 -76
54 -77
54 -76
54 -77
54 -55
54 -77
54 -78
54 -78
54 -77
54 -78
54 -78
54 -78
54 -79
54 -78
54 -78
54 -78
54 -79
54 -79
54 -79
54 -79
54 -79
54 -80
54 -80
54 -80
54 -80
54 -80
54 -80
54 -80
54 -80
54 -78
54 -73
54 -83
54 -83
54 -78
54 -79
54 -79
54 -80
54 -79
54 -80
54 -83
54 -75
54 -75
54 -82
54 -70
54 -82
54 -78
54 -76
54 -76
54 -76
54 -76
54 -76
54 -76
54 -66
54 -76
54 -76
54 -76
54 -77
54 -78
54 -78
54 -79
54 -79
54 -79
54 -80
54 -80
54 -79
54 -79
54 -79
54 -79
54 -79
54 -78
54 -77
54 -79
54 -79
54 -73
54 -79
54 -78
54 -78
54 -78
54 -78
54 -78
54 -78
54 -76
54 -76
54 -76
54 -76
54 -76
54 -76
54 -76
54 -75
54 -75
54 -75
54 -76
54 -76
54 -75
54 -75
54 -75
54 -73
54 -75
54 -75
54 -75
54 -75
54 -74
54 -74
54 -74
54 -74
54 -74
54 -74
54 -74
54 -75
54 -74
54 -75
54 -74
54 -74
54 -74
54 -74
54 -74
54 -74
54 -74
54 -74
54 -75
54 -75
54 -75
54 -75
54 -76
54 -76
54 -76
54 -76
54 -75
54 -76
54 -76
54 -75
54 -76
54 -75
54 -75
54 -75
54 -75
54 -75
54 -75
54 -75
54 -75
54 -75
54 -75
54 -75
54 -75
54 -75
54 -75
54 -75
54 -76
54 -76
54 -76
54 -76
54 -76
54 -76
54 -76
54 -76
54 -76
54 -76
54 -76
54 -76
54 -76
54 -76
54 -68
54 -76
54 -72
54 -76
54 -75
54 -75
54 -76
54 -76
54 -76
54 -76
54 -76
54 -72
54 -76
54 -76
54 -76
54 -71
54 -76
54 -77
54 -77
54 -76
54 -76
54 -76
54 -76
54 -76
54 -76
54 -76
54 -75
54 -75
54 -63
54 -74
54 -74
54 -75
54 -75
54 -73
54 -74
54 -75
54 -74
54 -74
54 -75
54 -74
54 -73
54 -73
54 -73
54 -73
54 -73
54 -73
54 -74
54 -74
54 -74
54 -74
54 -74
54 -74
54 -74
54 -74
54 -74
54 -74
54 -75
54 -74
54 -68
54 -74
54 -75
54 -75
54 -75
54 -75
54 -75
54 -75
54 -75
54 -75
54 -76
54 -76
54 -76
54 -76
54 -76
54 -75
54 -75
54 -75
54 -58
54 -75
54 -75
54 -75
54 -76
54 -76
54 -76
54 -76
54 -76
54 -76
54 -76
54 -76
54 -76
54 -76
54 -76
54 -76
54 -76
54 -70
54 -76
54 -76
54 -76
54 -76
54 -76
54 -76
54 -75
54 -75
54 -75
54 -75
54 -73
54 -76
54 -75
54 -75
54 -75
54 -75
54 -75
54 -75
54 -75
54 -75
54 -75
54 -75
54 -75
54 -75
54 -75
54 -75
54 -76
54 -75
54 -66
54 -75
54 -75
54 -75
54 -75
54 -75
54 -75
54 -75
54 -75
54 -75
54 -75
54 -75
54 -75
54 -75
54 -75
54 -75
54 -75
54 -75
54 -75
54 -75
54 -75
54 -75
54 -76
54 -75
54 -75
54 -75
54 -75
55 -70
55 -70
55 -70
55 -70
55 -70
55 -69
55 -69
55 -70
55 -69
55 -69
55 -69
55 -70
55 -70
55 -69
55 -69
55 -69
55 -70
55 -69
55 -69
55 -69
55 -69
55 -69
55 -69
55 -69
55 -69
55 -69
55 -69
55 -69
55 -69
55 -69
55 -69
55 -69
55 -69
55 -66
55 -64
55 -65
55 -66
55 -66
55 -67
55 -67
55 -68
55 -68
55 -66
55 -66
55 -66
55 -66
55 -66
55 -68
55 -69
55 -69
55 -68
55 -68
55 -69
55 -68
55 -68
55 -67
55 -68
55 -69
55 -68
55 -68
55 -70
55 -69
55 -69
55 -71
55 -70
55 -68
55 -70
55 -72
55 -71
55 -72
55 -70
55 -68
55 -68
55 -69
55 -68
55 -50
55 -68
55 -68
55 -68
55 -68
55 -68
55 -68
55 -68
55 -68
55 -68
55 -68
55 -68
55 -68
55 -68
55 -68
55 -68
55 -68
55 -68
55 -68
55 -68
55 -68
55 -68
55 -68
55 -68
55 -68
55 -68
55 -67
55 -68
55 -69
55 -68
55 -68
55 -68
55 -68
55 -67
55 -67
55 -67
55 -67
55 -67
55 -67
55 -66
55 -66
55 -76
55 -66
55 -66
55 -66
55 -66
55 -66
55 -66
55 -66
55 -66
55 -66
55 -66
55 -65
55 -65
55 -64
55 -64
55 -65
55 -65
55 -65
55 -66
55 -66
55 -66
55 -66
55 -66
55 -66
55 -66
55 -66
55 -66
55 -66
55 -66
55 -66
55 -66
55 -66
55 -66
55 -65
55 -65
55 -65
55 -65
55 -65
55 -65
55 -66
55 -65
55 -65
55 -65
55 -64
55 -65
55 -66
55 -66
55 -66
55 -66
55 -65
55 -66
55 -66
55 -65
55 -66
55 -66
55 -65
55 -66
55 -66
55 -65
55 -66
55 -66
55 -66
55 -66
55 -66
55 -66
55 -66
55 -67
55 -66
55 -66
55 -66
55 -66
55 -66
55 -66
55 -66
55 -66
55 -66
55 -66
55 -66
55 -66
55 -66
55 -66
55 -70
55 -66
55 -66
55 -66
55 -66
55 -66
55 -66
55 -66
55 -66
55 -65
55 -65
55 -65
55 -64
55 -64
55 -64
55 -63
55 -64
55 -63
55 -64
55 -64
55 -64
55 -64
55 -64
55 -64
55 -64
55 -64
55 -64
55 -64
55 -64
55 -67
55 -65
55 -65
55 -65
55 -64
55 -65
55 -68
55 -65
55 -65
55 -65
55 -65
55 -65
55 -65
55 -64
55 -64
55 -65
55 -65
55 -66
55 -67
55 -66
55 -66
55 -66
55 -66
55 -66
55 -66
55 -66
55 -66
55 -66
55 -67
55 -66
55 -66
55 -66
55 -66
55 -66
55 -66
55 -66
55 -64
55 -66
55 -66
55 -66
55 -66
55 -66
55 -66
55 -66
55 -65
55 -65
55 -65
55 -64
55 -64
55 -65
55 -65
55 -64
55 -65
55 -65
55 -65
55 -65
55 -65
55 -65
55 -65
55 -65
55 -65
55 -61
55 -65
55 -65
55 -65
55 -65
55 -65
55 -65
55 -65
55 -65
55 -65
55 -66
55 -65
55 -65
55 -65
55 -65
55 -66
55 -65
55 -65
55 -65
55 -65
55 -66
55 -65
55 -65
55 -65
55 -66
55 -47
55 -66
55 -65
55 -65
55 -66
55 -66
55 -66
55 -66
55 -66
55 -66
55 -66
55 -66
55 -66
55 -66
55 -66
55 -66
55 -66
55 -66
55 -66
55 -66
55 -66
55 -66
55 -66
55 -66
55 -66
55 -66
55 -66
55 -66
55 -66
56 -81
56 -81
56 -80
56 -80
56 -81
56 -81
56 -81
56 -81
56 -76
56 -80
56 -80
56 -80
56 -80
56 -80
56 -79
56 -79
56 -79
56 -79
56 -78
56 -78
56 -79
56 -78
56 -78
56 -78
56 -78
56 -78
56 -76
56 -76
56 -76
56 -76
56 -76
56 -76
56 -76
56 -75
56 -75
56 -76
56 -76
56 -76
56 -76
56 -82
56 -76
56 -78
56 -78
56 -78
56 -80
56 -70
56 -80
56 -82
56 -84
56 -84
56 -85
56 -83
56 -79
56 -78
56 -76
56 -76
56 -78
56 -79
56 -79
56 -78
56 -77
56 -75
56 -75
56 -76
56 -76
56 -78
56 -78
56 -78
56 -78
56 -78
56 -78
56 -77
56 -77
56 -57
56 -78
56 -73
56 -77
56 -77
56 -78
56 -79
56 -78
56 -78
56 -79
56 -79
56 -79
56 -67
56 -80
56 -80
56 -80
56 -81
56 -81
56 -83
56 -84
56 -64
56 -85
56 -84
56 -83
56 -84
56 -80
56 -80
56 -80
56 -79
56 -79
56 -80
56 -79
56 -79
56 -78
56 -78
56 -78
56 -78
56 -78
56 -78
56 -79
56 -78
56 -78
56 -79
56 -79
56 -79
56 -79
56 -79
56 -79
56 -81
56 -79
56 -80
56 -80
56 -81
56 -81
56 -81
56 -80
56 -79
56 -74
56 -78
56 -79
56 -79
56 -79
56 -79
56 -79
56 -80
56 -80
56 -67
56 -80
56 -77
56 -78
56 -78
56 -78
56 -77
56 -76
56 -76
56 -76
56 -76
56 -76
56 -76
56 -76
56 -76
56 -75
56 -75
56 -76
56 -76
56 -78
56 -78
56 -78
56 -79
56 -80
56 -79
56 -79
56 -80
56 -80
56 -80
56 -78
56 -75
56 -79
56 -78
56 -76
56 -75
56 -75
56 -75
56 -76
56 -76
56 -76
56 -78
56 -77
56 -78
56 -76
56 -76
56 -58
56 -80
56 -81
56 -83
56 -79
56 -83
56 -82
56 -81
56 -79
56 -82
56 -82
56 -82
56 -83
56 -83
56 -81
56 -82
56 -80
56 -79
56 -79
56 -78
56 -78
56 -78
56 -79
56 -78
56 -79
56 -79
56 -80
56 -80
56 -80
56 -80
56 -80
56 -80
56 -80
56 -77
56 -81
56 -81
56 -80
56 -81
56 -81
56 -81
56 -82
56 -81
56 -81
56 -81
56 -81
56 -80
56 -81
56 -82
56 -81
56 -81
56 -81
56 -82
56 -81
56 -80
56 -82
56 -82
56 -82
56 -82
56 -82
56 -82
56 -83
56 -83
56 -83
56 -83
56 -82
56 -79
56 -82
56 -82
56 -82
56 -82
57 -69
57 -69
57 -69
57 -69
57 -69
57 -69
57 -70
57 -69
57 -69
57 -69
57 -69
57 -69
57 -69
57 -69
57 -69
57 -69
57 -69
57 -70
57 -70
57 -70
57 -70
57 -70
57 -70
57 -70
57 -70
57 -70
57 -61
57 -70
57 -70
57 -72
57 -74
57 -75
57 -75
57 -68
57 -71
57 -70
57 -70
57 -70
57 -71
57 -71
57 -70
57 -70
57 -70
57 -70
57 -70
57 -70
57 -69
57 -63
57 -69
57 -70
57 -75
57 -80
57 -72
57 -69
57 -71
57 -72
57 -70
57 -70
57 -69
57 -69
57 -70
57 -70
57 -70
57 -70
57 -70
57 -70
57 -70
57 -70
57 -70
57 -70
57 -71
57 -71
57 -71
57 -71
57 -71
57 -71
57 -71
57 -71
57 -72
57 -72
57 -72
57 -72
57 -72
57 -72
57 -71
57 -72
57 -73
57 -73
57 -73
57 -73
57 -74
57 -72
57 -73
57 -72
57 -71
57 -72
57 -72
57 -72
57 -72
57 -71
57 -71
57 -71
57 -71
57 -72
57 -71
57 -70
57 -72
57 -73
57 -74
57 -74
57 -75
57 -75
57 -74
57 -71
57 -72
57 -72
57 -72
57 -72
57 -70
57 -72
57 -72
57 -72
57 -72
57 -72
57 -72
57 -73
57 -74
57 -75
57 -76
57 -76
57 -76
57 -75
57 -75
57 -75
57 -75
57 -75
57 -75
57 -75
57 -75
57 -75
57 -75
57 -75
57 -75
57 -74
57 -74
57 -74
57 -74
57 -74
57 -74
57 -74
57 -74
57 -75
57 -74
57 -74
57 -74
57 -74
57 -74
57 -74
57 -74
57 -73
57 -73
57 -73
57 -73
57 -73
57 -73
57 -74
57 -71
57 -73
57 -72
57 -74
57 -73
57 -74
57 -73
57 -74
57 -74
57 -73
57 -74
57 -73
57 -74
57 -74
57 -75
57 -75
57 -75
57 -75
57 -75
57 -74
57 -74
57 -73
57 -72
57 -72
57 -72
57 -72
57 -71
57 -73
57 -69
57 -75
57 -75
57 -75
57 -75
57 -75
57 -74
57 -73
57 -74
57 -73
57 -73
57 -75
57 -76
57 -76
57 -73
57 -76
57 -76
57 -76
57 -76
57 -76
57 -73
57 -76
57 -75
57 -75
57 -75
57 -75
57 -75
57 -75
57 -75
57 -75
57 -76
57 -75
57 -65
57 -73
57 -73
57 -73
57 -73
57 -74
57 -73
57 -73
57 -73
57 -73
57 -73
57 -73
57 -73
57 -73
57 -73
57 -73
57 -73
57 -73
57 -72
57 -73
57 -73
57 -73
57 -73
57 -73
57 -74
57 -74
57 -74
57 -73
57 -72
57 -72
57 -72
57 -72
57 -72
57 -72
57 -72
57 -72
57 -72
57 -72
57 -72
57 -72
57 -72
57 -72
57 -72
57 -73
57 -72
57 -48
57 -72
57 -72
57 -73
57 -73
57 -72
57 -72
57 -72
57 -72
57 -72
57 -72
57 -71
57 -71
57 -72
57 -72
57 -72
57 -72
57 -72
57 -72
57 -72
57 -72
57 -72
57 -72
57 -72
57 -72
57 -72
57 -73
57 -73
57 -73
57 -72
57 -72
57 -73
57 -71
57 -73
57 -73
57 -66
57 -73
57 -74
57 -74
57 -72
57 -74
57 -72
57 -74
57 -74
57 -74
57 -74
58 -75
58 -75
58 -75
58 -75
58 -75
58 -75
58 -75
58 -75
58 -75
58 -75
58 -74
58 -75
58 -74
58 -74
58 -74
58 -75
58 -74
58 -73
58 -74
58 -74
58 -74
58 -74
58 -74
58 -74
58 -75
58 -75
58 -74
58 -74
58 -75
58 -76
58 -79
58 -79
58 -78
58 -78
58 -76
58 -76
58 -74
58 -76
58 -83
58 -81
58 -79
58 -72
58 -76
58 -78
58 -85
58 -80
58 -80
58 -76
58 -76
58 -76
58 -81
58 -76
58 -74
58 -73
58 -72
58 -71
58 -75
58 -76
58 -75
58 -79
58 -76
58 -77
58 -75
58 -74
58 -75
58 -76
58 -76
58 -75
58 -76
58 -76
58 -76
58 -76
58 -76
58 -75
58 -75
58 -75
58 -75
58 -75
58 -76
58 -75
58 -75
58 -74
58 -75
58 -75
58 -73
58 -74
58 -73
58 -73
58 -73
58 -71
58 -73
58 -74
58 -68
58 -74
58 -74
58 -74
58 -73
58 -74
58 -75
58 -75
58 -77
58 -81
58 -76
58 -76
58 -75
58 -78
58 -80
58 -81
58 -82
58 -79
58 -83
58 -83
58 -82
58 -81
58 -81
58 -82
58 -79
58 -78
58 -78
58 -78
58 -79
58 -80
58 -82
58 -81
58 -79
58 -79
58 -79
58 -79
58 -77
58 -78
58 -79
58 -79
58 -78
58 -77
58 -76
58 -76
58 -75
58 -75
58 -75
58 -76
58 -74
58 -75
58 -75
58 -75
58 -76
58 -76
58 -75
58 -76
58 -76
58 -75
58 -74
58 -74
58 -73
58 -73
58 -73
58 -73
58 -74
58 -73
58 -74
58 -74
58 -74
58 -74
58 -74
58 -74
58 -74
58 -73
58 -73
58 -73
58 -73
58 -73
58 -73
58 -73
58 -74
58 -74
58 -74
58 -74
58 -73
58 -74
58 -73
58 -73
58 -74
58 -75
58 -82
58 -81
58 -81
58 -81
58 -80
58 -79
58 -79
58 -74
58 -73
58 -77
58 -81
58 -79
58 -81
58 -82
58 -83
58 -81
58 -80
58 -79
58 -80
58 -80
58 -80
58 -80
58 -80
58 -81
58 -80
58 -78
58 -78
58 -78
58 -76
58 -75
58 -74
58 -74
58 -74
58 -73
58 -73
58 -73
58 -75
58 -78
58 -84
58 -83
58 -79
58 -78
58 -77
58 -76
58 -77
58 -70
58 -81
58 -80
58 -80
58 -79
58 -81
58 -82
58 -82
58 -81
58 -82
58 -82
58 -81
58 -81
58 -85
58 -78
58 -77
58 -77
58 -76
58 -76
58 -76
58 -77
58 -76
58 -77
58 -77
58 -77
58 -78
58 -77
58 -64
58 -78
58 -78
58 -78
58 -78
58 -79
58 -78
58 -79
58 -80
58 -79
58 -78
58 -78
58 -76
58 -76
58 -75
58 -75
58 -74
58 -74
58 -74
58 -75
58 -75
58 -75
58 -76
58 -75
58 -76
58 -76
58 -76
58 -77
58 -79
58 -80
58 -83
58 -86
58 -84
59 -84
59 -84
59 -83
59 -83
59 -84
59 -84
59 -84
59 -84
59 -84
59 -84
59 -82
59 -82
59 -81
59 -80
59 -79
59 -79
59 -79
59 -81
59 -79
59 -74
59 -75
59 -69
59 -76
59 -80
59 -81
59 -78
59 -80
59 -81
59 -80
59 -74
59 -79
59 -79
59 -78
59 -76
59 -76
59 -76
59 -78
59 -79
59 -82
59 -71
59 -71
59 -81
59 -68
59 -83
59 -76
59 -80
59 -77
59 -81
59 -82
59 -84
59 -84
59 -83
59 -83
59 -83
59 -84
59 -84
59 -84
59 -86
59 -87
59 -84
59 -83
59 -83
59 -87
59 -85
59 -84
59 -83
59 -87
59 -83
59 -77
59 -84
59 -84
59 -84
59 -84
59 -86
59 -86
