Beacon Rssi
1 -84
1 -61
1 -85
3 -85
3 -84
5 -82
5 -89
5 -83
5 -80
5 -84
5 -84
5 -79
5 -83
5 -83
5 -80
5 -82
5 -81
5 -81
5 -81
5 -82
5 -80
5 -82
5 -64
5 -82
5 -82
5 -81
5 -81
5 -81
5 -80
5 -71
5 -79
5 -80
5 -80
5 -80
5 -81
5 -51
5 -80
5 -80
5 -79
5 -80
5 -80
5 -79
5 -79
5 -79
5 -79
5 -77
5 -80
5 -79
5 -79
5 -80
5 -80
5 -80
5 -79
5 -80
5 -79
5 -79
5 -78
5 -79
5 -79
5 -79
5 -80
5 -80
5 -79
5 -68
5 -79
5 -79
5 -79
5 -80
5 -79
5 -78
5 -79
5 -78
5 -78
5 -80
6 -79
6 -80
6 -81
6 -82
6 -81
6 -79
6 -80
6 -78
6 -81
6 -80
6 -80
6 -82
6 -82
6 -81
6 -80
6 -80
6 -79
6 -79
6 -80
6 -79
6 -80
6 -80
6 -80
6 -80
6 -82
6 -85
6 -84
6 -84
6 -83
6 -84
6 -84
6 -79
6 -80
6 -80
8 -84
8 -81
8 -84
8 -86
8 -85
8 -84
8 -83
8 -84
8 -84
8 -82
9 -81
9 -83
9 -83
9 -81
9 -78
9 -80
9 -74
9 -79
9 -79
9 -79
9 -79
9 -78
9 -79
9 -78
9 -79
9 -78
9 -79
9 -79
9 -79
9 -78
9 -78
9 -78
9 -79
9 -78
9 -78
9 -79
9 -80
9 -81
9 -82
9 -80
9 -79
9 -78
9 -78
9 -79
9 -79
9 -79
9 -80
9 -81
9 -80
9 -80
9 -80
9 -80
9 -80
9 -82
9 -81
9 -80
9 -80
9 -80
9 -80
9 -81
9 -81
9 -81
9 -80
9 -82
9 -81
9 -80
9 -82
9 -80
10 -82
10 -83
10 -83
10 -84
10 -83
10 -82
10 -82
10 -81
10 -81
10 -81
10 -81
10 -82
10 -82
10 -84
10 -84
10 -83
10 -84
10 -84
10 -83
14 -86
14 -86
15 -88
16 -78
16 -79
16 -80
16 -78
16 -77
16 -78
16 -78
16 -78
16 -79
16 -81
16 -80
16 -83
16 -83
16 -82
16 -80
16 -81
16 -81
16 -81
16 -80
16 -82
16 -80
16 -81
16 -81
16 -80
16 -79
16 -70
16 -80
16 -80
16 -80
16 -79
16 -79
16 -80
16 -80
16 -80
16 -79
16 -79
16 -79
16 -80
16 -79
16 -79
16 -79
16 -79
16 -80
16 -79
16 -79
16 -79
16 -79
16 -79
16 -78
16 -78
16 -78
16 -78
16 -79
16 -79
16 -79
16 -78
16 -79
16 -79
16 -79
16 -78
16 -78
16 -79
16 -78
16 -78
16 -77
16 -79
16 -79
17 -84
17 -85
17 -84
17 -52
17 -84
17 -84
17 -84
17 -83
17 -81
17 -81
17 -83
17 -83
17 -84
17 -83
17 -82
17 -83
17 -82
17 -82
17 -82
17 -82
17 -82
17 -74
17 -82
17 -81
17 -81
17 -81
17 -72
17 -80
17 -82
17 -81
17 -81
18 -83
18 -84
18 -82
18 -74
18 -80
18 -79
18 -78
18 -84
18 -80
18 -77
18 -81
18 -81
18 -81
18 -81
18 -83
18 -83
18 -85
18 -83
18 -83
18 -84
18 -84
18 -83
19 -84
19 -78
19 -77
19 -78
19 -78
19 -78
19 -78
19 -78
19 -82
19 -79
19 -79
19 -78
19 -77
19 -77
19 -78
19 -78
19 -77
19 -76
19 -76
19 -79
19 -80
19 -80
19 -81
19 -82
19 -80
19 -78
19 -79
19 -81
19 -82
19 -81
19 -81
19 -80
19 -80
19 -81
19 -82
19 -82
19 -82
19 -83
19 -84
19 -83
19 -83
19 -83
19 -84
19 -84
19 -82
20 -71
20 -71
20 -71
20 -71
20 -69
20 -70
20 -72
20 -75
20 -73
20 -74
20 -76
20 -79
20 -78
20 -48
20 -76
20 -78
20 -78
20 -79
20 -83
20 -79
20 -77
20 -86
20 -78
20 -77
20 -75
20 -80
20 -79
20 -79
20 -82
20 -85
20 -83
20 -80
20 -78
20 -80
20 -76
20 -78
20 -72
20 -72
20 -72
20 -72
20 -72
20 -75
21 -76
21 -76
21 -77
21 -78
21 -79
21 -78
21 -78
21 -78
21 -78
21 -74
21 -75
21 -80
21 -80
21 -77
21 -78
21 -77
21 -76
21 -76
21 -76
21 -76
21 -76
21 -76
21 -76
21 -64
21 -75
21 -75
21 -75
21 -75
21 -75
21 -75
21 -75
21 -76
21 -78
21 -79
21 -48
21 -76
21 -76
21 -76
21 -76
21 -76
21 -76
21 -76
21 -76
21 -76
21 -76
21 -76
21 -76
21 -76
21 -75
21 -75
21 -75
21 -75
21 -75
21 -75
21 -75
21 -74
21 -75
21 -75
21 -75
21 -75
21 -75
21 -75
21 -75
21 -76
21 -75
21 -75
21 -75
21 -75
21 -75
21 -75
21 -75
21 -74
21 -75
21 -75
21 -75
21 -75
21 -76
21 -75
21 -75
21 -76
21 -76
21 -76
21 -75
21 -75
21 -73
21 -74
23 -76
23 -76
23 -74
23 -76
23 -78
23 -79
23 -80
23 -78
23 -79
23 -76
23 -81
23 -80
23 -78
23 -79
23 -78
23 -79
23 -79
23 -77
23 -78
23 -78
23 -78
23 -77
23 -76
23 -77
23 -76
23 -76
23 -76
23 -76
23 -76
23 -76
23 -76
23 -76
23 -76
23 -75
23 -76
23 -76
23 -76
23 -76
23 -76
23 -48
23 -76
23 -76
23 -76
23 -76
23 -76
23 -76
23 -76
23 -76
23 -76
23 -76
23 -76
23 -76
23 -76
23 -75
23 -75
23 -76
23 -75
23 -75
23 -76
23 -75
23 -76
23 -76
23 -75
23 -75
23 -75
23 -75
23 -75
23 -75
23 -76
23 -75
23 -75
23 -75
23 -75
23 -75
23 -75
23 -75
23 -76
23 -76
23 -75
23 -76
23 -75
23 -76
23 -76
23 -76
23 -76
23 -75
26 -76
26 -76
26 -77
26 -78
26 -76
26 -76
26 -76
26 -76
26 -76
26 -81
26 -78
26 -75
26 -76
26 -76
26 -76
26 -76
26 -76
26 -76
26 -76
26 -76
26 -76
26 -77
26 -77
26 -76
26 -76
26 -76
26 -76
26 -76
26 -76
26 -76
26 -76
26 -65
26 -76
26 -76
26 -76
26 -76
26 -75
26 -75
26 -76
26 -76
26 -76
26 -76
26 -76
26 -76
26 -76
26 -76
26 -76
26 -76
26 -76
26 -76
26 -76
26 -76
26 -76
26 -76
26 -76
26 -76
26 -76
26 -76
26 -76
26 -76
26 -77
26 -76
26 -76
26 -76
26 -76
26 -76
26 -76
26 -76
26 -76
26 -76
26 -76
26 -76
26 -76
26 -76
26 -76
26 -76
26 -76
26 -76
26 -76
26 -76
26 -76
26 -77
26 -75
26 -76
26 -76
26 -76
27 -81
27 -79
27 -83
27 -83
27 -83
27 -83
27 -80
27 -76
27 -84
27 -81
27 -82
27 -81
27 -81
27 -78
27 -78
27 -77
27 -76
27 -76
27 -75
27 -76
27 -76
27 -77
27 -76
27 -78
27 -79
27 -82
27 -80
27 -80
27 -78
27 -78
27 -78
27 -78
27 -78
27 -78
27 -78
27 -78
27 -78
27 -78
27 -79
27 -78
27 -80
27 -80
27 -79
27 -79
27 -79
27 -78
27 -78
27 -78
27 -78
27 -78
27 -78
27 -77
27 -77
27 -78
27 -78
27 -79
27 -79
27 -78
27 -79
27 -77
27 -78
27 -79
27 -78
27 -78
27 -78
27 -78
27 -71
27 -77
27 -78
27 -78
27 -78
27 -78
27 -76
27 -78
27 -78
27 -78
27 -78
28 -86
28 -84
28 -83
28 -83
28 -84
28 -84
29 -76
29 -77
29 -78
29 -80
29 -79
29 -80
29 -77
29 -80
29 -85
29 -84
29 -83
29 -83
29 -83
29 -83
29 -83
29 -82
29 -82
29 -83
29 -82
29 -83
29 -83
29 -80
29 -78
29 -75
29 -78
29 -78
29 -76
29 -77
30 -80
30 -79
30 -82
30 -83
30 -81
30 -82
30 -82
30 -83
30 -76
30 -76
30 -75
30 -74
30 -76
30 -78
30 -77
30 -78
30 -77
30 -76
30 -76
30 -76
30 -76
30 -76
30 -76
30 -76
30 -78
30 -84
30 -82
30 -81
30 -83
30 -81
30 -81
30 -82
30 -82
30 -84
30 -84
30 -83
30 -83
30 -82
30 -83
30 -82
30 -82
30 -82
30 -83
31 -70
31 -70
31 -70
31 -70
31 -69
31 -68
31 -69
31 -70
31 -70
31 -70
31 -69
31 -68
31 -72
31 -76
31 -76
31 -72
31 -72
31 -73
31 -73
31 -75
31 -72
31 -70
31 -70
31 -72
31 -73
31 -74
31 -72
31 -72
31 -71
31 -70
31 -72
31 -74
31 -74
31 -73
31 -74
31 -73
31 -73
31 -73
31 -72
31 -72
31 -72
31 -72
31 -72
31 -72
31 -72
31 -71
31 -71
31 -71
31 -71
31 -70
31 -70
31 -70
31 -70
31 -70
31 -70
31 -70
31 -70
31 -70
31 -70
31 -70
31 -70
31 -70
31 -70
31 -71
31 -70
31 -70
31 -79
31 -70
31 -70
31 -70
31 -70
31 -70
31 -70
31 -70
31 -70
31 -70
31 -70
31 -70
31 -70
31 -70
31 -70
31 -70
31 -71
31 -71
31 -70
31 -69
31 -68
31 -69
31 -70
31 -72
32 -83
32 -83
32 -82
32 -82
32 -84
32 -84
32 -81
32 -81
32 -82
32 -81
32 -81
32 -82
32 -82
32 -46
32 -81
32 -81
32 -81
32 -83
32 -82
32 -79
32 -79
32 -79
32 -81
32 -82
32 -82
32 -82
32 -81
32 -82
32 -82
32 -82
32 -82
32 -83
32 -83
32 -82
32 -81
32 -82
32 -82
32 -83
32 -82
32 -81
32 -82
32 -82
32 -81
32 -80
32 -81
33 -84
33 -83
33 -84
33 -82
33 -83
33 -84
33 -83
33 -83
33 -83
33 -82
33 -83
33 -84
33 -83
33 -83
33 -83
33 -83
33 -81
33 -83
33 -83
33 -83
33 -83
34 -87
34 -85
35 -66
39 -86
39 -85
40 -83
40 -84
40 -82
40 -83
40 -83
40 -83
40 -79
40 -83
40 -82
40 -82
40 -83
40 -82
40 -82
40 -82
40 -82
40 -83
40 -83
40 -83
40 -83
40 -82
40 -82
40 -82
40 -82
40 -83
40 -83
40 -83
40 -83
40 -83
40 -83
40 -83
42 -77
42 -77
42 -76
42 -76
42 -77
42 -76
42 -76
42 -76
42 -76
42 -74
42 -77
42 -77
42 -79
42 -79
42 -79
42 -78
42 -78
42 -80
42 -79
42 -80
42 -80
42 -81
42 -81
42 -82
42 -82
42 -82
42 -82
42 -82
42 -81
42 -78
42 -79
42 -79
42 -79
42 -80
42 -81
42 -48
42 -81
42 -81
42 -81
42 -81
42 -82
42 -81
42 -81
42 -81
42 -82
42 -82
42 -81
42 -81
42 -81
42 -81
42 -80
42 -81
42 -81
42 -81
42 -81
42 -81
42 -82
42 -80
42 -81
42 -78
42 -78
42 -78
42 -78
42 -78
42 -77
43 -81
43 -80
43 -78
43 -79
43 -79
43 -79
43 -80
43 -82
43 -80
43 -79
43 -80
43 -81
43 -84
43 -81
43 -48
43 -82
43 -83
43 -82
43 -82
43 -84
43 -84
43 -84
43 -82
43 -82
43 -82
43 -80
43 -80
43 -80
43 -81
43 -81
43 -82
43 -82
43 -82
43 -81
43 -82
43 -81
43 -81
43 -81
43 -81
43 -80
43 -79
43 -78
43 -80
43 -80
43 -79
43 -80
43 -80
43 -80
43 -80
43 -79
43 -80
43 -80
43 -79
43 -79
43 -79
43 -80
43 -79
43 -79
43 -80
43 -77
43 -78
43 -80
43 -79
44 -80
44 -75
44 -78
44 -77
44 -77
44 -71
44 -78
44 -80
44 -79
44 -82
44 -82
44 -81
44 -80
44 -82
44 -80
44 -80
44 -80
44 -80
44 -79
44 -80
44 -80
44 -80
44 -81
44 -82
44 -82
44 -83
44 -83
44 -83
44 -82
44 -82
44 -82
44 -83
44 -83
44 -83
44 -83
44 -83
44 -83
44 -83
44 -83
44 -82
44 -81
44 -81
44 -81
44 -82
44 -83
44 -82
44 -83
44 -83
44 -81
44 -82
44 -81
44 -83
44 -80
44 -81
44 -81
46 -84
46 -85
46 -86
46 -84
46 -84
46 -83
46 -83
46 -84
46 -84
46 -83
46 -83
46 -83
46 -84
48 -84
48 -84
48 -83
48 -83
48 -83
48 -84
48 -84
48 -83
48 -84
48 -83
48 -85
48 -61
49 -84
49 -85
49 -84
49 -84
49 -84
49 -84
49 -70
49 -83
49 -83
49 -73
49 -83
49 -82
49 -83
49 -83
49 -83
49 -82
49 -81
49 -82
49 -82
49 -81
49 -81
49 -82
49 -82
49 -82
50 -84
50 -82
50 -84
50 -83
50 -81
50 -82
50 -85
50 -84
50 -82
50 -82
50 -82
50 -84
50 -84
50 -85
51 -84
51 -83
51 -84
51 -84
51 -82
51 -82
51 -82
51 -80
51 -81
51 -81
51 -82
51 -81
51 -80
51 -80
51 -80
51 -80
51 -82
51 -83
51 -83
51 -83
51 -83
51 -84
51 -84
51 -86
51 -84
51 -84
52 -70
52 -72
52 -72
52 -71
52 -70
52 -70
52 -70
52 -70
52 -72
52 -74
52 -70
52 -70
52 -70
52 -70
52 -70
52 -70
52 -71
52 -71
52 -70
52 -70
52 -70
52 -70
52 -71
52 -71
52 -72
52 -72
52 -71
52 -70
52 -70
52 -70
52 -70
52 -70
52 -71
52 -70
52 -71
52 -71
52 -70
52 -70
52 -70
52 -49
52 -70
52 -70
52 -70
52 -70
52 -70
52 -70
52 -70
52 -70
52 -70
52 -70
52 -70
52 -70
52 -70
52 -70
52 -71
52 -71
52 -70
52 -71
52 -70
52 -70
52 -70
52 -70
52 -71
52 -70
52 -70
52 -71
52 -71
52 -70
52 -71
52 -71
52 -71
52 -70
52 -70
52 -70
52 -70
52 -70
52 -70
52 -72
52 -71
52 -69
52 -70
52 -71
53 -70
53 -70
53 -70
53 -70
53 -70
53 -70
53 -69
53 -70
53 -72
53 -70
53 -70
53 -69
53 -70
53 -70
53 -70
53 -70
53 -70
53 -70
53 -71
53 -71
53 -70
53 -70
53 -71
53 -70
53 -70
53 -65
53 -71
53 -71
53 -71
53 -71
53 -71
53 -70
53 -71
53 -72
53 -72
53 -72
53 -72
53 -72
53 -72
53 -71
53 -71
53 -71
53 -71
53 -70
53 -71
53 -71
53 -71
53 -71
53 -71
53 -70
53 -71
53 -68
53 -70
53 -70
53 -70
53 -70
53 -70
53 -70
53 -70
53 -70
53 -70
53 -70
53 -70
53 -70
53 -70
53 -70
53 -70
53 -70
53 -70
53 -70
53 -70
53 -70
53 -70
53 -70
53 -70
53 -70
53 -70
53 -70
53 -70
53 -70
53 -70
53 -70
53 -70
53 -70
53 -70
53 -72
53 -70
53 -70
53 -70
53 -69
54 -79
54 -79
54 -78
54 -78
54 -75
54 -78
54 -72
54 -71
54 -77
54 -79
54 -80
54 -81
54 -82
54 -83
54 -82
54 -79
54 -78
54 -79
54 -80
54 -80
54 -79
54 -77
54 -76
54 -75
54 -75
54 -78
54 -77
54 -78
54 -78
54 -77
54 -76
54 -76
54 -76
54 -76
54 -75
54 -75
54 -75
54 -74
54 -74
54 -73
54 -74
54 -74
54 -74
54 -75
54 -74
54 -74
54 -74
54 -75
54 -75
54 -75
54 -75
54 -83
54 -74
54 -74
54 -74
54 -75
54 -75
54 -75
54 -75
54 -75
54 -76
54 -75
54 -75
54 -75
54 -75
54 -76
54 -75
54 -75
54 -75
54 -74
54 -74
54 -75
54 -76
54 -79
54 -78
54 -78
54 -81
55 -70
55 -69
55 -70
55 -72
55 -69
55 -69
55 -70
55 -70
55 -68
55 -69
55 -77
55 -76
55 -67
55 -66
55 -68
55 -68
55 -66
55 -68
55 -67
55 -69
55 -69
55 -68
55 -69
55 -69
55 -69
55 -69
55 -69
55 -68
55 -68
55 -68
55 -68
55 -69
55 -69
55 -70
55 -69
55 -69
55 -75
55 -74
55 -72
55 -70
55 -70
55 -69
55 -70
55 -70
55 -70
55 -70
55 -70
55 -71
55 -72
55 -73
55 -74
55 -72
55 -74
55 -73
55 -73
55 -74
55 -76
55 -75
55 -74
55 -73
55 -73
55 -74
55 -75
55 -76
55 -75
55 -74
55 -76
55 -76
55 -74
55 -75
55 -75
55 -74
55 -73
55 -74
55 -75
55 -75
55 -76
55 -78
55 -79
55 -78
55 -76
55 -75
55 -76
55 -74
55 -74
55 -75
56 -75
56 -75
56 -75
56 -76
56 -75
56 -75
56 -75
56 -75
56 -75
56 -76
56 -76
56 -76
56 -76
56 -75
56 -76
56 -76
56 -76
56 -76
56 -76
56 -76
56 -75
56 -76
56 -76
56 -76
56 -76
56 -76
56 -76
56 -76
56 -76
56 -76
56 -76
56 -76
56 -76
56 -75
56 -75
56 -73
56 -48
56 -74
56 -74
56 -74
56 -74
56 -74
56 -75
56 -70
56 -75
56 -75
56 -75
56 -75
56 -75
56 -75
56 -75
56 -75
56 -75
56 -76
56 -75
56 -75
56 -75
56 -75
56 -74
56 -74
56 -75
56 -75
56 -75
56 -74
56 -75
56 -75
56 -75
56 -75
56 -74
56 -74
56 -75
56 -75
56 -74
56 -75
56 -75
56 -75
56 -75
56 -75
56 -75
56 -75
56 -74
56 -75
56 -75
56 -75
56 -76
56 -76
56 -76
56 -76
56 -76
56 -75
57 -77
57 -76
57 -78
57 -78
57 -78
57 -78
57 -78
57 -79
57 -78
57 -81
57 -81
57 -84
57 -81
57 -84
57 -79
57 -76
57 -76
57 -76
57 -76
57 -77
57 -77
57 -78
57 -78
57 -79
57 -81
57 -80
57 -80
57 -81
57 -80
57 -80
57 -78
57 -78
57 -79
57 -79
57 -78
57 -79
57 -80
57 -80
57 -80
57 -80
57 -79
57 -80
57 -79
57 -79
57 -78
57 -79
57 -79
57 -79
57 -79
57 -78
57 -79
57 -79
57 -79
57 -79
57 -79
57 -79
57 -82
57 -81
57 -81
57 -80
58 -82
58 -83
58 -83
58 -84
58 -85
58 -84
58 -84
58 -83
58 -85
58 -87
59 -81
59 -82
59 -83
59 -83
59 -83
59 -85
59 -84
59 -82
59 -83
59 -83
59 -83
59 -83
59 -83
59 -82
59 -83
60 -87
60 -86
