Beacon Rssi
1 -74
1 -74
1 -74
1 -75
1 -74
1 -74
1 -74
1 -74
1 -74
1 -74
1 -74
1 -73
1 -74
1 -74
1 -74
1 -74
1 -74
1 -74
1 -74
1 -74
1 -74
1 -74
1 -75
1 -76
1 -76
1 -75
1 -75
1 -55
1 -76
1 -76
1 -76
1 -76
1 -76
1 -76
1 -76
1 -77
1 -76
1 -73
1 -76
1 -76
1 -76
1 -75
1 -76
1 -76
1 -76
1 -78
1 -79
1 -79
1 -79
1 -79
1 -79
1 -79
1 -78
1 -77
1 -76
1 -77
1 -77
1 -47
1 -76
1 -76
1 -76
1 -76
1 -76
1 -76
1 -76
1 -76
1 -47
1 -76
1 -76
1 -76
1 -76
1 -76
1 -76
1 -76
1 -76
1 -76
1 -76
1 -76
1 -76
1 -76
1 -76
1 -76
1 -76
1 -76
1 -56
1 -76
1 -76
1 -76
1 -76
1 -76
1 -76
1 -76
1 -76
1 -76
1 -76
1 -76
1 -76
1 -76
1 -76
1 -76
1 -76
1 -76
1 -75
1 -76
1 -76
1 -76
1 -76
1 -76
1 -76
1 -76
1 -76
1 -76
1 -76
1 -76
1 -76
1 -76
1 -76
1 -76
1 -76
1 -76
1 -76
1 -76
1 -76
1 -76
1 -76
1 -76
1 -76
1 -75
1 -76
1 -76
1 -76
1 -76
1 -76
1 -76
1 -76
1 -76
1 -76
1 -76
1 -76
1 -76
1 -76
1 -76
1 -76
1 -76
1 -76
1 -76
1 -76
1 -76
1 -77
1 -77
1 -77
1 -77
1 -77
1 -76
1 -76
1 -76
1 -76
1 -76
1 -76
1 -76
1 -76
1 -76
1 -76
1 -76
1 -77
1 -76
1 -76
1 -76
1 -76
1 -76
1 -76
1 -77
1 -77
1 -77
1 -77
1 -76
1 -77
1 -76
1 -76
1 -76
1 -76
1 -76
1 -76
1 -76
1 -76
1 -76
1 -76
1 -76
1 -76
1 -77
1 -74
1 -77
1 -77
1 -77
1 -76
1 -76
1 -77
1 -76
1 -76
1 -60
1 -76
1 -76
1 -76
1 -76
1 -76
1 -76
1 -76
1 -76
1 -76
1 -76
1 -76
1 -76
1 -58
1 -62
1 -76
1 -76
1 -77
1 -76
1 -77
1 -76
1 -76
1 -76
1 -76
1 -76
1 -76
1 -76
1 -76
1 -76
1 -77
1 -76
1 -76
1 -76
1 -76
1 -76
1 -76
1 -76
1 -76
1 -74
1 -76
1 -76
1 -76
1 -76
1 -76
1 -76
1 -76
1 -76
1 -76
1 -76
1 -76
1 -58
1 -76
1 -76
1 -76
1 -76
1 -76
1 -76
1 -76
1 -76
1 -76
1 -76
1 -76
1 -76
1 -76
1 -76
1 -76
1 -76
1 -77
1 -76
1 -77
1 -77
1 -77
1 -76
1 -76
1 -76
1 -76
1 -76
1 -76
1 -47
1 -76
1 -77
1 -76
1 -76
1 -76
1 -76
1 -76
1 -76
1 -77
1 -76
1 -76
1 -76
1 -76
1 -76
1 -76
1 -76
1 -76
1 -76
1 -76
1 -76
1 -76
1 -76
1 -76
1 -76
1 -76
1 -76
1 -76
1 -76
1 -75
1 -76
1 -76
1 -76
1 -77
1 -77
1 -76
1 -77
1 -78
1 -76
1 -76
1 -78
1 -79
1 -79
1 -79
1 -81
1 -78
1 -78
1 -78
1 -77
1 -76
1 -77
1 -76
1 -76
1 -76
1 -76
1 -76
1 -76
2 -83
2 -48
2 -84
2 -83
2 -81
2 -83
2 -83
2 -83
2 -84
2 -84
2 -85
2 -84
2 -83
2 -83
2 -81
2 -81
2 -77
2 -81
2 -81
2 -81
2 -81
2 -81
2 -81
2 -83
2 -82
2 -75
2 -85
2 -84
2 -84
2 -83
2 -83
2 -83
2 -82
2 -83
2 -82
2 -82
2 -82
2 -82
2 -76
2 -55
2 -82
2 -83
2 -82
2 -79
2 -84
2 -85
2 -83
2 -83
2 -83
2 -84
2 -84
2 -84
2 -82
2 -84
2 -84
2 -84
2 -52
2 -84
2 -48
2 -83
2 -83
2 -83
2 -83
2 -83
2 -82
2 -48
2 -84
2 -83
2 -84
2 -84
2 -84
2 -83
2 -84
2 -84
2 -84
2 -82
2 -82
2 -83
2 -83
2 -76
2 -83
2 -83
2 -83
2 -83
2 -83
2 -84
2 -85
2 -79
2 -84
2 -85
2 -84
2 -84
2 -84
2 -84
2 -84
2 -83
2 -84
2 -84
2 -81
2 -82
2 -79
2 -77
2 -81
2 -70
2 -82
3 -76
3 -81
3 -81
3 -80
3 -80
3 -81
3 -77
3 -78
3 -79
3 -78
3 -78
3 -79
3 -78
3 -81
3 -81
3 -80
3 -80
3 -76
3 -76
3 -76
3 -75
3 -75
3 -74
3 -75
3 -74
3 -74
3 -74
3 -74
3 -75
3 -76
3 -77
3 -78
3 -77
3 -76
3 -76
3 -76
3 -76
3 -76
3 -75
3 -76
3 -76
3 -76
3 -76
3 -76
3 -77
3 -77
3 -76
3 -77
3 -78
3 -78
3 -47
3 -77
3 -78
3 -53
3 -78
3 -77
3 -78
3 -78
3 -78
3 -48
3 -78
3 -79
3 -79
3 -80
3 -80
3 -81
3 -80
3 -80
3 -80
3 -68
3 -78
3 -78
3 -78
3 -78
3 -78
3 -79
3 -79
3 -82
3 -82
3 -74
3 -78
3 -82
3 -82
3 -81
3 -81
3 -82
3 -81
3 -81
3 -81
3 -81
3 -81
3 -82
3 -82
3 -82
3 -83
3 -84
3 -84
3 -85
3 -85
3 -82
3 -83
3 -83
3 -83
3 -83
3 -83
3 -84
3 -84
3 -85
3 -87
3 -81
3 -80
3 -80
3 -80
3 -80
3 -78
3 -79
3 -76
3 -80
3 -81
3 -81
3 -81
3 -83
3 -84
3 -84
3 -84
3 -84
3 -84
3 -76
3 -83
3 -76
3 -83
3 -82
3 -83
3 -83
3 -84
3 -84
3 -85
3 -83
3 -82
3 -83
3 -83
3 -83
3 -76
3 -84
3 -81
3 -77
3 -80
3 -80
3 -80
3 -79
3 -60
3 -78
3 -78
3 -80
3 -79
3 -79
3 -80
3 -79
3 -79
3 -80
3 -79
3 -44
3 -84
3 -83
3 -84
3 -85
3 -84
3 -84
3 -84
3 -76
3 -81
3 -77
3 -76
3 -74
3 -72
3 -72
3 -73
3 -73
3 -73
3 -73
3 -72
3 -72
3 -72
3 -73
3 -72
3 -73
3 -75
3 -75
3 -75
3 -76
3 -76
3 -76
3 -75
3 -76
3 -76
4 -77
4 -76
4 -76
4 -76
4 -76
4 -76
4 -76
4 -75
4 -76
4 -76
4 -76
4 -76
4 -76
4 -76
4 -76
4 -77
4 -77
4 -77
4 -77
4 -76
4 -77
4 -78
4 -76
4 -76
4 -75
4 -77
4 -78
4 -76
4 -76
4 -77
4 -77
4 -48
4 -76
4 -78
4 -78
4 -77
4 -76
4 -75
4 -72
4 -75
4 -75
4 -75
4 -77
4 -76
4 -76
4 -81
4 -83
4 -79
4 -79
4 -77
4 -76
4 -76
4 -76
4 -76
4 -76
4 -76
4 -76
4 -76
4 -76
4 -76
4 -73
4 -76
4 -76
4 -76
4 -76
4 -76
4 -76
4 -76
4 -76
4 -76
4 -50
4 -76
4 -48
4 -76
4 -76
4 -76
4 -60
4 -76
4 -76
4 -77
4 -76
4 -77
4 -77
4 -78
4 -78
4 -78
4 -78
4 -78
4 -78
4 -78
4 -78
4 -78
4 -78
4 -78
4 -78
4 -78
4 -78
4 -78
4 -78
4 -78
4 -78
4 -78
4 -78
4 -78
4 -78
4 -79
4 -78
4 -78
4 -78
4 -78
4 -78
4 -78
4 -78
4 -78
4 -78
4 -78
4 -78
4 -78
4 -77
4 -78
4 -79
4 -79
4 -78
4 -78
4 -79
4 -78
4 -79
4 -79
4 -79
4 -79
4 -78
4 -78
4 -78
4 -78
4 -79
4 -78
4 -78
4 -79
4 -78
4 -78
4 -78
4 -78
4 -79
4 -78
4 -80
4 -80
4 -78
4 -78
4 -78
4 -77
4 -76
4 -76
4 -77
4 -76
4 -75
4 -76
4 -77
4 -77
4 -76
4 -77
4 -77
4 -76
4 -77
4 -77
4 -78
4 -77
4 -78
4 -74
4 -76
4 -77
4 -78
4 -77
4 -78
4 -78
4 -77
4 -76
4 -76
4 -76
4 -77
4 -76
4 -76
4 -76
4 -77
4 -76
4 -77
4 -77
4 -77
4 -77
4 -77
4 -77
4 -78
4 -79
4 -78
4 -78
4 -78
4 -77
4 -78
4 -78
4 -78
4 -78
4 -78
4 -77
4 -78
4 -78
4 -78
4 -78
4 -78
4 -78
4 -75
4 -77
4 -77
4 -77
4 -78
4 -77
4 -78
4 -77
4 -78
4 -78
4 -78
4 -78
4 -79
4 -79
4 -79
4 -79
4 -78
4 -79
4 -79
4 -76
4 -78
4 -78
4 -63
4 -79
4 -81
4 -81
4 -78
4 -78
4 -78
4 -78
4 -80
4 -78
4 -76
4 -76
4 -76
4 -77
4 -77
4 -77
4 -76
4 -76
4 -76
4 -76
4 -76
4 -77
4 -78
4 -78
4 -77
4 -77
4 -78
4 -78
4 -78
4 -78
4 -77
4 -77
4 -75
4 -78
4 -78
4 -78
4 -77
4 -78
4 -77
4 -77
4 -77
4 -77
4 -77
4 -77
4 -76
4 -77
4 -77
4 -77
4 -77
4 -77
4 -77
4 -77
4 -77
4 -77
4 -76
4 -76
4 -77
4 -77
4 -78
4 -77
4 -77
4 -50
4 -77
4 -77
4 -78
4 -78
4 -78
4 -78
4 -43
4 -78
4 -77
4 -78
4 -77
4 -77
4 -77
4 -77
4 -77
4 -77
4 -78
4 -79
4 -78
4 -78
4 -76
4 -76
4 -76
4 -75
4 -77
4 -63
4 -78
4 -77
4 -77
4 -76
4 -77
4 -78
4 -79
4 -76
4 -71
4 -77
4 -78
4 -78
4 -78
4 -78
4 -77
4 -72
4 -78
5 -74
5 -74
5 -75
5 -75
5 -75
5 -75
5 -75
5 -75
5 -75
5 -75
5 -74
5 -76
5 -75
5 -75
5 -75
5 -75
5 -74
5 -73
5 -74
5 -74
5 -74
5 -76
5 -80
5 -76
5 -78
5 -76
5 -78
5 -78
5 -77
5 -76
5 -78
5 -83
5 -84
5 -78
5 -76
5 -76
5 -76
5 -75
5 -73
5 -71
5 -70
5 -72
5 -72
5 -73
5 -76
5 -78
5 -79
5 -79
5 -81
5 -82
5 -78
5 -47
5 -78
5 -79
5 -55
5 -81
5 -82
5 -82
5 -84
5 -83
5 -81
5 -82
5 -83
5 -83
5 -81
5 -57
5 -81
5 -80
5 -81
5 -83
5 -84
5 -82
5 -82
5 -85
5 -83
5 -84
5 -82
5 -83
5 -83
5 -80
5 -80
5 -78
5 -78
5 -76
5 -78
5 -78
5 -76
5 -76
5 -76
5 -78
5 -77
5 -76
5 -77
5 -79
5 -78
5 -78
5 -78
5 -49
5 -78
5 -78
5 -77
5 -77
5 -77
5 -78
5 -77
5 -78
5 -78
5 -77
5 -78
5 -78
5 -78
5 -78
5 -78
5 -75
5 -77
5 -77
5 -78
5 -78
5 -77
5 -77
5 -76
5 -77
5 -78
5 -77
5 -78
5 -78
5 -78
5 -78
5 -78
5 -78
5 -79
5 -79
5 -79
5 -78
5 -79
5 -78
5 -79
5 -78
5 -79
5 -78
5 -78
5 -79
5 -82
5 -81
5 -81
5 -82
5 -82
5 -81
5 -81
5 -81
5 -81
5 -80
5 -80
5 -80
5 -79
5 -78
5 -78
5 -79
5 -79
5 -82
5 -81
5 -78
5 -80
5 -79
5 -78
5 -80
5 -79
5 -79
5 -81
5 -83
5 -84
5 -83
6 -70
6 -70
6 -70
6 -70
6 -70
6 -70
6 -71
6 -71
6 -71
6 -71
6 -71
6 -72
6 -64
6 -70
6 -70
6 -70
6 -70
6 -70
6 -70
6 -69
6 -70
6 -70
6 -70
6 -74
6 -74
6 -70
6 -68
6 -68
6 -77
6 -70
6 -70
6 -66
6 -69
6 -70
6 -69
6 -69
6 -70
6 -73
6 -75
6 -80
6 -82
6 -82
6 -76
6 -69
6 -66
6 -68
6 -67
6 -67
6 -65
6 -64
6 -64
6 -65
6 -66
6 -66
6 -68
6 -68
6 -69
6 -69
6 -69
6 -59
6 -69
6 -68
6 -68
6 -67
6 -67
6 -66
6 -66
6 -66
6 -48
6 -65
6 -65
6 -66
6 -77
6 -66
6 -66
6 -67
6 -66
6 -67
6 -67
6 -68
6 -68
6 -68
6 -68
6 -68
6 -68
6 -68
6 -69
6 -70
6 -71
6 -72
6 -73
6 -75
6 -74
6 -76
6 -76
6 -76
6 -76
6 -76
6 -74
6 -75
6 -75
6 -75
6 -74
6 -74
6 -73
6 -72
6 -72
6 -72
6 -72
6 -72
6 -72
6 -72
6 -72
6 -72
6 -72
6 -72
6 -72
6 -72
6 -72
6 -71
6 -71
6 -71
6 -72
6 -72
6 -72
6 -72
6 -73
6 -72
6 -72
6 -72
6 -70
6 -70
6 -70
6 -70
6 -70
6 -70
6 -70
6 -70
6 -71
6 -71
6 -70
6 -70
6 -70
6 -70
6 -70
6 -70
6 -70
6 -70
6 -70
6 -70
6 -70
6 -70
6 -70
6 -71
6 -72
6 -72
6 -72
6 -70
6 -70
6 -70
6 -70
6 -70
6 -70
6 -70
6 -70
6 -69
6 -70
6 -70
6 -70
6 -69
6 -68
6 -68
6 -68
6 -68
6 -68
6 -68
6 -69
6 -69
6 -69
6 -69
6 -70
6 -70
6 -70
6 -65
6 -70
6 -70
6 -70
6 -70
6 -70
6 -70
6 -70
6 -71
6 -72
6 -72
6 -71
6 -70
6 -70
6 -70
6 -69
6 -68
6 -68
6 -68
6 -68
6 -68
6 -69
6 -68
6 -68
6 -68
6 -61
6 -67
6 -67
6 -68
6 -68
6 -69
6 -69
6 -69
6 -68
6 -68
6 -69
6 -69
6 -69
6 -69
6 -69
6 -68
6 -70
6 -70
6 -71
6 -70
6 -72
6 -72
6 -72
6 -70
6 -70
6 -70
6 -70
6 -70
6 -71
6 -72
6 -72
6 -72
6 -72
6 -72
6 -71
6 -70
6 -70
6 -70
6 -70
6 -70
6 -70
6 -70
6 -69
6 -69
6 -69
6 -70
6 -69
6 -70
6 -69
6 -68
6 -67
6 -67
6 -67
6 -68
6 -68
6 -67
6 -67
6 -68
6 -69
6 -70
6 -69
6 -68
6 -67
6 -67
6 -66
6 -48
6 -48
6 -66
6 -66
6 -66
6 -58
6 -66
6 -66
6 -66
6 -66
6 -66
6 -66
6 -66
6 -67
6 -67
6 -67
6 -67
6 -67
6 -67
6 -67
6 -67
6 -67
6 -67
6 -66
6 -66
6 -66
6 -66
6 -66
6 -66
6 -66
6 -67
6 -67
6 -67
6 -67
6 -68
6 -68
6 -68
6 -68
6 -52
6 -68
6 -68
6 -68
6 -68
6 -68
6 -68
6 -68
6 -68
6 -69
6 -69
6 -70
6 -70
6 -70
6 -72
6 -71
6 -70
6 -70
6 -69
6 -70
6 -70
6 -69
6 -55
6 -67
6 -67
6 -67
6 -66
6 -66
6 -67
6 -68
6 -68
6 -68
6 -67
6 -67
6 -68
6 -68
6 -69
6 -70
6 -49
6 -68
6 -69
6 -66
6 -66
6 -67
6 -67
6 -69
6 -69
6 -72
6 -75
6 -69
6 -70
6 -69
6 -70
6 -70
6 -72
6 -73
6 -73
6 -73
6 -72
7 -87
8 -85
8 -84
8 -84
8 -83
8 -82
8 -82
8 -86
8 -84
8 -84
8 -83
8 -82
8 -83
8 -83
8 -84
8 -82
8 -82
8 -82
8 -83
8 -81
8 -83
8 -81
8 -80
8 -80
8 -81
8 -81
8 -80
8 -82
8 -82
8 -70
8 -82
8 -82
8 -82
8 -80
8 -79
8 -78
8 -77
8 -78
8 -58
8 -78
8 -77
8 -78
8 -78
8 -79
8 -82
8 -83
8 -83
8 -86
8 -83
8 -84
8 -84
8 -68
8 -83
8 -83
8 -83
8 -81
8 -82
8 -80
8 -80
8 -80
8 -79
8 -80
8 -80
8 -80
8 -80
8 -80
8 -80
8 -80
8 -79
8 -78
8 -79
8 -81
8 -79
8 -78
8 -78
8 -78
8 -79
8 -78
8 -80
8 -80
8 -81
8 -82
8 -81
8 -80
8 -79
8 -78
8 -80
8 -47
8 -80
8 -79
8 -78
8 -78
8 -78
8 -78
8 -77
8 -77
8 -77
8 -77
8 -77
8 -77
8 -77
8 -76
8 -78
8 -78
8 -78
8 -80
8 -79
8 -79
8 -80
8 -79
8 -80
8 -79
8 -81
8 -79
8 -79
8 -79
8 -80
8 -80
8 -80
8 -78
8 -78
8 -79
8 -78
8 -70
8 -44
8 -80
8 -80
8 -80
8 -81
8 -81
8 -80
8 -80
8 -61
8 -80
8 -80
8 -80
8 -80
8 -79
8 -55
8 -78
8 -79
8 -78
8 -79
8 -79
8 -79
8 -79
8 -78
8 -77
8 -77
8 -78
8 -77
8 -78
8 -78
8 -76
8 -76
8 -75
8 -76
8 -76
8 -76
8 -76
8 -76
8 -76
8 -76
8 -76
8 -76
8 -76
8 -76
8 -77
8 -76
8 -77
8 -65
8 -46
8 -78
8 -79
8 -78
8 -77
8 -78
8 -78
8 -78
8 -79
8 -78
8 -73
8 -78
8 -78
8 -78
8 -78
8 -78
8 -78
8 -74
8 -80
8 -80
8 -82
8 -82
8 -83
8 -82
8 -82
8 -82
8 -81
8 -82
8 -83
8 -82
8 -84
8 -84
8 -83
8 -83
8 -82
8 -82
8 -81
8 -62
8 -78
8 -79
8 -80
8 -80
8 -80
8 -79
8 -79
8 -79
8 -81
8 -80
8 -81
8 -80
8 -84
8 -83
8 -84
8 -82
8 -83
8 -82
8 -81
8 -81
9 -78
9 -78
9 -78
9 -71
9 -80
9 -80
9 -80
9 -80
9 -81
9 -82
9 -82
9 -82
9 -77
9 -81
9 -81
9 -79
9 -78
9 -74
9 -79
9 -82
9 -81
9 -80
9 -79
9 -79
9 -79
9 -79
9 -80
9 -77
9 -78
9 -78
9 -78
9 -79
9 -79
9 -80
9 -80
9 -80
9 -78
9 -77
9 -47
9 -76
9 -76
9 -76
9 -76
9 -76
9 -76
9 -76
9 -77
9 -76
9 -77
9 -77
9 -75
9 -76
9 -76
9 -76
9 -76
9 -76
9 -76
9 -75
9 -75
9 -72
9 -49
9 -76
9 -76
9 -76
9 -76
9 -77
9 -77
9 -77
9 -76
9 -76
9 -76
9 -76
9 -76
9 -76
9 -76
9 -76
9 -76
9 -76
9 -76
9 -76
9 -76
9 -76
9 -76
9 -76
9 -76
9 -76
9 -76
9 -76
9 -76
9 -76
9 -76
9 -76
9 -77
9 -76
9 -76
9 -76
9 -76
9 -76
9 -76
9 -76
9 -76
9 -76
9 -76
9 -76
9 -76
9 -76
9 -76
9 -72
9 -76
9 -76
9 -76
9 -75
9 -76
9 -73
9 -76
9 -75
9 -76
9 -75
9 -76
9 -75
9 -76
9 -76
9 -73
9 -73
9 -75
9 -75
9 -74
9 -75
9 -75
9 -75
9 -75
9 -75
9 -72
9 -75
9 -75
9 -75
9 -75
9 -75
9 -75
9 -75
9 -75
9 -75
9 -75
9 -73
9 -74
9 -75
9 -75
9 -75
9 -75
9 -76
9 -74
9 -76
9 -76
9 -76
9 -76
9 -76
9 -76
9 -76
9 -77
9 -76
9 -76
9 -76
9 -76
9 -76
9 -75
9 -75
9 -48
9 -75
9 -75
9 -75
9 -76
9 -75
9 -73
9 -75
9 -75
9 -76
9 -73
9 -75
9 -47
9 -75
9 -66
9 -75
9 -75
9 -75
9 -75
9 -75
9 -75
9 -75
9 -76
9 -76
9 -76
9 -76
9 -76
9 -76
9 -76
9 -75
9 -76
9 -70
9 -76
9 -76
9 -76
9 -76
9 -76
9 -76
9 -76
9 -76
9 -76
9 -76
9 -76
9 -76
9 -76
9 -76
9 -76
9 -76
9 -76
9 -76
9 -76
9 -75
9 -75
9 -75
9 -75
9 -72
9 -75
9 -75
9 -75
9 -75
9 -70
9 -75
9 -74
9 -76
9 -75
9 -74
9 -74
9 -75
9 -74
9 -74
9 -74
9 -74
9 -73
9 -74
9 -74
9 -73
9 -74
9 -74
9 -72
9 -72
9 -73
9 -73
9 -73
9 -72
9 -72
9 -73
9 -73
9 -72
9 -72
9 -73
9 -73
9 -74
9 -74
9 -74
9 -74
9 -74
9 -74
9 -74
9 -74
9 -75
9 -75
9 -75
9 -75
9 -41
9 -75
9 -75
9 -75
9 -75
9 -75
9 -76
9 -75
9 -74
9 -75
9 -75
9 -75
9 -76
9 -76
9 -76
9 -76
9 -77
9 -77
9 -77
9 -77
9 -77
9 -77
9 -78
9 -78
9 -78
9 -78
9 -78
9 -78
9 -78
9 -77
9 -76
9 -76
9 -76
9 -76
9 -76
9 -76
9 -75
9 -75
9 -75
9 -73
9 -75
9 -76
9 -77
9 -78
9 -77
9 -78
9 -78
9 -78
9 -82
9 -82
9 -80
9 -79
9 -80
9 -80
9 -80
9 -82
10 -85
10 -82
10 -83
10 -83
10 -83
11 -85
11 -84
11 -83
11 -87
11 -83
11 -84
11 -85
11 -82
12 -84
12 -83
12 -84
12 -83
12 -83
12 -85
12 -84
12 -70
12 -84
12 -85
12 -85
12 -84
12 -85
12 -85
12 -84
12 -86
12 -65
12 -87
12 -84
12 -84
12 -83
12 -84
12 -83
12 -87
15 -84
15 -84
15 -86
15 -85
15 -85
15 -84
15 -86
15 -84
15 -85
15 -85
15 -85
15 -85
15 -85
15 -84
15 -85
15 -84
15 -85
15 -86
15 -85
15 -85
15 -85
15 -86
15 -85
15 -85
15 -85
16 -78
16 -84
16 -83
16 -84
16 -75
16 -83
16 -83
16 -82
16 -82
16 -82
16 -77
16 -82
16 -83
16 -82
16 -81
16 -82
16 -81
16 -82
16 -82
16 -82
16 -81
16 -79
16 -80
16 -81
16 -79
16 -82
16 -82
16 -81
16 -81
16 -80
16 -82
16 -81
16 -81
16 -80
16 -82
16 -83
16 -83
16 -82
16 -82
16 -81
16 -82
16 -48
16 -81
16 -82
16 -81
16 -81
16 -82
16 -82
16 -81
16 -82
16 -81
16 -81
16 -81
16 -81
16 -81
16 -81
16 -81
16 -81
16 -79
16 -81
16 -81
16 -78
16 -82
16 -81
16 -80
16 -79
16 -82
16 -82
16 -82
16 -80
16 -82
16 -58
16 -82
16 -82
16 -82
16 -82
16 -82
16 -82
16 -82
16 -81
16 -83
16 -83
16 -82
16 -84
16 -83
16 -83
16 -48
16 -84
16 -84
16 -84
16 -82
16 -83
16 -84
16 -84
16 -84
16 -84
16 -83
16 -84
16 -82
16 -83
16 -83
16 -82
16 -83
16 -83
16 -82
16 -83
16 -83
16 -75
16 -83
16 -82
16 -83
16 -83
16 -81
16 -81
16 -82
16 -83
16 -83
16 -83
16 -82
16 -82
16 -82
16 -82
16 -82
16 -82
16 -82
16 -83
16 -81
16 -81
16 -82
16 -81
16 -82
16 -82
16 -82
16 -82
16 -82
16 -82
16 -82
16 -82
16 -76
16 -82
16 -82
16 -82
16 -82
16 -83
16 -82
16 -82
16 -82
16 -82
16 -81
16 -83
16 -82
16 -82
16 -82
16 -82
16 -82
16 -82
16 -82
16 -81
16 -82
16 -82
16 -82
16 -82
16 -82
16 -82
16 -82
16 -82
16 -83
16 -83
16 -82
16 -84
16 -83
16 -85
16 -84
16 -87
17 -85
17 -84
17 -86
17 -85
18 -85
18 -86
18 -87
18 -88
18 -85
18 -87
18 -48
19 -83
19 -83
19 -83
19 -83
19 -83
19 -83
19 -84
19 -82
19 -82
19 -81
19 -81
19 -83
19 -82
19 -82
19 -82
19 -82
19 -82
19 -81
19 -81
19 -43
19 -82
19 -83
19 -83
19 -82
19 -79
19 -83
19 -83
19 -77
19 -82
19 -83
19 -83
19 -82
19 -84
19 -84
19 -84
19 -84
19 -84
19 -85
19 -82
19 -82
19 -82
19 -82
19 -82
19 -81
19 -82
19 -82
19 -85
19 -83
19 -79
19 -83
19 -83
20 -81
20 -83
20 -83
20 -83
20 -84
20 -85
20 -84
20 -85
20 -85
20 -86
20 -83
20 -85
20 -84
20 -83
20 -84
20 -84
20 -84
20 -47
20 -84
20 -84
20 -84
20 -84
20 -84
20 -84
20 -84
20 -47
20 -84
20 -86
21 -86
21 -85
21 -84
21 -86
21 -84
21 -83
21 -86
21 -87
26 -81
26 -83
27 -83
27 -84
27 -84
27 -84
27 -84
27 -85
27 -84
27 -77
27 -83
27 -83
27 -84
27 -84
27 -83
27 -83
27 -84
27 -81
27 -83
27 -84
27 -85
27 -85
27 -83
27 -48
27 -84
27 -84
27 -78
27 -84
27 -83
27 -80
27 -84
27 -84
27 -83
27 -83
27 -83
27 -84
27 -84
27 -84
27 -84
27 -68
27 -84
27 -85
27 -84
27 -84
27 -50
27 -85
27 -85
27 -83
27 -84
27 -83
27 -83
27 -83
27 -83
27 -83
27 -83
27 -83
27 -84
27 -84
27 -82
27 -82
27 -82
27 -83
27 -83
27 -84
27 -84
27 -84
27 -84
27 -84
27 -82
27 -84
27 -84
27 -47
27 -74
27 -83
27 -78
27 -78
27 -77
27 -83
27 -84
27 -84
27 -84
27 -83
27 -83
27 -83
27 -81
28 -76
28 -77
28 -78
28 -77
28 -77
28 -78
28 -78
28 -78
28 -78
28 -78
28 -79
28 -79
28 -78
28 -79
28 -77
28 -77
28 -76
28 -76
28 -77
28 -78
28 -67
28 -79
28 -79
28 -79
28 -61
28 -80
28 -79
28 -79
28 -79
28 -78
28 -78
28 -78
28 -78
28 -78
28 -78
28 -78
28 -80
28 -80
28 -79
28 -79
28 -79
28 -78
28 -78
28 -78
28 -78
28 -78
28 -78
28 -77
28 -78
28 -77
28 -78
28 -78
28 -77
28 -78
28 -77
28 -78
28 -78
28 -78
28 -78
28 -78
28 -78
28 -78
28 -78
28 -78
28 -78
28 -78
28 -77
28 -78
28 -78
28 -78
28 -78
28 -78
28 -78
28 -78
28 -78
28 -78
28 -79
28 -79
28 -76
28 -78
28 -78
28 -78
28 -78
28 -78
28 -78
28 -78
28 -78
28 -75
28 -78
28 -78
28 -78
28 -78
28 -78
28 -78
28 -77
28 -78
28 -78
28 -77
28 -77
28 -78
28 -78
28 -78
28 -77
28 -77
28 -78
28 -77
28 -77
28 -78
28 -77
28 -77
28 -78
28 -74
28 -78
28 -77
28 -78
28 -78
28 -78
28 -77
28 -76
28 -73
28 -73
28 -78
28 -77
28 -78
28 -78
28 -78
28 -78
28 -77
28 -78
28 -78
28 -78
28 -78
28 -78
28 -78
28 -77
28 -78
28 -78
28 -79
28 -76
28 -78
28 -78
28 -79
28 -78
28 -78
28 -78
28 -78
28 -78
28 -79
28 -80
28 -78
28 -78
28 -78
28 -78
28 -78
28 -78
28 -79
28 -47
28 -78
28 -79
28 -78
28 -79
28 -78
28 -78
28 -79
28 -79
28 -78
28 -78
28 -78
28 -78
28 -78
28 -78
28 -78
28 -75
28 -78
28 -67
28 -79
28 -78
28 -78
28 -78
28 -78
28 -78
28 -78
28 -78
28 -78
28 -78
28 -78
28 -78
28 -78
28 -78
28 -78
28 -78
28 -78
28 -78
28 -78
28 -78
28 -78
28 -78
28 -77
28 -78
28 -78
28 -78
28 -78
28 -78
28 -54
28 -78
28 -78
28 -78
28 -78
28 -78
28 -78
28 -78
28 -78
28 -78
28 -78
28 -77
28 -77
28 -77
28 -78
28 -77
28 -77
28 -78
28 -79
28 -77
28 -78
28 -78
28 -78
28 -78
28 -78
28 -78
28 -78
28 -78
28 -78
28 -78
28 -77
28 -77
28 -77
28 -77
28 -78
28 -77
28 -78
28 -78
28 -78
28 -78
28 -78
28 -78
28 -78
28 -78
28 -78
28 -78
28 -78
28 -77
28 -78
28 -78
28 -78
28 -78
28 -78
28 -78
28 -78
28 -78
28 -78
28 -60
28 -78
28 -78
28 -78
28 -77
28 -76
28 -77
28 -78
28 -59
28 -78
28 -77
28 -77
28 -78
28 -57
28 -78
28 -78
28 -77
28 -77
28 -78
28 -78
28 -78
28 -78
28 -78
28 -78
28 -78
28 -72
28 -78
28 -77
28 -78
28 -78
28 -78
28 -78
28 -47
28 -78
28 -78
28 -78
28 -79
28 -81
28 -80
28 -81
28 -80
28 -79
28 -81
29 -78
29 -72
29 -78
29 -79
29 -78
29 -78
29 -78
29 -78
29 -78
29 -78
29 -78
29 -78
29 -77
29 -77
29 -76
29 -76
29 -76
29 -76
29 -76
29 -78
29 -80
29 -80
29 -81
29 -81
29 -80
29 -82
29 -83
29 -82
29 -82
29 -81
29 -81
29 -82
29 -82
29 -83
29 -84
29 -86
29 -84
29 -86
29 -85
29 -85
29 -84
29 -84
29 -83
29 -83
29 -84
29 -50
29 -84
29 -85
29 -84
29 -82
29 -83
29 -81
29 -82
29 -81
29 -81
29 -82
29 -83
29 -82
29 -81
29 -82
29 -82
29 -82
29 -80
29 -82
29 -83
29 -84
29 -84
29 -79
29 -76
29 -76
29 -76
29 -76
29 -76
29 -76
29 -76
29 -69
29 -76
29 -76
30 -82
30 -84
30 -85
30 -84
30 -85
30 -83
30 -83
30 -84
30 -82
30 -84
30 -64
30 -83
30 -84
30 -84
30 -85
30 -83
30 -84
30 -84
30 -84
30 -83
30 -84
30 -83
30 -83
30 -83
30 -83
30 -84
30 -84
30 -84
30 -82
30 -63
30 -83
30 -84
30 -84
30 -83
30 -83
30 -84
30 -84
30 -84
30 -84
30 -47
30 -85
30 -86
30 -83
30 -81
30 -81
30 -82
30 -81
30 -80
30 -80
30 -79
31 -75
31 -75
31 -76
31 -76
31 -76
31 -76
31 -76
31 -76
31 -76
31 -76
31 -76
31 -76
31 -76
31 -76
31 -76
31 -76
31 -76
31 -74
31 -76
31 -76
31 -74
31 -78
31 -76
31 -77
31 -78
31 -75
31 -76
31 -76
31 -76
31 -75
31 -76
31 -79
31 -78
31 -77
31 -76
31 -77
31 -78
31 -77
31 -76
31 -76
31 -76
31 -76
31 -77
31 -76
31 -77
31 -77
31 -79
31 -80
31 -77
31 -76
31 -76
31 -76
31 -75
31 -75
31 -76
31 -76
31 -76
31 -76
31 -75
31 -76
31 -75
31 -75
31 -75
31 -73
31 -74
31 -73
31 -73
31 -74
31 -75
31 -73
31 -74
31 -74
31 -75
31 -75
31 -75
31 -74
31 -75
31 -76
31 -76
31 -76
31 -76
31 -76
31 -77
31 -76
31 -76
31 -76
31 -76
31 -77
31 -77
31 -76
31 -77
31 -77
31 -78
31 -77
31 -77
31 -77
31 -77
31 -76
31 -76
31 -76
31 -76
31 -76
31 -76
31 -76
31 -76
31 -76
31 -76
31 -76
31 -75
31 -76
31 -76
31 -76
31 -76
31 -76
31 -76
31 -76
31 -76
31 -76
31 -76
31 -76
31 -76
31 -76
31 -75
31 -76
31 -76
31 -75
31 -76
31 -75
31 -75
31 -75
31 -75
31 -75
31 -75
31 -75
31 -74
31 -75
31 -75
31 -74
31 -75
31 -75
31 -73
31 -75
31 -74
31 -75
31 -75
31 -75
31 -75
31 -76
31 -75
31 -75
31 -75
31 -75
31 -75
31 -75
31 -75
31 -44
31 -75
31 -76
31 -76
31 -76
31 -76
31 -76
31 -76
31 -74
31 -76
31 -76
31 -76
31 -75
31 -76
31 -76
31 -76
31 -74
31 -51
31 -76
31 -76
31 -76
31 -76
31 -75
31 -75
31 -75
31 -75
31 -75
31 -75
31 -75
31 -75
31 -74
31 -75
31 -75
31 -75
31 -75
31 -75
31 -75
31 -73
31 -75
31 -75
31 -75
31 -75
31 -75
31 -75
31 -75
31 -75
31 -75
31 -75
31 -76
31 -75
31 -75
31 -75
31 -75
31 -75
31 -75
31 -75
31 -75
31 -74
31 -74
31 -74
31 -73
31 -74
31 -73
31 -74
31 -73
31 -73
31 -73
31 -74
31 -74
31 -75
31 -75
31 -74
31 -75
31 -75
31 -76
31 -75
31 -75
31 -76
31 -65
31 -76
31 -76
31 -76
31 -76
31 -76
31 -76
31 -75
31 -76
31 -77
31 -77
31 -76
31 -76
31 -76
31 -76
31 -76
31 -76
31 -76
31 -76
31 -76
31 -76
31 -76
31 -76
31 -76
31 -76
31 -75
31 -75
31 -75
31 -75
31 -75
31 -75
31 -74
31 -75
31 -75
31 -75
31 -74
31 -75
31 -74
31 -47
31 -75
31 -74
31 -74
31 -74
31 -75
31 -74
31 -74
31 -75
31 -75
31 -75
31 -75
31 -75
31 -75
31 -75
31 -75
31 -75
31 -75
31 -75
31 -75
31 -75
31 -75
31 -72
31 -74
31 -75
31 -75
31 -75
31 -75
31 -75
31 -75
31 -75
31 -75
31 -75
31 -75
31 -75
31 -75
31 -75
31 -75
31 -75
31 -75
31 -75
31 -75
31 -75
31 -75
31 -75
31 -75
31 -75
31 -75
31 -75
31 -75
31 -75
31 -76
31 -76
31 -78
31 -59
31 -78
31 -76
31 -76
31 -79
31 -78
31 -82
31 -81
31 -81
31 -81
31 -82
32 -83
32 -82
32 -80
32 -82
32 -82
32 -83
32 -83
32 -83
32 -84
32 -83
32 -83
32 -83
32 -85
32 -85
32 -83
32 -82
32 -84
32 -84
32 -84
32 -80
32 -85
32 -83
32 -84
32 -84
32 -84
32 -84
32 -84
32 -84
32 -84
32 -82
32 -76
32 -84
32 -84
32 -84
32 -83
32 -79
32 -83
32 -83
32 -83
32 -84
32 -84
32 -85
32 -84
32 -84
32 -84
32 -83
32 -81
32 -83
32 -82
32 -83
32 -82
32 -83
32 -84
32 -83
32 -79
32 -84
32 -83
32 -84
32 -83
32 -84
32 -84
32 -85
32 -82
32 -82
32 -74
32 -84
32 -84
34 -87
35 -80
35 -82
35 -82
35 -81
35 -81
35 -81
35 -80
35 -80
35 -81
35 -80
35 -80
35 -80
35 -82
35 -81
35 -79
35 -80
35 -80
35 -76
35 -79
35 -78
35 -78
35 -78
35 -79
35 -79
35 -79
35 -79
35 -79
35 -72
35 -78
35 -78
35 -78
35 -85
35 -78
35 -78
35 -78
35 -78
35 -78
35 -78
35 -78
35 -47
35 -78
35 -78
35 -78
35 -78
35 -79
35 -78
35 -78
35 -55
35 -78
35 -77
35 -78
35 -78
35 -78
35 -48
35 -78
35 -78
35 -78
35 -78
35 -78
35 -79
35 -78
35 -78
35 -77
35 -79
35 -78
35 -78
35 -78
35 -78
35 -78
35 -79
35 -78
35 -79
35 -79
35 -79
35 -78
35 -78
35 -79
35 -79
35 -79
35 -79
35 -78
35 -78
35 -78
35 -78
35 -79
35 -78
35 -79
35 -78
35 -78
35 -78
35 -79
35 -78
35 -79
35 -79
35 -79
35 -78
35 -78
35 -78
35 -78
35 -78
35 -78
35 -79
35 -79
35 -78
35 -78
35 -78
35 -78
35 -78
35 -79
35 -77
35 -78
35 -78
35 -79
35 -78
35 -79
35 -76
35 -79
35 -79
35 -78
35 -78
35 -79
35 -78
35 -79
35 -79
35 -78
35 -78
35 -79
35 -78
35 -79
35 -78
35 -79
35 -79
35 -79
35 -79
35 -79
35 -79
35 -74
35 -79
35 -79
35 -79
35 -79
35 -79
35 -78
35 -78
35 -79
35 -79
35 -78
35 -78
35 -79
35 -78
35 -79
35 -77
35 -79
35 -78
35 -79
35 -78
35 -79
35 -79
35 -79
35 -79
35 -78
35 -78
35 -79
35 -79
35 -78
35 -78
35 -78
35 -78
35 -79
35 -78
35 -78
35 -79
35 -79
35 -79
35 -79
35 -78
35 -78
35 -78
35 -78
35 -79
35 -79
35 -78
35 -78
35 -78
35 -78
35 -79
35 -78
35 -78
35 -79
35 -78
35 -43
35 -79
35 -78
35 -78
35 -79
35 -78
35 -79
35 -79
35 -79
35 -78
35 -77
35 -79
35 -79
35 -79
35 -79
35 -56
35 -78
35 -79
35 -79
35 -79
35 -79
35 -79
35 -79
35 -80
35 -80
35 -79
35 -79
35 -80
35 -80
35 -80
35 -80
35 -80
35 -80
35 -63
35 -78
35 -79
35 -79
35 -80
35 -79
35 -80
35 -80
35 -78
35 -79
35 -78
35 -79
35 -78
35 -80
35 -78
35 -79
35 -78
35 -79
35 -78
35 -79
35 -78
35 -78
35 -76
35 -78
35 -78
35 -78
35 -78
35 -79
35 -78
35 -78
35 -79
35 -79
35 -78
35 -79
35 -79
35 -79
35 -78
35 -78
35 -78
35 -78
35 -78
35 -78
35 -78
35 -78
35 -77
35 -77
35 -78
35 -73
35 -78
35 -79
35 -77
35 -79
35 -78
35 -79
35 -78
35 -78
35 -78
35 -78
35 -78
35 -79
35 -78
35 -77
35 -79
35 -76
35 -78
35 -79
35 -78
35 -79
35 -77
35 -78
35 -75
35 -79
35 -79
35 -79
35 -81
35 -79
35 -78
35 -79
35 -48
35 -82
35 -81
35 -82
35 -81
35 -81
35 -48
36 -84
36 -85
36 -85
36 -85
36 -84
36 -83
36 -84
36 -83
36 -84
36 -84
36 -84
36 -50
36 -83
36 -83
36 -83
36 -83
36 -82
36 -83
36 -68
36 -84
36 -84
36 -84
36 -83
36 -83
36 -83
36 -83
36 -83
36 -84
36 -84
36 -84
36 -84
36 -83
36 -83
36 -84
36 -84
36 -83
36 -83
36 -84
36 -85
36 -83
36 -81
36 -83
36 -83
36 -76
36 -83
36 -83
36 -84
36 -83
36 -84
36 -83
36 -83
36 -84
36 -83
36 -84
36 -84
36 -84
36 -84
36 -84
36 -83
36 -79
36 -84
36 -85
36 -84
36 -84
36 -82
36 -57
36 -84
36 -85
36 -84
36 -84
36 -84
36 -81
36 -83
36 -85
42 -85
42 -84
42 -85
42 -86
42 -84
42 -85
42 -84
42 -86
42 -86
42 -84
42 -86
42 -84
42 -87
43 -85
43 -85
44 -85
44 -84
44 -84
44 -84
44 -85
44 -85
44 -84
44 -83
44 -83
44 -83
44 -83
44 -79
44 -84
44 -80
44 -81
44 -81
44 -85
44 -84
44 -84
44 -84
44 -83
44 -84
44 -83
44 -84
44 -60
44 -84
44 -83
44 -83
44 -83
44 -83
44 -83
44 -83
44 -83
44 -82
44 -83
44 -83
44 -83
44 -83
44 -80
44 -83
44 -83
44 -83
44 -82
44 -82
44 -83
44 -83
44 -83
44 -82
44 -82
44 -83
44 -83
44 -84
44 -74
44 -84
44 -83
44 -83
44 -83
44 -83
44 -82
44 -83
44 -84
44 -83
44 -83
44 -83
44 -83
44 -83
44 -47
44 -83
44 -83
44 -82
44 -82
44 -82
44 -83
44 -83
44 -83
44 -83
44 -81
44 -82
44 -83
44 -83
44 -83
44 -84
44 -84
44 -83
44 -84
44 -84
44 -85
44 -85
44 -84
44 -83
44 -84
44 -83
44 -64
44 -83
44 -83
44 -83
44 -83
44 -83
44 -41
44 -83
44 -83
44 -84
44 -84
44 -83
44 -83
44 -81
44 -82
44 -66
44 -85
44 -86
48 -74
49 -87
49 -86
49 -86
50 -85
50 -85
50 -85
50 -63
50 -85
50 -86
50 -86
50 -85
50 -63
50 -86
50 -86
50 -88
51 -63
51 -64
51 -84
51 -85
51 -84
51 -85
51 -84
51 -84
51 -84
51 -83
51 -65
51 -85
51 -84
51 -84
51 -85
51 -82
51 -84
51 -84
51 -86
51 -84
51 -85
52 -82
52 -82
52 -65
52 -82
52 -81
52 -80
52 -78
52 -80
52 -79
52 -79
52 -80
52 -80
52 -78
52 -80
52 -81
52 -81
52 -83
52 -56
52 -82
52 -80
52 -80
52 -82
52 -83
52 -82
52 -81
52 -80
52 -81
52 -81
52 -83
52 -65
52 -82
52 -81
52 -80
52 -81
52 -82
52 -82
52 -83
52 -82
52 -81
52 -81
52 -81
52 -82
52 -83
52 -83
52 -83
52 -83
52 -79
52 -82
52 -81
52 -83
52 -83
52 -83
52 -83
52 -83
52 -83
52 -61
52 -84
52 -82
52 -84
52 -84
52 -85
52 -84
52 -85
52 -86
52 -85
52 -83
52 -82
52 -78
52 -82
52 -78
52 -83
52 -85
52 -85
52 -85
52 -85
52 -85
52 -84
52 -83
52 -84
52 -84
52 -84
52 -84
52 -82
52 -78
52 -81
52 -82
52 -81
52 -80
52 -79
52 -80
52 -80
52 -80
52 -80
52 -78
52 -79
52 -79
52 -79
52 -79
52 -79
53 -82
53 -83
53 -78
53 -82
53 -82
53 -48
53 -83
53 -82
53 -68
53 -83
53 -82
53 -81
53 -81
53 -83
53 -84
53 -84
53 -84
53 -84
53 -84
53 -85
53 -85
53 -85
53 -85
53 -84
53 -86
53 -88
53 -88
53 -85
53 -83
53 -84
53 -84
53 -85
53 -83
53 -82
53 -78
53 -83
53 -84
53 -86
53 -83
53 -50
53 -83
53 -79
53 -80
53 -81
53 -80
53 -80
53 -80
53 -80
53 -80
54 -83
54 -82
54 -81
54 -58
54 -81
54 -81
54 -79
54 -81
54 -82
54 -81
54 -82
54 -83
54 -83
54 -83
54 -76
54 -82
54 -82
54 -82
54 -83
54 -87
54 -83
54 -85
54 -88
55 -80
55 -79
55 -78
55 -78
55 -79
55 -79
55 -79
55 -78
55 -79
55 -79
55 -78
55 -78
55 -79
55 -78
55 -78
55 -48
55 -78
55 -79
55 -79
55 -50
55 -80
55 -80
55 -59
55 -76
55 -76
55 -76
55 -76
55 -79
55 -76
55 -81
55 -84
55 -81
55 -77
55 -76
55 -76
55 -77
55 -80
55 -78
55 -84
55 -81
55 -64
55 -78
55 -78
55 -78
55 -67
55 -78
55 -78
55 -77
55 -76
55 -76
55 -76
55 -75
55 -75
55 -74
55 -76
55 -75
55 -75
55 -75
55 -74
55 -74
55 -75
55 -75
55 -74
55 -75
55 -75
55 -75
55 -75
55 -75
55 -75
55 -75
55 -76
55 -76
55 -76
55 -76
55 -76
55 -76
55 -77
55 -76
55 -76
55 -76
55 -73
55 -76
55 -76
55 -77
55 -77
55 -76
55 -77
55 -77
55 -77
55 -77
55 -76
55 -77
55 -75
55 -73
55 -78
55 -78
55 -78
55 -78
55 -74
55 -78
55 -77
55 -78
55 -78
55 -78
55 -78
55 -78
55 -78
55 -78
55 -78
55 -75
55 -78
55 -79
55 -79
55 -79
55 -79
55 -79
55 -79
55 -79
55 -79
55 -79
55 -79
55 -81
55 -83
55 -82
55 -81
55 -82
55 -81
55 -81
55 -80
55 -82
55 -82
55 -80
55 -77
55 -75
55 -75
55 -76
55 -75
55 -75
55 -75
55 -62
55 -75
55 -75
55 -75
55 -75
55 -75
55 -76
55 -76
55 -76
55 -74
55 -76
55 -76
55 -76
55 -76
55 -76
55 -76
55 -76
55 -76
55 -76
55 -76
55 -76
55 -76
55 -76
55 -76
55 -76
55 -76
55 -76
55 -76
55 -76
55 -74
55 -76
55 -76
55 -76
55 -76
55 -76
55 -76
55 -77
55 -77
55 -76
55 -76
55 -76
55 -76
55 -76
55 -76
55 -79
55 -78
55 -79
55 -78
55 -78
55 -81
55 -82
55 -81
55 -81
55 -81
55 -79
55 -81
55 -81
55 -80
55 -80
55 -79
55 -58
55 -81
55 -80
55 -80
55 -79
55 -79
55 -78
55 -78
55 -78
55 -79
55 -79
55 -80
55 -79
55 -79
55 -79
55 -78
55 -79
55 -79
55 -81
55 -80
55 -81
55 -81
55 -79
55 -79
55 -82
55 -82
55 -78
55 -82
55 -82
55 -81
55 -82
55 -81
55 -81
55 -81
55 -81
55 -81
55 -80
55 -82
55 -82
55 -82
55 -81
55 -82
55 -81
55 -80
55 -81
55 -80
55 -80
55 -80
55 -80
55 -80
55 -80
55 -75
55 -80
55 -80
55 -80
55 -78
55 -81
55 -81
55 -80
55 -79
55 -79
55 -78
55 -79
55 -78
55 -79
55 -78
55 -79
55 -79
55 -79
55 -79
55 -78
55 -77
55 -78
55 -77
55 -55
55 -78
55 -76
55 -75
55 -74
55 -78
55 -77
55 -80
55 -76
55 -78
55 -78
55 -79
55 -80
55 -79
55 -79
55 -78
55 -79
55 -79
56 -80
56 -82
56 -83
56 -83
56 -84
56 -77
56 -84
56 -83
56 -78
56 -86
56 -86
56 -87
56 -85
56 -85
56 -84
56 -84
56 -85
56 -85
56 -84
56 -83
56 -83
56 -84
56 -83
56 -84
56 -83
56 -84
56 -84
56 -85
56 -84
56 -85
56 -85
56 -84
56 -85
56 -87
56 -84
56 -84
56 -84
59 -85
59 -83
59 -83
59 -83
59 -82
59 -82
59 -84
59 -83
59 -82
59 -83
59 -82
59 -81
59 -79
59 -81
59 -82
59 -77
59 -82
59 -82
59 -82
59 -84
59 -83
59 -84
59 -81
59 -84
59 -84
59 -84
59 -84
59 -84
59 -83
59 -84
59 -83
59 -83
59 -83
59 -84
59 -83
59 -83
59 -83
59 -83
59 -83
59 -83
59 -82
59 -83
59 -84
59 -83
59 -84
59 -84
59 -84
59 -84
59 -83
59 -83
59 -84
59 -85
59 -84
59 -84
59 -85
59 -85
59 -85
59 -86
59 -85
59 -84
59 -84
59 -83
59 -85
59 -84
59 -84
59 -84
59 -84
59 -83
59 -83
59 -84
59 -84
59 -83
59 -83
59 -83
59 -83
59 -83
59 -84
59 -83
59 -83
59 -83
59 -83
59 -83
59 -81
59 -83
59 -82
59 -83
59 -82
59 -82
59 -83
59 -82
59 -83
59 -83
59 -83
59 -83
59 -83
59 -83
59 -83
59 -83
59 -83
59 -82
59 -83
59 -83
59 -83
59 -82
59 -77
59 -82
59 -80
59 -81
59 -82
59 -81
59 -81
59 -83
60 -82
60 -82
60 -82
60 -82
60 -81
60 -81
60 -81
60 -82
60 -82
60 -81
60 -83
60 -84
60 -82
60 -82
60 -82
60 -82
60 -82
60 -82
60 -82
60 -82
60 -82
60 -80
60 -81
60 -81
60 -79
60 -79
60 -79
60 -79
60 -82
60 -85
60 -81
60 -82
60 -80
60 -81
60 -80
60 -80
60 -56
60 -80
60 -80
60 -80
60 -80
60 -81
60 -81
60 -81
60 -82
60 -76
60 -76
60 -87
60 -75
60 -84
60 -85
60 -85
60 -85
60 -81
60 -84
60 -83
60 -82
60 -83
60 -82
60 -84
60 -80
60 -84
60 -83
60 -84
60 -83
60 -84
60 -82
60 -83
60 -83
60 -82
60 -83
60 -83
60 -83
60 -84
60 -82
60 -81
60 -78
60 -84
60 -84
60 -83
60 -83
60 -84
60 -83
60 -82
60 -49
60 -83
60 -83
60 -83
60 -83
60 -83
60 -83
60 -83
60 -80
60 -83
60 -82
60 -83
60 -83
60 -82
60 -85
60 -86
