Beacon Rssi
1 -75
1 -75
1 -69
1 -68
1 -68
1 -69
1 -69
1 -70
1 -70
1 -69
1 -69
1 -68
1 -69
1 -72
1 -74
1 -73
1 -70
1 -70
1 -70
1 -69
1 -68
1 -69
1 -69
1 -70
1 -74
1 -74
1 -70
1 -69
1 -68
1 -68
1 -68
1 -68
1 -68
1 -69
1 -70
1 -71
1 -71
1 -71
1 -72
1 -71
1 -72
1 -72
1 -72
1 -71
1 -71
1 -71
1 -72
1 -71
1 -72
1 -72
1 -72
1 -72
1 -72
1 -72
1 -72
1 -72
1 -75
1 -78
1 -73
1 -60
1 -75
1 -73
1 -73
1 -72
1 -73
1 -72
1 -71
1 -72
1 -72
1 -72
1 -72
1 -72
1 -72
1 -73
1 -72
1 -70
1 -72
1 -72
1 -74
1 -75
1 -75
1 -74
1 -73
1 -72
1 -70
1 -72
2 -72
2 -74
2 -71
2 -75
2 -72
2 -75
2 -75
2 -79
2 -78
2 -70
2 -69
2 -64
2 -64
2 -64
2 -66
2 -66
2 -66
2 -65
2 -64
2 -64
2 -64
2 -67
2 -68
2 -71
2 -72
2 -69
2 -67
2 -68
2 -68
2 -68
2 -69
2 -68
2 -68
2 -69
2 -70
2 -68
2 -69
2 -69
2 -70
2 -70
2 -70
2 -69
2 -70
2 -70
2 -70
2 -71
2 -72
2 -72
2 -72
2 -72
2 -72
2 -71
2 -71
2 -71
2 -70
2 -70
2 -70
2 -73
2 -76
2 -76
2 -51
2 -70
2 -70
2 -54
2 -73
2 -72
2 -73
2 -74
2 -75
2 -76
2 -76
2 -76
2 -78
2 -78
2 -71
2 -72
2 -70
2 -68
2 -68
2 -69
2 -68
2 -68
2 -66
2 -66
2 -66
2 -67
2 -69
3 -73
3 -74
3 -71
3 -76
3 -74
3 -73
3 -75
3 -72
3 -74
3 -78
3 -76
3 -75
3 -74
3 -73
3 -72
3 -73
3 -75
3 -74
3 -75
3 -75
3 -68
3 -72
3 -73
3 -72
3 -71
3 -72
3 -72
3 -72
3 -73
3 -72
3 -72
3 -71
3 -70
3 -71
3 -71
3 -71
3 -71
3 -72
3 -72
3 -75
3 -74
3 -74
3 -75
3 -76
3 -76
3 -75
3 -73
3 -73
3 -73
3 -73
3 -74
3 -75
3 -76
3 -76
3 -73
3 -73
3 -72
3 -75
3 -73
3 -74
3 -74
3 -73
3 -73
3 -72
3 -73
3 -73
3 -73
3 -74
3 -73
3 -73
3 -75
3 -75
3 -72
3 -69
3 -76
3 -75
3 -76
3 -76
3 -76
3 -76
3 -75
3 -75
3 -76
4 -83
4 -80
4 -77
4 -76
4 -78
4 -78
4 -77
4 -78
4 -49
4 -77
4 -77
4 -78
4 -78
4 -54
4 -77
4 -79
4 -78
4 -78
4 -76
4 -76
4 -76
4 -76
4 -77
4 -77
4 -76
4 -77
4 -77
4 -77
4 -77
4 -78
4 -77
4 -77
4 -78
4 -78
4 -77
4 -76
4 -76
4 -76
4 -77
4 -77
4 -78
4 -78
4 -80
4 -79
4 -80
4 -80
4 -78
4 -78
4 -77
4 -77
4 -77
4 -76
4 -76
4 -76
4 -76
4 -76
4 -76
4 -78
4 -79
4 -78
4 -78
4 -79
4 -82
4 -81
4 -80
4 -79
4 -79
5 -77
5 -77
5 -76
5 -77
5 -77
5 -77
5 -76
5 -77
5 -78
5 -76
5 -76
5 -74
5 -76
5 -76
5 -76
5 -76
5 -76
5 -76
5 -77
5 -77
5 -76
5 -75
5 -78
5 -78
5 -77
5 -78
5 -78
5 -81
5 -79
5 -78
5 -78
5 -78
5 -79
5 -76
5 -77
5 -77
5 -76
5 -76
5 -76
5 -76
5 -76
5 -76
5 -77
5 -78
5 -76
5 -77
5 -78
5 -78
5 -78
5 -78
5 -77
5 -77
5 -78
5 -77
5 -77
5 -77
5 -76
5 -78
5 -78
5 -78
5 -78
5 -78
5 -78
5 -78
5 -76
5 -80
5 -80
5 -79
5 -76
5 -77
5 -78
5 -77
5 -76
5 -76
5 -78
5 -78
5 -78
5 -77
5 -76
5 -76
5 -76
6 -84
6 -84
6 -83
6 -81
6 -81
6 -83
6 -82
6 -79
6 -81
6 -81
6 -82
6 -82
8 -87
8 -87
8 -86
8 -84
8 -83
9 -84
9 -84
9 -83
9 -84
9 -83
9 -84
9 -84
9 -84
9 -82
9 -83
9 -84
9 -83
9 -84
9 -84
9 -85
9 -83
9 -82
9 -82
9 -83
9 -84
9 -83
11 -84
11 -85
11 -84
11 -84
11 -85
11 -85
11 -86
11 -85
11 -85
11 -85
11 -85
11 -84
21 -81
21 -83
21 -84
21 -84
21 -83
21 -84
21 -84
21 -84
22 -79
22 -78
22 -78
22 -78
22 -78
22 -78
22 -78
22 -70
22 -80
22 -79
22 -81
22 -79
22 -80
22 -78
22 -79
22 -78
22 -78
22 -77
22 -75
22 -76
22 -76
22 -76
22 -76
22 -77
22 -76
22 -77
22 -76
22 -76
22 -76
22 -76
22 -76
22 -76
22 -76
22 -76
22 -75
22 -76
22 -75
22 -74
22 -74
22 -75
22 -75
22 -75
22 -75
22 -75
22 -75
22 -74
22 -75
22 -75
22 -75
22 -75
22 -75
22 -75
22 -75
22 -75
22 -75
22 -75
22 -74
22 -73
22 -74
22 -74
22 -75
22 -76
22 -76
22 -76
22 -76
22 -75
22 -76
22 -76
22 -76
22 -70
22 -75
22 -76
22 -76
22 -76
22 -78
22 -77
22 -76
22 -76
22 -78
23 -84
23 -84
23 -85
23 -85
24 -81
24 -83
24 -83
24 -84
24 -84
24 -84
24 -82
24 -83
24 -83
24 -82
24 -82
24 -83
24 -82
24 -82
24 -82
24 -82
24 -82
24 -82
24 -82
24 -83
24 -82
24 -82
24 -82
24 -82
24 -81
24 -82
24 -83
24 -83
24 -82
24 -82
24 -82
24 -83
24 -84
24 -83
24 -80
24 -84
24 -81
24 -82
24 -83
24 -84
25 -83
25 -82
25 -74
25 -80
25 -81
25 -82
25 -81
25 -80
25 -81
25 -80
25 -80
25 -78
25 -80
25 -78
25 -78
25 -78
25 -79
25 -78
25 -78
25 -78
25 -78
25 -78
25 -77
25 -77
25 -78
25 -77
25 -76
25 -78
25 -77
25 -76
25 -76
25 -76
25 -76
25 -76
25 -76
25 -77
25 -76
25 -78
25 -76
25 -76
25 -79
25 -78
25 -76
25 -76
25 -77
25 -78
25 -79
25 -78
25 -78
25 -78
25 -78
25 -78
25 -81
25 -79
25 -80
25 -80
25 -80
25 -80
25 -80
25 -79
25 -78
25 -79
26 -82
26 -80
26 -84
26 -85
26 -84
26 -84
26 -77
26 -80
26 -84
26 -84
27 -76
27 -82
27 -79
27 -81
27 -78
27 -79
27 -79
27 -79
27 -78
27 -78
27 -78
27 -78
27 -80
27 -80
27 -80
27 -80
27 -81
27 -75
27 -76
27 -79
27 -83
27 -81
27 -82
27 -82
27 -82
27 -83
27 -84
27 -82
27 -83
27 -82
27 -83
27 -83
27 -80
27 -78
27 -77
27 -78
27 -80
27 -81
27 -83
27 -84
27 -83
27 -79
27 -82
27 -80
27 -82
27 -84
29 -81
29 -81
29 -81
29 -80
29 -82
29 -80
29 -82
29 -82
29 -82
29 -83
29 -82
29 -81
29 -82
29 -81
29 -82
29 -81
29 -81
29 -81
29 -80
29 -80
29 -82
29 -81
29 -81
29 -81
29 -81
29 -82
29 -81
29 -81
29 -80
29 -81
29 -81
29 -81
29 -82
29 -81
29 -81
29 -82
29 -81
29 -82
29 -81
29 -58
29 -82
29 -82
29 -82
29 -83
29 -82
29 -82
29 -80
29 -81
29 -81
29 -83
29 -82
29 -82
29 -83
29 -76
29 -67
30 -85
30 -86
31 -84
44 -84
44 -84
44 -76
44 -84
44 -84
44 -84
44 -85
44 -84
44 -83
44 -83
44 -83
44 -83
44 -84
44 -83
44 -84
44 -84
44 -84
47 -83
47 -84
47 -84
47 -83
47 -83
47 -83
47 -83
47 -82
47 -82
47 -82
47 -81
47 -81
47 -82
47 -81
47 -82
47 -82
47 -81
47 -82
47 -82
47 -82
47 -81
47 -81
47 -81
47 -81
47 -81
47 -81
47 -81
47 -81
47 -81
47 -82
47 -81
47 -84
47 -83
50 -84
50 -69
51 -84
52 -80
52 -82
52 -79
52 -85
52 -82
52 -82
52 -80
52 -80
52 -80
52 -81
52 -80
52 -78
52 -79
52 -76
52 -78
52 -79
52 -80
52 -80
52 -80
52 -80
52 -79
52 -79
52 -78
52 -79
52 -78
52 -79
52 -79
52 -79
52 -79
52 -80
52 -80
52 -80
52 -80
52 -80
52 -80
52 -80
52 -79
52 -79
52 -78
52 -78
52 -79
52 -78
52 -79
52 -78
52 -78
52 -79
52 -78
52 -78
52 -78
52 -82
52 -82
52 -83
52 -81
52 -81
53 -82
54 -85
54 -84
54 -84
54 -85
54 -84
54 -83
54 -83
54 -84
54 -85
55 -77
55 -77
55 -78
55 -84
55 -61
55 -74
55 -76
55 -76
55 -75
55 -76
55 -76
55 -76
55 -76
55 -76
55 -76
55 -75
55 -75
55 -75
55 -75
55 -76
55 -76
55 -75
55 -75
55 -74
55 -75
55 -75
55 -76
55 -76
55 -76
55 -76
55 -76
55 -73
55 -76
55 -76
55 -76
55 -76
55 -76
55 -75
55 -74
55 -75
55 -75
55 -75
55 -75
55 -76
55 -76
55 -76
55 -76
55 -76
55 -76
55 -75
55 -76
55 -75
55 -76
55 -76
55 -74
55 -75
55 -76
55 -76
55 -76
55 -76
55 -75
55 -75
55 -75
55 -76
55 -76
55 -76
55 -76
55 -78
55 -79
55 -76
55 -77
55 -76
55 -76
55 -76
55 -77
60 -84
60 -86
60 -84
60 -83
