Beacon Rssi
7 -84
14 -79
15 -85
15 -83
15 -84
15 -84
15 -84
15 -73
15 -82
15 -82
15 -83
15 -82
15 -83
15 -83
15 -83
15 -82
15 -83
15 -79
15 -83
15 -83
15 -84
15 -82
15 -84
15 -84
15 -84
15 -82
15 -81
15 -81
15 -82
15 -83
15 -85
15 -84
15 -83
15 -86
15 -86
15 -86
15 -85
15 -83
15 -84
15 -86
15 -84
15 -83
15 -83
15 -84
15 -84
15 -83
15 -84
15 -83
15 -83
15 -84
15 -82
15 -83
15 -84
15 -83
15 -83
15 -84
15 -84
15 -84
15 -84
15 -84
15 -84
15 -83
15 -84
15 -83
15 -85
15 -85
15 -82
15 -83
15 -83
15 -83
15 -83
15 -84
15 -83
15 -83
15 -83
15 -83
15 -84
15 -84
15 -83
15 -84
15 -84
15 -83
15 -84
15 -83
15 -83
15 -84
15 -82
15 -84
15 -84
15 -82
15 -83
15 -87
17 -84
17 -84
17 -87
17 -87
17 -85
17 -84
17 -83
17 -83
17 -83
17 -83
17 -83
17 -83
17 -83
17 -84
17 -77
17 -85
17 -85
17 -85
17 -86
17 -86
17 -84
17 -85
17 -83
17 -84
17 -83
17 -83
17 -78
17 -84
17 -84
17 -82
17 -82
17 -82
17 -83
17 -84
17 -84
18 -81
18 -81
18 -81
18 -81
18 -79
18 -85
18 -83
18 -81
18 -84
18 -84
18 -84
18 -82
18 -84
18 -80
18 -78
18 -78
18 -79
18 -79
18 -80
18 -80
18 -80
18 -80
18 -80
18 -79
18 -80
18 -81
18 -85
18 -81
18 -80
18 -80
18 -82
18 -81
18 -83
18 -83
18 -82
18 -83
18 -80
18 -83
18 -84
18 -83
18 -74
18 -83
18 -84
18 -82
18 -83
18 -83
18 -75
18 -84
18 -85
18 -83
18 -85
18 -84
18 -86
18 -83
18 -83
18 -83
18 -83
18 -79
18 -79
18 -67
18 -82
18 -83
18 -82
18 -59
18 -83
18 -83
18 -83
18 -83
18 -83
18 -83
18 -82
18 -83
18 -83
18 -82
18 -81
18 -83
18 -83
18 -80
18 -82
18 -81
19 -84
19 -85
19 -84
19 -88
19 -83
19 -86
19 -86
19 -84
19 -85
19 -83
19 -84
19 -84
19 -83
19 -83
19 -85
19 -86
19 -85
19 -84
19 -84
19 -84
19 -84
19 -83
19 -82
19 -82
19 -82
19 -82
19 -82
19 -82
19 -82
19 -82
19 -81
19 -81
19 -82
19 -82
19 -82
19 -82
19 -82
19 -81
19 -85
20 -84
20 -83
20 -83
20 -81
20 -79
20 -81
20 -80
20 -80
20 -79
20 -79
20 -80
20 -80
20 -79
20 -79
20 -79
20 -80
20 -80
20 -78
20 -79
20 -80
20 -79
20 -80
20 -79
20 -79
20 -79
20 -79
20 -79
20 -79
20 -81
20 -80
20 -81
20 -79
20 -78
20 -78
20 -77
20 -78
20 -78
20 -78
20 -78
20 -78
20 -78
20 -79
20 -79
20 -78
20 -81
20 -81
20 -82
20 -83
20 -82
20 -82
20 -82
20 -81
20 -81
20 -80
20 -78
20 -81
20 -80
20 -80
20 -80
20 -81
20 -81
20 -81
20 -73
20 -75
20 -80
20 -84
20 -86
21 -82
21 -83
21 -83
21 -87
21 -84
21 -84
21 -83
21 -83
21 -85
21 -86
21 -84
21 -85
21 -85
21 -85
21 -82
23 -84
23 -84
23 -86
23 -83
24 -86
25 -86
25 -88
29 -86
29 -87
29 -87
30 -80
30 -84
30 -77
30 -84
30 -84
30 -83
30 -83
30 -83
30 -84
30 -81
30 -83
30 -79
30 -84
30 -83
30 -83
30 -83
30 -83
30 -83
30 -83
30 -84
30 -83
30 -84
30 -84
30 -84
30 -84
30 -84
30 -83
30 -83
30 -83
30 -84
30 -83
30 -84
30 -85
30 -84
30 -83
30 -84
30 -82
30 -83
30 -83
30 -85
30 -83
30 -83
30 -83
30 -83
30 -83
30 -83
30 -82
30 -83
30 -83
30 -83
30 -83
30 -69
30 -82
30 -84
30 -83
30 -84
30 -84
31 -86
31 -83
31 -84
31 -85
31 -84
31 -84
31 -84
31 -85
31 -84
31 -83
31 -78
31 -87
31 -87
31 -85
31 -84
31 -71
31 -84
31 -84
32 -84
32 -86
32 -84
32 -86
32 -84
32 -84
32 -86
34 -87
34 -87
34 -84
35 -80
35 -71
38 -83
38 -84
38 -83
38 -83
38 -83
38 -83
38 -87
38 -83
38 -85
38 -86
38 -84
38 -84
39 -82
39 -82
39 -83
39 -81
39 -84
39 -82
39 -84
39 -84
39 -82
39 -82
39 -84
39 -84
39 -83
39 -83
39 -84
39 -84
39 -83
39 -84
39 -82
39 -82
39 -82
39 -82
39 -83
39 -84
39 -83
39 -84
39 -84
39 -75
39 -83
39 -82
39 -80
39 -84
39 -85
39 -84
39 -82
39 -82
39 -84
39 -82
39 -83
39 -82
39 -84
39 -84
39 -83
39 -83
39 -82
39 -82
39 -80
39 -82
39 -84
39 -83
39 -83
39 -83
39 -82
39 -82
39 -82
39 -80
39 -82
39 -82
39 -83
39 -83
39 -84
39 -85
39 -84
39 -83
39 -83
39 -83
39 -84
39 -84
39 -83
39 -83
39 -83
39 -83
39 -82
39 -82
39 -83
39 -84
39 -83
39 -82
39 -83
39 -82
39 -83
39 -83
39 -83
39 -82
39 -83
39 -84
39 -84
39 -66
39 -83
39 -83
39 -83
39 -83
39 -71
39 -82
39 -83
39 -83
39 -82
39 -83
39 -84
39 -80
39 -79
39 -82
39 -84
39 -84
39 -84
39 -84
39 -84
39 -84
39 -84
39 -85
39 -84
40 -81
40 -84
40 -84
40 -84
40 -84
40 -85
40 -88
40 -84
40 -83
40 -84
40 -84
41 -78
41 -78
41 -80
41 -79
41 -80
41 -79
41 -81
41 -81
41 -80
41 -79
41 -79
41 -80
41 -80
41 -79
41 -80
41 -79
41 -80
41 -79
41 -78
41 -78
41 -79
41 -79
41 -79
41 -81
41 -82
41 -80
41 -83
41 -83
41 -81
41 -81
41 -80
41 -83
41 -83
41 -81
41 -79
41 -83
41 -81
41 -83
41 -83
41 -83
41 -82
41 -83
41 -83
41 -81
41 -82
41 -82
41 -82
41 -83
41 -82
41 -85
41 -80
41 -81
41 -82
41 -82
41 -83
41 -83
41 -81
41 -79
41 -80
41 -79
41 -78
41 -78
41 -78
41 -77
41 -78
41 -78
41 -77
41 -77
41 -82
41 -82
41 -82
41 -81
41 -82
41 -82
41 -79
41 -80
41 -81
41 -79
41 -78
41 -77
41 -78
41 -78
41 -78
41 -79
41 -78
41 -78
41 -77
41 -77
41 -78
41 -78
41 -76
41 -77
41 -78
41 -76
41 -76
41 -76
41 -77
41 -77
41 -76
41 -76
41 -76
41 -76
41 -77
41 -76
41 -77
41 -76
41 -76
41 -76
41 -76
41 -76
41 -76
41 -76
41 -76
41 -76
41 -73
41 -76
41 -76
41 -76
41 -76
41 -76
41 -76
41 -76
41 -76
41 -76
41 -76
41 -76
41 -76
41 -76
41 -76
41 -76
41 -76
41 -76
41 -73
41 -76
41 -76
41 -76
41 -76
41 -76
41 -76
41 -76
41 -76
41 -76
41 -76
41 -76
41 -76
41 -76
41 -76
41 -76
41 -76
41 -76
41 -76
41 -76
41 -76
41 -72
41 -76
41 -76
41 -76
41 -76
41 -76
41 -76
41 -76
41 -76
41 -76
41 -76
41 -76
41 -76
41 -76
41 -76
41 -76
41 -75
41 -76
41 -76
41 -76
41 -76
41 -76
41 -76
41 -76
41 -75
41 -76
41 -75
41 -76
41 -76
41 -76
41 -76
41 -76
41 -76
41 -76
41 -76
41 -76
41 -76
41 -76
41 -76
41 -75
41 -76
41 -76
41 -75
41 -75
41 -75
41 -76
41 -75
41 -75
41 -75
41 -75
41 -75
41 -76
41 -76
41 -76
41 -76
41 -76
41 -77
41 -78
41 -78
41 -77
41 -79
41 -80
41 -79
41 -81
41 -80
41 -81
41 -80
41 -78
41 -78
41 -78
41 -81
41 -81
41 -80
41 -80
41 -69
41 -83
41 -81
41 -82
41 -70
41 -82
41 -81
41 -79
41 -80
41 -80
41 -81
41 -81
41 -79
41 -81
41 -80
41 -81
41 -81
41 -81
41 -80
41 -81
41 -81
41 -81
41 -80
41 -81
42 -79
42 -79
42 -78
42 -78
42 -79
42 -79
42 -80
42 -76
42 -78
42 -80
42 -79
42 -78
42 -80
42 -79
42 -79
42 -78
42 -79
42 -79
42 -78
42 -78
42 -78
42 -76
42 -76
42 -76
42 -76
42 -75
42 -76
42 -75
42 -75
42 -74
42 -74
42 -76
42 -79
42 -83
42 -82
42 -81
42 -81
42 -81
42 -82
42 -83
42 -84
42 -83
42 -82
42 -82
42 -80
42 -82
42 -82
42 -82
42 -81
42 -78
42 -84
42 -83
42 -84
42 -79
42 -78
42 -80
42 -79
42 -80
42 -78
42 -77
42 -76
42 -76
42 -75
42 -76
42 -81
42 -82
42 -79
42 -80
42 -82
42 -81
42 -81
42 -81
42 -82
42 -70
42 -84
42 -81
42 -81
42 -66
42 -81
42 -80
42 -81
42 -80
42 -80
42 -78
42 -80
42 -80
42 -80
42 -79
42 -79
42 -78
42 -78
42 -80
42 -80
42 -80
42 -80
42 -79
42 -71
42 -79
42 -79
42 -78
42 -80
42 -79
42 -79
42 -79
42 -80
42 -79
42 -80
42 -80
42 -77
42 -81
42 -82
42 -82
42 -82
42 -82
42 -81
42 -81
42 -80
42 -79
42 -81
42 -79
42 -80
42 -80
42 -81
42 -80
42 -81
42 -80
42 -81
42 -81
42 -80
42 -80
42 -81
42 -81
42 -81
42 -80
42 -81
42 -82
42 -82
42 -83
42 -81
42 -81
42 -80
42 -80
42 -79
42 -80
42 -80
42 -80
42 -81
42 -81
42 -82
42 -80
42 -82
42 -82
42 -82
42 -83
42 -82
42 -81
42 -82
42 -82
42 -84
42 -82
42 -84
42 -84
42 -82
42 -82
42 -83
42 -85
42 -83
42 -84
42 -83
42 -82
42 -82
42 -82
42 -81
42 -81
43 -79
43 -82
43 -80
43 -79
43 -76
43 -76
43 -76
43 -76
43 -76
43 -79
43 -77
43 -76
43 -75
43 -76
43 -75
43 -74
43 -75
43 -75
43 -76
43 -76
43 -76
43 -76
43 -76
43 -76
43 -76
43 -77
43 -76
43 -76
43 -76
43 -76
43 -76
43 -75
43 -75
43 -75
43 -74
43 -75
43 -74
43 -73
43 -73
43 -73
43 -73
43 -73
43 -73
43 -73
43 -73
43 -73
43 -74
43 -74
43 -74
43 -72
43 -74
43 -74
43 -75
43 -74
43 -74
43 -74
43 -75
43 -75
43 -74
43 -74
43 -72
43 -75
43 -74
43 -74
43 -74
43 -74
43 -75
43 -74
43 -74
43 -74
43 -74
43 -75
43 -74
43 -75
43 -75
43 -55
43 -75
43 -75
43 -74
43 -75
43 -75
43 -75
43 -75
43 -75
43 -75
43 -74
43 -74
43 -75
43 -75
43 -75
43 -75
43 -75
43 -75
43 -75
43 -75
43 -74
43 -74
43 -75
43 -75
43 -74
43 -74
43 -73
43 -75
43 -75
43 -75
43 -75
43 -74
43 -74
43 -73
43 -75
43 -75
43 -74
43 -75
43 -76
43 -75
43 -75
43 -75
43 -76
43 -76
43 -75
43 -75
43 -75
43 -76
43 -75
43 -75
43 -75
43 -75
43 -76
43 -76
43 -76
43 -76
43 -76
43 -76
43 -76
43 -76
43 -76
43 -76
43 -76
43 -76
43 -74
43 -76
43 -75
43 -75
43 -75
43 -75
43 -75
43 -75
43 -75
43 -75
43 -75
43 -75
43 -75
43 -75
43 -74
43 -75
43 -74
43 -75
43 -74
43 -75
43 -71
43 -75
43 -75
43 -65
43 -75
43 -75
43 -75
43 -75
43 -74
43 -75
43 -75
43 -73
43 -75
43 -78
43 -79
43 -78
43 -78
43 -78
43 -78
43 -78
43 -81
43 -81
43 -82
43 -81
43 -81
43 -81
43 -76
43 -76
43 -74
43 -73
43 -76
43 -76
43 -74
43 -74
43 -75
43 -76
43 -81
43 -81
43 -84
43 -84
43 -84
43 -84
43 -86
43 -84
43 -82
43 -81
43 -81
43 -81
43 -81
43 -80
43 -81
43 -81
43 -80
43 -81
43 -81
43 -82
43 -82
43 -82
43 -82
43 -81
43 -82
43 -81
43 -81
43 -82
43 -84
43 -86
43 -83
43 -82
44 -82
44 -79
44 -78
44 -75
44 -75
44 -75
44 -75
44 -74
44 -75
44 -76
44 -78
44 -80
44 -79
44 -81
44 -81
44 -82
44 -70
44 -78
44 -78
44 -79
44 -78
44 -79
44 -79
44 -79
44 -78
44 -78
44 -80
44 -80
44 -73
44 -80
44 -79
44 -80
44 -81
44 -80
44 -81
44 -80
44 -80
44 -80
44 -80
44 -80
44 -80
44 -80
44 -80
44 -81
44 -81
44 -80
44 -82
44 -82
44 -81
44 -83
44 -82
44 -82
44 -83
44 -83
44 -81
44 -79
44 -79
44 -78
44 -82
44 -83
44 -82
44 -82
44 -82
44 -83
44 -83
44 -80
44 -81
44 -74
44 -80
44 -80
44 -80
44 -81
44 -80
44 -79
44 -79
44 -80
44 -79
44 -80
44 -80
44 -80
44 -80
44 -80
44 -81
44 -81
44 -81
44 -83
44 -83
44 -84
44 -82
44 -76
44 -76
44 -76
44 -78
44 -82
44 -84
44 -82
44 -81
44 -82
44 -82
44 -83
44 -82
44 -80
44 -81
44 -81
44 -83
44 -82
44 -84
44 -84
44 -84
44 -84
44 -64
44 -83
44 -72
44 -60
44 -84
44 -84
44 -83
44 -84
44 -83
44 -85
45 -81
45 -79
45 -78
45 -79
45 -79
45 -78
45 -78
45 -78
45 -78
45 -77
45 -78
45 -77
45 -78
45 -78
45 -77
45 -77
45 -76
45 -78
45 -76
45 -78
45 -78
45 -75
45 -74
45 -74
45 -74
45 -76
45 -77
45 -78
45 -77
45 -76
45 -74
45 -75
45 -74
45 -74
45 -74
45 -74
45 -73
45 -74
45 -74
45 -73
45 -73
45 -73
45 -73
45 -73
45 -73
45 -72
45 -73
45 -73
45 -74
45 -74
45 -74
45 -74
45 -74
45 -74
45 -75
45 -75
45 -75
45 -75
45 -75
45 -75
45 -75
45 -75
45 -75
45 -75
45 -75
45 -75
45 -75
45 -75
45 -76
45 -75
45 -76
45 -75
45 -76
45 -74
45 -75
45 -75
45 -75
45 -74
45 -75
45 -75
45 -74
45 -75
45 -75
45 -75
45 -75
45 -75
45 -76
45 -75
45 -74
45 -75
45 -75
45 -75
45 -75
45 -74
45 -75
45 -75
45 -75
45 -74
45 -75
45 -73
45 -75
45 -75
45 -75
45 -75
45 -76
45 -75
45 -75
45 -76
45 -75
45 -76
45 -76
45 -76
45 -76
45 -77
45 -76
45 -76
45 -76
45 -76
45 -76
45 -75
45 -75
45 -75
45 -75
45 -76
45 -76
45 -76
45 -76
45 -76
45 -76
45 -77
45 -77
45 -78
45 -78
45 -77
45 -77
45 -78
45 -78
45 -77
45 -77
45 -77
45 -76
45 -76
45 -76
45 -75
45 -76
45 -76
45 -76
45 -75
45 -75
45 -76
45 -76
45 -74
45 -76
45 -76
45 -76
45 -76
45 -76
45 -76
45 -76
45 -76
45 -76
45 -76
45 -76
45 -76
45 -77
45 -76
45 -76
45 -76
45 -76
45 -76
45 -75
45 -76
45 -76
45 -84
45 -80
45 -69
45 -78
45 -78
45 -81
45 -84
45 -84
45 -85
45 -84
45 -84
45 -81
45 -83
45 -83
45 -83
45 -83
45 -81
45 -80
45 -81
45 -81
45 -81
45 -80
45 -81
45 -82
45 -83
45 -82
45 -81
45 -82
45 -84
45 -78
45 -82
45 -83
45 -87
45 -86
46 -86
46 -86
46 -87
46 -84
46 -84
47 -83
47 -85
47 -85
47 -85
47 -87
47 -84
47 -84
47 -83
47 -85
47 -88
47 -86
48 -62
48 -84
48 -85
48 -84
48 -84
48 -84
48 -84
48 -87
48 -84
48 -84
48 -86
48 -84
48 -85
48 -87
48 -64
48 -84
48 -60
48 -84
48 -84
48 -84
48 -84
48 -84
48 -84
48 -60
48 -83
48 -84
48 -85
48 -87
49 -86
49 -86
49 -86
49 -85
49 -85
49 -85
49 -87
49 -87
49 -84
50 -84
50 -84
50 -60
50 -81
50 -82
50 -83
50 -85
50 -78
50 -85
50 -83
50 -75
50 -71
50 -66
50 -87
50 -67
50 -64
51 -83
51 -84
51 -82
51 -82
51 -87
51 -85
51 -83
51 -79
51 -84
51 -83
51 -85
51 -82
51 -84
51 -70
51 -85
51 -83
51 -62
51 -83
51 -83
51 -71
51 -83
51 -83
51 -83
51 -85
51 -84
51 -84
51 -84
51 -83
51 -84
51 -84
51 -83
51 -84
51 -83
51 -83
51 -82
51 -83
51 -82
51 -83
51 -81
51 -83
51 -84
51 -83
51 -83
51 -83
52 -83
52 -80
52 -84
52 -80
52 -60
52 -84
52 -83
52 -83
52 -79
52 -84
52 -82
52 -83
52 -83
52 -83
52 -84
52 -77
52 -79
52 -81
52 -82
52 -82
52 -82
52 -82
52 -82
52 -76
52 -82
52 -80
52 -82
52 -80
52 -81
52 -79
52 -82
52 -82
52 -82
53 -76
53 -76
53 -76
53 -76
53 -75
53 -75
53 -74
53 -76
53 -78
53 -78
53 -81
53 -82
53 -83
53 -82
53 -82
53 -79
53 -78
53 -77
53 -78
53 -79
53 -79
53 -79
53 -78
53 -78
53 -78
53 -79
53 -79
53 -79
53 -79
53 -79
53 -79
53 -80
53 -80
53 -79
53 -78
53 -80
53 -80
53 -76
53 -75
53 -76
53 -78
53 -82
53 -80
53 -81
53 -82
53 -81
53 -82
53 -82
53 -81
53 -82
53 -81
53 -81
53 -82
53 -82
53 -82
53 -81
53 -80
53 -80
53 -80
53 -80
53 -81
53 -82
53 -82
53 -80
53 -81
53 -80
53 -82
53 -83
53 -81
53 -83
53 -81
53 -81
53 -81
53 -81
53 -82
53 -82
53 -82
53 -82
53 -83
53 -81
53 -81
53 -79
53 -79
53 -79
53 -78
53 -76
53 -76
53 -77
53 -77
53 -76
53 -77
53 -77
53 -78
53 -80
53 -81
53 -83
53 -83
53 -84
53 -83
53 -82
53 -81
53 -81
53 -81
53 -82
53 -83
53 -82
53 -80
53 -83
53 -82
53 -81
53 -83
53 -82
53 -72
53 -82
53 -82
53 -82
53 -76
53 -78
53 -63
53 -78
53 -78
53 -78
53 -78
53 -79
53 -79
53 -80
53 -80
53 -64
53 -80
53 -80
53 -81
53 -76
53 -76
53 -76
53 -76
53 -77
53 -78
53 -76
53 -74
53 -72
53 -72
53 -73
53 -76
53 -80
53 -83
53 -85
53 -85
53 -84
53 -83
53 -85
53 -85
53 -85
53 -85
53 -82
53 -85
53 -83
53 -87
53 -86
53 -82
53 -83
53 -83
53 -82
53 -83
53 -82
53 -81
53 -82
53 -82
53 -82
53 -81
53 -81
53 -82
53 -80
53 -81
53 -81
53 -80
53 -79
53 -79
53 -79
53 -79
53 -78
53 -79
54 -76
54 -76
54 -75
54 -75
54 -75
54 -76
54 -76
54 -78
54 -77
54 -76
54 -76
54 -76
54 -76
54 -75
54 -75
54 -76
54 -76
54 -76
54 -74
54 -75
54 -76
54 -77
54 -77
54 -77
54 -77
54 -79
54 -80
54 -82
54 -80
54 -81
54 -80
54 -80
54 -81
54 -81
54 -84
54 -84
54 -84
54 -82
54 -84
54 -83
54 -78
54 -78
54 -78
54 -78
54 -76
54 -75
54 -76
54 -75
54 -75
54 -74
54 -76
54 -77
54 -76
54 -76
54 -77
54 -76
54 -78
54 -76
54 -77
54 -77
54 -76
54 -75
54 -78
54 -76
54 -78
54 -81
54 -77
54 -75
54 -76
54 -76
54 -77
54 -78
54 -78
54 -78
54 -78
54 -77
54 -76
54 -76
54 -76
54 -77
54 -76
54 -77
54 -76
54 -76
54 -76
54 -76
54 -68
54 -76
54 -76
54 -76
54 -76
54 -76
54 -75
54 -68
54 -75
54 -74
54 -74
54 -75
54 -76
54 -83
54 -82
54 -78
54 -78
54 -77
54 -76
54 -77
54 -77
54 -77
54 -77
54 -77
54 -76
54 -76
54 -76
54 -77
54 -76
54 -76
54 -76
54 -76
54 -76
54 -77
54 -76
54 -78
54 -78
54 -78
54 -77
54 -78
54 -78
54 -78
54 -78
54 -79
54 -79
54 -78
54 -78
54 -79
54 -78
54 -78
54 -78
54 -78
54 -78
54 -78
54 -78
54 -78
54 -79
54 -79
54 -78
54 -78
54 -79
54 -79
54 -80
54 -80
54 -80
54 -80
54 -79
54 -80
54 -79
54 -78
54 -79
54 -79
54 -80
54 -80
54 -81
54 -81
54 -80
54 -81
54 -78
54 -77
54 -78
54 -78
54 -78
54 -78
54 -78
54 -78
54 -78
54 -78
54 -78
54 -78
54 -80
54 -79
54 -80
54 -79
54 -79
54 -79
54 -79
54 -78
54 -78
54 -78
54 -78
54 -77
54 -77
54 -77
54 -77
54 -77
54 -78
54 -78
54 -78
54 -77
54 -74
54 -78
54 -78
54 -78
54 -78
54 -78
54 -78
54 -78
54 -78
54 -77
54 -76
54 -77
54 -76
54 -75
54 -75
54 -74
54 -72
54 -72
54 -73
54 -74
54 -75
54 -76
54 -76
54 -76
54 -76
54 -77
54 -77
54 -70
54 -78
54 -78
54 -79
54 -78
54 -79
54 -78
54 -79
54 -78
54 -78
54 -78
54 -78
54 -78
54 -78
54 -77
54 -78
54 -77
54 -76
54 -78
54 -78
54 -78
54 -79
54 -79
54 -80
54 -81
54 -80
54 -82
54 -83
55 -76
55 -77
55 -78
55 -78
55 -77
55 -79
55 -79
55 -79
55 -81
55 -78
55 -76
55 -73
55 -73
55 -72
55 -74
55 -74
55 -73
55 -72
55 -72
55 -71
55 -72
55 -72
55 -70
55 -70
55 -69
55 -68
55 -68
55 -68
55 -67
55 -66
55 -66
55 -66
55 -66
55 -66
55 -66
55 -66
55 -66
55 -66
55 -69
55 -74
55 -74
55 -72
55 -72
55 -72
55 -72
55 -72
55 -72
55 -72
55 -73
55 -73
55 -74
55 -74
55 -75
55 -75
55 -76
55 -76
55 -77
55 -78
55 -78
55 -78
55 -78
55 -80
55 -78
55 -78
55 -78
55 -78
55 -76
55 -76
55 -76
55 -76
55 -76
55 -77
55 -77
55 -76
55 -77
55 -78
55 -77
55 -77
55 -77
55 -76
55 -76
55 -76
55 -76
55 -76
55 -76
55 -78
55 -79
55 -81
55 -81
55 -80
55 -81
55 -81
55 -81
55 -78
55 -77
55 -77
55 -76
55 -76
55 -76
55 -75
55 -76
55 -76
55 -77
55 -78
55 -78
55 -80
55 -80
55 -80
55 -83
55 -84
55 -81
55 -79
55 -77
55 -76
55 -76
55 -75
55 -75
55 -74
55 -74
55 -74
55 -74
55 -74
55 -74
55 -75
55 -75
55 -76
55 -76
55 -76
55 -76
55 -76
55 -76
55 -77
55 -77
55 -76
55 -77
55 -76
55 -77
55 -76
55 -76
55 -76
55 -76
55 -76
55 -76
55 -70
55 -77
55 -76
55 -77
55 -78
55 -78
55 -78
55 -77
55 -76
55 -77
55 -77
55 -77
55 -76
55 -76
55 -75
55 -75
55 -75
55 -76
55 -73
55 -74
55 -75
55 -74
55 -75
55 -75
55 -63
55 -74
55 -74
55 -73
55 -73
55 -73
55 -73
55 -76
55 -76
55 -76
55 -76
55 -76
55 -77
55 -78
55 -78
55 -77
55 -76
55 -76
55 -76
55 -82
55 -81
55 -82
55 -83
55 -76
55 -76
55 -78
55 -80
55 -76
55 -78
55 -81
55 -78
55 -78
55 -80
55 -81
55 -82
55 -80
55 -78
55 -75
55 -74
55 -74
55 -75
55 -75
55 -75
55 -75
55 -74
55 -75
55 -76
55 -76
55 -75
55 -75
55 -74
55 -74
55 -75
55 -76
55 -76
55 -76
55 -76
55 -76
55 -75
55 -76
55 -76
55 -76
55 -61
55 -76
55 -76
55 -75
55 -75
55 -74
55 -74
55 -74
55 -74
55 -74
55 -75
55 -74
55 -74
55 -74
55 -73
55 -74
55 -75
55 -76
55 -76
55 -76
55 -76
55 -76
55 -78
55 -78
55 -77
55 -78
55 -78
55 -78
55 -79
55 -78
55 -77
55 -78
55 -77
55 -76
55 -76
55 -75
55 -76
55 -76
55 -76
55 -75
55 -75
55 -76
55 -74
55 -73
55 -73
55 -73
55 -73
55 -72
55 -72
55 -72
55 -72
55 -72
55 -72
55 -72
55 -72
55 -71
55 -72
55 -72
55 -72
55 -72
55 -70
55 -67
55 -54
55 -72
55 -73
55 -72
55 -72
55 -73
55 -73
55 -74
55 -73
55 -72
55 -72
55 -72
55 -72
55 -72
55 -72
55 -72
55 -72
55 -70
55 -70
55 -70
55 -70
55 -70
55 -70
55 -70
55 -70
55 -70
55 -70
55 -70
55 -71
55 -71
55 -72
55 -71
55 -71
55 -70
55 -70
55 -70
55 -70
55 -70
55 -70
55 -70
55 -70
55 -71
55 -69
55 -72
55 -72
55 -72
55 -73
55 -75
55 -76
55 -78
55 -81
55 -80
55 -78
55 -77
55 -75
55 -74
55 -75
55 -74
55 -76
55 -76
55 -76
55 -77
55 -76
55 -78
55 -76
55 -76
55 -77
55 -76
55 -75
55 -75
55 -76
55 -77
55 -78
55 -78
55 -78
55 -80
55 -78
55 -77
55 -79
55 -80
55 -81
55 -79
55 -80
55 -81
55 -80
55 -75
55 -80
55 -78
55 -78
55 -78
55 -80
55 -80
55 -81
55 -80
55 -81
55 -82
55 -81
55 -82
55 -81
55 -81
56 -80
56 -79
56 -78
56 -81
56 -80
56 -80
56 -80
56 -79
56 -79
56 -79
56 -76
56 -79
56 -79
56 -79
56 -79
56 -78
56 -73
56 -73
56 -79
56 -80
56 -78
56 -79
56 -78
56 -81
56 -80
56 -81
56 -80
56 -80
56 -79
56 -80
56 -81
56 -80
56 -81
56 -80
56 -80
56 -79
56 -79
56 -82
56 -81
56 -80
56 -82
56 -81
56 -81
56 -80
56 -79
56 -80
56 -81
56 -81
56 -80
56 -79
56 -79
56 -80
56 -80
56 -78
56 -80
56 -81
56 -82
56 -83
56 -84
56 -83
56 -82
56 -80
56 -82
56 -83
56 -83
56 -83
56 -82
56 -83
56 -82
56 -82
56 -82
56 -79
56 -81
56 -81
56 -84
56 -82
56 -81
56 -82
56 -83
56 -84
56 -82
56 -83
56 -82
56 -83
56 -83
56 -83
56 -82
56 -83
56 -82
56 -80
56 -80
56 -79
56 -79
56 -79
56 -79
56 -81
56 -81
56 -81
56 -80
56 -79
56 -80
56 -79
56 -79
56 -79
56 -79
56 -58
56 -81
56 -81
56 -81
56 -81
56 -81
56 -77
56 -81
56 -82
56 -81
56 -81
56 -80
56 -80
56 -80
56 -80
56 -81
56 -80
56 -80
56 -79
56 -79
56 -80
56 -81
56 -80
56 -80
56 -81
56 -73
56 -75
56 -80
56 -80
56 -80
56 -80
56 -81
56 -83
56 -84
56 -83
56 -82
56 -81
56 -81
56 -80
56 -80
56 -80
56 -80
56 -80
56 -81
56 -79
56 -81
56 -81
56 -80
56 -82
56 -82
56 -82
56 -83
56 -83
56 -83
56 -83
56 -82
56 -81
56 -82
56 -82
56 -82
56 -82
56 -81
56 -81
56 -81
56 -83
56 -83
56 -83
56 -82
56 -82
56 -75
56 -82
56 -82
56 -81
56 -81
56 -75
56 -81
56 -59
56 -81
56 -81
56 -79
56 -81
56 -81
56 -81
56 -81
56 -81
56 -80
56 -80
56 -80
56 -81
56 -81
56 -71
56 -81
57 -83
57 -84
57 -84
57 -84
57 -84
57 -84
57 -84
57 -84
57 -85
57 -83
57 -85
57 -84
57 -86
57 -86
57 -64
57 -86
57 -87
57 -84
57 -85
57 -84
57 -86
57 -86
57 -86
57 -85
58 -79
58 -84
58 -83
58 -84
58 -82
58 -71
58 -86
58 -84
58 -87
58 -83
58 -83
58 -83
59 -84
59 -84
59 -84
59 -84
59 -84
59 -80
59 -83
59 -83
59 -84
59 -84
59 -84
59 -84
59 -84
59 -84
59 -82
59 -84
59 -84
59 -84
59 -83
59 -84
59 -82
59 -83
59 -84
59 -84
59 -83
59 -82
59 -82
59 -84
59 -86
59 -85
59 -85
59 -85
59 -87
